LED1 Timestamp (ms),LED1_PD1,LED1_PD2,LED2 Timestamp (ms),LED2_PD1,LED2_PD2
1312500,1368,15061,1312510,1027,15096
1312520,1284,15056,1312530,961,15089
1312540,1334,15060,1312550,1057,15094
1312560,1338,15048,1312570,991,15085
1312580,1268,15058,1312590,1029,15084
1312600,1353,15056,1312610,1017,15081
1312620,1294,15048,1312630,958,15087
1312640,1346,15056,1312650,1065,15086
1312660,1326,15046,1312670,988,15088
1312680,1263,15044,1312690,1024,15079
1312700,1349,15048,1312710,1025,15088
1312720,1288,15039,1312730,967,15082
1312740,1324,15057,1312750,1047,15086
1312760,1323,15051,1312770,1001,15088
1312780,1264,15060,1312790,1017,15074
1312800,1346,15066,1312810,1026,15080
1312820,1279,15058,1312830,966,15092
1312840,1321,15042,1312850,1040,15073
1312860,1320,15051,1312870,979,15080
1312880,1258,15051,1312890,1023,15072
1312900,1346,15056,1312910,1008,15080
1312920,1276,15056,1312930,972,15082
1312940,1310,15048,1312950,1037,15082
1312960,1323,15057,1312970,980,15090
1312980,1253,15048,1312990,1020,15076
1313000,1348,15034,1313010,1017,15084
1313020,1275,15049,1313030,953,15082
1313040,1318,15043,1313050,1040,15095
1313060,1337,15054,1313070,970,15088
1313080,1263,15050,1313090,1006,15082
1313100,1332,15046,1313110,998,15098
1313120,1253,15052,1313130,954,15081
1313140,1320,15054,1313150,1033,15098
1313160,1302,15055,1313170,976,15088
1313180,1265,15044,1313190,1015,15088
1313200,1333,15054,1313210,1004,15083
1313220,1281,15051,1313230,944,15081
1313240,1317,15036,1313250,1040,15079
1313260,1283,15032,1313270,964,15076
1313280,1255,15054,1313290,1006,15082
1313300,1339,15058,1313310,1005,15099
1313320,1239,15053,1313330,972,15089
1313340,1315,15043,1313350,1038,15082
1313360,1303,15049,1313370,964,15081
1313380,1255,15046,1313390,1015,15088
1313400,1332,15047,1313410,1005,15077
1313420,1262,15060,1313430,961,15088
1313440,1318,15050,1313450,1009,15078
1313460,1308,15040,1313470,968,15094
1313480,1263,15047,1313490,1012,15090
1313500,1329,15053,1313510,993,15080
1313520,1260,15048,1313530,972,15084
1313540,1325,15049,1313550,1022,15080
1313560,1299,15051,1313570,978,15091
1313580,1255,15045,1313590,1019,15084
1313600,1321,15045,1313610,974,15087
1313620,1257,15048,1313630,963,15086
1313640,1320,15051,1313650,1024,15084
1313660,1300,15040,1313670,963,15087
1313680,1265,15050,1313690,1030,15103
1313700,1329,15052,1313710,1006,15086
1313720,1260,15043,1313730,960,15098
1313740,1306,15051,1313750,1035,15095
1313760,1298,15050,1313770,972,15098
1313780,1267,15034,1313790,1036,15077
1313800,1328,15038,1313810,1005,15078
1313820,1262,15038,1313830,971,15088
1313840,1334,15053,1313850,1040,15090
1313860,1308,15043,1313870,977,15066
1313880,1271,15044,1313890,1045,15082
1313900,1326,15051,1313910,1000,15089
1313920,1282,15058,1313930,982,15085
1313940,1336,15045,1313950,1043,15085
1313960,1289,15041,1313970,959,15079
1313980,1280,15047,1313990,1044,15098
1314000,1347,15045,1314010,1003,15076
1314020,1265,15038,1314030,958,15087
1314040,1339,15052,1314050,1037,15078
1314060,1300,15047,1314070,957,15081
1314080,1273,15037,1314090,1028,15073
1314100,1331,15056,1314110,1002,15067
1314120,1264,15048,1314130,972,15086
1314140,1327,15036,1314150,1020,15081
1314160,1291,15042,1314170,957,15097
1314180,1269,15053,1314190,1024,15083
1314200,1317,15052,1314210,978,15074
1314220,1241,15055,1314230,952,15083
1314240,1314,15044,1314250,1012,15086
1314260,1279,15041,1314270,936,15078
1314280,1247,15047,1314290,1021,15088
1314300,1312,15049,1314310,977,15095
1314320,1229,15043,1314330,964,15081
1314340,1318,15034,1314350,1009,15073
1314360,1273,15045,1314370,928,15079
1314380,1262,15054,1314390,1011,15083
1314400,1307,15040,1314410,968,15074
1314420,1239,15046,1314430,974,15075
1314440,1326,15057,1314450,999,15085
1314460,1278,15061,1314470,941,15097
1314480,1269,15046,1314490,1020,15081
1314500,1323,15048,1314510,990,15086
1314520,1250,15040,1314530,984,15079
1314540,1339,15051,1314550,1023,15093
1314560,1289,15056,1314570,954,15081
1314580,1305,15044,1314590,1046,15092
1314600,1331,15046,1314610,1000,15087
1314620,1266,15042,1314630,1004,15093
1314640,1334,15052,1314650,1031,15097
1314660,1297,15053,1314670,964,15082
1314680,1297,15054,1314690,1043,15082
1314700,1336,15048,1314710,1010,15083
1314720,1267,15053,1314730,1005,15075
1314740,1352,15045,1314750,1036,15087
1314760,1296,15045,1314770,963,15081
1314780,1299,15049,1314790,1034,15091
1314800,1344,15044,1314810,1007,15090
1314820,1278,15044,1314830,1012,15086
1314840,1349,15052,1314850,1029,15090
1314860,1307,15059,1314870,979,15080
1314880,1302,15051,1314890,1066,15087
1314900,1341,15052,1314910,988,15092
1314920,1271,15055,1314930,1010,15088
1314940,1355,15062,1314950,1034,15088
1314960,1308,15046,1314970,956,15087
1314980,1303,15052,1314990,1046,15082
1315000,1351,15053,1315010,992,15096
1315020,1256,15051,1315030,997,15106
1315040,1348,15050,1315050,1027,15084
1315060,1304,15038,1315070,959,15076
1315080,1304,15041,1315090,1058,15080
1315100,1340,15048,1315110,988,15087
1315120,1270,15041,1315130,1014,15072
1315140,1341,15036,1315150,1036,15094
1315160,1282,15029,1315170,970,15094
1315180,1305,15048,1315190,1059,15066
1315200,1331,15046,1315210,999,15087
1315220,1257,15051,1315230,1009,15087
1315240,1359,15048,1315250,1036,15079
1315260,1269,15039,1315270,959,15088
1315280,1313,15054,1315290,1063,15076
1315300,1324,15049,1315310,990,15085
1315320,1260,15039,1315330,1008,15085
1315340,1350,15042,1315350,1036,15088
1315360,1297,15053,1315370,970,15079
1315380,1308,15048,1315390,1037,15091
1315400,1320,15045,1315410,990,15079
1315420,1273,15045,1315430,1026,15090
1315440,1359,15047,1315450,1023,15080
1315460,1298,15041,1315470,956,15096
1315480,1315,15045,1315490,1067,15096
1315500,1329,15048,1315510,990,15085
1315520,1259,15037,1315530,1019,15079
1315540,1345,15057,1315550,1027,15082
1315560,1292,15054,1315570,963,15095
1315580,1323,15053,1315590,1044,15088
1315600,1326,15042,1315610,988,15087
1315620,1263,15052,1315630,1015,15075
1315640,1356,15052,1315650,1031,15084
1315660,1279,15049,1315670,959,15087
1315680,1298,15058,1315690,1036,15093
1315700,1311,15045,1315710,977,15087
1315720,1265,15042,1315730,1012,15083
1315740,1347,15032,1315750,1018,15079
1315760,1284,15042,1315770,953,15068
1315780,1320,15037,1315790,1040,15076
1315800,1315,15035,1315810,979,15087
1315820,1269,15045,1315830,1020,15082
1315840,1347,15030,1315850,1026,15072
1315860,1281,15046,1315870,952,15082
1315880,1321,15038,1315890,1036,15096
1315900,1297,15046,1315910,975,15072
1315920,1253,15036,1315930,1016,15074
1315940,1356,15053,1315950,1015,15066
1315960,1262,15042,1315970,951,15085
1315980,1321,15045,1315990,1044,15084
1316000,1304,15048,1316010,975,15071
1316020,1264,15046,1316030,1014,15073
1316040,1325,15038,1316050,994,15068
1316060,1257,15048,1316070,968,15076
1316080,1313,15041,1316090,1046,15077
1316100,1301,15048,1316110,974,15085
1316120,1256,15049,1316130,1019,15089
1316140,1327,15049,1316150,999,15076
1316160,1272,15046,1316170,972,15076
1316180,1314,15058,1316190,1025,15075
1316200,1300,15041,1316210,972,15091
1316220,1268,15054,1316230,1024,15079
1316240,1329,15055,1316250,973,15078
1316260,1260,15054,1316270,960,15085
1316280,1315,15031,1316290,1034,15079
1316300,1299,15045,1316310,960,15078
1316320,1260,15037,1316330,1015,15082
1316340,1331,15044,1316350,1004,15080
1316360,1280,15039,1316370,967,15083
1316380,1311,15045,1316390,1037,15084
1316400,1298,15029,1316410,957,15072
1316420,1256,15045,1316430,1021,15079
1316440,1326,15057,1316450,1009,15070
1316460,1254,15043,1316470,964,15084
1316480,1306,15045,1316490,1034,15079
1316500,1299,15038,1316510,966,15079
1316520,1283,15046,1316530,1033,15091
1316540,1344,15042,1316550,1002,15082
1316560,1277,15046,1316570,967,15075
1316580,1320,15049,1316590,1030,15083
1316600,1295,15047,1316610,967,15079
1316620,1262,15041,1316630,1040,15081
1316640,1345,15045,1316650,1021,15081
1316660,1279,15050,1316670,992,15094
1316680,1337,15050,1316690,1047,15081
1316700,1310,15040,1316710,971,15074
1316720,1283,15055,1316730,1032,15086
1316740,1337,15048,1316750,1017,15070
1316760,1271,15041,1316770,979,15090
1316780,1331,15031,1316790,1040,15082
1316800,1306,15046,1316810,982,15087
1316820,1268,15043,1316830,1028,15087
1316840,1339,15041,1316850,993,15084
1316860,1266,15041,1316870,977,15071
1316880,1311,15050,1316890,1014,15081
1316900,1290,15050,1316910,938,15073
1316920,1269,15041,1316930,1000,15090
1316940,1311,15029,1316950,983,15080
1316960,1251,15036,1316970,976,15077
1316980,1322,15046,1316990,1035,15096
1317000,1304,15041,1317010,975,15088
1317020,1292,15061,1317030,1048,15087
1317040,1313,15053,1317050,1009,15086
1317060,1269,15052,1317070,986,15084
1317080,1344,15047,1317090,1031,15075
1317100,1313,15047,1317110,973,15085
1317120,1296,15051,1317130,1050,15088
1317140,1342,15055,1317150,1018,15089
1317160,1278,15056,1317170,998,15084
1317180,1345,15044,1317190,1041,15084
1317200,1285,15038,1317210,968,15088
1317220,1307,15043,1317230,1043,15072
1317240,1339,15049,1317250,1006,15068
1317260,1273,15053,1317270,987,15065
1317280,1349,15048,1317290,1032,15089
1317300,1294,15053,1317310,969,15080
1317320,1308,15045,1317330,1033,15080
1317340,1336,15049,1317350,1012,15076
1317360,1276,15048,1317370,996,15085
1317380,1345,15054,1317390,1046,15077
1317400,1307,15053,1317410,963,15073
1317420,1302,15042,1317430,1047,15083
1317440,1332,15038,1317450,1005,15076
1317460,1271,15053,1317470,1001,15082
1317480,1341,15048,1317490,1030,15077
1326000,1367,15041,1326010,1035,15085
1326020,1307,15053,1326030,959,15080
1326040,1325,15042,1326050,1062,15092
1326060,1363,15054,1326070,1010,15081
1326080,1277,15042,1326090,1034,15089
1326100,1362,15046,1326110,1048,15086
1326120,1309,15046,1326130,984,15089
1326140,1335,15048,1326150,1060,15087
1326160,1330,15060,1326170,1007,15086
1326180,1271,15063,1326190,1048,15098
1326200,1369,15057,1326210,1039,15078
1326220,1297,15047,1326230,981,15081
1326240,1317,15041,1326250,1065,15074
1326260,1344,15035,1326270,1005,15088
1326280,1273,15046,1326290,1032,15080
1326300,1366,15051,1326310,1029,15072
1326320,1286,15050,1326330,980,15087
1326340,1323,15045,1326350,1064,15094
1326360,1332,15054,1326370,999,15078
1326380,1289,15034,1326390,1039,15081
1326400,1366,15048,1326410,1043,15087
1326420,1299,15052,1326430,981,15076
1326440,1344,15045,1326450,1046,15081
1326460,1334,15044,1326470,1004,15069
1326480,1289,15047,1326490,1040,15075
1326500,1353,15041,1326510,1027,15081
1326520,1292,15037,1326530,968,15085
1326540,1337,15047,1326550,1060,15075
1326560,1337,15036,1326570,996,15084
1326580,1287,15047,1326590,1037,15078
1326600,1361,15051,1326610,1012,15096
1326620,1301,15049,1326630,974,15090
1326640,1352,15044,1326650,1057,15084
1326660,1324,15054,1326670,995,15083
1326680,1278,15052,1326690,1034,15073
1326700,1358,15038,1326710,1029,15094
1326720,1292,15047,1326730,980,15074
1326740,1338,15051,1326750,1058,15083
1326760,1337,15046,1326770,991,15075
1326780,1286,15042,1326790,1041,15078
1326800,1364,15055,1326810,1043,15076
1326820,1282,15047,1326830,983,15073
1326840,1334,15038,1326850,1057,15088
1326860,1320,15050,1326870,994,15083
1326880,1293,15043,1326890,1052,15092
1326900,1351,15048,1326910,1023,15080
1326920,1298,15043,1326930,991,15075
1326940,1361,15037,1326950,1056,15078
1326960,1335,15046,1326970,990,15091
1326980,1298,15048,1326990,1042,15069
1327000,1365,15050,1327010,1024,15075
1327020,1285,15031,1327030,981,15084
1327040,1346,15043,1327050,1053,15067
1327060,1325,15055,1327070,989,15085
1327080,1303,15046,1327090,1046,15086
1327100,1362,15056,1327110,1033,15075
1327120,1277,15046,1327130,1003,15082
1327140,1341,15041,1327150,1057,15084
1327160,1329,15048,1327170,991,15085
1327180,1299,15044,1327190,1045,15084
1327200,1366,15047,1327210,1024,15077
1327220,1293,15047,1327230,994,15075
1327240,1352,15048,1327250,1053,15082
1327260,1317,15045,1327270,987,15090
1327280,1286,15040,1327290,1057,15084
1327300,1345,15047,1327310,1013,15088
1327320,1270,15044,1327330,989,15090
1327340,1356,15060,1327350,1053,15083
1327360,1320,15053,1327370,988,15089
1327380,1302,15046,1327390,1048,15085
1327400,1358,15054,1327410,1037,15072
1327420,1294,15053,1327430,995,15090
1327440,1348,15055,1327450,1067,15077
1327460,1316,15047,1327470,991,15080
1327480,1295,15043,1327490,1061,15079
1327500,1353,15039,1327510,1022,15086
1327520,1285,15044,1327530,988,15075
1327540,1356,15060,1327550,1040,15080
1327560,1331,15053,1327570,982,15093
1327580,1320,15065,1327590,1065,15096
1327600,1352,15059,1327610,1013,15097
1327620,1295,15060,1327630,993,15096
1327640,1352,15058,1327650,1047,15075
1327660,1316,15034,1327670,980,15088
1327680,1309,15039,1327690,1071,15103
1327700,1354,15046,1327710,1034,15075
1327720,1275,15049,1327730,1017,15091
1327740,1359,15056,1327750,1040,15094
1327760,1317,15041,1327770,979,15090
1327780,1303,15044,1327790,1060,15090
1327800,1353,15048,1327810,1020,15080
1327820,1292,15050,1327830,991,15077
1327840,1355,15041,1327850,1063,15095
1327860,1319,15053,1327870,1001,15090
1327880,1307,15052,1327890,1048,15091
1327900,1347,15043,1327910,1024,15088
1327920,1272,15054,1327930,1008,15095
1327940,1359,15044,1327950,1047,15072
1327960,1314,15049,1327970,982,15096
1327980,1317,15052,1327990,1057,15086
1328000,1374,15060,1328010,1010,15079
1328020,1273,15050,1328030,1013,15082
1328040,1364,15048,1328050,1041,15093
1328060,1318,15056,1328070,977,15078
1328080,1308,15044,1328090,1071,15088
1328100,1347,15048,1328110,1014,15091
1328120,1290,15045,1328130,1021,15091
1328140,1345,15052,1328150,1057,15091
1328160,1330,15061,1328170,977,15090
1328180,1322,15059,1328190,1067,15088
1328200,1349,15044,1328210,1008,15074
1328220,1278,15046,1328230,1016,15090
1328240,1358,15058,1328250,1049,15094
1328260,1316,15046,1328270,970,15084
1328280,1318,15054,1328290,1095,15083
1328300,1355,15045,1328310,1010,15087
1328320,1269,15052,1328330,1018,15083
1328340,1361,15059,1328350,1044,15086
1328360,1312,15048,1328370,977,15076
1328380,1330,15057,1328390,1073,15084
1328400,1348,15044,1328410,1004,15066
1328420,1272,15039,1328430,1033,15089
1328440,1366,15043,1328450,1059,15085
1328460,1306,15057,1328470,984,15071
1328480,1331,15047,1328490,1059,15088
1328500,1344,15049,1328510,994,15087
1328520,1269,15033,1328530,1036,15087
1328540,1366,15053,1328550,1034,15081
1328560,1303,15049,1328570,968,15082
1328580,1358,15039,1328590,1056,15077
1328600,1344,15049,1328610,1000,15069
1328620,1271,15046,1328630,1016,15075
1328640,1366,15050,1328650,1038,15082
1328660,1301,15040,1328670,983,15084
1328680,1344,15049,1328690,1071,15083
1328700,1328,15050,1328710,992,15077
1328720,1284,15043,1328730,1018,15082
1328740,1367,15053,1328750,1046,15091
1328760,1294,15042,1328770,972,15086
1328780,1331,15058,1328790,1064,15087
1328800,1336,15051,1328810,992,15090
1328820,1285,15049,1328830,1042,15091
1328840,1339,15041,1328850,1039,15084
1328860,1295,15046,1328870,991,15080
1328880,1343,15041,1328890,1063,15077
1328900,1328,15059,1328910,999,15085
1328920,1276,15041,1328930,1044,15075
1328940,1370,15046,1328950,1036,15080
1328960,1300,15038,1328970,959,15082
1328980,1335,15048,1328990,1056,15082
1329000,1336,15040,1329010,995,15072
1329020,1292,15051,1329030,1039,15089
1329040,1369,15058,1329050,1035,15089
1329060,1288,15052,1329070,984,15074
1329080,1344,15035,1329090,1058,15081
1329100,1327,15041,1329110,984,15076
1329120,1282,15031,1329130,1026,15080
1329140,1358,15060,1329150,1029,15100
1329160,1284,15054,1329170,985,15079
1329180,1341,15047,1329190,1071,15089
1329200,1327,15059,1329210,981,15085
1329220,1277,15051,1329230,1038,15080
1329240,1362,15062,1329250,1018,15104
1329260,1276,15054,1329270,999,15073
1329280,1340,15042,1329290,1057,15093
1329300,1323,15041,1329310,991,15080
1329320,1285,15058,1329330,1048,15087
1329340,1353,15058,1329350,1034,15077
1329360,1282,15061,1329370,981,15084
1329380,1358,15036,1329390,1056,15076
1329400,1316,15051,1329410,996,15085
1329420,1263,15046,1329430,1052,15085
1329440,1352,15047,1329450,1029,15078
1329460,1283,15046,1329470,980,15081
1329480,1350,15054,1329490,1050,15086
1329500,1330,15056,1329510,979,15087
1329520,1301,15043,1329530,1038,15085
1329540,1358,15042,1329550,992,15081
1329560,1285,15046,1329570,996,15085
1329580,1351,15051,1329590,1059,15082
1329600,1321,15050,1329610,985,15089
1329620,1296,15047,1329630,1062,15087
1329640,1349,15052,1329650,1031,15088
1329660,1283,15055,1329670,996,15089
1329680,1360,15051,1329690,1046,15091
1329700,1324,15046,1329710,980,15087
1329720,1291,15041,1329730,1056,15092
1329740,1356,15043,1329750,1025,15071
1329760,1280,15053,1329770,1005,15088
1329780,1362,15046,1329790,1049,15091
1329800,1319,15059,1329810,985,15082
1329820,1299,15050,1329830,1051,15082
1329840,1334,15050,1329850,1013,15086
1329860,1292,15062,1329870,1011,15082
1329880,1345,15048,1329890,1051,15093
1329900,1326,15050,1329910,990,15093
1329920,1305,15065,1329930,1052,15083
1329940,1353,15056,1329950,1013,15085
1329960,1272,15044,1329970,1005,15086
1329980,1363,15059,1329990,1062,15084
1330000,1319,15057,1330010,990,15090
1330020,1310,15040,1330030,1068,15091
1330040,1345,15040,1330050,1031,15082
1330060,1276,15055,1330070,991,15076
1330080,1355,15047,1330090,1050,15086
1330100,1321,15052,1330110,983,15085
1330120,1311,15054,1330130,1046,15080
1330140,1345,15038,1330150,1019,15079
1330160,1286,15053,1330170,1012,15087
1330180,1356,15045,1330190,1047,15072
1330200,1305,15042,1330210,982,15084
1330220,1311,15041,1330230,1059,15076
1330240,1345,15051,1330250,1025,15085
1330260,1278,15039,1330270,1002,15086
1330280,1359,15042,1330290,1051,15080
1330300,1323,15040,1330310,982,15089
1330320,1312,15045,1330330,1064,15086
1330340,1349,15056,1330350,1023,15090
1330360,1279,15052,1330370,991,15087
1330380,1355,15048,1330390,1090,15081
1330400,1314,15049,1330410,987,15087
1330420,1306,15050,1330430,1061,15075
1330440,1364,15052,1330450,1015,15088
1330460,1280,15045,1330470,1026,15076
1330480,1352,15057,1330490,1056,15092
1330500,1307,15042,1330510,972,15080
1330520,1331,15050,1330530,1058,15086
1330540,1347,15051,1330550,1003,15085
1330560,1262,15046,1330570,1024,15089
1330580,1366,15047,1330590,1043,15086
1330600,1312,15045,1330610,984,15078
1330620,1324,15042,1330630,1057,15088
1330640,1349,15043,1330650,1018,15092
1330660,1282,15053,1330670,1019,15086
1330680,1371,15048,1330690,1053,15092
1330700,1311,15052,1330710,971,15086
1330720,1321,15047,1330730,1071,15083
1330740,1345,15036,1330750,1020,15084
1330760,1274,15048,1330770,1026,15080
1330780,1353,15046,1330790,1038,15093
1330800,1301,15042,1330810,1003,15073
1330820,1323,15053,1330830,1083,15073
1330840,1348,15047,1330850,1010,15081
1330860,1286,15046,1330870,1023,15086
1330880,1372,15044,1330890,1039,15077
1330900,1320,15036,1330910,966,15070
1330920,1325,15044,1330930,1056,15067
1330940,1353,15036,1330950,1016,15082
1330960,1281,15035,1330970,1036,15071
1330980,1367,15040,1330990,1041,15073
1331000,1306,15035,1331010,976,15077
1331020,1334,15045,1331030,1065,15095
1331040,1336,15048,1331050,999,15084
1331060,1269,15033,1331070,1014,15086
1331080,1359,15042,1331090,1041,15076
1331100,1309,15048,1331110,977,15067
1331120,1323,15048,1331130,1057,15080
1331140,1333,15039,1331150,994,15083
1331160,1265,15036,1331170,1037,15065
1331180,1345,15051,1331190,1032,15072
1331200,1300,15033,1331210,974,15077
1331220,1334,15040,1331230,1067,15091
1331240,1337,15041,1331250,996,15074
1331260,1281,15042,1331270,1033,15067
1331280,1369,15050,1331290,1016,15094
1331300,1291,15056,1331310,981,15074
1331320,1335,15047,1331330,1063,15093
1331340,1337,15044,1331350,1001,15070
1331360,1253,15048,1331370,1036,15093
1331380,1367,15055,1331390,1043,15078
1331400,1301,15048,1331410,980,15092
1331420,1349,15051,1331430,1061,15086
1331440,1341,15036,1331450,987,15073
1331460,1286,15036,1331470,1040,15072
1331480,1369,15035,1331490,1006,15087
1339000,1367,15036,1339010,1046,15068
1339020,1296,15038,1339030,969,15085
1339040,1329,15045,1339050,1046,15087
1339060,1336,15041,1339070,992,15069
1339080,1256,15038,1339090,1042,15080
1339100,1370,15045,1339110,1032,15090
1339120,1293,15051,1339130,971,15076
1339140,1335,15046,1339150,1073,15089
1339160,1339,15046,1339170,994,15098
1339180,1275,15048,1339190,1036,15087
1339200,1371,15042,1339210,1026,15081
1339220,1297,15048,1339230,977,15097
1339240,1346,15045,1339250,1064,15073
1339260,1340,15049,1339270,1000,15077
1339280,1277,15038,1339290,1043,15083
1339300,1364,15049,1339310,1064,15085
1339320,1294,15040,1339330,977,15080
1339340,1345,15037,1339350,1063,15086
1339360,1327,15040,1339370,997,15078
1339380,1273,15037,1339390,1032,15093
1339400,1361,15035,1339410,1033,15089
1339420,1295,15049,1339430,980,15074
1339440,1350,15041,1339450,1065,15082
1339460,1337,15047,1339470,981,15075
1339480,1288,15037,1339490,1044,15074
1339500,1359,15049,1339510,1028,15082
1339520,1301,15046,1339530,984,15082
1339540,1336,15047,1339550,1063,15076
1339560,1340,15034,1339570,991,15078
1339580,1279,15049,1339590,1032,15074
1339600,1373,15052,1339610,1033,15082
1339620,1281,15039,1339630,994,15094
1339640,1350,15040,1339650,1058,15078
1339660,1342,15045,1339670,991,15078
1339680,1284,15045,1339690,1049,15072
1339700,1360,15043,1339710,1018,15091
1339720,1295,15036,1339730,1016,15078
1339740,1336,15044,1339750,1059,15079
1339760,1332,15030,1339770,987,15089
1339780,1290,15044,1339790,1048,15086
1339800,1365,15053,1339810,1024,15088
1339820,1293,15039,1339830,978,15089
1339840,1344,15048,1339850,1068,15096
1339860,1322,15055,1339870,988,15087
1339880,1296,15049,1339890,1048,15082
1339900,1367,15045,1339910,1030,15104
1339920,1280,15058,1339930,991,15098
1339940,1327,15053,1339950,1062,15085
1339960,1328,15044,1339970,1003,15069
1339980,1290,15040,1339990,1033,15073
1340000,1348,15044,1340010,1030,15092
1340020,1306,15050,1340030,992,15089
1340040,1351,15051,1340050,1053,15082
1340060,1323,15046,1340070,990,15069
1340080,1284,15049,1340090,1045,15079
1340100,1358,15044,1340110,1020,15071
1340120,1286,15044,1340130,990,15082
1340140,1344,15060,1340150,1058,15075
1340160,1324,15035,1340170,987,15076
1340180,1296,15060,1340190,1052,15089
1340200,1359,15041,1340210,1029,15086
1340220,1285,15047,1340230,999,15087
1340240,1349,15052,1340250,1059,15097
1340260,1328,15049,1340270,981,15091
1340280,1261,15052,1340290,1042,15084
1340300,1347,15061,1340310,1020,15083
1340320,1293,15044,1340330,1003,15081
1340340,1355,15050,1340350,1049,15073
1340360,1323,15051,1340370,990,15086
1340380,1298,15052,1340390,1055,15076
1340400,1341,15033,1340410,985,15080
1340420,1279,15032,1340430,991,15088
1340440,1345,15044,1340450,1055,15088
1340460,1325,15036,1340470,990,15078
1340480,1294,15036,1340490,1055,15079
1340500,1350,15047,1340510,1023,15070
1340520,1297,15044,1340530,987,15073
1340540,1350,15044,1340550,1049,15080
1340560,1315,15049,1340570,979,15085
1340580,1300,15050,1340590,1056,15068
1340600,1353,15040,1340610,1021,15076
1340620,1271,15033,1340630,991,15079
1340640,1350,15045,1340650,1054,15070
1340660,1318,15053,1340670,981,15079
1340680,1301,15040,1340690,1037,15083
1340700,1335,15035,1340710,1015,15070
1340720,1284,15043,1340730,1007,15083
1340740,1352,15044,1340750,1053,15077
1340760,1319,15047,1340770,976,15077
1340780,1311,15050,1340790,1056,15086
1340800,1329,15048,1340810,1011,15081
1340820,1273,15045,1340830,1015,15084
1340840,1360,15048,1340850,1046,15092
1340860,1328,15045,1340870,979,15077
1340880,1295,15044,1340890,1058,15087
1340900,1339,15046,1340910,1014,15090
1340920,1272,15040,1340930,997,15072
1340940,1359,15039,1340950,1055,15076
1340960,1314,15040,1340970,993,15079
1340980,1311,15046,1340990,1041,15086
1341000,1350,15057,1341010,1013,15082
1341020,1280,15036,1341030,1009,15084
1341040,1363,15040,1341050,1048,15074
1341060,1305,15043,1341070,985,15087
1341080,1318,15054,1341090,1058,15076
1341100,1347,15042,1341110,1029,15082
1341120,1271,15033,1341130,999,15076
1341140,1368,15047,1341150,1047,15076
1341160,1300,15034,1341170,975,15077
1341180,1311,15046,1341190,1075,15075
1341200,1353,15044,1341210,1021,15082
1341220,1277,15041,1341230,1013,15090
1341240,1364,15050,1341250,1095,15096
1341260,1303,15043,1341270,977,15076
1341280,1308,15034,1341290,1061,15078
1341300,1360,15054,1341310,1016,15094
1341320,1276,15051,1341330,1016,15086
1341340,1366,15042,1341350,1050,15067
1341360,1309,15047,1341370,978,15095
1341380,1332,15056,1341390,1064,15072
1341400,1331,15044,1341410,999,15087
1341420,1291,15048,1341430,1012,15085
1341440,1355,15065,1341450,1050,15087
1341460,1315,15056,1341470,979,15086
1341480,1312,15049,1341490,1080,15082
1341500,1343,15049,1341510,1005,15088
1341520,1267,15052,1341530,1029,15079
1341540,1376,15051,1341550,1047,15080
1341560,1310,15055,1341570,989,15087
1341580,1322,15048,1341590,1066,15080
1341600,1345,15050,1341610,1007,15082
1341620,1281,15054,1341630,1029,15076
1341640,1370,15050,1341650,1041,15080
1341660,1299,15048,1341670,1012,15088
1341680,1322,15029,1341690,1057,15079
1341700,1353,15035,1341710,1019,15078
1341720,1286,15040,1341730,1032,15090
1341740,1369,15045,1341750,1036,15077
1341760,1303,15046,1341770,987,15085
1341780,1321,15050,1341790,1074,15069
1341800,1341,15037,1341810,1000,15074
1341820,1275,15041,1341830,1026,15080
1341840,1351,15056,1341850,1051,15087
1341860,1311,15034,1341870,973,15081
1341880,1319,15049,1341890,1061,15097
1341900,1326,15051,1341910,999,15082
1341920,1284,15051,1341930,1016,15085
1341940,1367,15040,1341950,1035,15072
1341960,1310,15049,1341970,976,15091
1341980,1340,15060,1341990,1052,15089
1342000,1346,15048,1342010,1000,15088
1342020,1274,15054,1342030,1027,15072
1342040,1358,15046,1342050,1043,15094
1342060,1291,15049,1342070,969,15087
1342080,1324,15051,1342090,1057,15081
1342100,1341,15048,1342110,997,15085
1342120,1282,15049,1342130,1032,15084
1342140,1369,15050,1342150,1032,15090
1342160,1305,15052,1342170,968,15091
1342180,1321,15061,1342190,1066,15078
1342200,1341,15051,1342210,988,15081
1342220,1258,15055,1342230,1029,15091
1342240,1367,15033,1342250,1036,15091
1342260,1290,15055,1342270,977,15091
1342280,1342,15044,1342290,1069,15092
1342300,1337,15052,1342310,990,15080
1342320,1276,15054,1342330,1043,15079
1342340,1364,15048,1342350,1012,15099
1342360,1297,15045,1342370,977,15087
1342380,1333,15060,1342390,1069,15084
1342400,1340,15052,1342410,992,15086
1342420,1284,15049,1342430,1042,15085
1342440,1354,15048,1342450,1031,15091
1342460,1301,15038,1342470,990,15094
1342480,1338,15057,1342490,1059,15086
1342500,1332,15040,1342510,978,15090
1342520,1277,15047,1342530,1037,15092
1342540,1362,15050,1342550,1033,15088
1342560,1294,15052,1342570,991,15090
1342580,1336,15048,1342590,1068,15092
1342600,1337,15049,1342610,993,15094
1342620,1279,15044,1342630,1036,15092
1342640,1323,15045,1342650,1024,15078
1342660,1295,15046,1342670,982,15075
1342680,1338,15043,1342690,1064,15076
1342700,1339,15053,1342710,991,15082
1342720,1267,15042,1342730,1032,15070
1342740,1362,15041,1342750,1016,15078
1342760,1294,15035,1342770,994,15069
1342780,1351,15043,1342790,1060,15087
1342800,1318,15043,1342810,997,15082
1342820,1282,15043,1342830,1037,15074
1342840,1357,15038,1342850,1020,15086
1342860,1284,15038,1342870,985,15087
1342880,1346,15042,1342890,1057,15084
1342900,1329,15036,1342910,996,15088
1342920,1282,15041,1342930,1021,15093
1342940,1365,15051,1342950,1023,15093
1342960,1283,15052,1342970,984,15073
1342980,1361,15031,1342990,1059,15096
1343000,1325,15047,1343010,975,15084
1343020,1294,15035,1343030,1041,15074
1343040,1365,15045,1343050,1032,15092
1343060,1289,15051,1343070,975,15084
1343080,1348,15058,1343090,1060,15082
1343100,1320,15050,1343110,1001,15084
1343120,1278,15032,1343130,1045,15086
1343140,1356,15057,1343150,1032,15072
1343160,1287,15051,1343170,997,15090
1343180,1339,15053,1343190,1067,15083
1343200,1323,15059,1343210,1000,15084
1343220,1287,15029,1343230,1043,15089
1343240,1360,15056,1343250,1021,15080
1343260,1290,15054,1343270,993,15087
1343280,1349,15055,1343290,1050,15100
1343300,1325,15053,1343310,980,15081
1343320,1291,15055,1343330,1044,15086
1343340,1355,15046,1343350,1027,15094
1343360,1292,15057,1343370,994,15079
1343380,1352,15061,1343390,1050,15087
1343400,1322,15061,1343410,988,15090
1343420,1282,15050,1343430,1052,15076
1343440,1364,15051,1343450,1012,15093
1343460,1269,15047,1343470,1001,15083
1343480,1376,15062,1343490,1049,15093
1343500,1318,15046,1343510,976,15090
1343520,1294,15051,1343530,1057,15089
1343540,1359,15048,1343550,1027,15087
1343560,1284,15062,1343570,993,15098
1343580,1357,15052,1343590,1044,15085
1343600,1325,15033,1343610,1000,15092
1343620,1290,15047,1343630,1045,15082
1343640,1350,15053,1343650,1018,15079
1343660,1284,15035,1343670,1012,15093
1343680,1359,15056,1343690,1042,15094
1343700,1322,15044,1343710,986,15090
1343720,1301,15046,1343730,1052,15100
1343740,1349,15038,1343750,1008,15080
1343760,1279,15054,1343770,1009,15072
1343780,1353,15042,1343790,1052,15070
1343800,1314,15040,1343810,985,15086
1343820,1302,15046,1343830,1058,15089
1343840,1360,15036,1343850,1022,15087
1343860,1281,15043,1343870,1009,15080
1343880,1354,15037,1343890,1051,15090
1343900,1341,15034,1343910,981,15079
1343920,1305,15046,1343930,1055,15083
1343940,1342,15038,1343950,1011,15082
1343960,1280,15035,1343970,997,15075
1343980,1363,15044,1343990,1053,15080
1351500,1313,15045,1351510,1064,15076
1351520,1352,15039,1351530,1013,15082
1351540,1275,15044,1351550,1022,15071
1351560,1357,15045,1351570,1049,15068
1351580,1310,15045,1351590,974,15077
1351600,1325,15046,1351610,1051,15090
1351620,1336,15047,1351630,1020,15090
1351640,1272,15048,1351650,1020,15079
1351660,1362,15048,1351670,1042,15088
1351680,1306,15036,1351690,977,15078
1351700,1318,15045,1351710,1063,15071
1351720,1352,15059,1351730,1035,15081
1351740,1279,15050,1351750,1011,15068
1351760,1365,15043,1351770,1042,15079
1351780,1310,15043,1351790,977,15077
1351800,1305,15050,1351810,1056,15077
1351820,1346,15041,1351830,1023,15092
1351840,1280,15042,1351850,1022,15069
1351860,1394,15040,1351870,1058,15093
1351880,1305,15046,1351890,979,15085
1351900,1334,15047,1351910,1081,15079
1351920,1333,15052,1351930,1012,15072
1351940,1285,15046,1351950,1020,15083
1351960,1361,15045,1351970,1041,15084
1351980,1309,15048,1351990,979,15081
1352000,1321,15042,1352010,1068,15084
1352020,1349,15037,1352030,1006,15078
1352040,1277,15048,1352050,1029,15087
1352060,1353,15038,1352070,1043,15097
1352080,1311,15060,1352090,972,15094
1352100,1328,15050,1352110,1068,15083
1352120,1338,15038,1352130,999,15082
1352140,1281,15042,1352150,1040,15084
1352160,1366,15037,1352170,1034,15091
1352180,1303,15046,1352190,967,15083
1352200,1330,15034,1352210,1068,15081
1352220,1344,15042,1352230,992,15078
1352240,1276,15052,1352250,1014,15075
1352260,1372,15049,1352270,1029,15077
1352280,1307,15045,1352290,966,15086
1352300,1336,15050,1352310,1071,15078
1352320,1333,15032,1352330,991,15085
1352340,1278,15044,1352350,1025,15085
1352360,1364,15040,1352370,1047,15072
1352380,1299,15047,1352390,967,15079
1352400,1322,15047,1352410,1044,15090
1352420,1339,15042,1352430,999,15086
1352440,1284,15053,1352450,1029,15098
1352460,1357,15038,1352470,1035,15074
1352480,1301,15034,1352490,969,15088
1352500,1340,15037,1352510,1075,15091
1352520,1333,15041,1352530,999,15080
1352540,1264,15050,1352550,1048,15085
1352560,1359,15034,1352570,1039,15078
1352580,1290,15050,1352590,975,15077
1352600,1329,15046,1352610,1062,15079
1352620,1345,15039,1352630,992,15082
1352640,1274,15052,1352650,1019,15077
1352660,1369,15041,1352670,1028,15075
1352680,1304,15049,1352690,986,15077
1352700,1320,15049,1352710,1069,15087
1352720,1341,15037,1352730,998,15070
1352740,1277,15028,1352750,1044,15086
1352760,1363,15034,1352770,1034,15082
1352780,1293,15042,1352790,979,15070
1352800,1315,15025,1352810,1066,15077
1352820,1332,15043,1352830,993,15081
1352840,1274,15045,1352850,1035,15075
1352860,1367,15045,1352870,1034,15084
1352880,1293,15044,1352890,985,15080
1352900,1337,15051,1352910,1058,15083
1352920,1335,15050,1352930,1001,15078
1352940,1280,15049,1352950,1030,15076
1352960,1366,15041,1352970,1040,15073
1352980,1293,15038,1352990,972,15087
1353000,1333,15041,1353010,1055,15094
1353020,1330,15048,1353030,1003,15080
1353040,1278,15048,1353050,1032,15079
1353060,1369,15048,1353070,1027,15073
1353080,1292,15042,1353090,989,15088
1353100,1330,15058,1353110,1056,15080
1353120,1320,15054,1353130,999,15096
1353140,1279,15055,1353150,1047,15080
1353160,1359,15050,1353170,1031,15089
1353180,1298,15055,1353190,975,15087
1353200,1348,15052,1353210,1057,15083
1353220,1331,15034,1353230,983,15079
1353240,1284,15042,1353250,1042,15082
1353260,1373,15043,1353270,1019,15085
1353280,1288,15034,1353290,990,15077
1353300,1338,15038,1353310,1057,15076
1353320,1320,15034,1353330,1002,15081
1353340,1291,15036,1353350,1050,15090
1353360,1356,15047,1353370,1021,15079
1353380,1321,15044,1353390,996,15084
1353400,1343,15048,1353410,1064,15091
1353420,1337,15036,1353430,990,15075
1353440,1280,15050,1353450,1042,15075
1353460,1359,15040,1353470,1029,15075
1353480,1290,15042,1353490,975,15084
1353500,1354,15045,1353510,1074,15085
1353520,1324,15056,1353530,987,15086
1353540,1284,15040,1353550,1041,15076
1353560,1359,15056,1353570,1025,15086
1353580,1298,15053,1353590,982,15086
1353600,1346,15062,1353610,1062,15082
1353620,1319,15048,1353630,994,15093
1353640,1290,15057,1353650,1058,15096
1353660,1365,15048,1353670,1043,15097
1353680,1295,15044,1353690,988,15085
1353700,1343,15049,1353710,1056,15086
1353720,1335,15050,1353730,982,15080
1353740,1284,15049,1353750,1046,15079
1353760,1356,15049,1353770,1022,15093
1353780,1295,15055,1353790,997,15084
1353800,1346,15043,1353810,1051,15090
1353820,1325,15055,1353830,980,15081
1353840,1291,15039,1353850,1048,15077
1353860,1362,15040,1353870,1016,15088
1353880,1291,15043,1353890,1002,15083
1353900,1333,15047,1353910,1047,15086
1353920,1318,15041,1353930,981,15086
1353940,1288,15042,1353950,1053,15084
1353960,1353,15054,1353970,1014,15083
1353980,1283,15052,1353990,991,15082
1354000,1335,15052,1354010,1053,15080
1354020,1317,15056,1354030,977,15075
1354040,1300,15026,1354050,1044,15085
1354060,1329,15037,1354070,1019,15076
1354080,1284,15041,1354090,993,15074
1354100,1354,15051,1354110,1059,15076
1354120,1320,15033,1354130,992,15084
1354140,1298,15054,1354150,1056,15084
1354160,1359,15051,1354170,1017,15088
1354180,1292,15054,1354190,979,15070
1354200,1343,15045,1354210,1062,15086
1354220,1308,15049,1354230,983,15067
1354240,1296,15048,1354250,1059,15089
1354260,1349,15049,1354270,1029,15086
1354280,1290,15051,1354290,1002,15093
1354300,1357,15047,1354310,1051,15090
1354320,1318,15057,1354330,994,15099
1354340,1281,15064,1354350,1051,15077
1354360,1353,15041,1354370,1025,15084
1354380,1291,15043,1354390,998,15080
1354400,1366,15058,1354410,1052,15092
1354420,1317,15037,1354430,984,15084
1354440,1297,15056,1354450,1053,15087
1354460,1357,15057,1354470,1020,15077
1354480,1264,15043,1354490,992,15079
1354500,1354,15038,1354510,1043,15091
1354520,1330,15037,1354530,982,15075
1354540,1304,15041,1354550,1050,15081
1354560,1348,15042,1354570,1020,15095
1354580,1271,15063,1354590,1001,15078
1354600,1358,15054,1354610,1053,15075
1354620,1318,15047,1354630,991,15090
1354640,1306,15044,1354650,1049,15079
1354660,1346,15046,1354670,1008,15090
1354680,1286,15043,1354690,998,15087
1354700,1363,15051,1354710,1054,15083
1354720,1313,15044,1354730,986,15085
1354740,1326,15038,1354750,1075,15087
1354760,1352,15044,1354770,1016,15091
1354780,1288,15047,1354790,989,15083
1354800,1356,15050,1354810,1051,15091
1354820,1313,15038,1354830,983,15085
1354840,1293,15057,1354850,1049,15074
1354860,1351,15032,1354870,1029,15080
1354880,1278,15048,1354890,1008,15074
1354900,1345,15048,1354910,1044,15088
1354920,1307,15048,1354930,981,15091
1354940,1309,15054,1354950,1045,15086
1354960,1359,15043,1354970,1022,15084
1354980,1279,15061,1354990,991,15080
1355000,1366,15061,1355010,1043,15090
1355020,1313,15049,1355030,999,15090
1355040,1314,15064,1355050,1062,15088
1355060,1354,15052,1355070,1013,15082
1355080,1272,15049,1355090,1011,15080
1355100,1366,15045,1355110,1053,15088
1355120,1322,15045,1355130,965,15093
1355140,1312,15051,1355150,1059,15089
1355160,1371,15048,1355170,1018,15084
1355180,1276,15050,1355190,1007,15084
1355200,1360,15056,1355210,1038,15088
1355220,1314,15060,1355230,980,15076
1355240,1317,15039,1355250,1055,15077
1355260,1337,15050,1355270,1017,15087
1355280,1278,15057,1355290,1006,15094
1355300,1365,15041,1355310,1043,15077
1355320,1306,15047,1355330,969,15083
1355340,1311,15038,1355350,1063,15080
1355360,1353,15053,1355370,1021,15077
1355380,1270,15050,1355390,1025,15085
1355400,1359,15052,1355410,1038,15094
1355420,1298,15061,1355430,972,15082
1355440,1313,15045,1355450,1077,15069
1355460,1337,15040,1355470,1019,15086
1355480,1273,15047,1355490,1006,15083
1355500,1363,15045,1355510,1048,15076
1355520,1319,15058,1355530,970,15085
1355540,1320,15044,1355550,1067,15081
1355560,1366,15064,1355570,1001,15081
1355580,1277,15046,1355590,1033,15086
1355600,1358,15046,1355610,1048,15080
1355620,1310,15051,1355630,973,15081
1355640,1326,15038,1355650,1056,15082
1355660,1340,15045,1355670,1009,15086
1355680,1287,15043,1355690,1025,15078
1355700,1368,15047,1355710,1033,15082
1355720,1308,15051,1355730,969,15081
1355740,1322,15044,1355750,1054,15090
1355760,1349,15049,1355770,996,15078
1355780,1275,15053,1355790,1026,15093
1355800,1357,15047,1355810,1039,15077
1355820,1316,15056,1355830,971,15086
1355840,1296,15046,1355850,1063,15072
1355860,1321,15045,1355870,1005,15081
1355880,1259,15049,1355890,1019,15091
1355900,1364,15040,1355910,1048,15081
1355920,1320,15051,1355930,966,15092
1355940,1314,15045,1355950,1074,15075
1355960,1344,15055,1355970,1010,15075
1355980,1265,15042,1355990,1020,15091
1356000,1348,15051,1356010,1035,15077
1356020,1315,15063,1356030,968,15078
1356040,1320,15049,1356050,1073,15090
1356060,1344,15051,1356070,1007,15092
1356080,1283,15044,1356090,1023,15094
1356100,1374,15051,1356110,1055,15086
1356120,1305,15047,1356130,951,15091
1356140,1320,15046,1356150,1069,15084
1356160,1342,15055,1356170,1001,15084
1356180,1274,15048,1356190,1038,15088
1356200,1358,15058,1356210,1051,15095
1356220,1307,15038,1356230,977,15077
1356240,1316,15045,1356250,1049,15072
1356260,1357,15039,1356270,1001,15086
1356280,1286,15052,1356290,1019,15076
1356300,1371,15048,1356310,1047,15073
1356320,1298,15045,1356330,978,15082
1356340,1338,15041,1356350,1055,15085
1356360,1327,15049,1356370,1000,15078
1356380,1279,15049,1356390,1032,15074
1356400,1360,15042,1356410,1047,15072
1356420,1301,15045,1356430,974,15099
1356440,1329,15051,1356450,1075,15076
1356460,1329,15036,1356470,988,15073
1356480,1265,15047,1356490,1034,15079
1356500,1363,15047,1356510,1051,15085
1356520,1302,15049,1356530,982,15079
1356540,1336,15034,1356550,1077,15084
1356560,1348,15044,1356570,1015,15074
1356580,1267,15037,1356590,1038,15097
1356600,1364,15045,1356610,1044,15082
1356620,1293,15052,1356630,969,15085
1356640,1334,15049,1356650,1066,15081
1356660,1333,15044,1356670,1005,15087
1356680,1276,15049,1356690,1024,15073
1356700,1377,15052,1356710,1026,15094
1356720,1296,15053,1356730,967,15096
1356740,1322,15050,1356750,1065,15094
1356760,1340,15044,1356770,996,15095
1356780,1282,15057,1356790,1036,15085
1356800,1353,15045,1356810,1032,15079
1356820,1290,15045,1356830,983,15084
1356840,1326,15048,1356850,1064,15078
1356860,1339,15058,1356870,986,15084
1356880,1269,15054,1356890,1034,15083
1356900,1374,15054,1356910,1042,15094
1356920,1292,15062,1356930,974,15085
1356940,1322,15029,1356950,1056,15078
1356960,1338,15051,1356970,1016,15088
1356980,1285,15056,1356990,1039,15079
1357000,1353,15043,1357010,1032,15090
1357020,1294,15037,1357030,980,15082
1357040,1334,15062,1357050,1061,15086
1357060,1340,15040,1357070,998,15090
1357080,1282,15038,1357090,1038,15082
1357100,1386,15033,1357110,1024,15083
1357120,1287,15034,1357130,982,15076
1357140,1337,15039,1357150,1054,15080
1357160,1343,15051,1357170,997,15081
1357180,1285,15048,1357190,1035,15074
1357200,1349,15049,1357210,1040,15091
1357220,1297,15054,1357230,977,15071
1357240,1343,15047,1357250,1066,15075
1357260,1361,15047,1357270,998,15091
1357280,1275,15043,1357290,1043,15066
1357300,1369,15038,1357310,1034,15093
1357320,1288,15051,1357330,987,15076
1357340,1340,15048,1357350,1068,15073
1357360,1333,15043,1357370,981,15084
1357380,1279,15049,1357390,1066,15081
1357400,1362,15047,1357410,1030,15078
1357420,1282,15040,1357430,979,15071
1357440,1340,15054,1357450,1058,15091
1357460,1335,15045,1357470,1002,15086
1357480,1273,15047,1357490,1033,15088
1363500,582,15039,1363510,238,15081
1363520,553,15039,1363530,289,15089
1363540,602,15036,1363550,289,15076
1363560,535,15031,1363570,254,15080
1363580,581,15048,1363590,299,15075
1363600,580,15049,1363610,237,15074
1363620,564,15041,1363630,282,15067
1363640,595,15049,1363650,272,15076
1363660,539,15040,1363670,242,15086
1363680,587,15054,1363690,282,15078
1363700,574,15045,1363710,238,15085
1363720,547,15057,1363730,285,15085
1363740,592,15047,1363750,265,15084
1363760,525,15054,1363770,242,15083
1363780,574,15048,1363790,282,15088
1363800,562,15047,1363810,216,15079
1363820,537,15044,1363830,274,15087
1363840,571,15042,1363850,247,15073
1363860,515,15053,1363870,228,15079
1363880,570,15055,1363890,272,15088
1363900,541,15056,1363910,209,15080
1363920,516,15058,1363930,259,15093
1363940,566,15051,1363950,247,15088
1363960,500,15059,1363970,225,15089
1363980,564,15048,1363990,269,15087
1364000,557,15035,1364010,208,15081
1364020,534,15036,1364030,274,15084
1364040,579,15053,1364050,251,15079
1364060,515,15054,1364070,230,15081
1364080,573,15049,1364090,261,15084
1364100,548,15043,1364110,195,15088
1364120,527,15047,1364130,262,15072
1364140,561,15041,1364150,244,15092
1364160,492,15058,1364170,219,15088
1364180,559,15046,1364190,261,15084
1364200,540,15041,1364210,197,15080
1364220,526,15053,1364230,264,15099
1364240,558,15038,1364250,236,15073
1364260,509,15053,1364270,229,15092
1364280,568,15049,1364290,268,15083
1364300,551,15052,1364310,200,15086
1364320,533,15051,1364330,270,15080
1364340,572,15043,1364350,237,15075
1364360,514,15043,1364370,227,15072
1364380,566,15044,1364390,262,15077
1364400,542,15042,1364410,200,15087
1364420,531,15041,1364430,265,15060
1364440,566,15055,1364450,230,15078
1364460,504,15048,1364470,225,15087
1364480,559,15051,1364490,252,15082
1364500,529,15043,1364510,192,15083
1364520,526,15040,1364530,250,15080
1364540,556,15044,1364550,216,15087
1364560,493,15046,1364570,226,15074
1364580,564,15048,1364590,264,15074
1364600,539,15041,1364610,195,15082
1364620,531,15036,1364630,257,15085
1364640,573,15049,1364650,232,15075
1364660,507,15051,1364670,237,15078
1364680,564,15048,1364690,270,15070
1364700,534,15045,1364710,205,15082
1364720,536,15049,1364730,267,15098
1364740,565,15050,1364750,242,15082
1364760,501,15061,1364770,229,15079
1364780,570,15041,1364790,252,15070
1364800,534,15048,1364810,195,15084
1364820,524,15047,1364830,255,15092
1364840,557,15049,1364850,238,15084
1364860,501,15045,1364870,235,15061
1364880,563,15046,1364890,249,15073
1364900,530,15047,1364910,197,15082
1364920,530,15047,1364930,264,15089
1364940,553,15044,1364950,225,15083
1364960,501,15047,1364970,233,15073
1364980,565,15056,1364990,259,15087
1365000,530,15044,1365010,198,15093
1365020,531,15058,1365030,266,15092
1365040,561,15051,1365050,225,15082
1365060,510,15058,1365070,241,15077
1365080,569,15047,1365090,256,15080
1365100,528,15049,1365110,199,15078
1365120,542,15042,1365130,261,15092
1365140,565,15065,1365150,229,15080
1365160,497,15045,1365170,235,15097
1365180,565,15050,1365190,259,15086
1365200,528,15044,1365210,200,15087
1365220,539,15061,1365230,265,15085
1365240,560,15062,1365250,222,15089
1365260,499,15045,1365270,239,15084
1365280,576,15045,1365290,257,15072
1365300,530,15040,1365310,200,15074
1365320,547,15048,1365330,262,15092
1365340,556,15046,1365350,229,15090
1365360,505,15056,1365370,239,15088
1365380,575,15050,1365390,262,15092
1365400,531,15046,1365410,201,15080
1365420,552,15038,1365430,274,15077
1365440,578,15045,1365450,226,15078
1365460,509,15051,1365470,245,15071
1365480,572,15040,1365490,254,15072
1365500,521,15048,1365510,197,15081
1365520,543,15053,1365530,270,15071
1365540,566,15045,1365550,218,15072
1365560,506,15045,1365570,243,15088
1365580,567,15039,1365590,253,15082
1365600,527,15046,1365610,218,15082
1365620,541,15042,1365630,266,15080
1365640,558,15039,1365650,229,15093
1365660,518,15048,1365670,241,15077
1365680,566,15044,1365690,262,15076
1365700,524,15044,1365710,211,15089
1365720,553,15049,1365730,270,15079
1365740,574,15047,1365750,229,15090
1365760,516,15057,1365770,253,15089
1365780,578,15046,1365790,262,15077
1365800,534,15046,1365810,212,15071
1365820,562,15041,1365830,281,15081
1365840,572,15049,1365850,225,15078
1365860,514,15042,1365870,262,15078
1365880,581,15055,1365890,264,15080
1365900,531,15048,1365910,208,15091
1365920,551,15041,1365930,278,15078
1365940,558,15059,1365950,220,15089
1365960,509,15043,1365970,250,15085
1365980,567,15050,1365990,248,15073
1366000,511,15048,1366010,206,15070
1366020,553,15040,1366030,261,15073
1366040,554,15044,1366050,215,15086
1366060,508,15048,1366070,260,15083
1366080,569,15048,1366090,250,15077
1366100,520,15046,1366110,209,15083
1366120,554,15046,1366130,262,15085
1366140,550,15043,1366150,209,15080
1366160,510,15049,1366170,245,15076
1366180,577,15045,1366190,246,15081
1366200,517,15031,1366210,206,15077
1366220,557,15047,1366230,268,15077
1366240,550,15036,1366250,209,15073
1366260,512,15044,1366270,255,15080
1366280,575,15052,1366290,254,15083
1366300,520,15050,1366310,208,15089
1366320,551,15043,1366330,273,15085
1366340,562,15036,1366350,217,15077
1366360,513,15045,1366370,252,15075
1366380,576,15060,1366390,256,15090
1366400,522,15052,1366410,212,15090
1366420,557,15046,1366430,272,15086
1366440,554,15058,1366450,208,15087
1366460,518,15039,1366470,259,15073
1366480,568,15048,1366490,249,15084
1366500,518,15050,1366510,220,15081
1366520,565,15045,1366530,266,15096
1366540,553,15051,1366550,217,15090
1366560,521,15040,1366570,263,15069
1366580,574,15060,1366590,253,15087
1366600,516,15055,1366610,226,15088
1366620,574,15045,1366630,273,15085
1366640,558,15045,1366650,210,15086
1366660,528,15047,1366670,252,15080
1366680,570,15055,1366690,250,15071
1366700,521,15053,1366710,223,15094
1366720,566,15038,1366730,274,15082
1366740,559,15043,1366750,213,15088
1366760,529,15054,1366770,260,15074
1366780,580,15056,1366790,259,15090
1366800,514,15049,1366810,233,15081
1366820,565,15041,1366830,276,15095
1366840,558,15046,1366850,219,15087
1366860,529,15046,1366870,267,15078
1366880,590,15042,1366890,268,15092
1366900,514,15042,1366910,238,15099
1366920,565,15038,1366930,276,15078
1366940,558,15046,1366950,217,15075
1366960,537,15050,1366970,270,15097
1366980,589,15041,1366990,263,15086
1367000,519,15057,1367010,236,15069
1367020,578,15040,1367030,281,15082
1367040,563,15045,1367050,205,15079
1367060,541,15053,1367070,266,15076
1367080,579,15042,1367090,254,15077
1367100,518,15051,1367110,244,15089
1367120,564,15053,1367130,267,15088
1367140,557,15046,1367150,215,15064
1367160,540,15036,1367170,261,15063
1367180,570,15048,1367190,242,15098
1367200,516,15039,1367210,229,15081
1367220,566,15038,1367230,271,15073
1367240,547,15032,1367250,207,15081
1367260,533,15031,1367270,270,15087
1367280,574,15035,1367290,253,15080
1367300,511,15049,1367310,226,15086
1367320,570,15051,1367330,272,15089
1367340,556,15052,1367350,213,15082
1367360,531,15038,1367370,270,15088
1367380,577,15036,1367390,249,15096
1367400,501,15045,1367410,238,15072
1367420,575,15049,1367430,271,15085
1367440,554,15050,1367450,209,15076
1367460,528,15051,1367470,267,15085
1367480,571,15039,1367490,243,15093
1367500,516,15055,1367510,236,15062
1367520,572,15032,1367530,267,15064
1367540,553,15036,1367550,204,15085
1367560,538,15035,1367570,273,15083
1367580,572,15047,1367590,249,15072
1367600,517,15046,1367610,231,15088
1367620,582,15045,1367630,271,15085
1367640,547,15048,1367650,214,15073
1367660,544,15045,1367670,279,15083
1367680,586,15039,1367690,246,15074
1367700,507,15047,1367710,246,15072
1367720,584,15033,1367730,274,15085
1367740,548,15044,1367750,212,15073
1367760,547,15043,1367770,275,15085
1367780,579,15049,1367790,250,15091
1367800,514,15060,1367810,253,15076
1367820,579,15049,1367830,276,15078
1367840,549,15044,1367850,213,15082
1367860,545,15043,1367870,276,15085
1367880,578,15041,1367890,241,15079
1367900,509,15044,1367910,242,15084
1367920,580,15049,1367930,263,15074
1367940,551,15051,1367950,212,15086
1367960,552,15047,1367970,273,15092
1367980,575,15041,1367990,238,15079
1368000,510,15049,1368010,246,15079
1368020,569,15049,1368030,274,15093
1368040,549,15043,1368050,209,15087
1368060,560,15052,1368070,283,15086
1368080,566,15040,1368090,245,15082
1368100,515,15037,1368110,246,15089
1368120,583,15042,1368130,282,15075
1368140,547,15040,1368150,211,15081
1368160,561,15052,1368170,277,15078
1368180,583,15038,1368190,240,15079
1368200,516,15044,1368210,253,15077
1368220,578,15041,1368230,264,15090
1368240,534,15047,1368250,207,15086
1368260,548,15042,1368270,275,15071
1368280,579,15036,1368290,236,15080
1368300,518,15041,1368310,248,15077
1368320,586,15040,1368330,264,15080
1368340,545,15044,1368350,211,15071
1368360,552,15048,1368370,269,15068
1368380,574,15039,1368390,234,15063
1368400,513,15036,1368410,243,15071
1368420,574,15038,1368430,261,15088
1368440,534,15047,1368450,214,15089
1368460,548,15048,1368470,270,15085
1368480,571,15043,1368490,230,15092
1368500,516,15058,1368510,245,15083
1368520,575,15042,1368530,263,15088
1368540,532,15042,1368550,209,15086
1368560,547,15048,1368570,273,15087
1368580,566,15054,1368590,228,15071
1368600,512,15042,1368610,246,15079
1368620,582,15045,1368630,267,15087
1368640,539,15046,1368650,212,15074
1368660,553,15042,1368670,274,15066
1368680,573,15042,1368690,226,15079
1368700,520,15040,1368710,253,15076
1368720,587,15040,1368730,267,15089
1368740,538,15056,1368750,220,15082
1368760,558,15041,1368770,280,15076
1368780,571,15042,1368790,231,15077
1368800,519,15049,1368810,253,15082
1368820,579,15052,1368830,273,15076
1368840,542,15038,1368850,212,15080
1368860,565,15035,1368870,279,15086
1368880,576,15044,1368890,228,15074
1368900,526,15043,1368910,257,15083
1368920,578,15051,1368930,260,15074
1368940,537,15042,1368950,218,15086
1368960,559,15050,1368970,265,15094
1368980,566,15054,1368990,224,15077
1374500,1203,15045,1374510,875,15089
1374520,1137,15052,1374530,841,15079
1374540,1185,15057,1374550,888,15087
1374560,1168,15050,1374570,801,15083
1374580,1107,15037,1374590,859,15077
1374600,1152,15043,1374610,823,15082
1374620,1075,15044,1374630,792,15082
1374640,1116,15042,1374650,798,15089
1374660,1074,15044,1374670,725,15081
1374680,1008,15047,1374690,754,15080
1374700,1064,15044,1374710,746,15090
1374720,1004,15046,1374730,699,15089
1374740,1045,15048,1374750,741,15082
1374760,1028,15055,1374770,670,15077
1374780,983,15035,1374790,722,15075
1374800,1029,15045,1374810,708,15076
1374820,970,15064,1374830,681,15086
1374840,1029,15044,1374850,736,15078
1374860,1001,15047,1374870,670,15072
1374880,973,15036,1374890,727,15077
1374900,1031,15044,1374910,709,15087
1374920,980,15053,1374930,690,15078
1374940,1038,15052,1374950,741,15084
1374960,1010,15032,1374970,675,15080
1374980,996,15037,1374990,749,15082
1375000,1047,15046,1375010,728,15079
1375020,991,15031,1375030,710,15072
1375040,1062,15047,1375050,788,15083
1375060,1047,15048,1375070,705,15072
1375080,1030,15042,1375090,790,15085
1375100,1094,15040,1375110,776,15085
1375120,1049,15044,1375130,766,15082
1375140,1127,15037,1375150,822,15074
1375160,1113,15054,1375170,774,15088
1375180,1096,15049,1375190,853,15099
1375200,1161,15041,1375210,837,15087
1375220,1110,15043,1375230,835,15080
1375240,1203,15055,1375250,879,15079
1375260,1163,15039,1375270,831,15088
1375280,1161,15041,1375290,916,15091
1375300,1196,15049,1375310,870,15092
1375320,1138,15049,1375330,868,15090
1375340,1225,15039,1375350,916,15086
1375360,1177,15048,1375370,844,15070
1375380,1171,15044,1375390,922,15079
1375400,1193,15043,1375410,873,15078
1375420,1128,15048,1375430,867,15079
1375440,1222,15049,1375450,908,15074
1375460,1167,15055,1375470,839,15091
1375480,1184,15043,1375490,928,15089
1375500,1223,15064,1375510,884,15080
1375520,1146,15045,1375530,885,15077
1375540,1231,15045,1375550,912,15084
1375560,1184,15045,1375570,844,15087
1375580,1188,15053,1375590,943,15090
1375600,1205,15056,1375610,893,15089
1375620,1150,15036,1375630,914,15080
1375640,1243,15058,1375650,931,15080
1375660,1196,15045,1375670,865,15087
1375680,1202,15044,1375690,944,15089
1375700,1231,15053,1375710,892,15076
1375720,1176,15049,1375730,918,15088
1375740,1254,15057,1375750,930,15085
1375760,1203,15047,1375770,862,15081
1375780,1200,15050,1375790,928,15086
1375800,1226,15055,1375810,877,15083
1375820,1151,15044,1375830,907,15084
1375840,1252,15037,1375850,934,15081
1375860,1203,15040,1375870,859,15093
1375880,1226,15038,1375890,931,15078
1375900,1235,15054,1375910,900,15076
1375920,1176,15053,1375930,917,15085
1375940,1274,15044,1375950,933,15084
1375960,1202,15041,1375970,875,15083
1375980,1234,15045,1375990,959,15077
1376000,1227,15036,1376010,907,15084
1376020,1147,15055,1376030,921,15089
1376040,1254,15046,1376050,939,15082
1376060,1199,15048,1376070,868,15078
1376080,1225,15060,1376090,958,15077
1376100,1244,15043,1376110,899,15080
1376120,1192,15052,1376130,918,15091
1376140,1264,15051,1376150,934,15080
1376160,1209,15050,1376170,861,15090
1376180,1212,15050,1376190,966,15071
1376200,1236,15053,1376210,905,15099
1376220,1180,15046,1376230,928,15096
1376240,1258,15046,1376250,926,15079
1376260,1194,15047,1376270,882,15090
1376280,1225,15056,1376290,945,15084
1376300,1223,15046,1376310,877,15081
1376320,1158,15060,1376330,909,15084
1376340,1240,15048,1376350,919,15096
1376360,1169,15058,1376370,842,15092
1376380,1216,15050,1376390,933,15094
1376400,1212,15050,1376410,888,15082
1376420,1160,15042,1376430,926,15091
1376440,1224,15044,1376450,892,15082
1376460,1171,15052,1376470,848,15099
1376480,1208,15041,1376490,918,15087
1376500,1186,15059,1376510,851,15090
1376520,1136,15051,1376530,894,15101
1376540,1213,15049,1376550,873,15079
1376560,1156,15056,1376570,863,15091
1376580,1191,15053,1376590,915,15100
1376600,1178,15056,1376610,871,15087
1376620,1156,15034,1376630,905,15078
1376640,1242,15047,1376650,921,15084
1376660,1184,15047,1376670,872,15074
1376680,1229,15049,1376690,947,15075
1376700,1240,15037,1376710,872,15083
1376720,1179,15041,1376730,928,15084
1376740,1242,15045,1376750,909,15084
1376760,1184,15036,1376770,877,15071
1376780,1229,15045,1376790,948,15078
1376800,1220,15039,1376810,874,15081
1376820,1185,15040,1376830,942,15070
1376840,1253,15050,1376850,914,15082
1376860,1217,15051,1376870,872,15090
1376880,1229,15046,1376890,948,15086
1376900,1214,15047,1376910,890,15088
1376920,1174,15052,1376930,942,15081
1376940,1246,15045,1376950,914,15089
1376960,1179,15043,1376970,886,15099
1376980,1229,15054,1376990,960,15100
1377000,1236,15040,1377010,875,15087
1377020,1190,15053,1377030,946,15093
1377040,1248,15038,1377050,934,15086
1377060,1189,15047,1377070,900,15083
1377080,1247,15044,1377090,963,15079
1377100,1229,15055,1377110,888,15084
1377120,1194,15051,1377130,948,15079
1377140,1266,15050,1377150,931,15075
1377160,1195,15044,1377170,892,15092
1377180,1257,15053,1377190,963,15092
1377200,1226,15043,1377210,892,15097
1377220,1185,15042,1377230,944,15071
1377240,1238,15041,1377250,899,15074
1377260,1160,15044,1377270,858,15085
1377280,1226,15044,1377290,915,15087
1377300,1185,15044,1377310,848,15071
1377320,1150,15042,1377330,897,15075
1377340,1195,15047,1377350,870,15080
1377360,1122,15038,1377370,840,15085
1377380,1184,15042,1377390,895,15077
1377400,1152,15032,1377410,824,15079
1377420,1151,15047,1377430,890,15085
1377440,1206,15034,1377450,864,15092
1377460,1132,15051,1377470,849,15086
1377480,1186,15058,1377490,888,15085
1377500,1163,15039,1377510,829,15076
1377520,1159,15044,1377530,901,15074
1377540,1177,15049,1377550,870,15082
1377560,1134,15046,1377570,850,15076
1377580,1196,15035,1377590,893,15079
1377600,1170,15051,1377610,828,15097
1377620,1151,15047,1377630,903,15078
1377640,1204,15037,1377650,872,15075
1377660,1140,15055,1377670,845,15077
1377680,1208,15050,1377690,897,15084
1377700,1175,15040,1377710,824,15084
1377720,1152,15048,1377730,915,15083
1377740,1202,15044,1377750,868,15092
1377760,1125,15041,1377770,861,15079
1377780,1227,15046,1377790,914,15078
1377800,1173,15055,1377810,837,15086
1377820,1167,15051,1377830,889,15083
1377840,1220,15054,1377850,872,15090
1377860,1149,15042,1377870,882,15090
1377880,1217,15053,1377890,915,15086
1377900,1164,15049,1377910,822,15084
1377920,1150,15046,1377930,890,15097
1377940,1181,15055,1377950,862,15094
1377960,1087,15051,1377970,828,15085
1377980,1176,15050,1377990,865,15096
1378000,1136,15045,1378010,789,15097
1378020,1140,15046,1378030,874,15092
1378040,1170,15041,1378050,846,15091
1378060,1105,15059,1378070,839,15081
1378080,1176,15049,1378090,855,15090
1378100,1132,15044,1378110,801,15086
1378120,1137,15059,1378130,863,15089
1378140,1169,15057,1378150,840,15094
1378160,1115,15049,1378170,853,15089
1378180,1180,15049,1378190,878,15081
1378200,1147,15045,1378210,810,15091
1378220,1181,15058,1378230,906,15080
1378240,1198,15053,1378250,860,15082
1378260,1132,15040,1378270,870,15081
1378280,1215,15044,1378290,883,15091
1378300,1155,15041,1378310,812,15097
1378320,1157,15054,1378330,874,15075
1378340,1161,15050,1378350,820,15087
1378360,1068,15052,1378370,769,15087
1378380,1106,15046,1378390,769,15089
1378400,1033,15047,1378410,682,15086
1378420,1021,15047,1378430,758,15085
1378440,1036,15045,1378450,682,15066
1378460,956,15049,1378470,689,15095
1378480,1026,15051,1378490,723,15077
1378500,978,15062,1378510,659,15092
1378520,972,15046,1378530,723,15077
1378540,1006,15045,1378550,660,15087
1378560,946,15044,1378570,688,15068
1378580,1044,15051,1378590,723,15094
1378600,988,15049,1378610,656,15089
1378620,1020,15047,1378630,754,15084
1378640,1062,15054,1378650,699,15069
1378660,979,15046,1378670,728,15082
1378680,1075,15047,1378690,759,15077
1378700,1029,15049,1378710,686,15085
1378720,1035,15048,1378730,765,15079
1378740,1044,15035,1378750,704,15083
1378760,992,15045,1378770,724,15073
1378780,1056,15037,1378790,738,15061
1378800,988,15036,1378810,664,15079
1378820,1035,15038,1378830,760,15068
1378840,1048,15058,1378850,711,15082
1378860,986,15048,1378870,725,15087
1378880,1065,15062,1378890,714,15090
1378900,984,15051,1378910,659,15090
1378920,1034,15059,1378930,746,15090
1378940,1014,15045,1378950,663,15082
1378960,945,15034,1378970,720,15093
1378980,1047,15053,1378990,702,15092
1379000,994,15059,1379010,661,15090
1379020,1027,15053,1379030,752,15066
1379040,1033,15045,1379050,681,15084
1379060,968,15050,1379070,717,15085
1379080,1054,15053,1379090,715,15082
1379100,968,15059,1379110,652,15087
1379120,990,15046,1379130,711,15093
1379140,996,15056,1379150,661,15089
1379160,952,15041,1379170,698,15089
1379180,1043,15048,1379190,675,15083
1379200,971,15042,1379210,640,15078
1379220,1006,15046,1379230,719,15087
1379240,992,15049,1379250,657,15084
1379260,949,15039,1379270,686,15083
1379280,1009,15040,1379290,682,15077
1379300,943,15039,1379310,644,15087
1379320,973,15042,1379330,705,15087
1379340,988,15060,1379350,645,15095
1379360,943,15050,1379370,689,15085
1379380,1011,15056,1379390,686,15090
1379400,959,15049,1379410,643,15081
1379420,994,15048,1379430,705,15084
1379440,983,15054,1379450,651,15084
1379460,947,15045,1379470,688,15093
1379480,1008,15039,1379490,678,15085
1387000,843,15056,1387010,516,15087
1387020,794,15040,1387030,445,15083
1387040,790,15045,1387050,494,15078
1387060,777,15045,1387070,430,15085
1387080,728,15048,1387090,462,15090
1387100,789,15055,1387110,449,15088
1387120,740,15059,1387130,413,15080
1387140,748,15042,1387150,446,15081
1387160,753,15048,1387170,413,15080
1387180,699,15060,1387190,415,15094
1387200,765,15055,1387210,403,15080
1387220,709,15046,1387230,361,15079
1387240,730,15045,1387250,423,15077
1387260,724,15048,1387270,386,15074
1387280,689,15062,1387290,421,15089
1387300,756,15048,1387310,404,15079
1387320,704,15061,1387330,356,15089
1387340,730,15043,1387350,416,15083
1387360,727,15044,1387370,378,15087
1387380,688,15038,1387390,401,15093
1387400,740,15053,1387410,400,15082
1387420,689,15055,1387430,359,15080
1387440,720,15041,1387450,415,15080
1387460,728,15048,1387470,376,15085
1387480,677,15048,1387490,402,15085
1387500,728,15037,1387510,388,15089
1387520,683,15044,1387530,351,15074
1387540,722,15050,1387550,407,15083
1387560,717,15045,1387570,365,15084
1387580,686,15049,1387590,409,15085
1387600,743,15048,1387610,400,15076
1387620,692,15060,1387630,369,15069
1387640,729,15039,1387650,421,15081
1387660,712,15047,1387670,371,15086
1387680,687,15061,1387690,402,15089
1387700,735,15034,1387710,396,15080
1387720,694,15047,1387730,361,15078
1387740,729,15043,1387750,412,15085
1387760,733,15052,1387770,368,15085
1387780,682,15050,1387790,407,15073
1387800,733,15045,1387810,390,15073
1387820,689,15046,1387830,372,15079
1387840,726,15043,1387850,410,15080
1387860,725,15041,1387870,364,15083
1387880,690,15054,1387890,404,15079
1387900,738,15052,1387910,405,15090
1387920,690,15044,1387930,370,15089
1387940,729,15056,1387950,414,15092
1387960,718,15053,1387970,367,15083
1387980,689,15049,1387990,400,15077
1388000,733,15046,1388010,393,15079
1388020,673,15056,1388030,365,15084
1388040,729,15050,1388050,413,15092
1388060,718,15039,1388070,361,15086
1388080,689,15041,1388090,403,15082
1388100,729,15052,1388110,388,15083
1388120,684,15054,1388130,365,15085
1388140,734,15057,1388150,403,15077
1388160,725,15055,1388170,370,15095
1388180,691,15052,1388190,409,15085
1388200,741,15044,1388210,394,15074
1388220,679,15055,1388230,368,15088
1388240,734,15047,1388250,410,15082
1388260,718,15056,1388270,364,15086
1388280,691,15049,1388290,408,15090
1388300,741,15047,1388310,397,15082
1388320,690,15046,1388330,376,15085
1388340,740,15051,1388350,411,15085
1388360,728,15046,1388370,375,15087
1388380,699,15056,1388390,417,15078
1388400,747,15049,1388410,396,15080
1388420,700,15043,1388430,385,15078
1388440,740,15056,1388450,434,15088
1388460,720,15044,1388470,382,15094
1388480,715,15037,1388490,427,15088
1388500,749,15055,1388510,408,15091
1388520,705,15044,1388530,399,15081
1388540,758,15048,1388550,437,15086
1388560,738,15047,1388570,390,15082
1388580,719,15056,1388590,441,15079
1388600,760,15045,1388610,412,15084
1388620,718,15046,1388630,402,15074
1388640,770,15048,1388650,438,15082
1388660,744,15040,1388670,390,15075
1388680,722,15050,1388690,435,15088
1388700,777,15056,1388710,413,15092
1388720,720,15034,1388730,408,15081
1388740,765,15042,1388750,440,15084
1388760,751,15045,1388770,397,15081
1388780,741,15050,1388790,454,15091
1388800,765,15049,1388810,433,15074
1388820,729,15058,1388830,421,15084
1388840,784,15059,1388850,449,15101
1388860,747,15045,1388870,408,15084
1388880,741,15045,1388890,467,15092
1388900,767,15040,1388910,417,15077
1388920,726,15056,1388930,419,15077
1388940,784,15054,1388950,452,15084
1388960,750,15059,1388970,410,15094
1388980,746,15046,1388990,480,15082
1389000,782,15047,1389010,439,15079
1389020,744,15057,1389030,444,15092
1389040,799,15054,1389050,467,15082
1389060,768,15053,1389070,419,15083
1389080,762,15041,1389090,475,15088
1389100,780,15048,1389110,450,15084
1389120,755,15048,1389130,454,15075
1389140,796,15039,1389150,472,15083
1389160,768,15046,1389170,434,15076
1389180,776,15046,1389190,501,15078
1389200,811,15046,1389210,464,15078
1389220,762,15048,1389230,475,15090
1389240,819,15049,1389250,495,15081
1389260,794,15050,1389270,444,15086
1389280,814,15050,1389290,509,15089
1389300,822,15048,1389310,479,15078
1389320,763,15061,1389330,476,15089
1389340,833,15047,1389350,495,15091
1389360,794,15066,1389370,452,15087
1389380,794,15047,1389390,512,15079
1389400,806,15042,1389410,470,15080
1389420,754,15048,1389430,477,15090
1389440,818,15046,1389450,485,15086
1389460,785,15048,1389470,437,15092
1389480,799,15047,1389490,510,15077
1389500,800,15045,1389510,444,15081
1389520,752,15055,1389530,465,15076
1389540,817,15044,1389550,485,15074
1389560,768,15052,1389570,423,15082
1389580,785,15047,1389590,497,15091
1389600,796,15039,1389610,448,15077
1389620,739,15062,1389630,466,15076
1389640,804,15048,1389650,486,15086
1389660,768,15039,1389670,431,15078
1389680,804,15042,1389690,506,15086
1389700,793,15036,1389710,466,15073
1389720,760,15048,1389730,482,15082
1389740,816,15040,1389750,490,15089
1389760,767,15054,1389770,432,15074
1389780,784,15045,1389790,497,15072
1389800,778,15047,1389810,453,15081
1389820,752,15047,1389830,480,15094
1389840,820,15054,1389850,484,15086
1389860,785,15047,1389870,436,15090
1389880,800,15044,1389890,503,15088
1389900,801,15040,1389910,455,15085
1389920,764,15063,1389930,498,15095
1389940,836,15051,1389950,512,15083
1389960,798,15048,1389970,461,15086
1389980,836,15058,1389990,550,15092
1390000,846,15044,1390010,503,15082
1390020,820,15048,1390030,535,15086
1390040,889,15046,1390050,560,15083
1390060,845,15056,1390070,511,15088
1390080,872,15051,1390090,588,15092
1390100,880,15041,1390110,544,15081
1390120,839,15034,1390130,567,15083
1390140,897,15045,1390150,566,15081
1390160,849,15038,1390170,523,15075
1390180,898,15043,1390190,603,15093
1390200,907,15045,1390210,561,15086
1390220,845,15042,1390230,585,15079
1390240,907,15043,1390250,575,15077
1390260,841,15050,1390270,513,15085
1390280,866,15044,1390290,585,15079
1390300,877,15053,1390310,537,15075
1390320,805,15038,1390330,552,15088
1390340,877,15049,1390350,571,15086
1390360,844,15047,1390370,526,15077
1390380,877,15042,1390390,596,15081
1390400,897,15047,1390410,567,15096
1390420,861,15040,1390430,619,15084
1390440,950,15051,1390450,642,15091
1390460,914,15048,1390470,628,15092
1390480,991,15056,1390490,701,15079
1390500,1010,15042,1390510,684,15080
1390520,1001,15045,1390530,777,15087
1390540,1120,15053,1390550,813,15086
1390560,1096,15030,1390570,801,15072
1390580,1184,15046,1390590,911,15077
1390600,1196,15053,1390610,876,15086
1390620,1172,15048,1390630,934,15078
1390640,1262,15045,1390650,929,15085
1390660,1182,15049,1390670,883,15083
1390680,1239,15045,1390690,957,15094
1390700,1231,15053,1390710,908,15086
1390720,1188,15047,1390730,962,15090
1390740,1257,15036,1390750,944,15080
1390760,1222,15043,1390770,940,15085
1390780,1269,15042,1390790,992,15085
1390800,1247,15047,1390810,924,15081
1390820,1225,15042,1390830,977,15094
1390840,1295,15049,1390850,948,15072
1390860,1227,15049,1390870,922,15099
1390880,1288,15053,1390890,995,15086
1390900,1283,15041,1390910,941,15089
1390920,1239,15041,1390930,999,15075
1390940,1297,15039,1390950,972,15087
1390960,1243,15036,1390970,956,15083
1390980,1304,15045,1390990,1015,15080
1391000,1280,15042,1391010,938,15080
1391020,1251,15052,1391030,981,15086
1391040,1312,15045,1391050,968,15084
1391060,1249,15048,1391070,936,15071
1391080,1313,15059,1391090,1007,15091
1391100,1278,15059,1391110,934,15075
1391120,1265,15047,1391130,1014,15088
1391140,1301,15046,1391150,984,15084
1391160,1239,15059,1391170,955,15081
1391180,1304,15051,1391190,1016,15075
1391200,1271,15033,1391210,940,15086
1391220,1247,15046,1391230,1000,15084
1391240,1312,15049,1391250,966,15074
1391260,1250,15046,1391270,954,15087
1391280,1309,15051,1391290,1008,15085
1391300,1270,15049,1391310,941,15100
1391320,1228,15044,1391330,1009,15087
1391340,1306,15042,1391350,986,15083
1391360,1241,15049,1391370,972,15088
1391380,1307,15050,1391390,1003,15083
1391400,1279,15034,1391410,933,15084
1391420,1262,15050,1391430,1014,15091
1391440,1306,15052,1391450,942,15070
1391460,1243,15046,1391470,958,15082
1391480,1303,15048,1391490,1012,15085
1391500,1267,15055,1391510,931,15095
1391520,1260,15040,1391530,1010,15086
1391540,1303,15052,1391550,964,15090
1391560,1234,15048,1391570,940,15089
1391580,1297,15054,1391590,990,15083
1391600,1251,15046,1391610,922,15080
1391620,1244,15042,1391630,980,15081
1391640,1295,15033,1391650,961,15083
1391660,1225,15031,1391670,940,15071
1391680,1292,15040,1391690,979,15075
1391700,1247,15034,1391710,914,15066
1391720,1251,15029,1391730,982,15075
1391740,1263,15040,1391750,962,15086
1391760,1210,15044,1391770,940,15077
1391780,1305,15044,1391790,987,15069
1391800,1255,15038,1391810,908,15074
1391820,1233,15050,1391830,985,15079
1391840,1277,15033,1391850,950,15071
1391860,1221,15047,1391870,951,15092
1391880,1300,15039,1391890,993,15085
1391900,1252,15053,1391910,918,15085
1391920,1252,15058,1391930,984,15080
1391940,1270,15042,1391950,945,15078
1391960,1229,15039,1391970,939,15077
1391980,1305,15052,1391990,987,15079
1392000,1282,15044,1392010,921,15085
1392020,1256,15041,1392030,993,15086
1392040,1292,15039,1392050,945,15083
1392060,1214,15055,1392070,958,15089
1392080,1298,15043,1392090,991,15083
1392100,1242,15045,1392110,916,15087
1392120,1257,15044,1392130,1011,15082
1392140,1295,15039,1392150,955,15091
1392160,1222,15036,1392170,963,15094
1392180,1301,15043,1392190,980,15085
1392200,1255,15058,1392210,933,15086
1392220,1257,15053,1392230,1011,15089
1392240,1293,15055,1392250,957,15086
1392260,1231,15060,1392270,953,15082
1392280,1307,15056,1392290,1007,15100
1392300,1254,15045,1392310,915,15084
1392320,1277,15049,1392330,1004,15074
1392340,1285,15042,1392350,951,15087
1392360,1211,15049,1392370,969,15082
1392380,1297,15048,1392390,965,15085
1392400,1245,15046,1392410,911,15102
1392420,1273,15040,1392430,992,15078
1392440,1271,15050,1392450,937,15080
1392460,1217,15049,1392470,947,15084
1392480,1285,15063,1392490,983,15079
1400500,1329,15042,1400510,1011,15070
1400520,1289,15048,1400530,951,15081
1400540,1291,15048,1400550,1024,15085
1400560,1322,15049,1400570,963,15073
1400580,1239,15041,1400590,990,15080
1400600,1345,15046,1400610,1013,15082
1400620,1285,15043,1400630,957,15085
1400640,1291,15046,1400650,1030,15085
1400660,1319,15052,1400670,992,15093
1400680,1246,15046,1400690,972,15090
1400700,1323,15054,1400710,1011,15074
1400720,1281,15044,1400730,945,15083
1400740,1291,15034,1400750,1046,15093
1400760,1321,15057,1400770,980,15086
1400780,1258,15049,1400790,979,15091
1400800,1329,15049,1400810,1005,15080
1400820,1274,15045,1400830,951,15066
1400840,1297,15051,1400850,1029,15085
1400860,1303,15042,1400870,977,15070
1400880,1244,15041,1400890,990,15083
1400900,1335,15050,1400910,1015,15074
1400920,1293,15050,1400930,948,15086
1400940,1280,15028,1400950,1037,15084
1400960,1304,15041,1400970,985,15087
1400980,1251,15049,1400990,995,15093
