LED1 Timestamp (ms),LED1_PD1,LED1_PD2,LED2 Timestamp (ms),LED2_PD1,LED2_PD2
497500,8242,844,497510,8471,3704
497520,8205,2990,497530,8471,-20
497540,8021,10521,497550,8235,869
497560,8466,3448,497570,8155,3044
497580,8515,-58,497590,7995,10565
497600,8228,878,497610,8480,3369
497620,8171,3085,497630,8462,-79
497640,7995,10661,497650,8258,875
497660,8467,3077,497670,8177,3255
497680,8527,-25,497690,7976,10579
497700,8268,851,497710,8462,2985
497720,8183,3297,497730,8474,-48
497740,8004,10603,497750,8255,902
497760,8458,2736,497770,8173,3383
497780,8494,-43,497790,7927,10524
497800,8306,928,497810,8466,2655
497820,8140,3408,497830,8499,-29
497840,8007,10516,497850,8263,891
497860,8489,2400,497870,8178,3526
497880,8472,-249,497890,7976,10395
497900,8275,943,497910,8458,2227
497920,8215,3631,497930,8478,-77
497940,8047,10354,497950,8228,946
497960,8468,2109,497970,8214,3766
497980,8510,-166,497990,8072,10367
498000,8293,916,498010,8462,1886
498020,8217,3802,498030,8536,-336
498040,8157,10396,498050,8284,869
498060,8491,1709,498070,8151,3849
498080,8561,-398,498090,8149,10500
498100,8278,915,498110,8461,1590
498120,8155,3892,498130,8582,-457
498140,8074,10500,498150,8255,959
498160,8506,1401,498170,8155,3950
498180,8700,-521,498190,8117,10513
498200,8257,912,498210,8478,1257
498220,8152,4059,498230,8818,-455
498240,8116,10512,498250,8263,999
498260,8476,1031,498270,8108,4133
498280,8799,-428,498290,8115,10528
498300,8294,966,498310,8484,971
498320,8157,4205,498330,8787,-411
498340,8139,10500,498350,8286,939
498360,8484,746,498370,8164,4172
498380,8783,-405,498390,8110,10480
498400,8253,945,498410,8496,632
498420,8188,4229,498430,8700,-450
498440,8138,10457,498450,8273,992
498460,8469,450,498470,8185,4317
498480,8669,-460,498490,8171,10405
498500,8266,957,498510,8494,281
498520,8189,4413,498530,8713,-471
498540,8211,10418,498550,8284,991
498560,8456,123,498570,8167,4491
498580,8751,-431,498590,8186,10308
498600,8239,1002,498610,8480,110
498620,8134,4480,498630,8735,-366
498640,8176,10343,498650,8296,950
498660,8494,70,498670,7970,4613
498680,8712,-381,498690,8144,10265
498700,8308,958,498710,8485,69
498720,7836,4672,498730,8658,-425
498740,8238,10247,498750,8258,961
498760,8462,66,498770,7770,4727
498780,8706,-425,498790,8230,10223
498800,8280,973,498810,8455,38
498820,7729,4807,498830,8719,-342
498840,8230,10174,498850,8246,979
498860,8461,40,498870,7716,4866
498880,8677,-329,498890,8195,10253
498900,8267,980,498910,8434,34
498920,7824,4964,498930,8699,-266
498940,8230,10248,498950,8232,1004
498960,8474,48,498970,7824,5047
498980,8651,-351,498990,8207,10216
499000,8257,993,499010,8431,12
499020,7784,5114,499030,8611,-401
499040,8212,10089,499050,8239,1013
499060,8470,90,499070,7740,5164
499080,8652,-355,499090,8253,10129
499100,8228,998,499110,8449,75
499120,7695,5234,499130,8688,-332
499140,8239,10183,499150,8265,1097
499160,8472,52,499170,7725,5320
499180,8665,-189,499190,8219,10098
499200,8290,1000,499210,8424,32
499220,7799,5401,499230,8648,-305
499240,8198,10088,499250,8271,1083
499260,8442,26,499270,7784,5454
499280,8611,-357,499290,8234,10076
499300,8254,1016,499310,8458,71
499320,7753,5554,499330,8639,-364
499340,8225,10057,499350,8269,1051
499360,8453,44,499370,7763,5592
499380,8686,-351,499390,8215,10053
499400,8258,1044,499410,8458,75
499420,7756,5665,499430,8662,-287
499440,8267,10111,499450,8250,1082
499460,8432,39,499470,7767,5794
499480,8652,-294,499490,8225,10075
499500,8260,1108,499510,8458,115
499520,7756,5820,499530,8595,-295
499540,8220,10068,499550,8238,1112
499560,8435,99,499570,7741,5951
499580,8702,-330,499590,8224,10007
499600,8260,1093,499610,8438,77
499620,7729,5981,499630,8674,-237
499640,8284,9986,499650,8243,1057
499660,8416,61,499670,7735,6107
499680,8610,-377,499690,8198,10033
499700,8256,1097,499710,8426,78
499720,7719,6235,499730,8625,-350
499740,8260,10077,499750,8252,1150
499760,8453,97,499770,7698,6352
499780,8646,-412,499790,8251,10008
499800,8279,1155,499810,8428,67
499820,7750,6396,499830,8705,-317
499840,8248,9887,499850,8243,1153
499860,8452,114,499870,7728,6444
499880,8690,-262,499890,8265,9943
499900,8259,1159,499910,8426,29
499920,7754,6558,499930,8650,-165
499940,8279,9855,499950,8237,1205
499960,8465,58,499970,7724,6583
499980,8608,-175,499990,8323,9846
500000,8229,1169,500010,8426,61
500020,7712,6736,500030,8564,-47
500040,8253,9896,500050,8232,1242
500060,8449,70,500070,7684,6872
500080,8601,-68,500090,8263,9954
500100,8197,1204,500110,8427,90
500120,7674,7033,500130,8613,49
500140,8258,9971,500150,8225,1255
500160,8425,66,500170,7762,7118
500180,8515,173,500190,8293,9985
500200,8218,1251,500210,8435,126
500220,7745,7202,500230,8431,263
500240,8280,9940,500250,8239,1316
500260,8431,55,500270,7700,7239
500280,8419,371,500290,8300,9812
500300,8267,1312,500310,8444,74
500320,7673,7309,500330,8336,420
500340,8358,9892,500350,8266,1324
500360,8438,81,500370,7643,7418
500380,8351,414,500390,8279,9922
500400,8267,1326,500410,8438,62
500420,7700,7484,500430,8265,514
500440,8270,9802,500450,8242,1314
500460,8394,88,500470,7720,7601
500480,8291,470,500490,8297,9754
500500,8254,1352,500510,8443,66
500520,7725,7687,500530,8215,577
500540,8255,9717,500550,8229,1329
500560,8425,52,500570,7731,7771
500580,8246,644,500590,8259,9742
500600,8254,1363,500610,8471,104
500620,7656,7820,500630,8268,772
500640,8310,9631,500650,8210,1361
500660,8444,90,500670,7691,7880
500680,8254,748,500690,8277,9613
500700,8237,1364,500710,8450,157
500720,7686,8005,500730,8159,849
500740,8288,9527,500750,8240,1426
500760,8458,83,500770,7752,8109
500780,8152,850,500790,8316,9495
500800,8237,1407,500810,8500,76
500820,7760,8238,500830,8180,913
500840,8358,9422,500850,8208,1452
500860,8510,143,500870,7677,8270
500880,8194,869,500890,8376,9435
500900,8241,1420,500910,8344,169
500920,7674,8354,500930,8237,915
500940,8309,9326,500950,8234,1483
500960,8359,55,500970,7660,8385
500980,8213,971,500990,8304,9234
501000,8224,1471,501010,8418,89
501020,7761,8475,501030,8191,971
501040,8333,9065,501050,8246,1567
501060,8466,130,501070,7784,8494
501080,8282,842,501090,8372,8853
501100,8222,1563,501110,8466,200
501120,7769,8428,501130,8306,808
501140,8397,8652,501150,8231,1574
501160,8412,127,501170,7765,8551
501180,8344,794,501190,8382,8546
501200,8235,1556,501210,8414,177
501220,7756,8683,501230,8303,760
501240,8378,8670,501250,8251,1628
501260,8358,159,501270,7713,8808
501280,8295,782,501290,8404,8576
501300,8246,1632,501310,8390,170
501320,7760,8823,501330,8238,809
501340,8451,8427,501350,8206,1641
501360,8337,150,501370,7751,8935
501380,8246,793,501390,8398,8363
501400,8253,1682,501410,8334,208
501420,7872,8980,501430,8293,783
501440,8410,8197,501450,8218,1680
501460,8309,149,501470,7875,9081
501480,8287,659,501490,8396,8169
501500,8239,1717,501510,8362,151
501520,7835,9111,501530,8297,791
501540,8432,8018,501550,8206,1739
501560,8410,129,501570,7778,9156
501580,8267,752,501590,8420,7890
501600,8219,1758,501610,8411,28
501620,7766,9138,501630,8277,740
501640,8402,7711,501650,8216,1797
501660,8430,84,501670,7840,9231
501680,8331,694,501690,8441,7671
501700,8245,1786,501710,8448,114
501720,7854,9324,501730,8316,740
501740,8414,7554,501750,8228,1855
501760,8460,115,501770,7836,9321
501780,8288,723,501790,8420,7470
501800,8208,1810,501810,8442,123
501820,7853,9398,501830,8274,721
501840,8456,7344,501850,8202,1901
501860,8454,150,501870,7855,9425
501880,8283,770,501890,8429,7270
501900,8213,1841,501910,8431,128
501920,7849,9445,501930,8264,634
501940,8425,7151,501950,8212,1919
501960,8442,98,501970,7842,9507
501980,8322,709,501990,8444,7005
502000,8210,1901,502010,8452,148
502020,7876,9566,502030,8276,710
502040,8428,6825,502050,8227,1973
502060,8453,69,502070,7873,9598
502080,8279,691,502090,8433,6671
502100,8252,2002,502110,8451,34
502120,7885,9679,502130,8242,683
502140,8424,6635,502150,8229,2052
502160,8437,9,502170,7918,9706
502180,8264,680,502190,8423,6534
502200,8221,2099,502210,8432,-7
502220,7888,9659,502230,8307,703
502240,8442,6400,502250,8211,2123
502260,8467,19,502270,7893,9835
502280,8283,673,502290,8419,6233
502300,8202,2174,502310,8481,-11
502320,7851,9819,502330,8278,746
502340,8436,6142,502350,8194,2211
502360,8464,40,502370,7899,9833
502380,8234,670,502390,8446,6013
502400,8203,2247,502410,8436,2
502420,7863,9811,502430,8273,737
502440,8433,5844,502450,8199,2267
502460,8438,10,502470,7943,9918
502480,8271,672,502490,8439,5796
502500,8244,2315,502510,8437,4
502520,7912,10000,502530,8308,744
502540,8427,5597,502550,8212,2340
502560,8477,0,502570,7894,10008
502580,8304,691,502590,8456,5515
502600,8252,2343,502610,8470,1
502620,7863,10037,502630,8282,789
502640,8434,5329,502650,8233,2429
502660,8464,70,502670,7857,10096
502680,8273,742,502690,8463,5264
502700,8214,2407,502710,8458,16
502720,7901,10166,502730,8286,763
502740,8468,5118,502750,8213,2526
502760,8505,-23,502770,7923,10220
502780,8296,765,502790,8468,5022
502800,8185,2534,502810,8489,-6
502820,7894,10272,502830,8261,789
502840,8460,4904,502850,8233,2598
502860,8496,-7,502870,7829,10197
502880,8287,792,502890,8461,4716
502900,8222,2617,502910,8474,50
502920,7845,10266,502930,8238,805
502940,8464,4596,502950,8201,2684
502960,8461,-10,502970,7908,10320
502980,8307,796,502990,8467,4422
503000,8184,2736,503010,8475,17
503020,7998,10299,503030,8271,771
503040,8478,4339,503050,8177,2783
503060,8483,-34,503070,8019,10382
503080,8291,760,503090,8448,4196
503100,8192,2839,503110,8529,-20
503120,7958,10311,503130,8255,808
503140,8470,4043,503150,8178,2858
503160,8499,-28,503170,7940,10294
503180,8243,820,503190,8458,3853
503200,8218,2971,503210,8477,-38
503220,7991,10284,503230,8253,783
503240,8501,3710,503250,8220,2982
503260,8482,-52,503270,8002,10333
503280,8239,782,503290,8441,3573
503300,8176,3060,503310,8484,-13
503320,8040,10375,503330,8290,873
503340,8482,3455,503350,8176,3096
503360,8513,-3,503370,8046,10355
503380,8295,810,503390,8475,3368
503400,8199,3161,503410,8480,-36
503420,7998,10325,503430,8321,787
503440,8466,3067,503450,8193,3261
503460,8525,23,503470,8010,10324
503480,8325,830,503490,8478,3024
503500,8209,3327,503510,8497,-24
503520,8015,10411,503530,8267,865
503540,8461,2801,503550,8165,3398
503560,8506,-35,503570,7973,10356
503580,8245,843,503590,8476,2803
503600,8182,3359,503610,8491,-35
503620,8003,10411,503630,8247,894
503640,8473,2573,503650,8170,3505
503660,8525,-129,503670,7930,10358
503680,8243,896,503690,8485,2437
503700,8171,3497,503710,8510,-206
503720,7990,10312,503730,8240,902
503740,8480,2348,503750,8229,3763
503760,8494,-414,503770,7989,10443
503780,8247,914,503790,8477,2195
503800,8207,3771,503810,8512,-329
503820,8031,10537,503830,8216,885
503840,8488,2122,503850,8181,3817
503860,8629,-507,503870,8093,10577
503880,8220,922,503890,8472,1927
503900,8200,3840,503910,8798,-497
503920,8086,10553,503930,8230,933
503940,8469,1809,503950,8157,3926
503960,8722,-429,503970,8092,10584
503980,8258,908,503990,8478,1692
504000,8195,3945,504010,8771,-451
504020,8109,10422,504030,8270,943
504040,8502,1485,504050,8200,4031
504060,8731,-536,504070,8112,10423
504080,8282,893,504090,8471,1268
504100,8175,4074,504110,8760,-477
504120,8136,10384,504130,8235,979
504140,8492,1099,504150,8133,4064
504160,8793,-498,504170,8108,10325
504180,8231,874,504190,8475,952
504200,8169,4107,504210,8832,-492
504220,8099,10228,504230,8265,983
504240,8474,836,504250,8134,4118
504260,8790,-306,504270,8128,10220
504280,8255,926,504290,8466,741
504300,8153,4131,504310,8755,-462
504320,8145,10279,504330,8264,965
504340,8488,553,504350,8144,4123
504360,8757,-398,504370,8147,10254
504380,8267,923,504390,8497,495
504400,8198,4132,504410,8706,-511
504420,8181,10335,504430,8277,984
504440,8472,268,504450,8206,4308
504460,8714,-377,504470,8191,10391
504480,8243,961,504490,8482,235
504500,8237,4409,504510,8721,-433
504520,8217,10462,504530,8271,980
504540,8471,107,504550,8199,4565
504560,8701,-459,504570,8173,10417
504580,8253,936,504590,8481,80
504600,8067,4580,504610,8750,-317
504620,8219,10375,504630,8272,942
504640,8487,87,504650,7936,4689
504660,8756,-303,504670,8211,10366
504680,8288,954,504690,8492,66
504700,7870,4727,504710,8684,-418
504720,8188,10375,504730,8258,964
504740,8471,88,504750,7779,4753
504760,8690,-402,504770,8185,10285
504780,8289,968,504790,8443,32
504800,7797,4765,504810,8705,-444
504820,8195,10159,504830,8253,977
504840,8463,67,504850,7710,4786
504860,8750,-317,504870,8203,10212
504880,8243,952,504890,8418,48
504900,7719,4863,504910,8732,-331
504920,8183,10188,504930,8235,1006
504940,8438,67,504950,7787,4932
504960,8660,-292,504970,8217,10159
504980,8220,982,504990,8413,47
505000,7806,5035,505010,8647,-321
505020,8221,10112,505030,8244,1013
505040,8453,30,505050,7801,5073
505060,8636,-309,505070,8225,10093
505080,8258,955,505090,8434,68
505100,7756,5114,505110,8661,-367
505120,8248,9993,505130,8305,1027
505140,8464,71,505150,7698,5174
505160,8691,-238,505170,8270,10167
505180,8253,976,505190,8434,70
505200,7733,5313,505210,8629,-316
505220,8212,10288,505230,8261,1005
505240,8426,-17,505250,7749,5433
505260,8654,-278,505270,8193,10234
505280,8226,946,505290,8430,56
505300,7781,5489,505310,8597,-341
505320,8207,10284,505330,8291,1026
505340,8433,21,505350,7747,5630
505360,8644,-360,505370,8200,10192
505380,8234,968,505390,8461,45
505400,7735,5672,505410,8642,-321
505420,8226,10267,505430,8247,997
505440,8458,68,505450,7723,5780
505460,8682,-295,505470,8260,10295
505480,8254,1066,505490,8463,66
505500,7720,5808,505510,8630,-320
505520,8256,10297,505530,8259,1006
505540,8452,67,505550,7730,5946
505560,8605,-389,505570,8206,10309
505580,8265,1039,505590,8449,71
505600,7636,6021,505610,8716,-251
505620,8208,10221,505630,8237,1074
505640,8433,112,505650,7760,6057
505660,8668,-308,505670,8210,10200
505680,8257,1060,505690,8409,30
505700,7781,6123,505710,8619,-253
505720,8290,10149,505730,8223,1103
505740,8471,125,505750,7797,6193
505760,8591,-311,505770,8234,10204
505780,8267,1093,505790,8431,47
505800,7740,6282,505810,8585,-360
505820,8235,10155,505830,8253,1136
505840,8442,81,505850,7664,6284
505860,8615,-343,505870,8276,10175
505880,8266,1113,505890,8408,70
505900,7680,6380,505910,8704,-322
505920,8276,10053,505930,8270,1211
505940,8446,90,505950,7694,6320
505960,8664,-281,505970,8272,10005
505980,8266,1116,505990,8453,91
506000,7729,6396,506010,8651,-273
506020,8239,9955,506030,8271,1210
506040,8457,87,506050,7761,6440
506060,8662,-283,506070,8251,9996
506080,8241,1188,506090,8483,128
506100,7761,6621,506110,8614,-282
506120,8264,10002,506130,8239,1226
506140,8461,86,506150,7724,6700
506160,8689,-247,506170,8265,9967
506180,8234,1217,506190,8456,110
506200,7699,6771,506210,8661,-211
506220,8250,10039,506230,8241,1229
506240,8426,94,506250,7687,6853
506260,8628,-178,506270,8261,9964
506280,8234,1257,506290,8456,90
506300,7693,6873,506310,8566,-109
506320,8259,9952,506330,8205,1260
506340,8419,54,506350,7722,7013
506360,8584,-192,506370,8258,9915
506380,8216,1276,506390,8421,74
506400,7704,7077,506410,8616,25
506420,8267,9923,506430,8223,1265
506440,8412,70,506450,7717,7174
506460,8558,125,506470,8291,9953
506480,8265,1275,506490,8459,52
506500,7708,7212,506510,8576,-129
506520,8248,9845,506530,8231,1246
506540,8424,59,506550,7698,7272
506560,8515,29,506570,8334,9775
506580,8255,1307,506590,8452,23
506600,7688,7255,506610,8461,256
506620,8369,9761,506630,8265,1291
506640,8481,112,506650,7675,7370
506660,8409,366,506670,8310,9962
506680,8265,1305,506690,8409,49
506700,7696,7468,506710,8385,398
506720,8275,9789,506730,8240,1336
506740,8450,65,506750,7735,7532
506760,8277,502,506770,8315,9799
506780,8262,1342,506790,8460,67
506800,7779,7618,506810,8375,420
506820,8288,9773,506830,8232,1379
506840,8506,136,506850,7739,7722
506860,8352,423,506870,8312,9875
506880,8236,1344,506890,8447,208
506900,7713,7809,506910,8309,530
506920,8339,9817,506930,8239,1406
506940,8471,165,506950,7711,7850
506960,8311,665,506970,8245,9790
506980,8247,1377,506990,8453,147
507000,7697,7960,507010,8243,734
507020,8275,9702,507030,8254,1380
507040,8433,213,507050,7720,8008
507060,8223,793,507070,8340,9574
507080,8238,1428,507090,8601,145
507100,7777,8108,507110,8162,802
507120,8321,9515,507130,8227,1435
507140,8557,152,507150,7785,8183
507160,8173,898,507170,8326,9468
507180,8229,1432,507190,8541,155
507200,7725,8212,507210,8182,948
507220,8301,9440,507230,8250,1436
507240,8454,133,507250,7726,8278
507260,8228,878,507270,8271,9322
507280,8265,1464,507290,8420,86
507300,7725,8253,507310,8160,986
507320,8367,9185,507330,8217,1468
507340,8371,29,507350,7724,8313
507360,8167,978,507370,8342,9150
507380,8236,1518,507390,8403,12
507400,7686,8369,507410,8208,934
507420,8369,9009,507430,8228,1504
507440,8441,94,507450,7742,8430
507460,8237,833,507470,8317,9052
507480,8242,1497,507490,8397,50
507500,7735,8449,507510,8225,905
507520,8310,8869,507530,8261,1502
507540,8464,170,507550,7853,8536
507560,8211,975,507570,8368,8794
507580,8253,1463,507590,8418,46
507600,7754,8554,507610,8221,998
507620,8404,8614,507630,8235,1560
507640,8489,171,507650,7757,8565
507660,8256,908,507670,8437,8517
507680,8226,1539,507690,8428,216
507700,7775,8622,507710,8247,922
507720,8389,8490,507730,8269,1567
507740,8432,310,507750,7742,8613
507760,8236,849,507770,8399,8366
507780,8255,1464,507790,8367,170
507800,7847,8735,507810,8197,877
507820,8387,8240,507830,8237,1560
507840,8397,190,507850,7815,8791
507860,8224,976,507870,8423,8087
507880,8205,1544,507890,8430,208
507900,7877,8791,507910,8211,856
507920,8461,8062,507930,8230,1644
507940,8388,105,507950,7823,8946
507960,8267,817,507970,8461,7995
507980,8206,1700,507990,8427,164
508000,7874,9030,508010,8294,805
508020,8426,7956,508030,8245,1723
508040,8379,29,508050,7856,9125
508060,8315,765,508070,8404,7851
508080,8248,1733,508090,8401,31
508100,7788,9093,508110,8266,748
508120,8446,7793,508130,8216,1797
508140,8445,37,508150,7751,9208
508160,8278,803,508170,8398,7646
508180,8235,1815,508190,8456,72
508200,7789,9168,508210,8267,793
508220,8450,7613,508230,8218,1776
508240,8454,111,508250,7891,9277
508260,8297,631,508270,8400,7449
508280,8250,1855,508290,8423,22
508300,7886,9306,508310,8287,714
508320,8415,7363,508330,8228,1845
508340,8452,111,508350,7873,9360
508360,8289,699,508370,8412,7285
508380,8245,1883,508390,8441,95
508400,7818,9344,508410,8312,740
508420,8434,7090,508430,8215,1788
508440,8458,135,508450,7787,9410
508460,8308,700,508470,8434,7141
508480,8197,1818,508490,8427,60
508500,7822,9333,508510,8254,726
508520,8446,6875,508530,8230,1863
508540,8467,106,508550,7837,9450
508560,8305,665,508570,8436,6863
508580,8227,1788,508590,8441,82
508600,7862,9561,508610,8313,666
508620,8426,6706,508630,8230,1879
508640,8444,49,508650,7901,9553
508660,8256,710,508670,8423,6593
508680,8235,1857,508690,8445,78
508700,7900,9586,508710,8252,689
508720,8430,6469,508730,8238,1948
508740,8425,-10,508750,7922,9530
508760,8235,695,508770,8411,6383
508780,8223,2091,508790,8421,21
508800,7921,9615,508810,8272,676
508820,8405,6279,508830,8214,2139
508840,8440,-31,508850,7858,9649
508860,8249,681,508870,8402,6131
508880,8212,2151,508890,8464,-3
508900,7838,9689,508910,8283,696
508920,8429,6066,508930,8205,2129
508940,8461,-19,508950,7845,9790
508960,8272,703,508970,8382,5915
508980,8183,2080,508990,8446,18
509000,7892,9848,509010,8240,725
509020,8442,5922,509030,8210,2134
509040,8468,6,509050,7957,9932
509060,8285,659,509070,8441,5772
509080,8220,2171,509090,8463,5
509100,7902,9947,509110,8295,785
509120,8472,5641,509130,8232,2272
509140,8473,40,509150,7915,9975
509160,8248,695,509170,8455,5512
509180,8258,2296,509190,8464,10
509200,7894,9979,509210,8279,788
509220,8474,5413,509230,8203,2294
509240,8486,53,509250,7876,10008
509260,8271,756,509270,8431,5347
509280,8237,2363,509290,8436,-22
509300,7892,10075,509310,8311,771
509320,8454,5189,509330,8210,2447
509340,8473,-21,509350,7936,10181
509360,8261,735,509370,8458,5066
509380,8215,2434,509390,8483,-20
509400,7924,10207,509410,8255,756
509420,8428,4955,509430,8194,2506
509440,8477,-10,509450,7872,10195
509460,8236,749,509470,8467,4908
509480,8196,2509,509490,8464,-21
509500,7894,10239,509510,8247,751
509520,8456,4676,509530,8222,2610
509540,8507,-21,509550,7873,10240
509560,8302,742,509570,8474,4619
509580,8176,2607,509590,8481,-14
509600,7907,10288,509610,8302,737
509620,8456,4533,509630,8202,2690
509640,8475,-33,509650,7856,10330
509660,8327,840,509670,8495,4358
509680,8198,2674,509690,8496,28
509700,7900,10366,509710,8319,745
509720,8471,4204,509730,8215,2687
509740,8472,-41,509750,7856,10352
509760,8306,807,509770,8460,4082
509780,8217,2708,509790,8483,-8
509800,7965,10312,509810,8277,854
509820,8481,3978,509830,8189,2748
509840,8447,-29,509850,7943,10421
509860,8272,828,509870,8455,3805
509880,8169,2771,509890,8490,-63
509900,8002,10434,509910,8228,785
509920,8496,3723,509930,8167,2791
509940,8461,-28,509950,7955,10372
509960,8238,757,509970,8434,3563
509980,8209,2879,509990,8500,-23
510000,7918,10306,510010,8290,838
510020,8474,3465,510030,8168,2961
510040,8521,-33,510050,7997,10346
510060,8207,800,510070,8450,3342
510080,8157,3016,510090,8497,-37
510100,7957,10408,510110,8252,889
510120,8464,3261,510130,8197,3089
510140,8496,29,510150,8022,10493
510160,8289,784,510170,8487,3148
510180,8172,3169,510190,8505,-68
510200,7939,10447,510210,8194,930
510220,8441,2919,510230,8162,3198
510240,8484,-57,510250,7964,10531
510260,8292,885,510270,8473,2954
510280,8205,3309,510290,8473,-22
510300,7986,10561,510310,8281,900
510320,8451,2764,510330,8154,3304
510340,8491,-43,510350,7939,10430
510360,8238,811,510370,8480,2616
510380,8173,3281,510390,8478,-58
510400,7985,10424,510410,8229,838
510420,8465,2491,510430,8161,3452
510440,8500,-28,510450,7962,10451
510460,8271,885,510470,8494,2403
510480,8165,3381,510490,8487,-53
510500,7971,10437,510510,8269,894
510520,8482,2242,510530,8180,3581
510540,8485,-63,510550,7935,10500
510560,8270,873,510570,8482,2179
510580,8174,3577,510590,8469,-96
510600,8054,10474,510610,8250,931
510620,8479,2069,510630,8173,3725
510640,8465,-261,510650,8055,10456
510660,8237,921,510670,8486,2008
510680,8182,3734,510690,8517,-233
510700,8127,10432,510710,8213,910
510720,8488,1927,510730,8169,3844
510740,8562,-436,510750,8055,10538
510760,8255,917,510770,8475,1704
510780,8164,3869,510790,8739,-424
510800,8061,10435,510810,8250,960
510820,8483,1580,510830,8170,3890
510840,8718,-487,510850,8139,10400
510860,8267,855,510870,8469,1381
510880,8181,3895,510890,8488,-114
510900,8145,10391,510910,8259,908
510920,8483,1293,510930,8135,3908
510940,8500,-148,510950,8153,10428
510960,8276,820,510970,8475,1205
510980,8179,3966,510990,8502,-73
511000,8081,10352,511010,8293,922
511020,8487,1000,511030,8153,4065
511040,8514,-139,511050,8091,10419
511060,8285,873,511070,8488,940
511080,8154,4131,511090,8523,-335
511100,8102,10416,511110,8280,959
511120,8471,805,511130,8112,4111
511140,8759,-385,511150,8083,10443
511160,8256,875,511170,8497,758
511180,8115,4097,511190,8480,-360
511200,8174,10433,511210,8256,895
511220,8463,616,511230,8160,4099
511240,8598,-429,511250,8186,10369
511260,8250,881,511270,8482,513
511280,8194,4111,511290,8651,-509
511300,8144,10404,511310,8221,894
511320,8474,332,511330,8237,4202
511340,8668,-432,511350,8167,10320
511360,8249,920,511370,8476,309
511380,8175,4188,511390,8742,-369
511400,8169,10264,511410,8241,866
511420,8472,219,511430,8187,4252
511440,8790,-400,511450,8201,10391
511460,8263,967,511470,8495,132
511480,8200,4396,511490,8816,-345
511500,8221,10392,511510,8228,963
511520,8478,107,511530,8209,4492
511540,8682,-440,511550,8196,10410
511560,8271,906,511570,8472,66
511580,8158,4526,511590,8656,-383
511600,8179,10268,511610,8266,928
511620,8472,72,511630,8062,4517
511640,8604,-493,511650,8194,10283
511660,8248,869,511670,8455,40
511680,7905,4551,511690,8707,-411
511700,8174,10228,511710,8270,898
511720,8468,44,511730,7817,4627
511740,8682,-369,511750,8225,10320
511760,8260,954,511770,8454,55
511780,7811,4716,511790,8708,-337
511800,8183,10288,511810,8264,900
511820,8455,50,511830,7741,4681
511840,8688,-374,511850,8190,10272
511860,8282,874,511870,8429,80
511880,7830,4799,511890,8707,-286
511900,8189,10188,511910,8286,993
511920,8462,42,511930,7714,4835
511940,8701,-303,511950,8205,10185
511960,8252,915,511970,8442,64
511980,7782,4867,511990,8637,-354
512000,8219,10146,512010,8283,1001
512020,8441,13,512030,7748,4875
512040,8591,-316,512050,8229,10152
512060,8257,924,512070,8457,76
512080,7822,4962,512090,8588,-381
512100,8213,10226,512110,8257,943
512120,8442,16,512130,7760,5049
512140,8653,-362,512150,8248,10105
512160,8225,989,512170,8470,92
512180,7749,5046,512190,8621,-394
512200,8245,10135,512210,8263,920
512220,8443,56,512230,7780,5146
512240,8691,-244,512250,8212,10214
512260,8261,893,512270,8473,80
512280,7774,5212,512290,8646,-252
512300,8231,10309,512310,8282,923
512320,8467,81,512330,7783,5300
512340,8615,-236,512350,8188,10261
512360,8288,922,512370,8421,69
512380,7796,5329,512390,8616,-273
512400,8209,10221,512410,8255,882
512420,8457,96,512430,7739,5406
512440,8668,-407,512450,8213,10220
512460,8276,892,512470,8436,4
512480,7729,5489,512490,8649,-327
512500,8221,10163,512510,8250,908
512520,8462,38,512530,7732,5466
512540,8624,-260,512550,8271,10201
512560,8290,956,512570,8431,36
512580,7765,5570,512590,8643,-330
512600,8216,10198,512610,8269,982
512620,8455,72,512630,7759,5582
512640,8642,-316,512650,8206,10192
512660,8264,942,512670,8455,68
512680,7731,5685,512690,8600,-348
512700,8248,10062,512710,8243,957
512720,8466,58,512730,7747,5659
512740,8684,-247,512750,8257,10100
512760,8290,930,512770,8467,68
512780,7714,5756,512790,8612,-348
512800,8237,10105,512810,8260,1097
512820,8451,89,512830,7713,5807
512840,8652,-312,512850,8233,10063
512860,8248,1028,512870,8430,121
512880,7786,5903,512890,8593,-319
512900,8226,10135,512910,8223,1048
512920,8421,58,512930,7689,6014
512940,8637,-266,512950,8223,10183
512960,8217,945,512970,8431,93
512980,7737,6051,512990,8663,-296
513000,8243,10044,513010,8265,1041
513020,8426,87,513030,7713,6058
513040,8654,-242,513050,8240,9982
513060,8270,1014,513070,8442,115
513080,7774,6042,513090,8585,-282
513100,8236,10015,513110,8240,1059
513120,8423,69,513130,7781,6123
513140,8592,-331,513150,8210,9985
513160,8225,1009,513170,8439,80
513180,7735,6194,513190,8555,-343
513200,8285,9999,513210,8216,1109
513220,8420,63,513230,7716,6305
513240,8648,-342,513250,8220,9978
513260,8263,1154,513270,8418,54
513280,7712,6316,513290,8680,-347
513300,8286,9943,513310,8230,1179
513320,8437,82,513330,7672,6387
513340,8663,-362,513350,8238,9976
513360,8250,1206,513370,8435,63
513380,7719,6492,513390,8659,-276
513400,8221,9904,513410,8219,1181
513420,8451,44,513430,7734,6593
513440,8662,-343,513450,8225,10030
513460,8232,1148,513470,8420,40
513480,7717,6724,513490,8684,-195
513500,8239,9907,513510,8241,1189
513520,8448,56,513530,7732,6775
513540,8663,-194,513550,8295,10056
513560,8266,1220,513570,8460,74
513580,7724,6816,513590,8637,-177
513600,8290,10065,513610,8261,1263
513620,8484,102,513630,7684,6909
513640,8574,-108,513650,8272,9960
513660,8237,1217,513670,8473,137
513680,7695,6979,513690,8584,-102
513700,8283,9914,513710,8230,1254
513720,8451,66,513730,7684,7027
513740,8581,-38,513750,8209,9911
513760,8222,1223,513770,8436,63
513780,7670,7082,513790,8588,-134
513800,8304,9902,513810,8250,1257
513820,8452,67,513830,7693,7125
513840,8602,38,513850,8250,9896
513860,8234,1252,513870,8467,144
513880,7742,7186,513890,8544,24
513900,8314,9896,513910,8254,1289
513920,8441,41,513930,7704,7225
513940,8531,80,513950,8300,9809
513960,8225,1260,513970,8424,51
513980,7680,7280,513990,8440,157
514000,8328,9900,514010,8239,1297
514020,8443,57,514030,7685,7317
514040,8444,287,514050,8325,9827
514060,8244,1343,514070,8461,116
514080,7643,7334,514090,8374,456
514100,8298,9881,514110,8215,1306
514120,8443,73,514130,7698,7425
514140,8286,418,514150,8254,9783
514160,8234,1329,514170,8419,41
514180,7742,7472,514190,8270,510
514200,8272,9777,514210,8227,1321
514220,8451,68,514230,7761,7557
514240,8296,429,514250,8262,9791
514260,8275,1339,514270,8451,82
514280,7734,7679,514290,8321,504
514300,8298,9867,514310,8243,1349
514320,8479,195,514330,7719,7778
514340,8324,554,514350,8281,9924
514360,8273,1329,514370,8433,142
514380,7701,7857,514390,8326,577
514400,8259,9753,514410,8242,1371
514420,8428,77,514430,7679,7866
514440,8284,620,514450,8336,9771
514460,8246,1363,514470,8445,47
514480,7708,7968,514490,8257,726
514500,8371,9681,514510,8249,1445
514520,8465,33,514530,7709,8018
514540,8227,698,514550,8324,9717
514560,8225,1304,514570,8484,189
514580,7746,8075,514590,8368,423
514600,8295,9586,514610,8281,1352
514620,8577,107,514630,7759,8048
514640,8434,365,514650,8363,9544
514660,8222,1283,514670,8474,195
514680,7815,8099,514690,8351,442
514700,8367,9468,514710,8237,1341
514720,8487,51,514730,7742,8162
514740,8311,423,514750,8384,9358
514760,8262,1338,514770,8550,213
514780,7721,8188,514790,8297,455
514800,8388,9454,514810,8238,1448
514820,8426,182,514830,7693,8354
514840,8194,910,514850,8301,9416
514860,8245,1428,514870,8362,91
514880,7658,8372,514890,8331,564
514900,8354,9315,514910,8248,1471
514920,8366,19,514930,7745,8443
514940,8191,922,514950,8327,9165
514960,8266,1434,514970,8393,79
514980,7769,8373,514990,8239,828
515000,8341,9005,515010,8217,1478
515020,8451,148,515030,7758,8407
515040,8238,787,515050,8372,8944
515060,8247,1519,515070,8440,123
515080,7751,8523,515090,8286,884
515100,8382,9019,515110,8229,1540
515120,8417,98,515130,7774,8679
515140,8265,826,515150,8389,8978
515160,8233,1551,515170,8451,114
515180,7753,8676,515190,8307,856
515200,8396,8894,515210,8241,1568
515220,8457,73,515230,7719,8679
515240,8275,818,515250,8427,8800
515260,8260,1572,515270,8478,165
515280,7760,8779,515290,8292,844
515300,8431,8697,515310,8233,1636
515320,8467,186,515330,7785,8787
515340,8304,800,515350,8442,8714
515360,8235,1603,515370,8400,179
515380,7819,8824,515390,8340,820
515400,8382,8601,515410,8244,1661
515420,8406,186,515430,7840,8933
515440,8309,799,515450,8384,8564
515460,8240,1658,515470,8373,184
515480,7853,8957,515490,8274,811
515500,8423,8444,515510,8229,1670
515520,8389,189,515530,7818,8961
515540,8247,827,515550,8444,8384
515560,8225,1653,515570,8371,161
515580,7806,9011,515590,8270,783
515600,8421,8313,515610,8237,1736
515620,8373,109,515630,7855,9004
515640,8301,828,515650,8437,8143
515660,8227,1574,515670,8352,186
515680,7881,9014,515690,8293,837
515700,8431,8101,515710,8221,1604
515720,8360,121,515730,7818,9088
515740,8244,857,515750,8388,7923
515760,8249,1586,515770,8388,106
515780,7813,9051,515790,8283,781
515800,8408,7836,515810,8234,1616
515820,8415,85,515830,7840,9104
515840,8257,747,515850,8422,7754
515860,8228,1635,515870,8437,88
515880,7839,9107,515890,8284,815
515900,8448,7751,515910,8222,1681
515920,8411,88,515930,7843,9204
515940,8299,769,515950,8392,7661
515960,8271,1691,515970,8452,89
515980,7754,9194,515990,8323,812
516000,8449,7576,516010,8241,1731
516020,8424,70,516030,7789,9266
516040,8274,765,516050,8421,7538
516060,8241,1796,516070,8430,59
516080,7794,9272,516090,8257,841
516100,8434,7411,516110,8207,1794
516120,8446,90,516130,7869,9318
516140,8268,705,516150,8432,7360
516160,8229,1836,516170,8413,27
516180,7917,9433,516190,8282,731
516200,8425,7248,516210,8203,1912
516220,8411,26,516230,7911,9468
516240,8269,750,516250,8418,7178
516260,8222,1895,516270,8437,67
516280,7865,9498,516290,8279,686
516300,8421,6998,516310,8223,1977
516320,8460,84,516330,7864,9443
516340,8278,661,516350,8445,7013
516360,8198,1903,516370,8438,132
516380,7871,9499,516390,8314,707
516400,8430,6853,516410,8232,1981
516420,8420,97,516430,7832,9563
516440,8318,743,516450,8426,6811
516460,8232,1969,516470,8415,24
516480,7924,9633,516490,8256,702
516500,8408,6723,516510,8257,2027
516520,8458,-24,516530,7887,9705
516540,8290,787,516550,8428,6605
516560,8231,2035,516570,8457,45
516580,7918,9761,516590,8243,761
516600,8440,6593,516610,8237,2016
516620,8443,15,516630,7909,9805
516640,8274,735,516650,8460,6447
516660,8235,2085,516670,8426,-8
516680,7863,9765,516690,8265,707
516700,8424,6393,516710,8206,2055
516720,8427,-19,516730,7894,9854
516740,8265,665,516750,8400,6232
516760,8191,2063,516770,8463,-5
516780,7886,9821,516790,8270,741
516800,8426,6156,516810,8203,2043
516820,8449,-6,516830,7843,9845
516840,8264,632,516850,8424,6034
516860,8198,2086,516870,8466,19
516880,7861,9848,516890,8270,770
516900,8458,5948,516910,8183,2074
516920,8475,49,516930,7948,9938
516940,8297,738,516950,8454,5826
516960,8234,2182,516970,8469,-24
516980,7902,9991,516990,8252,774
517000,8455,5705,517010,8206,2104
517020,8454,13,517030,7932,9985
517040,8254,747,517050,8438,5613
517060,8244,2138,517070,8443,-25
517080,7897,10023,517090,8269,723
517100,8449,5461,517110,8243,2190
517120,8494,65,517130,7856,9948
517140,8268,729,517150,8482,5435
517160,8249,2294,517170,8452,29
517180,7903,10094,517190,8278,765
517200,8463,5302,517210,8230,2371
517220,8460,-14,517230,7875,10154
517240,8283,758,517250,8455,5171
517260,8201,2241,517270,8457,4
517280,7890,10175,517290,8264,783
517300,8448,5092,517310,8214,2354
517320,8491,-15,517330,7874,10216
517340,8260,759,517350,8467,5023
517360,8214,2326,517370,8500,61
517380,7869,10230,517390,8264,722
517400,8453,4922,517410,8225,2403
517420,8477,-11,517430,7898,10264
517440,8240,740,517450,8437,4794
517460,8221,2407,517470,8450,2
517480,7923,10248,517490,8236,709
517500,8457,4677,517510,8186,2458
517520,8456,-38,517530,7791,10372
517540,8293,849,517550,8433,4561
517560,8161,2600,517570,8495,-33
517580,7851,10182,517590,8301,809
517600,8493,4471,517610,8205,2659
517620,8480,-10,517630,7854,10431
517640,8297,795,517650,8464,4376
517660,8220,2604,517670,8472,-4
517680,7878,10387,517690,8234,772
517700,8458,4231,517710,8168,2672
517720,8471,-21,517730,7877,10369
517740,8281,724,517750,8469,4169
517760,8182,2741,517770,8473,-32
517780,7890,10402,517790,8262,838
517800,8463,4064,517810,8195,2734
517820,8498,40,517830,7877,10424
517840,8283,871,517850,8468,3955
517860,8220,2753,517870,8481,-9
517880,7876,10390,517890,8279,837
517900,8457,3757,517910,8179,2784
517920,8480,-1,517930,7915,10446
517940,8258,779,517950,8492,3731
517960,8204,2814,517970,8486,-77
517980,7935,10375,517990,8294,844
518000,8447,3489,518010,8187,2943
518020,8492,-83,518030,7936,10403
518040,8247,911,518050,8452,3556
518060,8174,2955,518070,8497,-90
518080,7971,10512,518090,8216,834
518100,8478,3358,518110,8189,3019
518120,8523,-67,518130,7934,10529
518140,8281,812,518150,8492,3227
518160,8182,3025,518170,8500,16
518180,7999,10513,518190,8257,850
518200,8492,3102,518210,8201,3201
518220,8479,-39,518230,7953,10558
518240,8250,882,518250,8456,3027
518260,8144,3128,518270,8485,-6
518280,7994,10550,518290,8291,837
518300,8488,2878,518310,8151,3204
518320,8461,-74,518330,7983,10630
518340,8265,838,518350,8465,2651
518360,8156,3207,518370,8510,-15
518380,7997,10524,518390,8251,872
518400,8487,2659,518410,8175,3340
518420,8493,-55,518430,7975,10683
518440,8278,856,518450,8465,2441
518460,8167,3407,518470,8491,-44
518480,7954,10504,518490,8249,878
518500,8485,2377,518510,8175,3515
518520,8464,-77,518530,7952,10571
518540,8244,910,518550,8434,2315
518560,8169,3525,518570,8519,-183
518580,7979,10443,518590,8251,993
518600,8470,2156,518610,8174,3631
518620,8507,-272,518630,8042,10333
518640,8261,907,518650,8450,1994
518660,8226,3692,518670,8590,-461
518680,8059,10283,518690,8266,957
518700,8467,1810,518710,8243,3726
518720,8546,-334,518730,8072,10416
518740,8227,909,518750,8476,1892
518760,8205,3734,518770,8481,-110
518780,8107,10514,518790,8267,939
518800,8478,1680,518810,8136,3820
518820,8496,-73,518830,8092,10480
518840,8291,901,518850,8476,1629
518860,8155,3803,518870,8490,-62
518880,8151,10527,518890,8269,881
518900,8459,1433,518910,8186,3871
518920,8515,-45,518930,8039,10562
518940,8246,884,518950,8483,1369
518960,8146,3949,518970,8520,-253
518980,8100,10511,518990,8280,837
519000,8480,1163,519010,8173,4077
519020,8519,-277,519030,8114,10516
519040,8329,938,519050,8505,1110
519060,8159,4114,519070,8794,-451
519080,8118,10633,519090,8305,925
519100,8499,965,519110,8144,4167
519120,8790,-449,519130,8088,10486
519140,8300,956,519150,8488,837
519160,8079,4127,519170,8712,-498
519180,8121,10451,519190,8255,930
519200,8515,754,519210,8136,4172
519220,8717,-463,519230,8147,10390
519240,8272,953,519250,8485,667
519260,8152,4184,519270,8716,-530
519280,8123,10333,519290,8242,977
519300,8483,533,519310,8182,4218
519320,8745,-498,519330,8144,10405
519340,8249,971,519350,8451,409
519360,8194,4244,519370,8804,-408
519380,8171,10369,519390,8277,990
519400,8505,271,519410,8222,4269
519420,8780,-404,519430,8210,10304
519440,8259,981,519450,8463,192
519460,8234,4358,519470,8762,-303
519480,8207,10316,519490,8267,1036
519500,8489,104,519510,8159,4455
519520,8722,-422,519530,8158,10286
519540,8292,969,519550,8482,78
519560,8145,4480,519570,8675,-470
519580,8189,10278,519590,8239,964
519600,8493,73,519610,8032,4567
519620,8707,-431,519630,8195,10356
519640,8251,917,519650,8470,78
519660,7952,4687,519670,8682,-416
519680,8182,10363,519690,8256,973
519700,8464,47,519710,7861,4723
519720,8705,-413,519730,8191,10364
519740,8277,945,519750,8464,71
519760,7769,4796,519770,8713,-413
519780,8218,10464,519790,8277,968
519800,8428,21,519810,7760,4856
519820,8741,-280,519830,8184,10352
519840,8260,952,519850,8449,95
519860,7747,4874,519870,8637,-296
519880,8227,10301,519890,8276,1009
519900,8460,55,519910,7753,4884
519920,8730,-337,519930,8179,10195
519940,8262,993,519950,8471,43
519960,7707,4893,519970,8640,-372
519980,8186,10198,519990,8220,993
520000,8450,46,520010,7751,4960
520020,8676,-371,520030,8218,10222
520040,8264,911,520050,8451,47
520060,7764,5021,520070,8641,-347
520080,8212,10194,520090,8252,874
520100,8434,57,520110,7759,5102
520120,8647,-343,520130,8226,10218
520140,8280,981,520150,8453,80
520160,7756,5227,520170,8691,-328
520180,8247,10260,520190,8286,998
520200,8476,62,520210,7764,5310
520220,8700,-352,520230,8214,10313
520240,8301,975,520250,8439,33
520260,7774,5387,520270,8654,-284
520280,8198,10220,520290,8291,1000
520300,8466,86,520310,7759,5388
520320,8648,-162,520330,8219,10209
520340,8259,972,520350,8436,68
520360,7764,5439,520370,8670,-313
520380,8241,10167,520390,8253,969
520400,8458,60,520410,7719,5479
520420,8597,-329,520430,8262,10215
520440,8242,946,520450,8422,58
520460,7772,5553,520470,8618,-359
520480,8231,10152,520490,8317,1028
520500,8457,29,520510,7762,5557
520520,8662,-260,520530,8227,10178
520540,8264,965,520550,8462,49
520560,7783,5639,520570,8680,-297
520580,8274,10151,520590,8263,1041
520600,8456,21,520610,7751,5729
520620,8665,-282,520630,8284,10081
520640,8274,956,520650,8479,103
520660,7748,5736,520670,8652,-312
520680,8232,10171,520690,8275,960
520700,8462,50,520710,7705,5795
520720,8618,-224,520730,8214,10073
520740,8231,957,520750,8446,99
520760,7674,5845,520770,8643,-288
520780,8219,10110,520790,8242,1058
520800,8442,60,520810,7711,5947
520820,8640,-317,520830,8205,10076
520840,8276,1089,520850,8452,108
520860,7715,5989,520870,8595,-254
520880,8227,10084,520890,8246,1001
520900,8416,84,520910,7727,6096
520920,8652,-351,520930,8225,10133
520940,8260,1010,520950,8445,118
520960,7748,6122,520970,8615,-270
520980,8252,10060,520990,8229,1023
521000,8431,77,521010,7761,6219
521020,8585,-311,521030,8262,10063
521040,8242,1038,521050,8438,86
521060,7745,6235,521070,8646,-307
521080,8231,10017,521090,8213,1040
521100,8463,103,521110,7743,6312
521120,8618,-392,521130,8233,10061
521140,8250,1009,521150,8426,45
521160,7715,6417,521170,8676,-235
521180,8303,10016,521190,8240,1113
521200,8454,84,521210,7722,6404
521220,8658,-311,521230,8240,10077
521240,8278,1135,521250,8445,56
521260,7725,6608,521270,8677,-379
521280,8208,9963,521290,8210,1092
521300,8459,78,521310,7714,6540
521320,8670,-332,521330,8242,10017
521340,8239,1054,521350,8464,121
521360,7731,6734,521370,8692,-266
521380,8262,9977,521390,8267,1129
521400,8442,28,521410,7729,6760
521420,8700,-280,521430,8240,10081
521440,8240,1104,521450,8455,85
521460,7784,6823,521470,8651,-359
521480,8269,10036,521490,8252,1180
521500,8472,74,521510,7696,6998
521520,8634,-220,521530,8272,9941
521540,8236,1253,521550,8455,113
521560,7670,6962,521570,8625,-152
521580,8326,9905,521590,8229,1215
521600,8446,130,521610,7699,7007
521620,8640,-217,521630,8249,9886
521640,8257,1194,521650,8455,118
521660,7646,6960,521670,8673,-225
521680,8291,9907,521690,8229,1154
521700,8432,78,521710,7667,7075
521720,8645,-162,521730,8175,9790
521740,8244,1233,521750,8410,43
521760,7678,7232,521770,8525,-13
521780,8298,9874,521790,8218,1237
521800,8437,67,521810,7700,7366
521820,8580,-191,521830,8229,9834
521840,8260,1176,521850,8450,45
521860,7691,7323,521870,8560,-217
521880,8339,9674,521890,8250,1218
521900,8470,125,521910,7671,7363
521920,8545,-109,521930,8290,9719
521940,8258,1246,521950,8447,70
521960,7632,7438,521970,8601,-68
521980,8318,9647,521990,8239,1244
LED1 Timestamp (ms),LED1_PD1,LED1_PD2,LED2 Timestamp (ms),LED2_PD1,LED2_PD2
529500,8587,-172,529510,8276,9786
529520,8252,1252,529530,8478,105
529540,7748,7328,529550,8582,-198
529560,8311,9736,529570,8262,1231
529580,8464,82,529590,7799,7395
529600,8567,-282,529610,8253,9775
529620,8281,1235,529630,8447,89
529640,7740,7444,529650,8599,-112
529660,8240,9705,529670,8269,1283
529680,8445,135,529690,7716,7496
529700,8505,90,529710,8246,9913
529720,8290,1336,529730,8419,33
529740,7739,7587,529750,8451,319
529760,8272,9881,529770,8244,1377
529780,8420,128,529790,7715,7662
529800,8398,287,529810,8305,9893
529820,8237,1304,529830,8447,109
529840,7709,7769,529850,8446,282
529860,8343,9777,529870,8234,1432
529880,8464,171,529890,7711,7782
529900,8429,361,529910,8237,9759
529920,8269,1373,529930,8405,77
529940,7727,7941,529950,8365,514
529960,8312,9726,529970,8296,1443
529980,8520,188,529990,7746,7926
530000,8300,657,530010,8277,9699
530020,8249,1387,530030,8497,189
530040,7802,8026,530050,8502,238
530060,8322,9537,530070,8207,1301
530080,8584,154,530090,7748,8021
530100,8419,238,530110,8360,9384
530120,8216,1292,530130,8516,187
530140,7647,8006,530150,8430,290
530160,8355,9376,530170,8290,1355
530180,8439,191,530190,7635,8045
530200,8410,457,530210,8347,9320
530220,8270,1330,530230,8428,120
530240,7671,8066,530250,8337,500
530260,8348,9277,530270,8249,1341
530280,8354,135,530290,7745,8173
530300,8290,614,530310,8331,9157
530320,8252,1415,530330,8428,113
530340,7740,8236,530350,8226,602
530360,8375,9121,530370,8210,1367
530380,8413,82,530390,7743,8326
530400,8228,581,530410,8379,9101
530420,8253,1394,530430,8420,115
530440,7725,8361,530450,8228,677
530460,8365,9021,530470,8209,1370
530480,8420,82,530490,7710,8509
530500,8228,626,530510,8332,8979
530520,8264,1395,530530,8428,16
530540,7732,8562,530550,8194,799
530560,8384,8847,530570,8227,1431
530580,8481,78,530590,7713,8594
530600,8165,792,530610,8413,8777
530620,8228,1442,530630,8447,103
530640,7707,8664,530650,8192,776
530660,8398,8651,530670,8233,1460
530680,8448,162,530690,7724,8694
530700,8218,863,530710,8410,8522
530720,8241,1449,530730,8431,265
530740,7780,8785,530750,8226,870
530760,8378,8504,530770,8256,1507
530780,8407,184,530790,7812,8791
530800,8216,909,530810,8422,8367
530820,8210,1467,530830,8371,169
530840,7854,8824,530850,8193,875
530860,8450,8208,530870,8236,1552
530880,8414,169,530890,7781,8791
530900,8238,849,530910,8434,8161
530920,8198,1516,530930,8372,128
530940,7813,8854,530950,8208,898
530960,8413,8046,530970,8262,1551
530980,8384,62,530990,7817,8928
531000,8283,946,531010,8393,7969
531020,8242,1586,531030,8379,123
531040,7767,8975,531050,8270,911
531060,8422,7903,531070,8234,1677
531080,8408,123,531090,7769,9057
531100,8309,915,531110,8431,7826
531120,8216,1748,531130,8435,101
531140,7753,9067,531150,8291,860
531160,8456,7786,531170,8197,1701
531180,8451,72,531190,7791,9163
531200,8223,814,531210,8398,7673
531220,8243,1801,531230,8428,14
531240,7844,9155,531250,8241,786
531260,8426,7547,531270,8215,1809
531280,8407,37,531290,7865,9205
531300,8271,850,531310,8389,7464
531320,8248,1834,531330,8461,83
531340,7775,9256,531350,8281,928
531360,8431,7426,531370,8214,1846
531380,8458,149,531390,7813,9287
531400,8249,843,531410,8419,7342
531420,8217,1847,531430,8428,89
531440,7815,9243,531450,8271,843
531460,8422,7245,531470,8215,1915
531480,8411,113,531490,7812,9354
531500,8344,773,531510,8414,7247
531520,8230,1829,531530,8383,34
531540,7859,9491,531550,8334,865
531560,8381,7022,531570,8198,1870
531580,8433,25,531590,7845,9464
531600,8272,838,531610,8450,6971
531620,8207,1832,531630,8449,64
531640,7880,9483,531650,8254,807
531660,8430,6860,531670,8218,1918
531680,8466,76,531690,7865,9427
531700,8291,793,531710,8432,6808
531720,8211,1918,531730,8446,87
531740,7925,9502,531750,8315,829
531760,8435,6629,531770,8241,1988
531780,8436,26,531790,7929,9549
531800,8265,890,531810,8419,6535
531820,8234,2010,531830,8460,59
531840,7873,9567,531850,8292,865
531860,8443,6467,531870,8235,2156
531880,8461,3,531890,7891,9546
531900,8282,848,531910,8444,6357
531920,8184,2133,531930,8463,23
531940,7889,9571,531950,8238,778
531960,8478,6287,531970,8186,2107
531980,8451,-1,531990,7939,9613
532000,8247,774,532010,8441,6141
532020,8196,2103,532030,8484,31
532040,7970,9686,532050,8286,812
532060,8442,6022,532070,8195,2253
532080,8474,16,532090,7945,9864
532100,8279,795,532110,8420,5994
532120,8205,2313,532130,8461,64
532140,7918,9828,532150,8226,895
532160,8456,5872,532170,8193,2213
532180,8451,38,532190,7874,9737
532200,8253,826,532210,8434,5651
532220,8241,2275,532230,8432,-13
532240,7952,9752,532250,8263,875
532260,8444,5513,532270,8202,2329
532280,8433,-1,532290,7987,9772
532300,8316,788,532310,8409,5533
532320,8223,2380,532330,8477,8
532340,7915,9839,532350,8314,812
532360,8461,5325,532370,8220,2307
532380,8472,30,532390,7892,9751
532400,8275,802,532410,8474,5356
532420,8213,2345,532430,8465,24
532440,7949,9843,532450,8218,861
532460,8457,5180,532470,8223,2440
532480,8484,39,532490,7963,9928
532500,8269,853,532510,8482,5106
532520,8232,2450,532530,8469,19
532540,8000,10052,532550,8278,848
532560,8476,5031,532570,8210,2691
532580,8491,-12,532590,7921,10102
532600,8248,806,532610,8452,4883
532620,8178,2522,532630,8475,5
532640,7909,10161,532650,8261,838
532660,8462,4743,532670,8205,2611
532680,8473,19,532690,7856,10075
532700,8259,804,532710,8455,4574
532720,8206,2582,532730,8448,68
532740,7943,10044,532750,8250,872
532760,8464,4465,532770,8190,2793
532780,8442,10,532790,7968,10177
532800,8322,833,532810,8490,4355
532820,8174,2788,532830,8468,36
532840,7959,10242,532850,8304,873
532860,8508,4320,532870,8214,2885
532880,8484,29,532890,7928,10282
532900,8268,857,532910,8457,4113
532920,8191,2883,532930,8447,11
532940,7926,10161,532950,8284,878
532960,8485,4033,532970,8186,2805
532980,8457,-20,532990,7908,10306
533000,8293,813,533010,8439,3884
533020,8205,2854,533030,8469,-11
533040,7911,10204,533050,8273,905
533060,8493,3751,533070,8181,2879
533080,8472,1,533090,7946,10324
533100,8215,893,533110,8481,3653
533120,8195,2946,533130,8523,-49
533140,7914,10365,533150,8238,869
533160,8493,3560,533170,8222,3018
533180,8491,-33,533190,7942,10416
533200,8282,802,533210,8477,3469
533220,8246,3062,533230,8461,4
533240,7948,10463,533250,8284,859
533260,8461,3339,533270,8180,3073
533280,8469,-59,533290,8026,10467
533300,8297,820,533310,8457,3303
533320,8176,3136,533330,8456,-58
533340,8061,10515,533350,8312,912
533360,8454,3115,533370,8157,3290
533380,8521,-27,533390,7982,10559
533400,8256,871,533410,8494,3115
533420,8195,3291,533430,8509,12
533440,7947,10571,533450,8252,835
533460,8459,2941,533470,8202,3273
533480,8500,30,533490,7884,10540
533500,8296,842,533510,8488,2767
533520,8209,3289,533530,8450,10
533540,7966,10580,533550,8315,885
533560,8474,2667,533570,8196,3429
533580,8495,-1,533590,7989,10481
533600,8317,1014,533610,8484,2535
533620,8163,3529,533630,8495,-65
533640,7977,10512,533650,8226,922
533660,8489,2362,533670,8189,3548
533680,8471,-94,533690,7922,10555
533700,8243,976,533710,8458,2234
533720,8170,3498,533730,8484,0
533740,7956,10423,533750,8231,970
533760,8476,2188,533770,8285,3674
533780,8478,-80,533790,8029,10339
533800,8222,951,533810,8452,2004
533820,8277,3582,533830,8520,-1
533840,8082,10398,533850,8221,907
533860,8498,1930,533870,8236,3662
533880,8525,-54,533890,8147,10462
533900,8283,867,533910,8451,1786
533920,8186,3710,533930,8512,-74
533940,8087,10472,533950,8296,910
533960,8475,1732,533970,8171,3710
533980,8490,-97,533990,8058,10450
534000,8294,884,534010,8461,1575
534020,8188,3833,534030,8482,-164
534040,8066,10388,534050,8264,989
534060,8492,1481,534070,8183,3879
534080,8524,-58,534090,8097,10431
534100,8259,847,534110,8493,1356
534120,8198,3948,534130,8504,-143
534140,8155,10415,534150,8264,909
534160,8478,1175,534170,8168,4018
534180,8498,-266,534190,8138,10515
534200,8271,898,534210,8486,1111
534220,8147,4055,534230,8658,-476
534240,8036,10518,534250,8256,980
534260,8454,948,534270,8131,4138
534280,8913,-500,534290,8051,10412
534300,8260,947,534310,8474,910
534320,8131,4142,534330,8824,-521
534340,8166,10374,534350,8223,882
534360,8457,808,534370,8117,4142
534380,8648,-512,534390,8146,10399
534400,8242,877,534410,8489,737
534420,8134,4079,534430,8747,-542
534440,8161,10359,534450,8256,901
534460,8486,541,534470,8189,4148
534480,8797,-516,534490,8129,10418
534500,8280,1014,534510,8466,454
534520,8198,4195,534530,8761,-481
534540,8127,10393,534550,8279,926
534560,8469,338,534570,8180,4188
534580,8751,-557,534590,8143,10342
534600,8281,915,534610,8463,195
534620,8179,4297,534630,8798,-510
534640,8179,10308,534650,8232,926
534660,8492,161,534670,8174,4354
534680,8817,-530,534690,8202,10315
534700,8266,938,534710,8470,100
534720,8175,4452,534730,8803,-441
534740,8176,10282,534750,8245,902
534760,8475,102,534770,8174,4427
534780,8721,-498,534790,8185,10443
534800,8322,867,534810,8455,59
534820,8061,4629,534830,8720,-512
534840,8176,10300,534850,8315,985
534860,8487,82,534870,7907,4651
534880,8775,-565,534890,8208,10247
534900,8294,928,534910,8474,65
534920,7755,4689,534930,8774,-505
534940,8222,10231,534950,8259,925
534960,8477,72,534970,7711,4662
534980,8747,-353,534990,8199,10242
535000,8255,864,535010,8444,82
535020,7720,4773,535030,8719,-448
535040,8208,10313,535050,8266,969
535060,8425,41,535070,7720,4888
535080,8719,-403,535090,8225,10321
535100,8263,968,535110,8455,68
535120,7758,4994,535130,8758,-432
535140,8228,10259,535150,8276,1049
535160,8427,12,535170,7685,5055
535180,8762,-402,535190,8217,10189
535200,8252,956,535210,8476,68
535220,7661,5089,535230,8717,-268
535240,8259,10237,535250,8261,986
535260,8452,49,535270,7764,5157
535280,8636,-291,535290,8216,10151
535300,8299,1031,535310,8464,46
535320,7759,5168,535330,8666,-393
535340,8199,10148,535350,8287,975
535360,8469,45,535370,7706,5254
535380,8662,-364,535390,8201,10108
535400,8270,1034,535410,8469,49
535420,7687,5309,535430,8717,-286
535440,8279,10110,535450,8254,998
535460,8469,69,535470,7651,5344
535480,8728,-275,535490,8267,10115
535500,8256,975,535510,8432,7
535520,7703,5328,535530,8623,-175
535540,8200,10089,535550,8280,1022
535560,8459,38,535570,7745,5469
535580,8578,-212,535590,8170,10135
535600,8265,1019,535610,8424,34
535620,7767,5544,535630,8636,-337
535640,8248,10033,535650,8229,1012
535660,8475,33,535670,7710,5506
535680,8617,-230,535690,8268,10043
535700,8238,1033,535710,8461,48
535720,7663,5662,535730,8664,-155
535740,8267,10039,535750,8232,1101
535760,8480,21,535770,7706,5675
535780,8576,-178,535790,8259,10016
535800,8221,943,535810,8436,35
535820,7779,5692,535830,8516,-232
535840,8223,10091,535850,8290,1058
535860,8471,32,535870,7739,5857
535880,8535,-192,535890,8227,10116
535900,8257,1008,535910,8453,79
535920,7679,5871,535930,8604,-262
535940,8221,9989,535950,8275,1028
535960,8451,39,535970,7672,5900
535980,8660,-118,535990,8253,10047
536000,8225,1005,536010,8450,93
536020,7732,5966,536030,8582,-67
536040,8231,10036,536050,8244,1005
536060,8417,52,536070,7759,6036
536080,8563,-127,536090,8247,9961
536100,8283,1041,536110,8468,88
536120,7790,6159,536130,8572,-213
536140,8258,10031,536150,8253,1040
536160,8443,63,536170,7751,6284
536180,8569,-229,536190,8268,10064
536200,8254,1114,536210,8460,89
536220,7650,6264,536230,8621,-142
536240,8287,9976,536250,8227,1111
536260,8437,17,536270,7695,6253
536280,8538,-201,536290,8306,9939
536300,8299,1115,536310,8428,20
536320,7731,6293,536330,8540,-146
536340,8226,9933,536350,8247,1140
536360,8445,82,536370,7758,6416
536380,8510,-266,536390,8245,9927
536400,8277,1175,536410,8435,60
536420,7751,6477,536430,8595,-162
536440,8243,9894,536450,8238,1184
536460,8468,104,536470,7707,6536
536480,8619,-184,536490,8273,9990
536500,8255,1140,536510,8427,26
536520,7752,6613,536530,8581,-133
536540,8341,9899,536550,8225,1195
536560,8448,27,536570,7792,6666
536580,8564,-58,536590,8298,9996
536600,8229,1190,536610,8480,73
536620,7822,6747,536630,8491,-126
536640,8221,9975,536650,8238,1272
536660,8496,101,536670,7790,6788
536680,8532,-252,536690,8259,10037
536700,8224,1080,536710,8444,86
536720,7706,6776,536730,8590,-261
536740,8289,9913,536750,8251,1147
536760,8463,35,536770,7689,6748
536780,8619,-139,536790,8280,9821
536800,8235,1156,536810,8438,81
536820,7763,6796,536830,8529,-148
536840,8289,9825,536850,8272,1257
536860,8452,97,536870,7766,6815
536880,8568,-192,536890,8279,9676
536900,8225,1193,536910,8453,84
536920,7762,6871,536930,8530,4
536940,8264,9715,536950,8229,1304
536960,8402,75,536970,7753,7046
536980,8533,76,536990,8251,9841
537000,8234,1270,537010,8433,90
537020,7699,7129,537030,8514,245
537040,8294,9889,537050,8264,1287
537060,8444,50,537070,7764,7244
537080,8433,360,537090,8306,9857
537100,8282,1313,537110,8472,83
537120,7783,7300,537130,8376,393
537140,8329,9912,537150,8221,1331
537160,8432,49,537170,7766,7392
537180,8346,342,537190,8282,9838
537200,8228,1333,537210,8431,79
537220,7707,7434,537230,8435,299
537240,8314,9886,537250,8243,1289
537260,8426,79,537270,7678,7512
537280,8362,436,537290,8237,9980
537300,8252,1329,537310,8442,111
537320,7662,7528,537330,8295,528
537340,8252,9832,537350,8249,1332
537360,8463,116,537370,7750,7579
537380,8293,472,537390,8295,9847
537400,8245,1315,537410,8421,26
537420,7789,7698,537430,8252,443
537440,8250,9860,537450,8251,1358
537460,8445,155,537470,7757,7767
537480,8312,406,537490,8338,9934
537500,8263,1338,537510,8439,198
537520,7728,7790,537530,8408,438
537540,8302,9820,537550,8249,1361
537560,8461,144,537570,7730,7803
537580,8323,575,537590,8344,9741
537600,8250,1345,537610,8406,50
537620,7769,7905,537630,8277,616
537640,8293,9718,537650,8245,1396
537660,8439,11,537670,7777,7926
537680,8426,435,537690,8315,9629
537700,8241,1285,537710,8485,193
537720,7730,7973,537730,8464,66
537740,8304,9645,537750,8259,1339
537760,8464,106,537770,7665,7944
537780,8570,134,537790,8279,9656
537800,8248,1275,537810,8413,161
537820,7664,8006,537830,8417,441
537840,8286,9626,537850,8304,1319
537860,8465,136,537870,7706,8010
537880,8419,371,537890,8304,9373
537900,8259,1369,537910,8425,199
537920,7766,8024,537930,8183,910
537940,8382,9354,537950,8235,1396
537960,8498,164,537970,7817,8137
537980,8328,431,537990,8353,9244
538000,8236,1351,538010,8470,226
538020,7714,8115,538030,8293,428
538040,8364,9312,538050,8245,1275
538060,8425,181,538070,7727,8251
538080,8290,598,538090,8260,9303
538100,8279,1456,538110,8357,63
538120,7771,8322,538130,8204,889
538140,8313,9223,538150,8260,1432
538160,8411,95,538170,7746,8378
538180,8206,823,538190,8366,9200
538200,8258,1506,538210,8431,96
538220,7752,8458,538230,8133,901
538240,8402,9083,538250,8194,1475
538260,8388,96,538270,7650,8460
538280,8234,850,538290,8390,9190
538300,8283,1470,538310,8401,101
538320,7627,8511,538330,8275,808
538340,8308,9038,538350,8240,1488
538360,8433,116,538370,7728,8567
538380,8295,834,538390,8395,8938
538400,8256,1401,538410,8451,15
538420,7746,8598,538430,8238,883
538440,8388,8790,538450,8241,1569
538460,8499,185,538470,7750,8512
538480,8263,851,538490,8442,8732
538500,8212,1523,538510,8431,207
538520,7744,8541,538530,8270,738
538540,8400,8605,538550,8223,1559
538560,8414,159,538570,7773,8654
538580,8318,800,538590,8374,8707
538600,8244,1550,538610,8406,238
538620,7776,8770,538630,8333,803
538640,8359,8667,538650,8270,1612
538660,8421,185,538670,7787,8860
538680,8282,905,538690,8385,8621
538700,8245,1578,538710,8419,214
538720,7746,8881,538730,8178,829
538740,8394,8574,538750,8214,1545
538760,8436,286,538770,7635,8859
538780,8212,918,538790,8430,8502
538800,8236,1560,538810,8390,300
538820,7740,8884,538830,8254,953
538840,8418,8432,538850,8254,1576
538860,8325,187,538870,7812,9074
538880,8289,835,538890,8351,8379
538900,8255,1657,538910,8409,174
538920,7791,9067,538930,8261,939
538940,8434,8289,538950,8222,1572
538960,8413,135,538970,7796,9126
538980,8261,967,538990,8399,8186
539000,8236,1594,539010,8396,95
539020,7750,9165,539030,8207,965
539040,8431,8174,539050,8206,1615
539060,8369,159,539070,7814,9217
539080,8276,775,539090,8405,8248
539100,8242,1705,539110,8334,99
539120,7838,9312,539130,8308,821
539140,8393,8058,539150,8231,1707
539160,8439,75,539170,7835,9328
539180,8295,846,539190,8402,8117
539200,8228,1639,539210,8433,99
539220,7771,9394,539230,8263,857
539240,8396,8039,539250,8211,1685
539260,8445,50,539270,7677,9412
539280,8263,906,539290,8436,7957
539300,8236,1665,539310,8432,105
539320,7828,9449,539330,8277,880
539340,8443,7901,539350,8251,1701
539360,8434,98,539370,7790,9459
539380,8300,850,539390,8456,7804
539400,8229,1670,539410,8409,36
539420,7850,9562,539430,8321,842
539440,8394,7662,539450,8245,1751
539460,8467,28,539470,7770,9443
539480,8278,885,539490,8445,7613
539500,8217,1757,539510,8492,134
539520,7838,9454,539530,8233,847
539540,8448,7538,539550,8231,1786
539560,8425,52,539570,7841,9502
539580,8315,823,539590,8420,7458
539600,8223,1763,539610,8427,80
539620,7908,9526,539630,8328,711
539640,8429,7441,539650,8230,1782
539660,8421,86,539670,7924,9698
539680,8304,859,539690,8415,7320
539700,8229,1904,539710,8425,87
539720,7896,9587,539730,8298,861
539740,8435,7233,539750,8221,1896
539760,8472,86,539770,7839,9697
539780,8241,845,539790,8397,7144
539800,8204,1947,539810,8459,87
539820,7791,9555,539830,8254,886
539840,8430,7135,539850,8188,1883
539860,8399,33,539870,7933,9638
539880,8321,746,539890,8408,7041
539900,8255,1912,539910,8414,-4
539920,7920,9739,539930,8299,747
539940,8422,7000,539950,8213,1946
539960,8478,101,539970,7899,9789
539980,8303,778,539990,8441,6961
540000,8226,1960,540010,8439,43
540020,7877,9809,540030,8279,826
540040,8423,6742,540050,8207,2000
540060,8460,56,540070,7891,9819
540080,8250,800,540090,8481,6777
540100,8223,1967,540110,8444,22
540120,7916,9833,540130,8274,833
540140,8444,6647,540150,8221,2071
540160,8439,-11,540170,7941,9926
540180,8246,824,540190,8431,6663
540200,8210,2152,540210,8443,-4
540220,7989,10070,540230,8291,808
540240,8447,6485,540250,8221,2200
540260,8519,56,540270,7862,9965
540280,8247,882,540290,8475,6526
540300,8181,2110,540310,8465,61
540320,7852,9967,540330,8216,799
540340,8463,6386,540350,8195,2225
540360,8461,3,540370,7964,9909
540380,8289,736,540390,8444,6295
540400,8184,2185,540410,8476,89
540420,7992,9940,540430,8277,756
540440,8437,6243,540450,8216,2245
540460,8461,-11,540470,7929,10047
540480,8290,849,540490,8431,6150
540500,8164,2246,540510,8468,40
540520,7882,10036,540530,8254,819
540540,8447,6000,540550,8182,2264
540560,8480,13,540570,7884,10051
540580,8235,830,540590,8432,5837
540600,8222,2324,540610,8456,18
540620,7966,9992,540630,8295,765
540640,8485,5827,540650,8233,2487
540660,8425,9,540670,8046,10059
540680,8266,772,540690,8405,5696
540700,8196,2405,540710,8467,34
540720,7960,10081,540730,8284,821
540740,8438,5580,540750,8206,2389
540760,8479,24,540770,7862,10066
540780,8304,836,540790,8461,5503
540800,8225,2503,540810,8479,19
540820,7888,10080,540830,8239,898
540840,8443,5379,540850,8189,2533
540860,8477,38,540870,7897,10052
540880,8221,800,540890,8449,5340
540900,8217,2450,540910,8455,37
540920,7947,10095,540930,8322,855
540940,8450,5214,540950,8219,2470
540960,8481,-28,540970,7974,10094
540980,8289,806,540990,8444,5141
541000,8196,2518,541010,8442,-17
541020,7940,10195,541030,8288,863
541040,8431,5016,541050,8186,2553
541060,8479,48,541070,7876,10168
541080,8208,779,541090,8463,4922
541100,8216,2592,541110,8436,1
541120,7885,10142,541130,8243,839
541140,8458,4834,541150,8217,2702
541160,8450,-28,541170,7982,10132
541180,8288,783,541190,8444,4761
541200,8196,2768,541210,8463,1
541220,8012,10140,541230,8317,731
541240,8467,4617,541250,8217,2836
541260,8466,-18,541270,7953,10024
541280,8328,780,541290,8460,4437
541300,8195,2819,541310,8478,5
541320,7885,10020,541330,8247,800
541340,8446,4355,541350,8183,2847
541360,8460,75,541370,7909,10177
541380,8248,832,541390,8499,4344
541400,8203,2952,541410,8471,28
541420,8048,10210,541430,8250,779
541440,8467,4249,541450,8177,2940
541460,8449,2,541470,7997,10309
541480,8320,767,541490,8461,4177
541500,8164,2975,541510,8477,-35
541520,7944,10344,541530,8235,913
541540,8512,4093,541550,8188,2982
541560,8469,-47,541570,7967,10347
541580,8285,831,541590,8472,4092
541600,8226,2971,541610,8489,-15
541620,7913,10272,541630,8244,857
541640,8480,3917,541650,8186,2998
541660,8474,-8,541670,7934,10394
541680,8285,966,541690,8454,3800
541700,8247,3072,541710,8457,31
541720,7958,10446,541730,8256,887
541740,8477,3798,541750,8196,2999
541760,8475,1,541770,7977,10487
541780,8260,838,541790,8443,3634
541800,8207,2950,541810,8491,-41
541820,7928,10530,541830,8259,903
541840,8464,3528,541850,8209,3062
541860,8521,49,541870,7919,10539
541880,8271,806,541890,8479,3507
541900,8225,3096,541910,8459,-57
541920,7947,10503,541930,8256,839
541940,8446,3287,541950,8183,3129
541960,8500,-30,541970,7962,10498
541980,8262,819,541990,8451,3267
542000,8179,3134,542010,8483,-5
542020,8012,10684,542030,8307,895
542040,8457,3138,542050,8194,3261
542060,8499,-9,542070,8003,10637
542080,8258,876,542090,8452,3069
542100,8166,3226,542110,8507,-5
542120,7961,10598,542130,8275,792
542140,8485,3083,542150,8222,3367
542160,8484,-51,542170,7930,10632
542180,8275,877,542190,8476,2940
542200,8194,3439,542210,8491,-26
542220,7949,10491,542230,8224,879
542240,8463,2804,542250,8155,3429
542260,8484,-146,542270,7976,10619
542280,8219,902,542290,8462,2709
542300,8184,3503,542310,8538,-52
542320,7978,10680,542330,8210,920
542340,8488,2691,542350,8201,3652
542360,8490,-125,542370,7936,10719
542380,8242,913,542390,8452,2578
542400,8165,3514,542410,8497,-101
542420,7980,10505,542430,8261,965
542440,8465,2447,542450,8205,3708
542460,8513,-251,542470,8064,10532
542480,8242,903,542490,8437,2446
542500,8170,3735,542510,8491,-117
542520,8122,10557,542530,8230,963
542540,8497,2281,542550,8157,3607
542560,8496,-79,542570,8072,10625
542580,8209,866,542590,8503,2224
542600,8199,3720,542610,8510,-97
542620,8075,10683,542630,8226,940
542640,8467,2043,542650,8188,3665
542660,8532,-21,542670,8041,10609
542680,8280,886,542690,8475,1988
542700,8218,3676,542710,8465,-118
542720,8060,10495,542730,8283,896
542740,8472,1848,542750,8221,3777
542760,8516,-59,542770,8165,10526
542780,8275,897,542790,8473,1816
542800,8151,3801,542810,8478,-188
542820,8166,10620,542830,8268,964
542840,8495,1736,542850,8193,3900
542860,8540,-207,542870,8096,10593
542880,8250,970,542890,8475,1642
542900,8184,3912,542910,8567,-523
542920,8080,10700,542930,8306,832
542940,8471,1566,542950,8191,3949
542960,8532,-87,542970,8071,10576
542980,8259,839,542990,8471,1532
543000,8181,3940,543010,8508,-119
543020,8148,10603,543030,8258,887
543040,8462,1302,543050,8111,4015
543060,8521,-320,543070,8141,10551
543080,8273,907,543090,8491,1276
543100,8122,4038,543110,8540,-284
543120,8127,10567,543130,8281,927
543140,8472,1193,543150,8144,4171
543160,8641,-450,543170,8092,10605
543180,8254,968,543190,8466,1051
543200,8117,4118,543210,8745,-473
543220,8088,10456,543230,8256,975
543240,8482,1072,543250,8131,4166
543260,8565,-503,543270,8159,10498
543280,8244,851,543290,8460,875
543300,8106,4171,543310,8660,-583
543320,8156,10442,543330,8294,907
543340,8499,783,543350,8092,4158
543360,8790,-506,543370,8200,10566
543380,8262,875,543390,8484,663
543400,8177,4196,543410,8731,-480
543420,8161,10472,543430,8239,953
543440,8483,539,543450,8191,4189
543460,8786,-459,543470,8162,10438
543480,8280,906,543490,8468,466
543500,8221,4255,543510,8781,-505
543520,8159,10366,543530,8253,967
543540,8473,340,543550,8155,4289
543560,8839,-387,543570,8198,10382
543580,8280,884,543590,8500,273
543600,8202,4391,543610,8839,-330
543620,8244,10412,543630,8291,1028
543640,8466,231,543650,8196,4508
543660,8780,-318,543670,8219,10471
543680,8250,959,543690,8483,183
543700,8210,4562,543710,8658,-408
543720,8149,10483,543730,8243,909
543740,8469,110,543750,8118,4650
543760,8650,-462,543770,8168,10405
543780,8270,860,543790,8500,91
543800,8004,4706,543810,8675,-549
543820,8272,10404,543830,8259,964
543840,8490,87,543850,7914,4764
543860,8719,-445,543870,8249,10399
543880,8290,892,543890,8485,55
543900,7829,4744,543910,8682,-383
543920,8189,10456,543930,8269,879
543940,8478,63,543950,7820,4801
543960,8645,-469,543970,8170,10460
543980,8279,917,543990,8450,57
544000,7799,4827,544010,8711,-378
544020,8198,10331,544030,8222,893
544040,8469,52,544050,7782,4877
544060,8771,-395,544070,8225,10349
544080,8315,863,544090,8448,17
544100,7655,4889,544110,8764,-334
544120,8233,10285,544130,8273,957
544140,8499,65,544150,7730,4900
544160,8730,-291,544170,8208,10321
544180,8315,932,544190,8435,58
544200,7750,4995,544210,8672,-269
544220,8173,10298,544230,8267,981
544240,8458,66,544250,7787,5028
544260,8636,-340,544270,8195,10377
544280,8245,981,544290,8428,19
544300,7805,5092,544310,8691,-388
544320,8216,10226,544330,8257,998
544340,8475,26,544350,7710,5130
544360,8721,-360,544370,8264,10301
544380,8273,912,544390,8460,51
544400,7741,5182,544410,8684,-313
544420,8214,10326,544430,8239,1072
544440,8458,56,544450,7758,5225
544460,8635,-277,544470,8217,10353
544480,8253,936,544490,8454,121
544500,7803,5289,544510,8636,-379
544520,8179,10387,544530,8266,1003
544540,8418,39,544550,7790,5348
544560,8644,-360,544570,8196,10225
544580,8267,980,544590,8452,79
544600,7718,5367,544610,8704,-309
544620,8237,10279,544630,8286,1046
544640,8453,61,544650,7650,5416
544660,8707,-254,544670,8256,10269
544680,8292,964,544690,8457,88
544700,7751,5391,544710,8619,-217
544720,8224,10290,544730,8274,1035
544740,8423,35,544750,7780,5454
544760,8541,-343,544770,8158,10155
544780,8275,998,544790,8436,55
544800,7797,5445,544810,8538,-360
544820,8200,9997,544830,8243,923
544840,8432,20,544850,7754,5473
544860,8600,-375,544870,8229,10077
544880,8236,1026,544890,8456,44
544900,7723,5491,544910,8688,-241
544920,8269,10054,544930,8269,1083
544940,8462,86,544950,7741,5567
544960,8604,-259,544970,8243,10152
544980,8242,1096,544990,8454,36
545000,7771,5588,545010,8602,-245
545020,8216,10090,545030,8220,1092
545040,8441,74,545050,7784,5716
545060,8590,-378,545070,8240,10163
545080,8275,1116,545090,8443,93
545100,7722,5786,545110,8670,-358
545120,8213,10044,545130,8264,1081
545140,8453,74,545150,7671,5815
545160,8725,-334,545170,8296,10078
545180,8256,1048,545190,8443,74
545200,7733,5866,545210,8643,-182
545220,8267,10068,545230,8224,1131
545240,8443,116,545250,7764,5890
545260,8650,-223,545270,8215,10184
545280,8256,1048,545290,8438,76
545300,7831,6069,545310,8603,-349
545320,8220,10257,545330,8291,1120
545340,8462,81,545350,7744,6137
545360,8636,-419,545370,8259,10228
545380,8240,1067,545390,8433,137
545400,7692,6206,545410,8675,-326
545420,8264,10197,545430,8250,1072
545440,8415,73,545450,7681,6242
545460,8677,-291,545470,8277,10305
545480,8301,1091,545490,8444,93
545500,7760,6245,545510,8591,-342
545520,8244,10259,545530,8239,1108
545540,8412,62,545550,7785,6364
545560,8585,-336,545570,8234,10226
545580,8272,1099,545590,8436,78
545600,7719,6400,545610,8649,-359
545620,8231,10223,545630,8272,1121
545640,8473,88,545650,7648,6493
545660,8765,-359,545670,8259,10101
545680,8260,1106,545690,8433,117
545700,7611,6447,545710,8666,-231
545720,8314,10206,545730,8263,1143
545740,8446,26,545750,7722,6546
545760,8619,-238,545770,8261,10166
545780,8285,1067,545790,8448,45
545800,7769,6515,545810,8591,-332
545820,8214,10138,545830,8229,1081
545840,8463,83,545850,7774,6611
545860,8580,-436,545870,8227,10111
545880,8223,1037,545890,8423,53
545900,7699,6658,545910,8661,-378
545920,8284,10062,545930,8270,1093
545940,8463,95,545950,7657,6633
545960,8685,-298,545970,8274,10078
545980,8244,1067,545990,8429,54
546000,7701,6694,546010,8631,-202
546020,8255,10051,546030,8263,1129
546040,8463,57,546050,7733,6742
546060,8612,-295,546070,8222,10128
546080,8262,1093,546090,8452,90
546100,7728,6853,546110,8595,-412
546120,8248,10069,546130,8218,1117
546140,8446,71,546150,7630,6855
546160,8675,-346,546170,8266,10024
546180,8231,1127,546190,8457,91
546200,7607,6910,546210,8685,-55
546220,8276,9942,546230,8259,1275
546240,8441,66,546250,7689,6885
546260,8611,48,546270,8286,9874
546280,8240,1230,546290,8429,39
546300,7801,7013,546310,8547,-36
546320,8319,9916,546330,8231,1298
546340,8471,84,546350,7818,7047
546360,8494,-108,546370,8278,9890
546380,8200,1257,546390,8438,114
546400,7763,7108,546410,8579,14
546420,8299,9924,546430,8236,1294
546440,8403,76,546450,7652,7162
546460,8552,62,546470,8303,9881
546480,8200,1231,546490,8451,97
546500,7676,7156,546510,8528,95
546520,8299,9882,546530,8249,1287
546540,8435,60,546550,7698,7203
546560,8525,41,546570,8261,9865
546580,8216,1332,546590,8451,66
546600,7709,7266,546610,8445,237
546620,8355,9840,546630,8243,1325
546640,8448,149,546650,7672,7384
546660,8448,226,546670,8265,9957
546680,8217,1248,546690,8397,54
546700,7617,7363,546710,8606,-144
546720,8332,9864,546730,8255,1156
546740,8427,133,546750,7623,7391
546760,8594,-137,546770,8276,9882
546780,8282,1268,546790,8427,55
546800,7754,7398,546810,8553,-32
546820,8262,9686,546830,8219,1229
546840,8448,39,546850,7773,7480
546860,8467,-206,546870,8285,9689
546880,8253,1304,546890,8463,83
546900,7763,7550,546910,8406,87
546920,8314,9717,546930,8222,1279
546940,8455,116,546950,7713,7607
546960,8577,-120,546970,8271,9839
546980,8270,1159,546990,8433,97
547000,7680,7692,547010,8591,-59
547020,8196,9885,547030,8273,1271
547040,8484,161,547050,7727,7681
547060,8531,-10,547070,8313,9793
547080,8282,1177,547090,8444,65
547100,7754,7784,547110,8318,451
547120,8295,9826,547130,8253,1410
547140,8469,47,547150,7729,7957
547160,8301,483,547170,8325,9824
547180,8228,1348,547190,8450,122
547200,7683,7981,547210,8541,-23
547220,8322,9842,547230,8270,1306
547240,8421,36,547250,7626,7909
547260,8563,354,547270,8259,9861
547280,8260,1319,547290,8440,140
547300,7722,7931,547310,8483,395
547320,8266,9812,547330,8262,1295
547340,8438,17,547350,7774,8048
547360,8465,214,547370,8338,9550
547380,8250,1293,547390,8570,138
547400,7781,8101,547410,8422,160
547420,8383,9590,547430,8229,1291
547440,8490,224,547450,7767,8142
547460,8405,171,547470,8337,9598
547480,8242,1325,547490,8443,170
547500,7711,8137,547510,8429,348
547520,8331,9640,547530,8293,1279
547540,8501,212,547550,7705,8258
547560,8333,513,547570,8290,9643
547580,8259,1312,547590,8579,120
547600,7783,8276,547610,8308,572
547620,8328,9553,547630,8245,1360
547640,8490,136,547650,7760,8375
547660,8187,592,547670,8394,9473
547680,8245,1442,547690,8496,152
547700,7726,8390,547710,8133,947
547720,8418,9462,547730,8242,1499
547740,8375,142,547750,7630,8407
547760,8227,898,547770,8312,9483
547780,8269,1427,547790,8333,120
547800,7627,8435,547810,8244,919
547820,8296,9322,547830,8241,1486
547840,8358,46,547850,7723,8440
547860,8189,952,547870,8324,9229
547880,8254,1370,547890,8429,65
547900,7817,8544,547910,8138,831
547920,8396,9138,547930,8207,1453
547940,8453,109,547950,7725,8579
547960,8155,881,547970,8412,9200
547980,8219,1368,547990,8423,106
548000,7712,8530,548010,8244,585
548020,8417,9186,548030,8252,1418
548040,8423,96,548050,7718,8590
548060,8298,662,548070,8314,9054
548080,8251,1357,548090,8411,59
548100,7811,8631,548110,8212,695
548120,8319,9070,548130,8246,1434
548140,8467,78,548150,7809,8642
548160,8193,792,548170,8380,8932
548180,8219,1432,548190,8488,149
548200,7774,8695,548210,8206,954
548220,8447,8747,548230,8205,1451
548240,8464,141,548250,7699,8707
548260,8202,913,548270,8433,8734
548280,8236,1462,548290,8426,244
548300,7732,8667,548310,8279,849
548320,8404,8678,548330,8266,1465
548340,8388,159,548350,7796,8789
548360,8259,838,548370,8375,8636
548380,8258,1548,548390,8460,175
548400,7757,8670,548410,8197,879
548420,8429,8528,548430,8203,1485
548440,8442,211,548450,7760,8652
548460,8185,844,548470,8445,8411
548480,8226,1521,548490,8406,238
548500,7718,8627,548510,8250,783
548520,8444,8390,548530,8214,1475
548540,8385,254,548550,7757,8735
548560,8257,757,548570,8354,8357
548580,8247,1512,548590,8362,186
548600,7869,8844,548610,8292,900
548620,8360,8235,548630,8241,1683
548640,8445,294,548650,7878,8891
548660,8289,792,548670,8404,8272
548680,8228,1674,548690,8378,185
548700,7838,8924,548710,8226,819
548720,8425,8060,548730,8205,1700
548740,8415,168,548750,7838,8924
548760,8261,760,548770,8455,8246
548780,8209,1661,548790,8320,125
548800,7933,9062,548810,8329,731
548820,8435,8149,548830,8244,1732
548840,8387,68,548850,7917,9158
548860,8365,762,548870,8394,8214
548880,8231,1698,548890,8389,78
548900,7886,9219,548910,8314,781
548920,8410,8146,548930,8238,1784
548940,8413,-3,548950,7764,9214
548960,8284,825,548970,8426,7983
548980,8216,1716,548990,8432,161
549000,7753,9213,549010,8214,763
549020,8449,7980,549030,8224,1759
549040,8405,54,549050,7803,9228
549060,8288,724,549070,8421,7828
549080,8237,1733,549090,8441,141
549100,7867,9281,549110,8350,716
549120,8444,7865,549130,8257,1764
549140,8419,68,549150,7808,9334
549160,8317,736,549170,8381,7812
549180,8243,1784,549190,8472,109
549200,7746,9281,549210,8322,770
549220,8457,7730,549230,8227,1811
549240,8417,78,549250,7810,9278
549260,8261,743,549270,8423,7552
549280,8235,1867,549290,8412,96
549300,7860,9204,549310,8269,734
549320,8440,7508,549330,8227,1848
549340,8437,88,549350,7939,9251
549360,8327,640,549370,8403,7403
549380,8264,1858,549390,8472,31
549400,7918,9312,549410,8342,741
549420,8425,7316,549430,8220,1854
549440,8459,119,549450,7862,9361
549460,8279,702,549470,8430,7314
549480,8252,1865,549490,8461,45
549500,7828,9339,549510,8233,775
549520,8455,7293,549530,8229,1884
549540,8439,130,549550,7874,9362
549560,8284,740,549570,8473,7363
549580,8219,1866,549590,8376,41
549600,7921,9497,549610,8289,736
549620,8409,7183,549630,8242,1901
549640,8448,78,549650,7948,9456
549660,8332,699,549670,8421,7092
549680,8234,1888,549690,8432,45
549700,7873,9462,549710,8289,739
549720,8416,6993,549730,8193,1934
549740,8473,41,549750,7766,9339
549760,8274,772,549770,8415,6955
549780,8198,1952,549790,8420,88
549800,7842,9332,549810,8263,769
549820,8418,6767,549830,8236,1790
549840,8433,32,549850,7865,9394
549860,8326,723,549870,8431,6796
549880,8238,1859,549890,8419,116
549900,7968,9480,549910,8334,743
549920,8406,6810,549930,8255,1938
549940,8428,-6,549950,7887,9507
549960,8283,741,549970,8437,6637
549980,8248,1851,549990,8484,126
550000,7843,9435,550010,8259,700
550020,8448,6600,550030,8221,1929
550040,8409,38,550050,7893,9513
550060,8271,699,550070,8432,6535
550080,8217,1892,550090,8436,88
550100,7941,9519,550110,8281,679
550120,8454,6447,550130,8250,1944
550140,8413,-46,550150,7997,9700
550160,8312,702,550170,8389,6439
550180,8261,2105,550190,8455,-16
550200,7936,9659,550210,8254,719
550220,8455,6342,550230,8208,2074
550240,8459,37,550250,7864,9696
550260,8249,763,550270,8422,6351
550280,8243,2140,550290,8483,28
550300,7834,9579,550310,8235,795
550320,8437,6216,550330,8197,2140
550340,8478,73,550350,7844,9617
550360,8269,692,550370,8419,6193
550380,8214,2152,550390,8430,-25
550400,7884,9684,550410,8330,683
550420,8438,6134,550430,8196,2197
550440,8462,12,550450,7897,9722
550460,8323,739,550470,8411,6115
550480,8210,2170,550490,8446,-27
550500,7854,9775,550510,8278,757
550520,8408,5882,550530,8183,2184
550540,8512,52,550550,7816,9702
550560,8220,751,550570,8462,5910
550580,8199,2202,550590,8437,23
550600,7869,9729,550610,8251,732
550620,8420,5846,550630,8244,2251
550640,8463,39,550650,7963,9775
550660,8278,716,550670,8451,5751
550680,8212,2179,550690,8456,8
550700,8013,9894,550710,8258,706
550720,8421,5672,550730,8206,2147
550740,8492,-3,550750,7907,9847
550760,8290,818,550770,8450,5659
550780,8200,2231,550790,8464,83
550800,7868,9836,550810,8197,725
550820,8450,5541,550830,8232,2217
550840,8446,-6,550850,7938,9860
550860,8266,701,550870,8437,5361
550880,8222,2146,550890,8479,55
550900,7924,9861,550910,8259,744
550920,8468,5353,550930,8227,2193
550940,8436,-60,550950,7944,9942
550960,8291,717,550970,8432,5171
550980,8201,2218,550990,8496,29
551000,7898,9886,551010,8274,805
551020,8445,5222,551030,8216,2253
551040,8485,6,551050,7836,9908
551060,8236,707,551070,8444,5118
551080,8214,2325,551090,8495,77
551100,7844,9897,551110,8248,778
551120,8480,5040,551130,8237,2297
551140,8441,-27,551150,7962,9984
551160,8233,672,551170,8449,4990
551180,8214,2427,551190,8454,-36
551200,7948,10007,551210,8332,772
551220,8466,4913,551230,8213,2456
551240,8494,-18,551250,7907,10081
551260,8279,708,551270,8426,4804
551280,8193,2469,551290,8486,-31
551300,7872,10023,551310,8253,777
551320,8451,4752,551330,8229,2523
551340,8487,34,551350,7874,10095
551360,8244,784,551370,8474,4813
551380,8236,2557,551390,8440,-16
551400,7968,10174,551410,8299,761
551420,8486,4703,551430,8224,2611
551440,8466,-15,551450,7929,10242
551460,8264,766,551470,8457,4686
551480,8178,2532,551490,8469,-49
551500,7964,10299,551510,8280,813
551520,8428,4588,551530,8197,2590
551540,8527,-14,551550,7803,10195
551560,8232,878,551570,8456,4477
551580,8218,2565,551590,8470,21
551600,7843,10170,551610,8216,795
551620,8452,4364,551630,8214,2701
551640,8455,-13,551650,7893,10026
551660,8288,853,551670,8470,4344
551680,8188,2710,551690,8443,-15
551700,7918,10113,551710,8304,742
551720,8459,4347,551730,8181,2748
551740,8495,-67,551750,7908,10185
551760,8324,804,551770,8454,4209
551780,8189,2728,551790,8490,-54
551800,7916,10155,551810,8281,804
551820,8481,4149,551830,8174,2767
551840,8483,34,551850,7867,10181
551860,8288,853,551870,8454,4142
551880,8224,2777,551890,8475,-19
551900,7885,10131,551910,8270,829
551920,8487,4104,551930,8166,2693
551940,8461,9,551950,7959,10320
551960,8284,822,551970,8478,3858
551980,8190,2784,551990,8465,-52
552000,7963,10313,552010,8211,898
552020,8471,3773,552030,8159,2723
552040,8472,-7,552050,7899,10380
552060,8255,767,552070,8472,3750
552080,8236,2750,552090,8493,-55
552100,7857,10295,552110,8263,764
552120,8463,3678,552130,8199,2763
552140,8513,43,552150,7909,10213
552160,8258,800,552170,8477,3625
552180,8203,2877,552190,8450,-24
552200,7979,10315,552210,8252,875
552220,8458,3484,552230,8162,2861
552240,8489,-48,552250,7951,10374
552260,8238,847,552270,8433,3482
552280,8176,2887,552290,8465,-61
552300,7983,10316,552310,8285,834
552320,8428,3348,552330,8181,2868
552340,8540,-2,552350,7892,10320
552360,8251,741,552370,8461,3371
552380,8220,2861,552390,8465,-17
552400,7933,10358,552410,8249,785
552420,8466,3162,552430,8216,2989
552440,8490,-20,552450,7963,10274
552460,8266,819,552470,8477,3190
552480,8174,3038,552490,8451,-31
552500,8093,10339,552510,8262,871
552520,8442,3095,552530,8174,3121
552540,8465,-69,552550,7978,10483
552560,8255,874,552570,8477,3032
552580,8190,3110,552590,8510,-4
552600,7946,10512,552610,8279,774
552620,8478,2981,552630,8185,3091
552640,8504,-64,552650,7954,10571
552660,8307,712,552670,8472,2913
552680,8205,3223,552690,8498,30
552700,8010,10533,552710,8311,852
552720,8497,2868,552730,8147,3306
552740,8496,-39,552750,8035,10636
552760,8322,859,552770,8475,2827
552780,8166,3385,552790,8481,-15
552800,8000,10731,552810,8267,1028
552820,8486,2802,552830,8163,3277
552840,8479,-30,552850,7916,10652
552860,8227,856,552870,8450,2735
552880,8194,3310,552890,8483,-22
552900,7920,10602,552910,8247,887
552920,8474,2674,552930,8145,3277
552940,8481,-34,552950,7874,10537
552960,8231,889,552970,8459,2558
552980,8204,3391,552990,8459,-70
553000,7993,10465,553010,8249,935
553020,8487,2549,553030,8144,3445
553040,8491,-25,553050,7986,10569
553060,8269,882,553070,8479,2375
553080,8179,3430,553090,8471,-87
553100,7972,10577,553110,8298,938
553120,8478,2159,553130,8200,3546
553140,8536,-244,553150,7920,10388
553160,8259,942,553170,8467,2210
553180,8176,3478,553190,8458,-39
553200,7996,10494,553210,8294,915
553220,8461,2122,553230,8164,3741
553240,8535,-349,553250,8011,10441
553260,8256,950,553270,8478,2080
553280,8159,3609,553290,8502,-280
553300,8139,10587,553310,8233,924
553320,8490,2044,553330,8130,3810
553340,8542,-600,553350,8112,10703
553360,8207,909,553370,8499,1964
553380,8134,3761,553390,8644,-501
553400,8030,10590,553410,8253,942
553420,8475,1859,553430,8166,3784
553440,8558,-502,553450,8050,10551
553460,8280,890,553470,8453,1619
553480,8187,3815,553490,8554,-431
553500,8083,10541,553510,8209,934
553520,8481,1698,553530,8181,3889
553540,8560,-432,553550,8149,10529
553560,8275,950,553570,8462,1541
553580,8186,3907,553590,8742,-517
553600,8109,10524,553610,8219,913
553620,8483,1560,553630,8175,3923
553640,8815,-445,553650,8072,10535
553660,8267,950,553670,8446,1492
553680,8198,3997,553690,8902,-431
553700,8046,10512,553710,8300,926
553720,8467,1417,553730,8134,3946
553740,8625,-395,553750,8106,10435
553760,8288,871,553770,8480,1295
553780,8158,4026,553790,8584,-408
553800,8186,10396,553810,8304,942
553820,8496,1147,553830,8113,4030
553840,8490,-138,553850,8142,10480
553860,8277,827,553870,8488,1068
553880,8129,4036,553890,8499,-147
553900,8125,10432,553910,8305,940
553920,8483,1059,553930,8112,4018
553940,8506,-274,553950,8118,10415
553960,8300,868,553970,8479,949
553980,8172,4096,553990,8510,-349
554000,8119,10342,554010,8263,936
554020,8467,835,554030,8135,4075
554040,8484,-362,554050,8149,10292
554060,8262,862,554070,8498,824
554080,8158,4068,554090,8713,-501
554100,8159,10390,554110,8307,912
554120,8486,722,554130,8126,4078
554140,8572,-376,554150,8140,10425
554160,8245,893,554170,8494,694
554180,8181,4079,554190,8586,-345
554200,8128,10419,554210,8262,886
554220,8450,506,554230,8179,4156
554240,8783,-457,554250,8096,10300
554260,8229,897,554270,8469,505
554280,8192,4172,554290,8716,-511
554300,8156,10283,554310,8264,933
554320,8492,407,554330,8167,4183
554340,8812,-414,554350,8161,10279
554360,8272,975,554370,8484,399
554380,8171,4181,554390,8842,-336
554400,8202,10350,554410,8259,969
554420,8481,285,554430,8222,4264
554440,8783,-343,554450,8136,10388
554460,8267,994,554470,8430,284
554480,8230,4303,554490,8708,-410
554500,8175,10275,554510,8245,954
554520,8500,210,554530,8216,4343
554540,8685,-458,554550,8199,10191
554560,8288,961,554570,8476,112
554580,8156,4353,554590,8709,-489
554600,8210,10144,554610,8283,932
554620,8498,122,554630,8167,4399
554640,8735,-397,554650,8205,10233
554660,8269,967,554670,8477,99
554680,8134,4395,554690,8666,-394
554700,8200,10254,554710,8262,909
554720,8485,73,554730,8100,4406
554740,8619,-445,554750,8150,10300
554760,8238,852,554770,8454,68
554780,8092,4512,554790,8591,-415
554800,8173,10276,554810,8249,904
554820,8466,19,554830,7966,4577
554840,8740,-399,554850,8159,10332
554860,8287,950,554870,8481,74
554880,7883,4655,554890,8757,-352
554900,8236,10362,554910,8285,1003
554920,8448,31,554930,7773,4715
554940,8765,-297,554950,8183,10346
554960,8251,962,554970,8460,113
554980,7796,4795,554990,8661,-411
555000,8205,10445,555010,8294,957
555020,8429,32,555030,7800,4816
555040,8678,-458,555050,8192,10261
555060,8271,919,555070,8456,64
555080,7779,4806,555090,8751,-400
555100,8226,10289,555110,8292,935
555120,8446,70,555130,7720,4828
555140,8763,-264,555150,8226,10314
555160,8266,860,555170,8466,67
555180,7739,4882,555190,8713,-254
555200,8270,10287,555210,8328,939
555220,8451,86,555230,7843,4922
555240,8663,-370,555250,8185,10328
555260,8260,976,555270,8435,56
555280,7806,4971,555290,8603,-402
555300,8171,10187,555310,8240,895
555320,8453,55,555330,7731,4961
555340,8626,-451,555350,8178,10188
555360,8280,971,555370,8424,-11
555380,7710,4979,555390,8686,-323
555400,8250,10156,555410,8252,940
555420,8462,46,555430,7736,4941
555440,8654,-273,555450,8269,10242
555460,8306,945,555470,8445,35
555480,7801,4997,555490,8612,-315
555500,8180,10157,555510,8252,935
555520,8450,46,555530,7803,5004
555540,8601,-406,555550,8161,10222
555560,8258,845,555570,8426,35
555580,7822,5084,555590,8624,-418
555600,8192,10091,555610,8243,976
555620,8474,62,555630,7713,5086
555640,8769,-233,555650,8245,10115
555660,8290,902,555670,8463,71
555680,7668,5137,555690,8678,-282
555700,8264,10152,555710,8247,1023
555720,8451,53,555730,7765,5166
555740,8675,-161,555750,8208,10218
555760,8308,931,555770,8469,120
555780,7834,5239,555790,8662,-254
555800,8178,10240,555810,8276,940
555820,8439,15,555830,7760,5279
555840,8642,-347,555850,8234,10052
555860,8320,1007,555870,8444,89
555880,7723,5314,555890,8693,-374
555900,8255,10139,555910,8298,1006
555920,8448,33,555930,7679,5398
555940,8693,-230,555950,8242,10219
555960,8232,893,555970,8474,74
555980,7705,5400,555990,8638,-224
556000,8233,10305,556010,8249,907
556020,8417,27,556030,7753,5512
556040,8553,-289,556050,8167,10316
556060,8297,905,556070,8426,45
556080,7783,5576,556090,8546,-399
556100,8199,10191,556110,8234,941
556120,8445,51,556130,7738,5511
556140,8632,-432,556150,8194,10140
556160,8234,930,556170,8472,52
556180,7643,5468,556190,8635,-354
556200,8257,10070,556210,8274,933
556220,8466,77,556230,7693,5514
556240,8682,-321,556250,8216,10262
556260,8253,983,556270,8454,27
556280,7813,5661,556290,8605,-237
556300,8189,10273,556310,8253,1017
556320,8457,36,556330,7821,5728
556340,8605,-380,556350,8219,10253
556360,8274,1023,556370,8437,36
556380,7753,5822,556390,8686,-338
556400,8237,10198,556410,8272,1038
556420,8477,63,556430,7697,5780
556440,8759,-291,556450,8301,10291
556460,8245,1046,556470,8454,103
556480,7751,5854,556490,8736,-256
556500,8241,10228,556510,8261,1051
556520,8439,45,556530,7779,5860
556540,8653,-162,556550,8229,10279
556560,8268,1058,556570,8457,75
556580,7818,5928,556590,8597,-407
556600,8190,10193,556610,8279,1038
556620,8455,46,556630,7758,5973
556640,8626,-404,556650,8254,10158
556660,8234,1059,556670,8473,110
556680,7686,5983,556690,8703,-316
556700,8247,10149,556710,8235,1071
556720,8428,79,556730,7695,6004
556740,8707,-207,556750,8241,10176
556760,8262,1107,556770,8458,146
556780,7786,6033,556790,8599,-247
556800,8212,10230,556810,8230,1091
556820,8420,44,556830,7817,6069
556840,8588,-362,556850,8191,10160
556860,8239,1111,556870,8453,138
556880,7741,6106,556890,8586,-374
556900,8198,10174,556910,8229,998
556920,8410,96,556930,7694,6097
556940,8669,-361,556950,8251,10053
556960,8270,1046,556970,8437,103
556980,7670,6019,556990,8697,-266
557000,8280,9979,557010,8212,1050
557020,8400,58,557030,7732,6062
557040,8630,-319,557050,8262,10031
557060,8252,1058,557070,8432,71
557080,7730,6167,557090,8570,-280
557100,8218,10059,557110,8212,1074
557120,8442,89,557130,7740,6257
557140,8573,-415,557150,8230,10079
557160,8273,1059,557170,8442,82
557180,7702,6337,557190,8734,-345
557200,8313,9941,557210,8228,1092
557220,8416,99,557230,7629,6361
557240,8705,-305,557250,8287,10108
557260,8263,1159,557270,8425,81
557280,7711,6416,557290,8648,-285
557300,8275,10044,557310,8241,1162
557320,8433,25,557330,7779,6440
557340,8557,-319,557350,8261,10099
557360,8229,1144,557370,8446,95
557380,7829,6523,557390,8605,-349
557400,8233,10059,557410,8243,1182
557420,8447,27,557430,7738,6591
557440,8690,-371,557450,8280,10063
557460,8251,1152,557470,8464,105
557480,7666,6567,557490,8714,-357
557500,8244,10000,557510,8255,1140
557520,8411,0,557530,7708,6566
557540,8653,-284,557550,8314,10067
557560,8259,1156,557570,8463,89
557580,7749,6624,557590,8593,-223
557600,8278,10095,557610,8223,1205
557620,8455,10,557630,7785,6694
557640,8597,-311,557650,8249,10033
557660,8260,1212,557670,8477,127
557680,7673,6686,557690,8649,-285
557700,8275,9916,557710,8261,1197
557720,8439,61,557730,7661,6699
557740,8702,-244,557750,8323,9968
557760,8256,1240,557770,8448,85
557780,7668,6736,557790,8687,-315
557800,8246,9942,557810,8243,1206
557820,8440,35,557830,7748,6765
557840,8646,-219,557850,8235,9938
557860,8231,1220,557870,8454,92
557880,7753,6791,557890,8640,-305
557900,8234,9973,557910,8244,1139
557920,8467,132,557930,7699,6844
557940,8640,-394,557950,8218,9895
557960,8239,1102,557970,8428,60
557980,7691,6851,557990,8698,-254
558000,8303,9898,558010,8225,1156
558020,8440,111,558030,7649,6879
558040,8599,-255,558050,8254,9876
558060,8211,1174,558070,8433,49
558080,7705,6943,558090,8610,-183
558100,8262,9773,558110,8224,1176
558120,8485,90,558130,7801,6989
558140,8574,-290,558150,8245,9971
558160,8224,1176,558170,8427,98
558180,7787,7109,558190,8567,-227
558200,8323,9926,558210,8252,1315
558220,8464,143,558230,7716,7108
558240,8554,79,558250,8327,9971
558260,8232,1234,558270,8409,27
558280,7652,7135,558290,8559,183
558300,8316,9928,558310,8264,1334
558320,8443,82,558330,7700,7172
558340,8479,295,558350,8276,9951
558360,8233,1275,558370,8421,41
558380,7777,7176,558390,8501,137
558400,8300,9880,558410,8232,1301
558420,8468,113,558430,7743,7269
558440,8447,164,558450,8344,9942
558460,8218,1278,558470,8456,89
558480,7620,7322,558490,8563,47
558500,8270,9951,558510,8255,1309
558520,8435,111,558530,7579,7336
558540,8576,118,558550,8281,9888
558560,8256,1266,558570,8443,59
558580,7606,7312,558590,8475,277
558600,8287,9854,558610,8252,1283
558620,8431,34,558630,7729,7448
558640,8356,433,558650,8306,9911
558660,8258,1284,558670,8468,64
558680,7681,7518,558690,8320,408
558700,8280,9890,558710,8224,1264
558720,8453,86,558730,7690,7542
558740,8463,106,558750,8291,9856
558760,8281,1326,558770,8458,95
558780,7661,7574,558790,8346,443
558800,8261,9989,558810,8229,1318
558820,8421,101,558830,7688,7601
558840,8317,459,558850,8279,10005
558860,8264,1351,558870,8465,63
558880,7782,7605,558890,8230,590
558900,8315,9896,558910,8239,1328
558920,8463,42,558930,7817,7668
558940,8305,299,558950,8292,9832
558960,8251,1352,558970,8464,104
558980,7696,7663,558990,8264,409
559000,8324,9758,559010,8238,1316
559020,8426,85,559030,7705,7661
559040,8357,434,559050,8273,9870
559060,8265,1339,559070,8424,132
559080,7709,7693,559090,8297,594
559100,8251,9855,559110,8260,1360
559120,8464,113,559130,7741,7690
559140,8339,603,559150,8332,9751
559160,8243,1333,559170,8431,20
559180,7783,7754,559190,8370,320
559200,8301,9686,559210,8252,1458
559220,8475,180,559230,7672,7789
559240,8264,609,559250,8341,9754
559260,8200,1301,559270,8427,78
559280,7674,7824,559290,8316,529
559300,8317,9698,559310,8266,1406
559320,8431,105,559330,7638,7811
559340,8332,734,559350,8258,9707
559360,8224,1315,559370,8420,13
559380,7695,7793,559390,8278,776
559400,8266,9688,559410,8249,1396
559420,8408,-53,559430,7724,7918
559440,8234,751,559450,8338,9497
559460,8255,1442,559470,8492,100
559480,7779,7865,559490,8177,751
559500,8310,9560,559510,8229,1395
559520,8429,63,559530,7715,7979
559540,8205,732,559550,8301,9568
559560,8221,1374,559570,8516,267
559580,7684,7931,559590,8267,780
559600,8256,9599,559610,8255,1402
559620,8479,107,559630,7721,8008
559640,8207,803,559650,8262,9495
559660,8272,1463,559670,8514,120
559680,7792,8004,559690,8162,881
559700,8309,9395,559710,8229,1428
559720,8550,110,559730,7799,8060
559740,8103,866,559750,8343,9443
559760,8237,1434,559770,8547,173
559780,7790,8085,559790,8328,463
559800,8361,9452,559810,8231,1333
559820,8543,204,559830,7730,8109
559840,8267,507,559850,8298,9565
559860,8288,1381,559870,8530,104
559880,7739,8160,559890,8341,515
559900,8317,9379,559910,8233,1371
559920,8547,176,559930,7765,8138
559940,8311,596,559950,8327,9338
559960,8248,1359,559970,8475,134
559980,7756,8220,559990,8165,661
560000,8371,9300,560010,8245,1380
560020,8470,125,560030,7733,8277
560040,8234,579,560050,8408,9299
560060,8231,1333,560070,8420,189
560080,7676,8216,560090,8348,432
560100,8382,9306,560110,8233,1359
560120,8368,104,560130,7634,8228
560140,8318,568,560150,8330,9360
560160,8255,1317,560170,8357,129
560180,7732,8282,560190,8191,852
560200,8315,9195,560210,8254,1392
560220,8399,17,560230,7708,8353
560240,8243,676,560250,8394,9222
560260,8218,1368,560270,8431,130
560280,7723,8367,560290,8213,566
560300,8407,9215,560310,8251,1403
560320,8412,84,560330,7683,8397
560340,8275,594,560350,8366,9160
560360,8223,1364,560370,8397,79
560380,7695,8395,560390,8195,906
560400,8291,9207,560410,8240,1410
560420,8415,112,560430,7760,8378
560440,8243,797,560450,8319,9027
560460,8215,1429,560470,8437,14
560480,7842,8398,560490,8197,702
560500,8427,8936,560510,8216,1416
560520,8455,146,560530,7825,8452
560540,8186,743,560550,8396,8845
560560,8250,1486,560570,8467,155
560580,7747,8480,560590,8293,838
560600,8358,8952,560610,8228,1495
560620,8438,144,560630,7800,8518
560640,8309,763,560650,8330,8948
560660,8267,1546,560670,8454,116
560680,7789,8510,560690,8311,871
560700,8316,8937,560710,8234,1537
560720,8460,55,560730,7787,8585
560740,8191,807,560750,8388,8910
560760,8240,1486,560770,8457,119
560780,7822,8619,560790,8178,902
560800,8381,8760,560810,8229,1514
560820,8501,138,560830,7748,8599
560840,8238,879,560850,8462,8741
560860,8250,1428,560870,8395,116
560880,7740,8586,560890,8313,900
560900,8356,8635,560910,8249,1502
560920,8437,209,560930,7775,8572
560940,8278,911,560950,8390,8594
560960,8251,1461,560970,8424,189
560980,7826,8662,560990,8227,863
561000,8387,8573,561010,8256,1522
561020,8468,243,561030,7737,8611
561040,8207,856,561050,8428,8544
561060,8235,1489,561070,8423,221
561080,7721,8621,561090,8173,824
561100,8423,8501,561110,8262,1501
561120,8424,263,561130,7722,8660
561140,8208,783,561150,8436,8423
561160,8260,1490,561170,8395,232
561180,7814,8786,561190,8307,791
561200,8407,8450,561210,8259,1661
561220,8369,106,561230,7857,8852
561240,8292,791,561250,8378,8325
561260,8228,1676,561270,8390,153
561280,7770,8802,561290,8235,779
561300,8440,8335,561310,8226,1623
561320,8349,247,561330,7790,8847
561340,8254,757,561350,8416,8269
561360,8238,1673,561370,8382,180
561380,7805,8833,561390,8301,752
561400,8431,8252,561410,8230,1638
561420,8304,175,561430,7897,8949
561440,8333,707,561450,8393,8295
561460,8238,1698,561470,8349,201
561480,7910,8940,561490,8324,826
561500,8421,8106,561510,8210,1664
561520,8358,164,561530,7834,8959
561540,8251,780,561550,8424,8141
561560,8242,1695,561570,8400,138
561580,7825,8980,561590,8293,842
561600,8459,8038,561610,8209,1739
561620,8459,184,561630,7829,8956
561640,8330,734,561650,8447,8125
561660,8251,1691,561670,8354,89
561680,7879,9007,561690,8311,727
561700,8385,8009,561710,8242,1736
561720,8439,136,561730,7863,9025
561740,8291,800,561750,8428,7970
561760,8234,1634,561770,8388,53
561780,7770,9039,561790,8271,866
561800,8405,7880,561810,8223,1683
561820,8447,91,561830,7753,8900
561840,8230,873,561850,8444,7762
561860,8211,1607,561870,8416,106
561880,7802,9016,561890,8254,821
561900,8433,7706,561910,8257,1716
561920,8428,138,561930,7811,9010
561940,8351,773,561950,8417,7725
561960,8213,1601,561970,8403,95
561980,7855,9102,561990,8306,705
562000,8420,7627,562010,8229,1656
562020,8424,60,562030,7819,9070
562040,8292,765,562050,8424,7572
562060,8224,1648,562070,8474,167
562080,7752,9018,562090,8264,788
562100,8447,7561,562110,8234,1667
562120,8423,53,562130,7820,9053
562140,8322,771,562150,8412,7382
562160,8231,1709,562170,8467,126
562180,7904,9066,562190,8339,736
562200,8485,7410,562210,8248,1745
562220,8398,27,562230,7925,9223
562240,8317,745,562250,8406,7418
562260,8246,1839,562270,8479,132
562280,7875,9284,562290,8292,755
562300,8431,7456,562310,8235,1837
562320,8436,33,562330,7821,9347
562340,8260,659,562350,8416,7397
562360,8236,1892,562370,8464,149
562380,7876,9294,562390,8235,723
562400,8449,7337,562410,8219,1858
562420,8452,128,562430,7928,9273
562440,8264,711,562450,8445,7295
562460,8233,1804,562470,8422,83
562480,7924,9275,562490,8340,730
562500,8431,7161,562510,8228,1808
562520,8461,88,562530,7889,9368
562540,8269,723,562550,8418,7102
562560,8232,1787,562570,8413,57
562580,7816,9408,562590,8297,748
562600,8411,7053,562610,8230,1781
562620,8476,130,562630,7809,9386
562640,8282,774,562650,8460,7043
562660,8225,1870,562670,8388,55
562680,7871,9411,562690,8284,678
562700,8409,7034,562710,8218,1891
562720,8441,111,562730,7857,9365
562740,8342,696,562750,8437,6983
562760,8247,1734,562770,8426,29
562780,7845,9440,562790,8342,738
562800,8412,6968,562810,8242,1842
562820,8478,88,562830,7762,9398
562840,8288,707,562850,8429,6863
562860,8195,1784,562870,8455,146
562880,7796,9405,562890,8253,722
562900,8441,6756,562910,8225,1848
562920,8443,8,562930,7913,9358
562940,8302,725,562950,8445,6744
562960,8242,1831,562970,8468,90
562980,7948,9384,562990,8277,679
563000,8424,6750,563010,8249,1845
563020,8393,-34,563030,7911,9502
563040,8349,717,563050,8394,6702
563060,8231,1915,563070,8451,65
563080,7919,9582,563090,8262,739
563100,8447,6625,563110,8241,1870
563120,8468,72,563130,7863,9539
563140,8282,704,563150,8432,6540
563160,8224,1913,563170,8440,41
563180,7925,9381,563190,8261,690
563200,8458,6533,563210,8225,1916
563220,8441,86,563230,7941,9480
563240,8331,691,563250,8421,6387
563260,8246,1957,563270,8437,-4
563280,7954,9544,563290,8307,727
563300,8431,6398,563310,8233,1967
563320,8466,50,563330,7932,9627
563340,8257,658,563350,8405,6358
563360,8240,1941,563370,8471,32
563380,7846,9630,563390,8261,732
563400,8418,6366,563410,8192,1996
563420,8456,30,563430,7941,9742
563440,8262,707,563450,8416,6377
563460,8223,1956,563470,8461,45
563480,7914,9567,563490,8307,730
