LED1 Timestamp (ms),LED1_PD1,LED1_PD2,LED2 Timestamp (ms),LED2_PD1,LED2_PD2
LED1 Timestamp (ms),LED1_PD1,LED1_PD2,LED2 Timestamp (ms),LED2_PD1,LED2_PD2
2129000,1316,15042,2129010,1029,15079
2129020,1290,15045,2129030,966,15089
2129040,1267,15047,2129050,1017,15079
2129060,1334,15050,2129070,985,15084
2129080,1252,15051,2129090,949,15080
2129100,1322,15044,2129110,1024,15086
2129120,1302,15033,2129130,956,15092
2129140,1267,15050,2129150,1012,15086
2129160,1332,15055,2129170,990,15088
2129180,1263,15047,2129190,964,15087
2129200,1321,15056,2129210,1019,15092
2129220,1295,15046,2129230,970,15089
2129240,1265,15057,2129250,1034,15093
2129260,1322,15054,2129270,985,15076
2129280,1244,15043,2129290,955,15092
2129300,1321,15044,2129310,1028,15074
2129320,1298,15040,2129330,955,15091
2129340,1270,15046,2129350,1013,15076
2129360,1328,15045,2129370,972,15084
2129380,1259,15049,2129390,955,15073
2129400,1333,15043,2129410,1019,15082
2129420,1302,15052,2129430,972,15088
2129440,1259,15047,2129450,1018,15081
2129460,1336,15062,2129470,994,15089
2129480,1261,15039,2129490,964,15076
2129500,1333,15046,2129510,1027,15093
2129520,1294,15046,2129530,959,15093
2129540,1295,15059,2129550,1005,15079
2129560,1323,15045,2129570,1001,15081
2129580,1264,15045,2129590,958,15069
2129600,1334,15047,2129610,1025,15086
2129620,1301,15036,2129630,950,15075
2129640,1278,15050,2129650,1010,15086
2129660,1323,15048,2129670,1010,15078
2129680,1254,15051,2129690,970,15095
2129700,1321,15055,2129710,1012,15094
2129720,1293,15046,2129730,966,15082
2129740,1270,15048,2129750,1021,15085
2129760,1318,15057,2129770,1005,15080
2129780,1254,15043,2129790,965,15072
2129800,1323,15046,2129810,1021,15098
2129820,1285,15052,2129830,955,15091
2129840,1266,15044,2129850,1025,15083
2129860,1332,15050,2129870,987,15095
2129880,1266,15057,2129890,980,15084
2129900,1327,15040,2129910,1010,15087
2129920,1297,15047,2129930,944,15091
2129940,1274,15054,2129950,1022,15076
2129960,1342,15043,2129970,994,15077
2129980,1247,15041,2129990,974,15084
2130000,1325,15044,2130010,1016,15078
2130020,1294,15044,2130030,956,15072
2130040,1283,15045,2130050,1026,15077
2130060,1328,15045,2130070,981,15082
2130080,1266,15046,2130090,971,15073
2130100,1337,15038,2130110,1023,15090
2130120,1294,15051,2130130,954,15080
2130140,1269,15052,2130150,1022,15100
2130160,1325,15047,2130170,976,15089
2130180,1253,15050,2130190,961,15076
2130200,1331,15034,2130210,1012,15077
2130220,1289,15060,2130230,951,15078
2130240,1283,15043,2130250,1040,15089
2130260,1327,15060,2130270,982,15092
2130280,1253,15044,2130290,966,15090
2130300,1320,15060,2130310,1006,15089
2130320,1286,15051,2130330,955,15083
2130340,1272,15037,2130350,1026,15090
2130360,1325,15058,2130370,985,15085
2130380,1260,15054,2130390,968,15082
2130400,1335,15046,2130410,1022,15075
2130420,1295,15050,2130430,943,15082
2130440,1279,15049,2130450,1022,15075
2130460,1323,15057,2130470,980,15089
2130480,1262,15053,2130490,966,15077
2130500,1328,15058,2130510,991,15056
2130520,1287,15054,2130530,953,15081
2130540,1279,15049,2130550,1029,15100
2130560,1331,15059,2130570,995,15097
2130580,1252,15058,2130590,976,15090
2130600,1324,15045,2130610,1023,15091
2130620,1301,15054,2130630,956,15093
2130640,1253,15058,2130650,1030,15077
2130660,1314,15056,2130670,977,15086
2130680,1243,15051,2130690,968,15083
2130700,1324,15056,2130710,1014,15080
2130720,1285,15044,2130730,939,15078
2130740,1285,15046,2130750,1017,15082
2130760,1332,15058,2130770,982,15086
2130780,1253,15053,2130790,980,15087
2130800,1302,15058,2130810,1011,15093
2130820,1278,15058,2130830,947,15086
2130840,1294,15040,2130850,1028,15082
2130860,1333,15050,2130870,988,15084
2130880,1258,15042,2130890,963,15082
2130900,1327,15049,2130910,1014,15077
2130920,1282,15050,2130930,938,15088
2130940,1283,15050,2130950,1028,15081
2130960,1328,15043,2130970,979,15086
2130980,1250,15056,2130990,996,15085
2131000,1345,15051,2131010,1021,15087
2131020,1286,15054,2131030,951,15102
2131040,1278,15046,2131050,1025,15086
2131060,1320,15059,2131070,981,15073
2131080,1250,15053,2131090,977,15090
2131100,1333,15042,2131110,1007,15089
2131120,1294,15048,2131130,939,15084
2131140,1286,15063,2131150,1023,15097
2131160,1335,15043,2131170,967,15086
2131180,1261,15045,2131190,991,15080
2131200,1344,15051,2131210,1007,15083
2131220,1280,15063,2131230,949,15089
2131240,1278,15047,2131250,1020,15080
2131260,1317,15051,2131270,985,15085
2131280,1249,15054,2131290,985,15084
2131300,1344,15048,2131310,1027,15095
2131320,1282,15047,2131330,951,15071
2131340,1308,15044,2131350,1021,15084
2131360,1310,15033,2131370,975,15074
2131380,1248,15046,2131390,971,15072
2131400,1338,15041,2131410,1008,15081
2131420,1288,15051,2131430,943,15082
2131440,1293,15052,2131450,1029,15088
2131460,1324,15039,2131470,978,15082
2131480,1272,15044,2131490,977,15069
2131500,1335,15044,2131510,1014,15082
2131520,1277,15054,2131530,947,15093
2131540,1301,15054,2131550,1040,15099
2131560,1326,15044,2131570,977,15086
2131580,1244,15047,2131590,992,15093
2131600,1330,15044,2131610,1021,15086
2131620,1279,15051,2131630,941,15082
2131640,1302,15042,2131650,1031,15088
2131660,1318,15044,2131670,975,15080
2131680,1252,15047,2131690,993,15091
2131700,1337,15047,2131710,999,15084
2131720,1269,15042,2131730,927,15082
2131740,1292,15050,2131750,1017,15083
2131760,1324,15053,2131770,999,15079
2131780,1246,15035,2131790,993,15090
2131800,1340,15042,2131810,1008,15091
2131820,1277,15052,2131830,940,15080
2131840,1292,15042,2131850,1023,15083
2131860,1312,15043,2131870,975,15070
2131880,1245,15052,2131890,973,15086
2131900,1366,15055,2131910,1002,15087
2131920,1277,15045,2131930,943,15090
2131940,1309,15057,2131950,1029,15087
2131960,1326,15044,2131970,976,15085
2131980,1257,15045,2131990,999,15083
2132000,1342,15053,2132010,1004,15074
2132020,1276,15051,2132030,945,15087
2132040,1299,15047,2132050,1034,15083
2132060,1317,15046,2132070,971,15092
2132080,1244,15052,2132090,994,15088
2132100,1328,15056,2132110,1017,15082
2132120,1284,15052,2132130,954,15098
2132140,1313,15055,2132150,1035,15087
2132160,1306,15053,2132170,978,15075
2132180,1255,15053,2132190,1018,15076
2132200,1343,15046,2132210,1000,15086
2132220,1268,15059,2132230,947,15087
2132240,1299,15051,2132250,1036,15087
2132260,1316,15040,2132270,965,15096
2132280,1251,15047,2132290,989,15079
2132300,1350,15055,2132310,1005,15093
2132320,1280,15043,2132330,949,15078
2132340,1303,15050,2132350,1036,15085
2132360,1315,15068,2132370,979,15092
2132380,1256,15053,2132390,1010,15086
2132400,1340,15033,2132410,1017,15077
2132420,1282,15048,2132430,948,15079
2132440,1319,15039,2132450,1020,15077
2132460,1319,15043,2132470,988,15088
2132480,1263,15047,2132490,1013,15082
2132500,1364,15047,2132510,1009,15089
2132520,1290,15038,2132530,959,15083
2132540,1320,15042,2132550,1056,15072
2132560,1332,15051,2132570,980,15090
2132580,1240,15052,2132590,1022,15082
2132600,1350,15056,2132610,1023,15085
2132620,1296,15047,2132630,971,15074
2132640,1318,15051,2132650,1049,15083
2132660,1338,15050,2132670,980,15082
2132680,1256,15048,2132690,992,15089
2132700,1343,15061,2132710,988,15089
2132720,1255,15048,2132730,913,15080
2132740,1261,15053,2132750,978,15082
2132760,1249,15054,2132770,898,15092
2132780,1195,15048,2132790,933,15093
2132800,1290,15061,2132810,968,15084
2132820,1242,15050,2132830,947,15088
2132840,1302,15054,2132850,1031,15087
2132860,1318,15058,2132870,956,15085
2132880,1267,15039,2132890,1019,15086
2132900,1351,15043,2132910,1009,15070
2132920,1276,15033,2132930,951,15088
2132940,1319,15050,2132950,1033,15087
2132960,1320,15051,2132970,969,15081
2132980,1258,15048,2132990,1019,15082
2133000,1341,15050,2133010,1015,15093
2133020,1283,15059,2133030,947,15077
2133040,1319,15044,2133050,1031,15079
2133060,1301,15036,2133070,965,15095
2133080,1254,15042,2133090,1021,15080
2133100,1348,15054,2133110,1009,15087
2133120,1274,15055,2133130,977,15067
2133140,1304,15041,2133150,1014,15086
2133160,1287,15040,2133170,934,15094
2133180,1233,15063,2133190,980,15077
2133200,1314,15051,2133210,960,15081
2133220,1238,15049,2133230,920,15095
2133240,1291,15050,2133250,995,15089
2133260,1281,15058,2133270,949,15078
2133280,1229,15049,2133290,1000,15087
2133300,1323,15055,2133310,994,15091
2133320,1267,15047,2133330,940,15089
2133340,1308,15048,2133350,1027,15081
2133360,1313,15051,2133370,952,15077
2133380,1247,15048,2133390,994,15091
2133400,1325,15053,2133410,978,15094
2133420,1277,15052,2133430,939,15093
2133440,1309,15056,2133450,999,15087
2133460,1300,15051,2133470,945,15085
2133480,1248,15040,2133490,994,15078
2133500,1322,15051,2133510,980,15078
2133520,1236,15047,2133530,936,15077
2133540,1302,15049,2133550,1027,15074
2133560,1288,15046,2133570,944,15064
2133580,1231,15038,2133590,990,15068
2133600,1311,15047,2133610,975,15078
2133620,1248,15048,2133630,939,15086
2133640,1296,15032,2133650,1001,15093
2133660,1273,15039,2133670,924,15087
2133680,1219,15040,2133690,970,15088
2133700,1288,15045,2133710,957,15082
2133720,1222,15047,2133730,904,15087
2133740,1262,15048,2133750,967,15080
2133760,1241,15046,2133770,880,15084
2133780,1182,15033,2133790,918,15077
2133800,1153,15052,2133810,738,15090
2133820,930,15059,2133830,554,15097
2133840,886,15053,2133850,569,15087
2133860,846,15047,2133870,481,15094
2133880,770,15062,2133890,466,15090
2133900,771,15049,2133910,400,15089
2133920,693,15046,2133930,314,15074
2133940,692,15042,2133950,334,15075
2133960,676,15054,2133970,271,15073
2133980,638,15038,2133990,259,15063
2134000,661,15041,2134010,266,15082
2134020,649,15041,2134030,244,15081
2134040,640,15044,2134050,257,15076
2134060,653,15040,2134070,251,15069
2134080,629,15047,2134090,256,15081
2134100,659,15051,2134110,257,15079
2134120,650,15051,2134130,252,15079
2134140,642,15051,2134150,256,15076
2134160,651,15053,2134170,249,15089
2134180,631,15041,2134190,243,15092
2134200,646,15050,2134210,264,15088
2134220,641,15046,2134230,235,15090
2134240,640,15052,2134250,248,15087
2134260,640,15041,2134270,238,15093
2134280,628,15037,2134290,249,15086
2134300,652,15043,2134310,245,15084
2134320,640,15061,2134330,233,15092
2134340,642,15042,2134350,254,15066
2134360,646,15061,2134370,242,15082
2134380,623,15047,2134390,229,15070
2134400,646,15040,2134410,238,15080
2134420,620,15050,2134430,204,15089
2134440,611,15055,2134450,212,15080
2134460,614,15048,2134470,189,15093
2134480,592,15050,2134490,192,15079
2143000,892,15048,2143010,537,15066
2143020,883,15039,2143030,525,15078
2143040,805,15044,2143050,398,15074
2143060,728,15054,2143070,373,15083
2143080,761,15051,2143090,352,15095
2143100,691,15056,2143110,302,15083
2143120,721,15051,2143130,357,15084
2143140,732,15045,2143150,325,15089
2143160,688,15048,2143170,350,15081
2143180,752,15036,2143190,338,15085
2143200,702,15061,2143210,279,15081
2143220,733,15043,2143230,316,15089
2143240,747,15049,2143250,260,15075
2143260,706,15041,2143270,251,15092
2143280,728,15037,2143290,239,15069
2143300,713,15055,2143310,194,15086
2143320,736,15042,2143330,177,15086
2143340,767,15055,2143350,167,15079
2143360,796,15055,2143370,168,15092
2143380,830,15049,2143390,163,15080
2143400,867,15050,2143410,160,15080
2143420,910,15050,2143430,175,15084
2143440,956,15051,2143450,174,15089
2143460,981,15053,2143470,182,15070
2143480,960,15039,2143490,179,15083
2143500,925,15057,2143510,181,15085
2143520,902,15050,2143530,175,15081
2143540,885,15054,2143550,168,15089
2143560,874,15055,2143570,163,15089
2143580,864,15045,2143590,172,15095
2143600,823,15045,2143610,170,15081
2143620,794,15055,2143630,190,15085
2143640,782,15065,2143650,179,15088
2143660,762,15047,2143670,189,15083
2143680,741,15060,2143690,201,15078
2143700,724,15054,2143710,199,15077
2143720,726,15044,2143730,217,15087
2143740,730,15052,2143750,219,15093
2143760,715,15053,2143770,214,15084
2143780,700,15063,2143790,200,15091
2143800,688,15057,2143810,200,15081
2143820,685,15045,2143830,211,15071
2143840,678,15033,2143850,189,15091
2143860,682,15069,2143870,188,15089
2143880,689,15048,2143890,181,15092
2143900,675,15046,2143910,176,15092
2143920,679,15052,2143930,171,15086
2143940,679,15054,2143950,157,15094
2143960,670,15048,2143970,165,15089
2143980,671,15046,2143990,157,15082
2144000,665,15043,2144010,146,15079
2144020,658,15043,2144030,142,15073
2144040,659,15051,2144050,127,15075
2144060,633,15046,2144070,122,15087
2144080,641,15058,2144090,130,15094
2144100,637,15055,2144110,125,15094
2144120,636,15060,2144130,126,15081
2144140,627,15046,2144150,119,15077
2144160,629,15050,2144170,138,15095
2144180,633,15040,2144190,137,15097
2144200,618,15053,2144210,125,15090
2144220,615,15052,2144230,130,15077
2144240,616,15055,2144250,126,15071
2144260,627,15048,2144270,123,15081
2144280,623,15058,2144290,114,15092
2144300,610,15040,2144310,113,15080
2144320,621,15043,2144330,118,15085
2144340,613,15049,2144350,108,15080
2144360,609,15056,2144370,122,15090
2144380,609,15054,2144390,111,15092
2144400,610,15054,2144410,118,15079
2144420,621,15051,2144430,110,15070
2144440,608,15039,2144450,119,15077
2144460,612,15041,2144470,114,15078
2144480,617,15053,2144490,107,15091
2144500,605,15055,2144510,110,15091
2144520,615,15041,2144530,111,15097
2144540,604,15033,2144550,101,15085
2144560,611,15051,2144570,97,15071
2144580,610,15051,2144590,95,15077
2144600,606,15056,2144610,97,15083
2144620,611,15059,2144630,103,15080
2144640,613,15052,2144650,88,15075
2144660,603,15042,2144670,98,15080
2144680,600,15046,2144690,85,15070
2144700,603,15047,2144710,79,15087
2144720,603,15048,2144730,96,15089
2144740,599,15038,2144750,83,15097
2144760,606,15055,2144770,82,15082
2144780,598,15045,2144790,77,15087
2144800,598,15032,2144810,81,15080
2144820,609,15053,2144830,77,15084
2144840,601,15049,2144850,79,15085
2144860,602,15047,2144870,75,15072
2144880,606,15045,2144890,80,15079
2144900,607,15052,2144910,81,15068
2144920,612,15049,2144930,77,15080
2144940,609,15055,2144950,76,15094
2144960,607,15046,2144970,86,15073
2144980,610,15043,2144990,81,15090
2145000,598,15052,2145010,89,15086
2145020,620,15048,2145030,87,15076
2145040,610,15041,2145050,80,15087
2145060,612,15050,2145070,83,15085
2145080,606,15066,2145090,77,15087
2145100,590,15045,2145110,69,15089
2145120,597,15044,2145130,81,15084
2145140,587,15046,2145150,72,15088
2145160,585,15043,2145170,74,15082
2145180,589,15048,2145190,70,15076
2145200,589,15041,2145210,76,15080
2145220,593,15052,2145230,71,15069
2145240,598,15053,2145250,78,15085
2145260,586,15049,2145270,77,15085
2145280,607,15046,2145290,75,15088
2145300,600,15037,2145310,79,15084
2145320,597,15047,2145330,84,15090
2145340,607,15041,2145350,80,15078
2145360,603,15048,2145370,95,15089
2145380,610,15048,2145390,91,15089
2145400,611,15049,2145410,98,15076
2145420,618,15052,2145430,97,15075
2145440,617,15054,2145450,104,15075
2145460,617,15045,2145470,112,15080
2145480,624,15040,2145490,113,15093
2145500,628,15046,2145510,109,15090
2145520,634,15048,2145530,119,15091
2145540,626,15061,2145550,114,15084
2145560,630,15056,2145570,120,15097
2145580,633,15052,2145590,126,15082
2145600,636,15048,2145610,121,15085
2145620,645,15055,2145630,120,15097
2145640,631,15063,2145650,110,15086
2145660,636,15047,2145670,119,15087
2145680,643,15041,2145690,119,15082
2145700,639,15058,2145710,115,15076
2145720,639,15054,2145730,123,15091
2145740,637,15054,2145750,111,15087
2145760,633,15044,2145770,128,15088
2145780,648,15057,2145790,118,15087
2145800,637,15044,2145810,124,15069
2145820,646,15042,2145830,122,15079
2145840,638,15042,2145850,105,15072
2145860,633,15041,2145870,130,15087
2145880,633,15048,2145890,120,15083
2145900,634,15047,2145910,120,15085
2145920,635,15049,2145930,121,15086
2145940,642,15069,2145950,109,15083
2145960,643,15052,2145970,113,15086
2145980,643,15049,2145990,114,15082
2146000,632,15057,2146010,112,15083
2146020,644,15040,2146030,116,15076
2146040,646,15039,2146050,111,15095
2146060,640,15051,2146070,124,15090
2146080,650,15046,2146090,114,15083
2146100,637,15052,2146110,113,15095
2146120,646,15046,2146130,118,15088
2146140,642,15052,2146150,105,15089
2146160,643,15049,2146170,125,15078
2146180,644,15044,2146190,111,15081
2146200,634,15057,2146210,121,15072
2146220,648,15069,2146230,112,15098
2146240,641,15064,2146250,105,15089
2146260,645,15049,2146270,116,15086
2146280,642,15049,2146290,118,15074
2146300,638,15047,2146310,106,15089
2146320,645,15062,2146330,117,15091
2146340,640,15045,2146350,116,15082
2146360,648,15052,2146370,120,15096
2146380,646,15058,2146390,112,15090
2146400,638,15059,2146410,113,15077
2146420,646,15047,2146430,115,15077
2146440,647,15047,2146450,111,15096
2146460,646,15044,2146470,111,15088
2146480,651,15049,2146490,115,15083
2146500,644,15052,2146510,112,15086
2146520,648,15050,2146530,114,15085
2146540,646,15052,2146550,105,15086
2146560,644,15062,2146570,120,15079
2146580,642,15042,2146590,109,15082
2146600,644,15049,2146610,109,15087
2146620,638,15047,2146630,111,15080
2146640,641,15056,2146650,99,15085
2146660,642,15047,2146670,119,15092
2146680,648,15046,2146690,111,15092
2146700,640,15045,2146710,116,15083
2146720,644,15029,2146730,111,15079
2146740,641,15043,2146750,101,15069
2146760,642,15041,2146770,112,15083
2146780,643,15049,2146790,103,15087
2146800,643,15048,2146810,104,15089
2146820,642,15054,2146830,108,15079
2146840,638,15043,2146850,102,15092
2146860,647,15060,2146870,102,15085
2146880,646,15051,2146890,99,15084
2146900,645,15048,2146910,106,15078
2146920,651,15044,2146930,101,15086
2146940,644,15041,2146950,88,15076
2146960,647,15044,2146970,103,15069
2146980,649,15041,2146990,94,15072
2147000,653,15047,2147010,96,15086
2147020,654,15054,2147030,94,15085
2147040,653,15049,2147050,89,15080
2147060,651,15047,2147070,96,15091
2147080,648,15057,2147090,89,15096
2147100,660,15049,2147110,93,15082
2147120,652,15047,2147130,89,15078
2147140,664,15049,2147150,88,15094
2147160,669,15052,2147170,87,15077
2147180,656,15044,2147190,87,15085
2147200,657,15045,2147210,94,15076
2147220,664,15049,2147230,84,15085
2147240,649,15058,2147250,71,15084
2147260,660,15050,2147270,80,15089
2147280,656,15049,2147290,74,15089
2147300,654,15049,2147310,75,15083
2147320,658,15048,2147330,80,15090
2147340,656,15052,2147350,71,15078
2147360,659,15040,2147370,79,15078
2147380,658,15036,2147390,71,15080
2147400,649,15046,2147410,69,15082
2147420,658,15051,2147430,66,15082
2147440,660,15051,2147450,69,15084
2147460,663,15051,2147470,69,15070
2147480,655,15051,2147490,69,15087
2147500,660,15046,2147510,72,15087
2147520,663,15048,2147530,70,15088
2147540,655,15054,2147550,67,15088
2147560,647,15044,2147570,72,15066
2147580,662,15030,2147590,67,15094
2147600,655,15042,2147610,68,15088
2147620,665,15040,2147630,67,15086
2147640,666,15055,2147650,64,15091
2147660,657,15040,2147670,68,15077
2147680,659,15044,2147690,64,15069
2147700,656,15047,2147710,64,15081
2147720,662,15044,2147730,58,15070
2147740,659,15046,2147750,60,15079
2147760,665,15045,2147770,69,15085
2147780,665,15036,2147790,63,15082
2147800,659,15047,2147810,60,15084
2147820,661,15044,2147830,72,15084
2147840,671,15051,2147850,64,15085
2147860,676,15056,2147870,71,15095
2147880,662,15030,2147890,65,15087
2147900,667,15040,2147910,63,15098
2147920,676,15054,2147930,64,15082
2147940,664,15046,2147950,59,15082
2147960,666,15052,2147970,70,15088
2147980,675,15049,2147990,66,15076
2154000,705,15043,2154010,119,15080
2154020,714,15057,2154030,104,15077
2154040,734,15047,2154050,107,15097
2154060,734,15055,2154070,97,15083
2154080,720,15043,2154090,105,15086
2154100,733,15049,2154110,97,15082
2154120,721,15042,2154130,94,15083
2154140,731,15049,2154150,102,15080
2154160,739,15044,2154170,100,15088
2154180,732,15051,2154190,88,15084
2154200,733,15043,2154210,92,15083
2154220,743,15044,2154230,89,15082
2154240,738,15046,2154250,103,15088
2154260,744,15040,2154270,86,15081
2154280,733,15038,2154290,97,15083
2154300,738,15041,2154310,102,15086
2154320,748,15049,2154330,87,15092
2154340,744,15039,2154350,93,15085
2154360,744,15041,2154370,89,15081
2154380,748,15049,2154390,98,15086
2154400,752,15038,2154410,97,15083
2154420,748,15039,2154430,91,15086
2154440,745,15039,2154450,97,15080
2154460,756,15045,2154470,93,15080
2154480,748,15037,2154490,90,15085
2154500,745,15050,2154510,93,15079
2154520,754,15039,2154530,92,15085
2154540,746,15037,2154550,97,15083
2154560,752,15039,2154570,98,15079
2154580,748,15047,2154590,94,15078
2154600,752,15037,2154610,94,15077
2154620,747,15058,2154630,89,15078
2154640,761,15054,2154650,100,15092
2154660,750,15042,2154670,95,15078
2154680,742,15040,2154690,100,15074
2154700,751,15033,2154710,111,15090
2154720,753,15052,2154730,114,15097
2154740,749,15050,2154750,147,15079
2154760,687,15045,2154770,190,15082
2154780,673,15044,2154790,263,15082
2154800,709,15047,2154810,332,15093
2154820,696,15048,2154830,316,15079
2154840,728,15057,2154850,451,15079
2154860,806,15051,2154870,469,15081
2154880,796,15053,2154890,534,15087
2154900,914,15046,2154910,613,15075
2154920,930,15047,2154930,614,15083
2154940,1008,15032,2154950,782,15075
2154960,1135,15058,2154970,820,15085
2154980,1131,15049,2154990,870,15074
2155000,1226,15041,2155010,915,15081
2155020,1185,15029,2155030,861,15079
2155040,1224,15039,2155050,958,15084
2155060,1225,15048,2155070,861,15082
2155080,1119,15036,2155090,827,15090
2155100,1152,15057,2155110,806,15102
2155120,1088,15042,2155130,764,15072
2155140,1148,15052,2155150,880,15085
2155160,1169,15055,2155170,802,15093
2155180,1101,15048,2155190,820,15091
2155200,1182,15054,2155210,855,15089
2155220,1131,15045,2155230,788,15081
2155240,1172,15048,2155250,898,15090
2155260,1184,15055,2155270,859,15069
2155280,1137,15045,2155290,891,15085
2155300,1262,15059,2155310,923,15099
2155320,1203,15064,2155330,872,15098
2155340,1246,15047,2155350,951,15098
2155360,1247,15047,2155370,896,15099
2155380,1195,15052,2155390,941,15088
2155400,1277,15042,2155410,940,15087
2155420,1209,15044,2155430,889,15083
2155440,1241,15037,2155450,982,15087
2155460,1259,15051,2155470,929,15083
2155480,1204,15048,2155490,950,15083
2155500,1289,15042,2155510,934,15073
2155520,1214,15044,2155530,875,15077
2155540,1245,15040,2155550,978,15064
2155560,1247,15041,2155570,911,15062
2155580,1199,15043,2155590,946,15075
2155600,1288,15054,2155610,938,15087
2155620,1222,15054,2155630,889,15089
2155640,1251,15047,2155650,968,15090
2155660,1267,15044,2155670,905,15096
2155680,1202,15045,2155690,949,15079
2155700,1283,15053,2155710,948,15083
2155720,1209,15048,2155730,878,15086
2155740,1265,15047,2155750,976,15090
2155760,1268,15050,2155770,917,15088
2155780,1188,15056,2155790,960,15080
2155800,1296,15054,2155810,968,15094
2155820,1220,15049,2155830,898,15089
2155840,1257,15051,2155850,980,15091
2155860,1229,15043,2155870,923,15080
2155880,1199,15049,2155890,956,15092
2155900,1293,15041,2155910,943,15076
2155920,1217,15041,2155930,885,15090
2155940,1266,15049,2155950,969,15081
2155960,1246,15038,2155970,902,15075
2155980,1194,15034,2155990,948,15089
2156000,1278,15045,2156010,932,15087
2156020,1199,15049,2156030,881,15084
2156040,1237,15047,2156050,958,15073
2156060,1232,15036,2156070,895,15084
2156080,1194,15046,2156090,931,15080
2156100,1267,15052,2156110,922,15085
2156120,1205,15050,2156130,878,15091
2156140,1236,15051,2156150,934,15079
2156160,1227,15041,2156170,884,15082
2156180,1177,15053,2156190,930,15086
2156200,1257,15046,2156210,922,15083
2156220,1174,15058,2156230,866,15089
2156240,1235,15032,2156250,943,15092
2156260,1221,15051,2156270,863,15071
2156280,1179,15043,2156290,932,15083
2156300,1253,15051,2156310,906,15084
2156320,1190,15051,2156330,871,15091
2156340,1231,15040,2156350,929,15076
2156360,1212,15047,2156370,877,15086
2156380,1176,15061,2156390,919,15094
2156400,1250,15040,2156410,907,15078
2156420,1185,15050,2156430,859,15076
2156440,1206,15042,2156450,928,15075
2156460,1214,15030,2156470,862,15066
2156480,1165,15037,2156490,914,15084
2156500,1250,15047,2156510,894,15072
2156520,1168,15049,2156530,869,15067
2156540,1227,15051,2156550,921,15072
2156560,1216,15044,2156570,865,15086
2156580,1174,15048,2156590,923,15097
2156600,1241,15053,2156610,910,15077
2156620,1166,15047,2156630,851,15078
2156640,1241,15026,2156650,935,15071
2156660,1207,15043,2156670,860,15079
2156680,1180,15044,2156690,921,15096
2156700,1278,15046,2156710,888,15087
2156720,1171,15042,2156730,871,15073
2156740,1230,15049,2156750,931,15085
2156760,1211,15046,2156770,862,15082
2156780,1168,15052,2156790,935,15071
2156800,1236,15046,2156810,895,15074
2156820,1177,15048,2156830,883,15080
2156840,1233,15044,2156850,945,15082
2156860,1213,15052,2156870,870,15090
2156880,1179,15050,2156890,930,15078
2156900,1230,15051,2156910,905,15089
2156920,1176,15052,2156930,881,15098
2156940,1239,15055,2156950,941,15087
2156960,1210,15042,2156970,863,15084
2156980,1184,15053,2156990,932,15091
2157000,1239,15035,2157010,900,15085
2157020,1170,15043,2157030,866,15069
2157040,1241,15058,2157050,932,15086
2157060,1214,15046,2157070,863,15082
2157080,1177,15043,2157090,925,15086
2157100,1253,15063,2157110,908,15091
2157120,1192,15047,2157130,878,15077
2157140,1240,15056,2157150,938,15081
2157160,1218,15047,2157170,862,15086
2157180,1173,15048,2157190,936,15091
2157200,1245,15040,2157210,905,15070
2157220,1174,15058,2157230,875,15085
2157240,1236,15039,2157250,933,15079
2157260,1209,15051,2157270,868,15095
2157280,1191,15049,2157290,942,15093
2157300,1241,15046,2157310,895,15090
2157320,1164,15049,2157330,876,15081
2157340,1246,15043,2157350,931,15088
2157360,1209,15051,2157370,860,15086
2157380,1180,15052,2157390,938,15087
2157400,1246,15044,2157410,907,15068
2157420,1171,15049,2157430,891,15074
2157440,1247,15041,2157450,930,15071
2157460,1211,15041,2157470,866,15084
2157480,1194,15045,2157490,930,15090
2157500,1250,15050,2157510,897,15079
2157520,1173,15059,2157530,894,15074
2157540,1243,15047,2157550,932,15065
2157560,1207,15057,2157570,867,15081
2157580,1201,15041,2157590,937,15085
2157600,1252,15045,2157610,904,15092
2157620,1180,15049,2157630,878,15077
2157640,1240,15049,2157650,928,15079
2157660,1205,15032,2157670,840,15072
2157680,1193,15031,2157690,927,15076
2157700,1239,15050,2157710,905,15085
2157720,1173,15037,2157730,885,15090
2157740,1246,15056,2157750,923,15090
2157760,1205,15049,2157770,854,15092
2157780,1195,15049,2157790,941,15082
2157800,1220,15052,2157810,895,15089
2157820,1156,15049,2157830,896,15082
2157840,1236,15050,2157850,930,15086
2157860,1205,15051,2157870,848,15091
2157880,1185,15041,2157890,944,15070
2157900,1248,15034,2157910,901,15089
2157920,1170,15043,2157930,881,15082
2157940,1243,15054,2157950,939,15086
2157960,1179,15049,2157970,861,15076
2157980,1202,15039,2157990,949,15078
2158000,1234,15050,2158010,896,15082
2158020,1161,15047,2158030,878,15076
2158040,1241,15038,2158050,918,15088
2158060,1184,15051,2158070,869,15082
2158080,1210,15053,2158090,920,15078
2158100,1234,15045,2158110,888,15085
2158120,1171,15050,2158130,897,15080
2158140,1243,15055,2158150,925,15088
2158160,1198,15065,2158170,863,15094
2158180,1189,15043,2158190,926,15074
2158200,1236,15046,2158210,892,15071
2158220,1163,15041,2158230,885,15086
2158240,1242,15057,2158250,921,15087
2158260,1209,15044,2158270,849,15063
2158280,1207,15049,2158290,940,15083
2158300,1236,15035,2158310,877,15078
2158320,1159,15045,2158330,887,15078
2158340,1246,15046,2158350,939,15090
2158360,1206,15035,2158370,865,15089
2158380,1187,15050,2158390,943,15090
2158400,1235,15057,2158410,889,15085
2158420,1164,15050,2158430,895,15079
2158440,1255,15046,2158450,916,15061
2158460,1200,15033,2158470,866,15087
2158480,1198,15050,2158490,945,15091
2158500,1232,15045,2158510,891,15093
2158520,1160,15057,2158530,887,15080
2158540,1260,15047,2158550,929,15088
2158560,1196,15036,2158570,850,15083
2158580,1223,15052,2158590,941,15098
2158600,1229,15047,2158610,887,15084
2158620,1175,15057,2158630,883,15086
2158640,1277,15050,2158650,923,15080
2158660,1198,15038,2158670,849,15086
2158680,1206,15055,2158690,936,15070
2158700,1222,15052,2158710,908,15077
2158720,1175,15047,2158730,903,15076
2158740,1254,15056,2158750,930,15086
2158760,1186,15053,2158770,865,15086
2158780,1222,15053,2158790,933,15085
2158800,1245,15056,2158810,893,15090
2158820,1169,15059,2158830,904,15079
2158840,1264,15043,2158850,916,15081
2158860,1208,15049,2158870,860,15084
2158880,1215,15045,2158890,948,15083
2158900,1221,15036,2158910,864,15072
2158920,1172,15052,2158930,913,15081
2158940,1249,15044,2158950,915,15079
2158960,1199,15040,2158970,852,15091
2158980,1216,15053,2158990,955,15071
2159000,1230,15046,2159010,881,15092
2159020,1176,15046,2159030,900,15087
2159040,1254,15057,2159050,924,15083
2159060,1218,15042,2159070,868,15091
2159080,1217,15042,2159090,944,15082
2159100,1238,15049,2159110,886,15081
2159120,1179,15040,2159130,929,15090
2159140,1259,15059,2159150,912,15089
2159160,1192,15058,2159170,864,15081
2159180,1231,15042,2159190,957,15083
2159200,1230,15041,2159210,896,15074
2159220,1190,15037,2159230,906,15082
2159240,1255,15041,2159250,909,15077
2159260,1176,15046,2159270,855,15091
2159280,1220,15040,2159290,961,15077
2159300,1241,15052,2159310,901,15087
2159320,1181,15041,2159330,901,15093
2159340,1256,15052,2159350,952,15086
2159360,1199,15052,2159370,862,15090
2159380,1226,15060,2159390,948,15073
2159400,1237,15048,2159410,883,15085
2159420,1169,15049,2159430,913,15090
2159440,1273,15047,2159450,917,15081
2159460,1202,15049,2159470,868,15083
2159480,1238,15032,2159490,943,15089
2165500,1176,15050,2165510,880,15088
2165520,1255,15054,2165530,941,15073
2165540,1207,15054,2165550,856,15075
2165560,1187,15049,2165570,937,15087
2165580,1244,15034,2165590,894,15089
2165600,1174,15060,2165610,863,15084
2165620,1251,15058,2165630,932,15075
2165640,1218,15055,2165650,873,15091
2165660,1204,15055,2165670,935,15096
2165680,1240,15048,2165690,900,15103
2165700,1162,15060,2165710,884,15082
2165720,1222,15060,2165730,930,15101
2165740,1225,15049,2165750,890,15089
2165760,1197,15046,2165770,937,15091
2165780,1241,15062,2165790,898,15094
2165800,1185,15042,2165810,877,15097
2165820,1246,15057,2165830,936,15100
2165840,1208,15047,2165850,869,15092
2165860,1189,15050,2165870,943,15090
2165880,1239,15052,2165890,908,15094
2165900,1170,15052,2165910,880,15082
2165920,1256,15068,2165930,942,15079
2165940,1215,15043,2165950,867,15083
2165960,1198,15062,2165970,942,15090
2165980,1250,15046,2165990,904,15094
2166000,1181,15052,2166010,870,15081
2166020,1233,15057,2166030,943,15080
2166040,1214,15045,2166050,870,15081
2166060,1190,15050,2166070,950,15100
2166080,1239,15047,2166090,907,15083
2166100,1169,15048,2166110,898,15085
2166120,1242,15054,2166130,927,15098
2166140,1199,15050,2166150,864,15069
2166160,1197,15059,2166170,952,15089
2166180,1240,15040,2166190,906,15083
2166200,1178,15045,2166210,886,15093
2166220,1258,15056,2166230,929,15087
2166240,1212,15050,2166250,857,15084
2166260,1197,15051,2166270,936,15097
2166280,1261,15045,2166290,894,15096
2166300,1156,15054,2166310,894,15091
2166320,1241,15063,2166330,945,15092
2166340,1207,15054,2166350,859,15098
2166360,1205,15060,2166370,927,15089
2166380,1237,15045,2166390,905,15090
2166400,1180,15064,2166410,892,15081
2166420,1257,15060,2166430,907,15089
2166440,1206,15036,2166450,862,15082
2166460,1205,15050,2166470,948,15089
2166480,1242,15053,2166490,890,15085
2166500,1172,15050,2166510,888,15087
2166520,1263,15045,2166530,940,15081
2166540,1209,15061,2166550,872,15078
2166560,1208,15046,2166570,944,15071
2166580,1240,15047,2166590,880,15100
2166600,1167,15042,2166610,888,15084
2166620,1244,15050,2166630,946,15083
2166640,1212,15051,2166650,875,15081
2166660,1201,15056,2166670,940,15085
2166680,1234,15052,2166690,892,15088
2166700,1170,15057,2166710,893,15090
2166720,1219,15070,2166730,925,15070
2166740,1205,15052,2166750,862,15084
2166760,1208,15053,2166770,940,15079
2166780,1240,15046,2166790,898,15085
2166800,1169,15042,2166810,910,15087
2166820,1265,15053,2166830,927,15084
2166840,1213,15053,2166850,854,15100
2166860,1214,15048,2166870,940,15098
2166880,1240,15044,2166890,893,15074
2166900,1173,15047,2166910,907,15086
2166920,1244,15040,2166930,935,15067
2166940,1202,15038,2166950,855,15082
2166960,1203,15060,2166970,949,15098
2166980,1238,15043,2166990,893,15089
2167000,1169,15045,2167010,888,15099
2167020,1263,15061,2167030,940,15094
2167040,1207,15051,2167050,867,15091
2167060,1215,15049,2167070,956,15083
2167080,1243,15057,2167090,900,15076
2167100,1184,15044,2167110,898,15090
2167120,1261,15061,2167130,938,15096
2167140,1196,15057,2167150,863,15093
2167160,1200,15056,2167170,948,15086
2167180,1243,15054,2167190,884,15079
2167200,1165,15049,2167210,901,15079
2167220,1255,15052,2167230,923,15083
2167240,1196,15039,2167250,862,15089
2167260,1216,15041,2167270,954,15090
2167280,1228,15049,2167290,895,15089
2167300,1152,15047,2167310,911,15078
2167320,1254,15050,2167330,933,15071
2167340,1200,15044,2167350,871,15093
2167360,1201,15051,2167370,956,15083
2167380,1239,15041,2167390,891,15093
2167400,1170,15042,2167410,915,15090
2167420,1268,15052,2167430,925,15084
2167440,1201,15038,2167450,859,15077
2167460,1221,15057,2167470,949,15091
2167480,1226,15055,2167490,883,15082
2167500,1173,15051,2167510,907,15098
2167520,1257,15056,2167530,941,15083
2167540,1195,15053,2167550,862,15080
2167560,1226,15048,2167570,956,15080
2167580,1226,15053,2167590,878,15091
2167600,1161,15047,2167610,904,15085
2167620,1259,15044,2167630,914,15090
2167640,1202,15049,2167650,875,15086
2167660,1218,15054,2167670,945,15092
2167680,1232,15045,2167690,882,15091
2167700,1164,15051,2167710,908,15095
2167720,1264,15047,2167730,927,15069
2167740,1184,15035,2167750,862,15084
2167760,1226,15047,2167770,951,15093
2167780,1228,15056,2167790,877,15096
2167800,1170,15052,2167810,923,15087
2167820,1264,15060,2167830,916,15085
2167840,1187,15056,2167850,872,15088
2167860,1242,15055,2167870,947,15087
2167880,1226,15052,2167890,880,15092
2167900,1179,15038,2167910,921,15090
2167920,1274,15052,2167930,915,15080
2167940,1208,15056,2167950,867,15090
2167960,1226,15039,2167970,960,15090
2167980,1234,15044,2167990,893,15076
2168000,1181,15043,2168010,919,15076
2168020,1275,15050,2168030,934,15084
2168040,1189,15050,2168050,854,15095
2168060,1225,15049,2168070,948,15089
2168080,1240,15034,2168090,877,15077
2168100,1173,15042,2168110,927,15093
2168120,1261,15055,2168130,920,15080
2168140,1222,15053,2168150,859,15097
2168160,1228,15053,2168170,939,15083
2168180,1239,15046,2168190,882,15086
2168200,1174,15052,2168210,923,15086
2168220,1268,15041,2168230,925,15092
2168240,1198,15048,2168250,860,15090
2168260,1241,15036,2168270,972,15076
2168280,1236,15059,2168290,899,15088
2168300,1174,15039,2168310,927,15083
2168320,1256,15052,2168330,916,15090
2168340,1188,15053,2168350,873,15088
2168360,1237,15055,2168370,951,15069
2168380,1231,15058,2168390,881,15082
2168400,1178,15055,2168410,926,15087
2168420,1251,15035,2168430,935,15085
2168440,1191,15051,2168450,864,15085
2168460,1236,15055,2168470,943,15093
2168480,1236,15048,2168490,895,15082
2168500,1172,15051,2168510,946,15076
2168520,1265,15052,2168530,914,15085
2168540,1217,15043,2168550,856,15095
2168560,1251,15041,2168570,962,15075
2168580,1230,15037,2168590,888,15091
2168600,1186,15046,2168610,942,15075
2168620,1265,15048,2168630,918,15074
2168640,1177,15037,2168650,879,15089
2168660,1240,15048,2168670,935,15097
2168680,1239,15050,2168690,879,15088
2168700,1175,15055,2168710,940,15091
2168720,1266,15048,2168730,921,15084
2168740,1201,15050,2168750,881,15082
2168760,1246,15052,2168770,953,15096
2168780,1220,15054,2168790,880,15082
2168800,1179,15055,2168810,925,15101
2168820,1251,15055,2168830,911,15091
2168840,1188,15045,2168850,897,15098
2168860,1239,15054,2168870,953,15093
2168880,1226,15056,2168890,880,15098
2168900,1191,15052,2168910,923,15083
2168920,1254,15038,2168930,917,15084
2168940,1193,15037,2168950,875,15094
2168960,1255,15056,2168970,945,15088
2168980,1226,15052,2168990,879,15079
2169000,1190,15031,2169010,942,15087
2169020,1253,15047,2169030,914,15081
2169040,1191,15059,2169050,882,15082
2169060,1247,15056,2169070,946,15083
2169080,1220,15044,2169090,888,15083
2169100,1177,15047,2169110,912,15084
2169120,1255,15038,2169130,916,15078
2169140,1194,15059,2169150,874,15082
2169160,1248,15030,2169170,951,15084
2169180,1228,15032,2169190,877,15085
2169200,1194,15053,2169210,929,15075
2169220,1253,15033,2169230,914,15086
2169240,1185,15036,2169250,876,15079
2169260,1244,15039,2169270,945,15071
2169280,1236,15046,2169290,870,15083
2169300,1177,15042,2169310,935,15089
2169320,1255,15041,2169330,905,15074
2169340,1189,15045,2169350,880,15094
2169360,1241,15038,2169370,940,15090
2169380,1237,15047,2169390,869,15086
2169400,1165,15061,2169410,935,15081
2169420,1240,15051,2169430,911,15088
2169440,1199,15051,2169450,874,15070
2169460,1242,15043,2169470,951,15072
2169480,1220,15039,2169490,873,15081
2169500,1199,15041,2169510,930,15086
2169520,1257,15048,2169530,900,15083
2169540,1175,15049,2169550,887,15075
2169560,1251,15055,2169570,929,15092
2169580,1224,15054,2169590,871,15098
2169600,1194,15051,2169610,932,15083
2169620,1233,15047,2169630,909,15093
2169640,1183,15062,2169650,886,15092
2169660,1244,15046,2169670,950,15088
2169680,1226,15059,2169690,862,15100
2169700,1186,15063,2169710,929,15096
2169720,1262,15066,2169730,900,15100
2169740,1183,15044,2169750,884,15080
2169760,1247,15048,2169770,949,15087
2169780,1221,15053,2169790,872,15092
2169800,1197,15049,2169810,939,15090
2169820,1244,15037,2169830,920,15074
2169840,1182,15043,2169850,889,15083
2169860,1257,15044,2169870,945,15091
2169880,1221,15047,2169890,868,15083
2169900,1186,15043,2169910,933,15085
2169920,1249,15052,2169930,909,15073
2169940,1204,15058,2169950,898,15076
2169960,1248,15045,2169970,949,15102
2169980,1196,15037,2169990,884,15101
2170000,1197,15040,2170010,934,15090
2170020,1246,15052,2170030,906,15087
2170040,1180,15043,2170050,895,15083
2170060,1258,15055,2170070,933,15076
2170080,1220,15042,2170090,872,15094
2170100,1184,15053,2170110,902,15095
2170120,1246,15047,2170130,900,15096
2170140,1163,15062,2170150,885,15087
2170160,1239,15045,2170170,931,15089
2170180,1225,15043,2170190,865,15095
2170200,1195,15049,2170210,936,15082
2170220,1248,15047,2170230,914,15065
2170240,1185,15035,2170250,879,15083
2170260,1240,15048,2170270,940,15084
2170280,1215,15065,2170290,865,15088
2170300,1194,15066,2170310,930,15077
2170320,1233,15052,2170330,894,15087
2170340,1160,15047,2170350,863,15093
2170360,1214,15056,2170370,908,15084
2170380,1183,15055,2170390,819,15094
2170400,1131,15049,2170410,876,15090
2170420,1192,15054,2170430,833,15092
2170440,1083,15047,2170450,784,15088
2170460,1135,15051,2170470,804,15094
2170480,1072,15043,2170490,707,15080
2170500,1008,15045,2170510,734,15062
2170520,1026,15037,2170530,700,15077
2170540,965,15043,2170550,676,15082
2170560,1049,15043,2170570,753,15061
2170580,1043,15052,2170590,702,15087
2170600,1063,15035,2170610,826,15081
2170620,1173,15048,2170630,865,15071
2170640,1163,15054,2170650,915,15090
2170660,1290,15051,2170670,984,15081
2170680,1247,15059,2170690,904,15068
2170700,1269,15045,2170710,1009,15083
2170720,1320,15047,2170730,973,15081
2170740,1246,15055,2170750,973,15083
2170760,1330,15052,2170770,1019,15083
2170780,1285,15045,2170790,955,15080
2170800,1287,15047,2170810,1023,15087
2170820,1321,15048,2170830,980,15091
2170840,1256,15054,2170850,976,15083
2170860,1337,15047,2170870,1018,15084
2170880,1309,15053,2170890,940,15079
2170900,1294,15035,2170910,1034,15081
2170920,1334,15043,2170930,993,15087
2170940,1258,15047,2170950,1017,15091
2170960,1332,15062,2170970,1021,15076
2170980,1309,15055,2170990,954,15087
2177000,1254,15041,2177010,919,15082
2177020,1191,15031,2177030,855,15084
2177040,1193,15046,2177050,935,15078
2177060,1247,15059,2177070,882,15090
2177080,1154,15041,2177090,898,15090
2177100,1247,15043,2177110,911,15073
2177120,1182,15049,2177130,845,15095
2177140,1193,15043,2177150,937,15084
2177160,1216,15055,2177170,884,15082
2177180,1168,15052,2177190,918,15078
2177200,1242,15044,2177210,901,15090
2177220,1172,15056,2177230,834,15088
2177240,1195,15047,2177250,948,15067
2177260,1227,15048,2177270,887,15079
2177280,1156,15039,2177290,903,15076
2177300,1247,15048,2177310,927,15090
2177320,1185,15050,2177330,857,15081
2177340,1189,15051,2177350,934,15081
2177360,1225,15039,2177370,877,15083
2177380,1158,15044,2177390,894,15081
2177400,1240,15048,2177410,916,15101
2177420,1198,15049,2177430,860,15083
2177440,1203,15055,2177450,926,15083
2177460,1234,15044,2177470,869,15073
2177480,1159,15049,2177490,894,15082
2177500,1244,15040,2177510,918,15080
2177520,1187,15054,2177530,858,15087
2177540,1200,15040,2177550,936,15082
2177560,1210,15045,2177570,880,15077
2177580,1154,15046,2177590,893,15074
2177600,1231,15058,2177610,924,15098
2177620,1188,15043,2177630,842,15098
2177640,1203,15053,2177650,934,15096
2177660,1221,15057,2177670,869,15090
2177680,1149,15050,2177690,892,15084
2177700,1246,15054,2177710,909,15078
2177720,1177,15049,2177730,848,15081
2177740,1186,15044,2177750,911,15071
2177760,1220,15055,2177770,884,15072
2177780,1152,15030,2177790,893,15074
2177800,1237,15046,2177810,909,15081
2177820,1180,15039,2177830,850,15079
2177840,1200,15052,2177850,930,15093
2177860,1200,15044,2177870,853,15089
2177880,1151,15059,2177890,890,15094
2177900,1239,15054,2177910,899,15081
2177920,1170,15042,2177930,833,15081
2177940,1201,15033,2177950,917,15079
2177960,1210,15043,2177970,855,15077
2177980,1141,15046,2177990,891,15080
2178000,1232,15037,2178010,910,15071
2178020,1177,15050,2178030,831,15083
2178040,1204,15055,2178050,919,15074
2178060,1222,15043,2178070,865,15078
2178080,1140,15051,2178090,892,15084
2178100,1232,15054,2178110,910,15075
2178120,1172,15046,2178130,833,15082
2178140,1210,15054,2178150,918,15082
2178160,1179,15056,2178170,866,15084
2178180,1148,15043,2178190,892,15087
2178200,1236,15045,2178210,893,15076
2178220,1168,15038,2178230,841,15080
2178240,1201,15043,2178250,923,15088
2178260,1213,15047,2178270,859,15079
2178280,1137,15048,2178290,886,15074
2178300,1233,15050,2178310,896,15095
2178320,1178,15059,2178330,830,15078
2178340,1200,15054,2178350,924,15084
2178360,1203,15056,2178370,865,15092
2178380,1132,15057,2178390,905,15099
2178400,1223,15050,2178410,909,15087
2178420,1161,15057,2178430,837,15084
2178440,1203,15044,2178450,906,15091
2178460,1219,15046,2178470,867,15079
2178480,1148,15045,2178490,896,15099
2178500,1229,15054,2178510,902,15093
2178520,1171,15045,2178530,835,15091
2178540,1206,15052,2178550,926,15097
2178560,1209,15056,2178570,864,15085
2178580,1146,15047,2178590,893,15075
2178600,1242,15056,2178610,909,15082
2178620,1158,15056,2178630,850,15069
2178640,1196,15047,2178650,919,15080
2178660,1207,15044,2178670,855,15086
2178680,1145,15048,2178690,892,15085
2178700,1240,15053,2178710,909,15089
2178720,1167,15049,2178730,833,15083
2178740,1207,15052,2178750,933,15096
2178760,1216,15060,2178770,855,15077
2178780,1148,15041,2178790,890,15089
2178800,1237,15042,2178810,881,15083
2178820,1174,15046,2178830,832,15089
2178840,1234,15048,2178850,925,15092
2178860,1198,15041,2178870,862,15088
2178880,1159,15047,2178890,901,15088
2178900,1219,15042,2178910,891,15081
2178920,1166,15061,2178930,836,15081
2178940,1212,15048,2178950,936,15086
2178960,1224,15044,2178970,860,15095
2178980,1156,15049,2178990,895,15084
2179000,1262,15043,2179010,887,15086
2179020,1178,15058,2179030,833,15082
2179040,1204,15051,2179050,920,15083
2179060,1205,15052,2179070,857,15078
2179080,1159,15056,2179090,900,15081
2179100,1242,15047,2179110,888,15080
2179120,1157,15042,2179130,874,15095
2179140,1201,15047,2179150,918,15087
2179160,1202,15046,2179170,857,15084
2179180,1149,15055,2179190,897,15087
2179200,1235,15048,2179210,893,15083
2179220,1165,15053,2179230,851,15087
2179240,1213,15054,2179250,918,15096
2179260,1199,15046,2179270,868,15092
2179280,1142,15055,2179290,909,15085
2179300,1238,15047,2179310,882,15075
2179320,1174,15048,2179330,843,15098
2179340,1209,15049,2179350,930,15089
2179360,1197,15041,2179370,863,15082
2179380,1149,15034,2179390,880,15078
2179400,1217,15047,2179410,902,15073
2179420,1159,15044,2179430,848,15076
2179440,1212,15040,2179450,924,15089
2179460,1203,15062,2179470,849,15099
2179480,1155,15038,2179490,918,15083
2179500,1227,15055,2179510,898,15083
2179520,1160,15044,2179530,853,15083
2179540,1213,15054,2179550,930,15086
2179560,1209,15051,2179570,858,15086
2179580,1158,15054,2179590,904,15088
2179600,1229,15047,2179610,881,15090
2179620,1169,15060,2179630,839,15093
2179640,1211,15058,2179650,920,15094
2179660,1205,15051,2179670,848,15089
2179680,1138,15053,2179690,916,15093
2179700,1234,15062,2179710,891,15082
2179720,1167,15048,2179730,844,15086
2179740,1216,15058,2179750,912,15089
2179760,1200,15047,2179770,843,15081
2179780,1159,15047,2179790,908,15076
2179800,1235,15033,2179810,868,15085
2179820,1160,15056,2179830,857,15066
2179840,1210,15042,2179850,917,15088
2179860,1199,15051,2179870,849,15084
2179880,1162,15038,2179890,898,15081
2179900,1220,15050,2179910,897,15077
2179920,1157,15042,2179930,844,15079
2179940,1216,15055,2179950,924,15074
2179960,1203,15048,2179970,840,15084
2179980,1166,15053,2179990,900,15088
2180000,1225,15048,2180010,901,15096
2180020,1160,15047,2180030,851,15095
2180040,1224,15059,2180050,916,15092
2180060,1211,15071,2180070,854,15090
2180080,1163,15052,2180090,908,15078
2180100,1205,15054,2180110,884,15080
2180120,1164,15043,2180130,861,15090
2180140,1216,15050,2180150,925,15100
2180160,1198,15056,2180170,851,15094
2180180,1157,15064,2180190,898,15089
2180200,1234,15052,2180210,899,15093
2180220,1153,15044,2180230,845,15086
2180240,1220,15053,2180250,915,15093
2180260,1190,15050,2180270,851,15102
2180280,1173,15044,2180290,899,15082
2180300,1233,15056,2180310,893,15065
2180320,1165,15048,2180330,848,15097
2180340,1208,15051,2180350,920,15091
2180360,1203,15056,2180370,868,15108
2180380,1154,15060,2180390,898,15089
2180400,1225,15055,2180410,891,15078
2180420,1168,15045,2180430,845,15082
2180440,1222,15052,2180450,935,15085
2180460,1191,15057,2180470,847,15070
2180480,1147,15056,2180490,908,15101
2180500,1225,15041,2180510,900,15087
2180520,1159,15047,2180530,852,15094
2180540,1212,15050,2180550,921,15088
2180560,1182,15038,2180570,851,15086
2180580,1160,15056,2180590,901,15075
2180600,1221,15042,2180610,886,15067
2180620,1156,15040,2180630,857,15094
2180640,1217,15053,2180650,937,15093
2180660,1197,15051,2180670,843,15079
2180680,1160,15057,2180690,919,15084
2180700,1223,15058,2180710,899,15096
2180720,1146,15059,2180730,866,15089
2180740,1225,15056,2180750,913,15089
2180760,1192,15044,2180770,855,15098
2180780,1171,15044,2180790,896,15093
2180800,1227,15050,2180810,880,15084
2180820,1156,15047,2180830,844,15082
2180840,1223,15051,2180850,916,15069
2180860,1207,15047,2180870,863,15091
2180880,1162,15053,2180890,920,15090
2180900,1231,15049,2180910,893,15083
2180920,1156,15061,2180930,858,15096
2180940,1245,15051,2180950,920,15092
2180960,1196,15042,2180970,859,15087
2180980,1172,15052,2180990,913,15080
2181000,1232,15045,2181010,891,15083
2181020,1168,15056,2181030,858,15086
2181040,1218,15048,2181050,912,15092
2181060,1183,15048,2181070,869,15081
2181080,1160,15048,2181090,909,15086
2181100,1223,15061,2181110,891,15095
2181120,1147,15061,2181130,880,15089
2181140,1223,15058,2181150,919,15094
2181160,1203,15061,2181170,839,15105
2181180,1173,15056,2181190,911,15094
2181200,1217,15055,2181210,876,15085
2181220,1159,15052,2181230,862,15091
2181240,1229,15045,2181250,926,15099
2181260,1201,15042,2181270,837,15077
2181280,1169,15042,2181290,899,15082
2181300,1217,15064,2181310,881,15087
2181320,1152,15049,2181330,845,15086
2181340,1228,15047,2181350,913,15099
2181360,1202,15042,2181370,845,15078
2181380,1164,15040,2181390,913,15093
2181400,1226,15044,2181410,883,15083
2181420,1160,15062,2181430,856,15085
2181440,1225,15053,2181450,911,15077
2181460,1177,15058,2181470,843,15091
2181480,1168,15052,2181490,913,15083
2181500,1226,15043,2181510,874,15078
2181520,1155,15054,2181530,865,15083
2181540,1224,15052,2181550,910,15091
2181560,1199,15048,2181570,845,15063
2181580,1184,15052,2181590,923,15084
2181600,1218,15057,2181610,893,15081
2181620,1129,15052,2181630,863,15073
2181640,1236,15039,2181650,920,15081
2181660,1184,15047,2181670,831,15093
2181680,1172,15052,2181690,917,15094
2181700,1231,15053,2181710,879,15096
2181720,1150,15060,2181730,865,15073
2181740,1232,15055,2181750,893,15080
2181760,1192,15039,2181770,847,15068
2181780,1171,15039,2181790,915,15087
2181800,1214,15055,2181810,886,15097
2181820,1145,15057,2181830,876,15084
2181840,1226,15048,2181850,908,15090
2181860,1186,15053,2181870,843,15085
2181880,1173,15054,2181890,911,15086
2181900,1227,15052,2181910,873,15083
2181920,1143,15050,2181930,861,15085
2181940,1226,15036,2181950,901,15085
2181960,1200,15057,2181970,846,15102
2181980,1176,15055,2181990,917,15081
2182000,1209,15049,2182010,891,15085
2182020,1139,15049,2182030,868,15081
2182040,1215,15046,2182050,900,15085
2182060,1203,15045,2182070,848,15069
2182080,1168,15047,2182090,913,15088
2182100,1227,15060,2182110,883,15089
2182120,1155,15037,2182130,870,15082
2182140,1225,15044,2182150,900,15090
2182160,1176,15038,2182170,844,15087
2182180,1184,15056,2182190,928,15082
2182200,1216,15045,2182210,865,15091
2182220,1157,15055,2182230,873,15089
2182240,1224,15048,2182250,909,15078
2182260,1189,15042,2182270,838,15074
2182280,1172,15049,2182290,924,15087
2182300,1226,15045,2182310,863,15077
2182320,1139,15047,2182330,877,15082
2182340,1225,15045,2182350,911,15081
2182360,1187,15046,2182370,830,15094
2182380,1184,15047,2182390,913,15074
2182400,1215,15045,2182410,868,15081
2182420,1146,15049,2182430,901,15073
2182440,1233,15057,2182450,912,15086
2182460,1185,15045,2182470,853,15085
2182480,1186,15039,2182490,917,15069
2189500,1174,15043,2189510,836,15071
2189520,1198,15044,2189530,927,15075
2189540,1203,15043,2189550,863,15075
2189560,1150,15042,2189570,907,15076
2189580,1236,15049,2189590,900,15078
2189600,1157,15050,2189610,850,15079
2189620,1212,15049,2189630,923,15079
2189640,1202,15059,2189650,865,15096
2189660,1153,15045,2189670,895,15092
2189680,1227,15053,2189690,884,15087
2189700,1163,15049,2189710,846,15086
2189720,1210,15045,2189730,935,15091
2189740,1211,15050,2189750,850,15076
2189760,1151,15037,2189770,895,15086
2189780,1224,15049,2189790,900,15088
2189800,1146,15044,2189810,853,15081
2189820,1217,15044,2189830,930,15089
2189840,1198,15055,2189850,846,15076
2189860,1145,15051,2189870,914,15077
2189880,1234,15038,2189890,903,15072
2189900,1168,15034,2189910,853,15080
2189920,1218,15045,2189930,931,15076
2189940,1210,15056,2189950,854,15084
2189960,1131,15043,2189970,899,15082
2189980,1223,15052,2189990,884,15078
2190000,1168,15056,2190010,846,15083
2190020,1200,15051,2190030,915,15090
2190040,1207,15040,2190050,861,15074
2190060,1151,15050,2190070,901,15086
2190080,1240,15061,2190090,872,15091
2190100,1169,15056,2190110,844,15083
2190120,1220,15053,2190130,929,15081
2190140,1225,15043,2190150,858,15073
2190160,1164,15042,2190170,907,15071
2190180,1215,15065,2190190,904,15090
2190200,1163,15051,2190210,850,15075
2190220,1220,15054,2190230,927,15085
2190240,1206,15039,2190250,859,15077
2190260,1157,15058,2190270,908,15093
2190280,1237,15036,2190290,898,15075
2190300,1172,15051,2190310,840,15081
2190320,1216,15047,2190330,924,15080
2190340,1199,15056,2190350,873,15096
2190360,1159,15041,2190370,908,15084
2190380,1235,15041,2190390,900,15081
2190400,1166,15054,2190410,854,15082
2190420,1208,15061,2190430,916,15078
2190440,1196,15043,2190450,854,15068
2190460,1164,15061,2190470,909,15074
2190480,1233,15042,2190490,894,15088
2190500,1171,15045,2190510,855,15083
2190520,1219,15046,2190530,923,15078
2190540,1194,15045,2190550,858,15086
2190560,1161,15040,2190570,923,15082
2190580,1229,15049,2190590,892,15071
2190600,1166,15059,2190610,856,15089
2190620,1212,15050,2190630,931,15072
2190640,1223,15049,2190650,861,15080
2190660,1157,15051,2190670,903,15090
2190680,1231,15049,2190690,893,15089
2190700,1164,15058,2190710,861,15093
2190720,1224,15052,2190730,927,15089
2190740,1196,15045,2190750,857,15079
2190760,1153,15041,2190770,926,15083
2190780,1230,15047,2190790,886,15073
2190800,1171,15035,2190810,856,15085
2190820,1221,15044,2190830,919,15077
2190840,1197,15037,2190850,850,15066
2190860,1163,15036,2190870,907,15087
2190880,1224,15026,2190890,884,15084
2190900,1158,15054,2190910,858,15091
2190920,1215,15042,2190930,952,15085
2190940,1193,15041,2190950,851,15079
2190960,1163,15051,2190970,915,15083
2190980,1240,15043,2190990,884,15080
2191000,1167,15052,2191010,854,15073
2191020,1230,15049,2191030,917,15073
2191040,1193,15046,2191050,856,15082
2191060,1181,15051,2191070,912,15094
2191080,1222,15044,2191090,884,15076
2191100,1166,15048,2191110,865,15081
2191120,1228,15056,2191130,922,15084
2191140,1197,15050,2191150,853,15096
2191160,1160,15058,2191170,911,15094
2191180,1234,15046,2191190,881,15076
2191200,1156,15044,2191210,855,15077
2191220,1229,15036,2191230,926,15071
2191240,1199,15053,2191250,845,15099
2191260,1175,15053,2191270,914,15066
2191280,1222,15039,2191290,886,15080
2191300,1154,15042,2191310,857,15078
2191320,1200,15040,2191330,915,15087
2191340,1202,15038,2191350,864,15076
2191360,1169,15047,2191370,923,15074
2191380,1226,15051,2191390,887,15068
2191400,1150,15037,2191410,859,15070
2191420,1218,15039,2191430,916,15079
2191440,1182,15036,2191450,834,15072
2191460,1171,15029,2191470,922,15080
2191480,1243,15044,2191490,887,15085
2191500,1149,15049,2191510,869,15098
2191520,1212,15041,2191530,922,15096
2191540,1199,15051,2191550,842,15080
2191560,1166,15031,2191570,919,15074
2191580,1224,15051,2191590,887,15085
2191600,1155,15048,2191610,833,15083
2191620,1220,15051,2191630,913,15065
2191640,1198,15049,2191650,848,15084
2191660,1153,15028,2191670,913,15068
2191680,1232,15044,2191690,891,15068
2191700,1156,15044,2191710,866,15069
2191720,1224,15057,2191730,916,15077
2191740,1164,15036,2191750,851,15068
2191760,1178,15040,2191770,922,15084
2191780,1217,15041,2191790,884,15080
2191800,1146,15042,2191810,871,15075
2191820,1229,15035,2191830,917,15083
2191840,1197,15044,2191850,850,15081
2191860,1181,15035,2191870,926,15064
2191880,1219,15033,2191890,886,15079
2191900,1151,15033,2191910,855,15078
2191920,1237,15045,2191930,924,15080
2191940,1192,15041,2191950,838,15075
2191960,1184,15030,2191970,916,15085
2191980,1233,15043,2191990,875,15084
2192000,1164,15054,2192010,862,15079
2192020,1219,15040,2192030,898,15085
2192040,1192,15042,2192050,851,15083
2192060,1179,15043,2192070,919,15063
2192080,1233,15045,2192090,882,15078
2192100,1159,15046,2192110,864,15092
2192120,1231,15045,2192130,909,15073
2192140,1188,15040,2192150,850,15077
2192160,1171,15036,2192170,919,15075
2192180,1228,15033,2192190,885,15086
2192200,1150,15051,2192210,870,15076
2192220,1233,15039,2192230,911,15061
2192240,1197,15038,2192250,854,15083
2192260,1189,15032,2192270,924,15074
2192280,1237,15044,2192290,911,15077
2192300,1162,15052,2192310,867,15080
2192320,1227,15044,2192330,923,15087
2192340,1199,15042,2192350,853,15089
2192360,1193,15058,2192370,921,15093
2192380,1230,15046,2192390,885,15087
2192400,1149,15043,2192410,868,15073
2192420,1240,15043,2192430,919,15079
2192440,1207,15043,2192450,854,15083
2192460,1188,15040,2192470,925,15080
2192480,1224,15038,2192490,887,15084
2192500,1154,15039,2192510,869,15078
2192520,1231,15035,2192530,906,15075
2192540,1202,15049,2192550,849,15073
2192560,1201,15046,2192570,939,15088
2192580,1255,15047,2192590,887,15088
2192600,1165,15052,2192610,888,15087
2192620,1224,15053,2192630,927,15090
2192640,1209,15052,2192650,857,15090
2192660,1192,15033,2192670,916,15068
2192680,1221,15040,2192690,877,15071
2192700,1144,15045,2192710,918,15080
2192720,1229,15044,2192730,913,15069
2192740,1187,15044,2192750,858,15082
2192760,1186,15048,2192770,930,15082
2192780,1221,15033,2192790,878,15080
2192800,1158,15048,2192810,879,15085
2192820,1248,15048,2192830,921,15064
2192840,1184,15047,2192850,845,15076
2192860,1201,15042,2192870,937,15090
2192880,1218,15035,2192890,893,15060
2192900,1148,15041,2192910,859,15068
2192920,1239,15039,2192930,922,15072
2192940,1195,15048,2192950,849,15088
2192960,1199,15044,2192970,928,15080
2192980,1233,15047,2192990,896,15090
2193000,1164,15050,2193010,882,15090
2193020,1243,15039,2193030,916,15088
2193040,1191,15052,2193050,850,15082
2193060,1188,15060,2193070,932,15073
2193080,1218,15041,2193090,881,15078
2193100,1164,15035,2193110,888,15074
2193120,1243,15040,2193130,922,15081
2193140,1194,15041,2193150,850,15068
2193160,1194,15041,2193170,932,15088
2193180,1234,15048,2193190,881,15089
2193200,1160,15048,2193210,884,15072
2193220,1223,15050,2193230,926,15088
2193240,1190,15045,2193250,856,15086
2193260,1173,15054,2193270,948,15076
2193280,1234,15050,2193290,893,15082
2193300,1157,15046,2193310,883,15076
2193320,1236,15044,2193330,912,15086
2193340,1178,15046,2193350,855,15073
2193360,1200,15051,2193370,926,15093
2193380,1238,15059,2193390,855,15091
2193400,1144,15047,2193410,885,15094
2193420,1242,15033,2193430,911,15080
2193440,1188,15047,2193450,842,15072
2193460,1196,15041,2193470,932,15081
2193480,1213,15054,2193490,879,15094
2193500,1156,15059,2193510,888,15085
2193520,1246,15052,2193530,915,15082
2193540,1186,15041,2193550,843,15080
2193560,1188,15040,2193570,929,15076
2193580,1227,15037,2193590,883,15082
2193600,1154,15048,2193610,883,15076
2193620,1236,15048,2193630,914,15073
2193640,1193,15039,2193650,840,15080
2193660,1187,15048,2193670,927,15075
2193680,1207,15040,2193690,871,15066
2193700,1162,15036,2193710,895,15075
2193720,1231,15041,2193730,911,15072
2193740,1185,15050,2193750,851,15088
2193760,1201,15045,2193770,930,15078
2193780,1226,15039,2193790,885,15085
2193800,1156,15036,2193810,887,15086
2193820,1239,15044,2193830,912,15066
2193840,1177,15040,2193850,855,15073
2193860,1207,15043,2193870,926,15083
2193880,1247,15046,2193890,871,15087
2193900,1148,15043,2193910,895,15080
2193920,1248,15054,2193930,917,15077
2193940,1196,15044,2193950,846,15073
2193960,1198,15049,2193970,927,15090
2193980,1224,15053,2193990,874,15078
2194000,1157,15061,2194010,907,15081
2194020,1240,15054,2194030,918,15090
2194040,1175,15048,2194050,845,15074
2194060,1194,15046,2194070,927,15089
2194080,1236,15049,2194090,882,15090
2194100,1154,15050,2194110,897,15066
2194120,1239,15036,2194130,912,15072
2194140,1183,15037,2194150,852,15081
2194160,1213,15049,2194170,939,15082
2194180,1200,15040,2194190,868,15079
2194200,1168,15047,2194210,898,15073
2194220,1252,15047,2194230,929,15073
2194240,1189,15043,2194250,837,15087
2194260,1206,15045,2194270,935,15080
2194280,1212,15033,2194290,877,15072
2194300,1145,15032,2194310,909,15082
2194320,1243,15027,2194330,916,15084
2194340,1184,15036,2194350,845,15085
2194360,1219,15046,2194370,939,15089
2194380,1214,15046,2194390,866,15075
2194400,1154,15041,2194410,909,15087
2194420,1240,15039,2194430,898,15081
2194440,1179,15039,2194450,848,15088
2194460,1207,15050,2194470,931,15090
2194480,1213,15046,2194490,878,15085
2202000,1181,15049,2202010,903,15071
2202020,1183,15052,2202030,832,15089
2202040,1136,15052,2202050,877,15077
2202060,1218,15048,2202070,885,15081
2202080,1163,15035,2202090,816,15084
2202100,1191,15048,2202110,903,15078
2202120,1186,15047,2202130,832,15096
2202140,1125,15049,2202150,872,15082
2202160,1218,15047,2202170,884,15078
2202180,1125,15059,2202190,828,15090
2202200,1190,15054,2202210,906,15078
2202220,1192,15053,2202230,846,15075
2202240,1131,15038,2202250,882,15076
2202260,1205,15041,2202270,880,15078
2202280,1140,15044,2202290,824,15068
2202300,1195,15040,2202310,892,15077
2202320,1180,15030,2202330,833,15081
2202340,1134,15050,2202350,884,15064
2202360,1204,15038,2202370,867,15070
2202380,1153,15037,2202390,824,15077
2202400,1188,15049,2202410,895,15091
2202420,1187,15052,2202430,826,15091
2202440,1128,15055,2202450,886,15078
2202460,1226,15044,2202470,867,15081
2202480,1154,15031,2202490,822,15085
2202500,1178,15043,2202510,905,15066
2202520,1182,15050,2202530,845,15089
2202540,1133,15047,2202550,874,15080
2202560,1216,15044,2202570,873,15079
2202580,1144,15038,2202590,829,15077
2202600,1164,15053,2202610,895,15090
2202620,1175,15055,2202630,840,15081
2202640,1128,15055,2202650,886,15086
2202660,1219,15045,2202670,874,15089
2202680,1152,15047,2202690,828,15094
2202700,1200,15052,2202710,908,15091
2202720,1176,15049,2202730,826,15086
2202740,1126,15044,2202750,880,15088
2202760,1205,15050,2202770,878,15079
2202780,1139,15050,2202790,838,15081
2202800,1199,15047,2202810,910,15079
2202820,1197,15047,2202830,855,15087
2202840,1152,15054,2202850,881,15079
2202860,1217,15047,2202870,873,15083
2202880,1139,15050,2202890,814,15077
2202900,1184,15037,2202910,918,15080
2202920,1177,15039,2202930,838,15083
2202940,1135,15040,2202950,887,15078
2202960,1211,15056,2202970,870,15068
2202980,1148,15044,2202990,834,15070
2203000,1198,15035,2203010,909,15086
2203020,1184,15036,2203030,836,15070
2203040,1140,15042,2203050,887,15096
2203060,1210,15045,2203070,877,15076
2203080,1142,15027,2203090,824,15078
2203100,1184,15043,2203110,892,15081
2203120,1173,15042,2203130,837,15085
2203140,1138,15060,2203150,907,15079
2203160,1212,15045,2203170,876,15085
2203180,1131,15049,2203190,828,15081
2203200,1203,15039,2203210,902,15091
2203220,1176,15053,2203230,829,15088
2203240,1140,15053,2203250,876,15092
2203260,1208,15057,2203270,860,15089
2203280,1163,15054,2203290,839,15095
2203300,1194,15043,2203310,884,15091
2203320,1179,15051,2203330,837,15083
2203340,1134,15052,2203350,882,15085
2203360,1204,15046,2203370,856,15074
2203380,1146,15040,2203390,820,15066
2203400,1192,15044,2203410,905,15085
2203420,1184,15043,2203430,819,15071
2203440,1159,15043,2203450,878,15088
2203460,1205,15046,2203470,860,15083
2203480,1134,15043,2203490,826,15096
2203500,1182,15041,2203510,896,15089
2203520,1170,15054,2203530,825,15082
2203540,1129,15043,2203550,880,15087
2203560,1183,15049,2203570,881,15091
2203580,1129,15049,2203590,827,15080
2203600,1189,15041,2203610,900,15093
2203620,1179,15055,2203630,822,15079
2203640,1134,15047,2203650,880,15083
2203660,1204,15042,2203670,860,15077
2203680,1123,15041,2203690,827,15077
2203700,1183,15039,2203710,891,15079
2203720,1160,15053,2203730,831,15073
2203740,1136,15044,2203750,883,15081
2203760,1187,15043,2203770,858,15086
2203780,1132,15042,2203790,837,15097
2203800,1183,15052,2203810,891,15102
2203820,1163,15044,2203830,803,15095
2203840,1138,15044,2203850,898,15087
2203860,1220,15048,2203870,871,15095
2203880,1143,15058,2203890,837,15097
2203900,1190,15042,2203910,887,15091
2203920,1169,15051,2203930,831,15093
2203940,1136,15046,2203950,883,15086
2203960,1203,15058,2203970,863,15081
2203980,1130,15051,2203990,824,15083
2204000,1195,15054,2204010,894,15095
2204020,1169,15046,2204030,819,15091
2204040,1137,15043,2204050,879,15082
2204060,1201,15060,2204070,860,15079
2204080,1133,15057,2204090,825,15084
2204100,1189,15048,2204110,880,15066
2204120,1157,15048,2204130,815,15091
2204140,1137,15052,2204150,886,15091
2204160,1199,15036,2204170,857,15083
2204180,1131,15044,2204190,825,15077
2204200,1185,15042,2204210,881,15087
2204220,1166,15051,2204230,824,15079
2204240,1147,15044,2204250,862,15087
2204260,1202,15049,2204270,863,15084
2204280,1131,15048,2204290,816,15087
2204300,1193,15058,2204310,888,15088
2204320,1165,15064,2204330,822,15090
2204340,1132,15061,2204350,888,15085
2204360,1191,15051,2204370,853,15083
2204380,1134,15044,2204390,817,15076
2204400,1189,15046,2204410,868,15084
2204420,1158,15054,2204430,815,15088
2204440,1139,15050,2204450,886,15076
2204460,1202,15052,2204470,852,15085
2204480,1132,15031,2204490,828,15094
2204500,1189,15060,2204510,886,15085
2204520,1167,15047,2204530,820,15086
2204540,1117,15043,2204550,890,15099
2204560,1207,15046,2204570,846,15092
2204580,1138,15045,2204590,844,15092
2204600,1194,15060,2204610,889,15082
2204620,1160,15055,2204630,820,15078
2204640,1143,15048,2204650,891,15078
2204660,1194,15041,2204670,860,15094
2204680,1130,15048,2204690,839,15094
2204700,1188,15051,2204710,884,15080
2204720,1168,15039,2204730,823,15077
2204740,1130,15051,2204750,873,15087
2204760,1201,15037,2204770,861,15092
2204780,1127,15044,2204790,839,15087
2204800,1213,15049,2204810,889,15082
2204820,1171,15053,2204830,815,15093
2204840,1138,15048,2204850,883,15087
2204860,1191,15040,2204870,854,15091
2204880,1129,15048,2204890,825,15075
2204900,1199,15047,2204910,893,15077
2204920,1161,15041,2204930,823,15079
2204940,1143,15052,2204950,890,15096
2204960,1188,15049,2204970,859,15082
2204980,1135,15041,2204990,844,15088
2205000,1211,15052,2205010,897,15085
2205020,1168,15047,2205030,817,15079
2205040,1138,15044,2205050,888,15082
2205060,1201,15027,2205070,853,15091
2205080,1128,15050,2205090,856,15095
2205100,1182,15057,2205110,878,15088
2205120,1162,15059,2205130,828,15090
2205140,1135,15055,2205150,883,15080
2205160,1196,15058,2205170,860,15084
2205180,1129,15054,2205190,832,15076
2205200,1212,15059,2205210,899,15083
2205220,1172,15052,2205230,824,15074
2205240,1148,15051,2205250,872,15090
2205260,1182,15050,2205270,854,15086
2205280,1120,15041,2205290,851,15080
2205300,1195,15057,2205310,892,15081
2205320,1171,15051,2205330,822,15094
2205340,1134,15051,2205350,896,15081
2205360,1198,15061,2205370,853,15102
2205380,1136,15069,2205390,843,15099
2205400,1197,15048,2205410,894,15090
2205420,1153,15046,2205430,814,15081
2205440,1155,15045,2205450,889,15092
2205460,1191,15048,2205470,866,15097
2205480,1125,15041,2205490,845,15093
2205500,1204,15035,2205510,910,15078
2205520,1160,15055,2205530,813,15084
2205540,1159,15047,2205550,900,15088
2205560,1186,15048,2205570,860,15089
2205580,1116,15054,2205590,850,15080
2205600,1214,15056,2205610,877,15087
2205620,1163,15039,2205630,815,15079
2205640,1160,15049,2205650,891,15094
2205660,1193,15051,2205670,859,15085
2205680,1121,15041,2205690,853,15087
2205700,1200,15050,2205710,895,15087
2205720,1158,15041,2205730,815,15092
2205740,1155,15051,2205750,898,15088
2205760,1186,15043,2205770,830,15084
2205780,1130,15038,2205790,844,15084
2205800,1220,15058,2205810,893,15084
2205820,1165,15051,2205830,812,15075
2205840,1151,15043,2205850,891,15089
2205860,1187,15057,2205870,852,15081
2205880,1132,15048,2205890,831,15073
2205900,1211,15053,2205910,886,15084
2205920,1169,15042,2205930,817,15081
2205940,1149,15049,2205950,891,15094
2205960,1205,15053,2205970,845,15083
2205980,1128,15047,2205990,857,15088
2206000,1202,15039,2206010,892,15093
2206020,1165,15059,2206030,809,15083
2206040,1155,15062,2206050,902,15093
2206060,1181,15057,2206070,857,15094
2206080,1117,15058,2206090,855,15090
2206100,1211,15046,2206110,890,15089
2206120,1159,15049,2206130,818,15091
2206140,1165,15060,2206150,897,15080
2206160,1203,15047,2206170,857,15080
2206180,1114,15053,2206190,845,15076
2206200,1211,15055,2206210,889,15089
2206220,1174,15058,2206230,839,15085
2206240,1158,15046,2206250,907,15079
2206260,1206,15052,2206270,867,15082
2206280,1136,15043,2206290,854,15073
2206300,1209,15043,2206310,903,15100
2206320,1169,15057,2206330,823,15100
2206340,1158,15051,2206350,892,15085
2206360,1214,15048,2206370,862,15079
2206380,1134,15052,2206390,868,15093
2206400,1207,15061,2206410,904,15095
2206420,1165,15040,2206430,828,15087
2206440,1169,15048,2206450,914,15078
2206460,1197,15038,2206470,868,15092
2206480,1123,15043,2206490,855,15084
2206500,1217,15044,2206510,903,15086
2206520,1175,15052,2206530,827,15089
2206540,1170,15052,2206550,916,15083
2206560,1205,15057,2206570,862,15088
2206580,1148,15053,2206590,860,15095
2206600,1209,15056,2206610,906,15102
2206620,1178,15055,2206630,823,15075
2206640,1166,15047,2206650,912,15084
2206660,1206,15046,2206670,862,15082
2206680,1142,15055,2206690,871,15082
2206700,1219,15072,2206710,902,15074
2206720,1167,15058,2206730,835,15091
2206740,1181,15059,2206750,926,15095
2206760,1210,15054,2206770,848,15080
2206780,1142,15055,2206790,864,15096
2206800,1217,15066,2206810,891,15095
2206820,1166,15055,2206830,837,15094
2206840,1180,15053,2206850,905,15086
2206860,1207,15052,2206870,864,15086
2206880,1137,15056,2206890,870,15097
2206900,1220,15064,2206910,902,15088
2206920,1173,15053,2206930,823,15082
2206940,1190,15040,2206950,911,15094
2206960,1188,15038,2206970,867,15087
2206980,1135,15059,2206990,859,15091
2207000,1222,15056,2207010,883,15088
2207020,1174,15058,2207030,828,15082
2207040,1165,15059,2207050,915,15087
2207060,1199,15045,2207070,868,15082
2207080,1133,15056,2207090,871,15098
2207100,1223,15049,2207110,901,15093
2207120,1182,15044,2207130,831,15091
2207140,1169,15054,2207150,921,15076
2207160,1197,15048,2207170,866,15085
2207180,1127,15052,2207190,867,15085
2207200,1226,15048,2207210,900,15087
2207220,1163,15050,2207230,831,15091
2207240,1179,15050,2207250,911,15078
2207260,1196,15046,2207270,849,15095
2207280,1130,15056,2207290,873,15094
2207300,1221,15051,2207310,886,15092
2207320,1179,15046,2207330,824,15077
2207340,1169,15048,2207350,901,15089
2207360,1207,15045,2207370,855,15093
2207380,1128,15049,2207390,869,15083
2207400,1219,15063,2207410,898,15085
2207420,1162,15053,2207430,818,15087
2207440,1177,15053,2207450,907,15087
2207460,1192,15043,2207470,855,15085
2207480,1132,15059,2207490,865,15088
2213000,1305,15057,2213010,971,15086
2213020,1248,15052,2213030,967,15080
2213040,1325,15035,2213050,1002,15075
2213060,1276,15042,2213070,946,15076
2213080,1288,15039,2213090,1014,15083
2213100,1313,15051,2213110,975,15093
2213120,1255,15054,2213130,999,15086
2213140,1342,15053,2213150,1009,15088
2213160,1270,15048,2213170,915,15095
2213180,1286,15045,2213190,1023,15081
2213200,1315,15059,2213210,971,15080
2213220,1243,15054,2213230,988,15088
2213240,1327,15044,2213250,995,15081
2213260,1269,15042,2213270,930,15084
2213280,1293,15047,2213290,1036,15082
2213300,1314,15035,2213310,967,15081
2213320,1243,15042,2213330,980,15075
2213340,1320,15051,2213350,1008,15091
2213360,1266,15048,2213370,937,15086
2213380,1308,15060,2213390,1021,15096
2213400,1316,15052,2213410,955,15088
2213420,1237,15054,2213430,1008,15092
2213440,1336,15048,2213450,993,15080
2213460,1250,15066,2213470,939,15072
2213480,1300,15061,2213490,1023,15076
2213500,1299,15039,2213510,965,15092
2213520,1235,15051,2213530,1000,15081
2213540,1333,15041,2213550,983,15093
2213560,1277,15051,2213570,933,15085
2213580,1295,15050,2213590,1022,15079
2213600,1297,15046,2213610,950,15075
2213620,1237,15056,2213630,985,15085
2213640,1339,15054,2213650,1004,15085
2213660,1258,15046,2213670,946,15093
2213680,1302,15045,2213690,1021,15098
2213700,1296,15054,2213710,957,15087
2213720,1272,15064,2213730,996,15074
2213740,1326,15036,2213750,1002,15084
2213760,1270,15054,2213770,929,15089
2213780,1300,15049,2213790,1025,15082
2213800,1303,15044,2213810,944,15071
2213820,1250,15053,2213830,983,15076
2213840,1318,15045,2213850,1027,15100
2213860,1273,15047,2213870,936,15085
2213880,1302,15031,2213890,1018,15083
2213900,1286,15040,2213910,945,15094
2213920,1226,15054,2213930,990,15086
2213940,1320,15041,2213950,990,15082
2213960,1258,15043,2213970,927,15080
2213980,1293,15042,2213990,1009,15083
2214000,1307,15041,2214010,965,15082
2214020,1241,15061,2214030,987,15091
2214040,1331,15060,2214050,999,15085
2214060,1265,15054,2214070,930,15085
2214080,1288,15049,2214090,1008,15086
2214100,1284,15033,2214110,948,15093
2214120,1240,15060,2214130,1005,15101
2214140,1330,15053,2214150,983,15092
2214160,1246,15051,2214170,932,15091
2214180,1300,15044,2214190,1011,15078
2214200,1297,15042,2214210,949,15080
2214220,1249,15041,2214230,985,15080
2214240,1316,15041,2214250,983,15078
2214260,1253,15052,2214270,922,15084
2214280,1281,15050,2214290,1005,15095
2214300,1284,15058,2214310,937,15086
2214320,1229,15058,2214330,992,15090
2214340,1305,15048,2214350,995,15080
2214360,1243,15045,2214370,924,15089
2214380,1301,15050,2214390,1009,15091
2214400,1273,15048,2214410,945,15080
2214420,1237,15053,2214430,992,15085
2214440,1322,15058,2214450,986,15079
2214460,1240,15055,2214470,929,15089
2214480,1297,15050,2214490,1010,15090
2214500,1271,15042,2214510,937,15089
2214520,1243,15040,2214530,963,15081
2214540,1306,15054,2214550,971,15072
2214560,1239,15055,2214570,931,15076
2214580,1298,15043,2214590,1014,15080
2214600,1279,15043,2214610,928,15087
2214620,1232,15056,2214630,998,15089
2214640,1299,15057,2214650,972,15093
2214660,1235,15050,2214670,930,15087
2214680,1280,15046,2214690,966,15075
2214700,1280,15051,2214710,936,15087
2214720,1253,15051,2214730,990,15079
2214740,1307,15052,2214750,967,15086
2214760,1236,15044,2214770,918,15076
2214780,1282,15036,2214790,983,15067
2214800,1280,15046,2214810,933,15073
2214820,1228,15057,2214830,981,15084
2214840,1308,15054,2214850,973,15090
2214860,1235,15040,2214870,932,15082
2214880,1296,15039,2214890,991,15088
2214900,1264,15041,2214910,935,15086
2214920,1239,15054,2214930,978,15078
2214940,1312,15053,2214950,966,15077
2214960,1251,15056,2214970,927,15076
2214980,1272,15051,2214990,1006,15083
2215000,1271,15053,2215010,932,15091
2215020,1228,15046,2215030,988,15090
2215040,1299,15047,2215050,983,15097
2215060,1227,15046,2215070,929,15089
2215080,1299,15051,2215090,1005,15083
2215100,1276,15057,2215110,906,15073
2215120,1259,15056,2215130,977,15079
2215140,1293,15064,2215150,968,15103
2215160,1241,15043,2215170,932,15090
2215180,1292,15061,2215190,996,15096
2215200,1280,15062,2215210,937,15088
2215220,1243,15052,2215230,998,15085
2215240,1315,15053,2215250,968,15100
2215260,1248,15070,2215270,938,15090
2215280,1298,15056,2215290,1001,15106
2215300,1276,15057,2215310,939,15092
2215320,1246,15054,2215330,990,15086
2215340,1303,15051,2215350,976,15091
2215360,1244,15059,2215370,941,15081
2215380,1316,15065,2215390,992,15098
2215400,1276,15068,2215410,930,15104
2215420,1246,15052,2215430,999,15099
2215440,1307,15061,2215450,969,15093
2215460,1250,15042,2215470,947,15084
2215480,1310,15053,2215490,1011,15095
2215500,1275,15060,2215510,944,15102
2215520,1275,15056,2215530,988,15096
2215540,1312,15051,2215550,966,15090
2215560,1246,15058,2215570,952,15084
2215580,1318,15052,2215590,1002,15091
2215600,1285,15047,2215610,942,15104
2215620,1263,15053,2215630,1014,15103
2215640,1324,15055,2215650,976,15078
2215660,1270,15058,2215670,955,15099
2215680,1322,15062,2215690,1020,15076
2215700,1290,15052,2215710,942,15093
2215720,1272,15054,2215730,1009,15086
2215740,1313,15053,2215750,967,15088
2215760,1250,15044,2215770,962,15086
2215780,1326,15055,2215790,1037,15085
2215800,1287,15050,2215810,953,15094
2215820,1272,15062,2215830,1015,15075
2215840,1330,15058,2215850,978,15088
2215860,1252,15059,2215870,969,15089
2215880,1330,15058,2215890,1024,15084
2215900,1287,15050,2215910,952,15096
2215920,1292,15055,2215930,1021,15094
2215940,1327,15056,2215950,1017,15081
2215960,1253,15064,2215970,983,15083
2215980,1338,15055,2215990,1011,15092
2216000,1293,15070,2216010,949,15086
2216020,1285,15059,2216030,1032,15087
2216040,1321,15053,2216050,985,15097
2216060,1252,15057,2216070,968,15091
2216080,1353,15042,2216090,1009,15095
2216100,1288,15057,2216110,947,15097
2216120,1278,15055,2216130,1030,15094
2216140,1325,15051,2216150,988,15102
2216160,1259,15048,2216170,975,15089
2216180,1336,15063,2216190,1017,15088
2216200,1294,15043,2216210,951,15103
2216220,1267,15050,2216230,1023,15103
2216240,1312,15068,2216250,985,15099
2216260,1259,15054,2216270,969,15097
2216280,1329,15056,2216290,1022,15082
2216300,1291,15055,2216310,952,15092
2216320,1282,15059,2216330,1024,15098
2216340,1296,15065,2216350,972,15089
2216360,1253,15064,2216370,997,15099
2216380,1318,15056,2216390,1007,15086
2216400,1275,15036,2216410,936,15087
2216420,1281,15049,2216430,1028,15082
2216440,1320,15053,2216450,973,15085
2216460,1244,15048,2216470,978,15102
2216480,1327,15058,2216490,1010,15094
2216500,1298,15062,2216510,937,15093
2216520,1281,15058,2216530,1016,15093
2216540,1304,15054,2216550,971,15077
2216560,1242,15070,2216570,968,15093
2216580,1320,15059,2216590,1000,15085
2216600,1278,15063,2216610,931,15089
2216620,1281,15053,2216630,1001,15106
2216640,1306,15040,2216650,957,15085
2216660,1237,15044,2216670,959,15078
2216680,1323,15051,2216690,982,15088
2216700,1261,15048,2216710,925,15069
2216720,1268,15046,2216730,1004,15089
2216740,1308,15061,2216750,965,15083
2216760,1214,15059,2216770,959,15078
2216780,1327,15061,2216790,988,15079
2216800,1261,15055,2216810,929,15087
2216820,1271,15039,2216830,993,15072
2216840,1296,15044,2216850,935,15082
2216860,1211,15053,2216870,950,15071
2216880,1302,15044,2216890,972,15085
2216900,1247,15041,2216910,906,15078
2216920,1253,15056,2216930,1002,15077
2216940,1300,15039,2216950,933,15091
2216960,1214,15048,2216970,957,15089
2216980,1309,15039,2216990,976,15084
