LED1 Timestamp (ms),LED1_PD1,LED1_PD2,LED2 Timestamp (ms),LED2_PD1,LED2_PD2
46500,1864,-31,46510,1337,-38
46520,1905,-39,46530,1270,-29
46540,1827,-14,46550,1287,-32
46560,1933,-33,46570,1348,-38
46580,1874,-34,46590,1242,-30
46600,1876,-27,46610,1345,-32
46620,1921,-33,46630,1276,-32
46640,1817,-26,46650,1283,-29
46660,1928,-29,46670,1330,-38
46680,1883,-33,46690,1243,-30
46700,1866,-31,46710,1356,-40
46720,1899,-35,46730,1316,-31
46740,1820,-29,46750,1307,-28
46760,1937,-20,46770,1325,-31
46780,1870,-31,46790,1244,-20
46800,1861,-28,46810,1350,-30
46820,1912,-32,46830,1293,-32
46840,1815,-29,46850,1297,-20
46860,1962,-34,46870,1346,-28
46880,1861,-23,46890,1238,-25
46900,1866,-22,46910,1353,-31
46920,1907,-32,46930,1276,-27
46940,1825,-27,46950,1299,-21
46960,1926,-26,46970,1329,-25
46980,1869,-21,46990,1245,-22
47000,1873,-23,47010,1339,-34
47020,1922,-25,47030,1293,-29
47040,1814,-30,47050,1304,-37
47060,1925,-22,47070,1325,-27
47080,1861,-28,47090,1244,-20
47100,1878,-40,47110,1349,-28
47120,1914,-19,47130,1285,-32
47140,1825,-33,47150,1320,-20
47160,1934,-19,47170,1319,-31
47180,1859,-34,47190,1244,-30
47200,1861,-33,47210,1343,-21
47220,1928,-31,47230,1287,-28
47240,1828,-34,47250,1294,-26
47260,1921,-24,47270,1348,-29
47280,1869,-19,47290,1247,-31
47300,1879,-28,47310,1370,-25
47320,1927,-32,47330,1272,-28
47340,1814,-36,47350,1297,-30
47360,1928,-27,47370,1329,-24
47380,1863,-31,47390,1241,-36
47400,1862,-34,47410,1345,-37
47420,1908,-29,47430,1283,-38
47440,1847,-32,47450,1293,-29
47460,1936,-23,47470,1335,-29
47480,1858,-25,47490,1234,-30
47500,1861,-34,47510,1340,-31
47520,1898,-32,47530,1282,-28
47540,1817,-25,47550,1291,-33
47560,1925,-24,47570,1323,-32
47580,1861,-27,47590,1244,-29
47600,1870,-24,47610,1333,-25
47620,1899,-28,47630,1283,-29
47640,1803,-31,47650,1293,-29
47660,1924,-23,47670,1334,-36
47680,1874,-27,47690,1239,-27
47700,1845,-34,47710,1354,-26
47720,1901,-29,47730,1308,-30
47740,1821,-26,47750,1293,-24
47760,1931,-19,47770,1338,-32
47780,1860,-33,47790,1232,-33
47800,1876,-26,47810,1354,-27
47820,1908,-31,47830,1283,-29
47840,1818,-21,47850,1282,-34
47860,1934,-28,47870,1312,-27
47880,1868,-36,47890,1246,-29
47900,1885,-42,47910,1361,-35
47920,1908,-31,47930,1285,-33
47940,1835,-30,47950,1314,-29
47960,1915,-34,47970,1311,-35
47980,1851,-33,47990,1212,-21
48000,1874,-32,48010,1352,-22
48020,1929,-25,48030,1283,-29
48040,1822,-30,48050,1300,-28
48060,1939,-28,48070,1339,-26
48080,1856,-30,48090,1256,-32
48100,1892,-21,48110,1351,-26
48120,1909,-26,48130,1275,-31
48140,1825,-31,48150,1308,-23
48160,1926,-32,48170,1338,-30
48180,1861,-25,48190,1238,-40
48200,1883,-20,48210,1333,-38
48220,1911,-25,48230,1281,-29
48240,1810,-24,48250,1305,-29
48260,1930,-28,48270,1338,-20
48280,1831,-30,48290,1230,-38
48300,1892,-31,48310,1355,-19
48320,1896,-31,48330,1272,-22
48340,1809,-34,48350,1284,-30
48360,1916,-28,48370,1335,-25
48380,1859,-37,48390,1237,-27
48400,1872,-24,48410,1348,-29
48420,1896,-32,48430,1268,-31
48440,1802,-33,48450,1288,-29
48460,1917,-32,48470,1316,-25
48480,1854,-27,48490,1228,-21
48500,1868,-24,48510,1336,-22
48520,1879,-26,48530,1279,-27
48540,1821,-25,48550,1301,-30
48560,1914,-37,48570,1291,-23
48580,1835,-25,48590,1244,-24
48600,1886,-25,48610,1346,-34
48620,1905,-20,48630,1270,-25
48640,1812,-34,48650,1292,-33
48660,1913,-31,48670,1315,-32
48680,1856,-25,48690,1230,-29
48700,1859,-29,48710,1353,-27
48720,1909,-27,48730,1269,-19
48740,1816,-23,48750,1305,-30
48760,1917,-26,48770,1323,-26
48780,1856,-32,48790,1232,-31
48800,1863,-15,48810,1337,-22
48820,1913,-34,48830,1261,-30
48840,1807,-29,48850,1299,-22
48860,1892,-39,48870,1312,-21
48880,1838,-36,48890,1234,-31
48900,1882,-25,48910,1340,-30
48920,1892,-24,48930,1266,-17
48940,1812,-32,48950,1294,-20
48960,1916,-24,48970,1330,-20
48980,1836,-40,48990,1220,-25
49000,1882,-26,49010,1353,-25
49020,1908,-36,49030,1278,-30
49040,1815,-29,49050,1299,-15
49060,1921,-25,49070,1314,-36
49080,1833,-34,49090,1225,-32
49100,1890,-21,49110,1331,-28
49120,1894,-30,49130,1267,-29
49140,1816,-19,49150,1268,-34
49160,1930,-29,49170,1327,-31
49180,1858,-24,49190,1232,-31
49200,1875,-23,49210,1342,-25
49220,1899,-29,49230,1278,-34
49240,1819,-31,49250,1292,-21
49260,1926,-33,49270,1325,-27
49280,1824,-26,49290,1247,-28
49300,1878,-27,49310,1352,-26
49320,1898,-30,49330,1263,-25
49340,1801,-25,49350,1303,-26
49360,1924,-33,49370,1309,-34
49380,1848,-17,49390,1238,-24
49400,1873,-30,49410,1355,-26
49420,1900,-26,49430,1267,-29
49440,1784,-27,49450,1307,-27
49460,1937,-26,49470,1318,-25
49480,1846,-34,49490,1246,-32
55500,1902,-27,55510,1344,-32
55520,1890,-27,55530,1251,-23
55540,1850,-25,55550,1319,-23
55560,1918,-29,55570,1310,-32
55580,1834,-19,55590,1259,-28
55600,1902,-36,55610,1347,-29
55620,1891,-36,55630,1263,-32
55640,1849,-29,55650,1325,-32
55660,1915,-26,55670,1309,-27
55680,1836,-35,55690,1239,-44
55700,1882,-36,55710,1341,-29
55720,1879,-22,55730,1257,-31
55740,1826,-25,55750,1312,-26
55760,1913,-34,55770,1321,-28
55780,1836,-36,55790,1258,-36
55800,1890,-34,55810,1337,-34
55820,1881,-29,55830,1289,-29
55840,1815,-33,55850,1319,-39
55860,1911,-28,55870,1305,-25
55880,1835,-32,55890,1238,-26
55900,1901,-29,55910,1348,-27
55920,1895,-36,55930,1263,-26
55940,1833,-33,55950,1322,-34
55960,1933,-27,55970,1296,-34
55980,1835,-21,55990,1243,-28
56000,1904,-31,56010,1330,-29
56020,1888,-27,56030,1256,-21
56040,1830,-34,56050,1321,-32
56060,1921,-33,56070,1311,-29
56080,1830,-30,56090,1251,-36
56100,1895,-22,56110,1349,-28
56120,1925,-33,56130,1259,-26
56140,1833,-38,56150,1309,-34
56160,1921,-35,56170,1301,-28
56180,1825,-35,56190,1253,-32
56200,1892,-42,56210,1341,-25
56220,1885,-25,56230,1263,-30
56240,1838,-32,56250,1333,-26
56260,1923,-28,56270,1308,-35
56280,1843,-38,56290,1243,-40
56300,1889,-34,56310,1347,-34
56320,1879,-40,56330,1261,-27
56340,1832,-31,56350,1312,-25
56360,1919,-33,56370,1305,-30
56380,1828,-30,56390,1265,-37
56400,1887,-26,56410,1361,-35
56420,1885,-28,56430,1253,-26
56440,1833,-31,56450,1323,-30
56460,1923,-25,56470,1315,-31
56480,1825,-21,56490,1255,-33
56500,1906,-29,56510,1333,-21
56520,1897,-32,56530,1257,-37
56540,1847,-24,56550,1312,-25
56560,1904,-31,56570,1306,-30
56580,1850,-33,56590,1244,-22
56600,1897,-22,56610,1328,-29
56620,1872,-33,56630,1256,-29
56640,1838,-29,56650,1321,-31
56660,1914,-23,56670,1299,-18
56680,1835,-34,56690,1264,-32
56700,1918,-22,56710,1341,-35
56720,1890,-37,56730,1263,-30
56740,1837,-38,56750,1329,-30
56760,1917,-34,56770,1297,-30
56780,1824,-31,56790,1239,-33
56800,1909,-30,56810,1341,-21
56820,1892,-33,56830,1293,-33
56840,1841,-26,56850,1326,-23
56860,1929,-21,56870,1322,-24
56880,1845,-28,56890,1246,-34
56900,1902,-35,56910,1336,-25
56920,1886,-26,56930,1257,-37
56940,1839,-23,56950,1330,-21
56960,1921,-34,56970,1313,-17
56980,1857,-26,56990,1267,-28
57000,1905,-20,57010,1337,-18
57020,1875,-27,57030,1255,-26
57040,1812,-28,57050,1330,-23
57060,1927,-34,57070,1301,-35
57080,1839,-28,57090,1253,-33
57100,1905,-37,57110,1340,-31
57120,1904,-19,57130,1248,-34
57140,1821,-41,57150,1313,-30
57160,1925,-29,57170,1294,-24
57180,1840,-24,57190,1251,-35
57200,1907,-29,57210,1331,-32
57220,1889,-35,57230,1260,-25
57240,1838,-27,57250,1332,-30
57260,1923,-34,57270,1312,-34
57280,1828,-35,57290,1258,-30
57300,1892,-24,57310,1339,-30
57320,1887,-32,57330,1261,-28
57340,1835,-32,57350,1329,-29
57360,1928,-28,57370,1303,-35
57380,1809,-27,57390,1258,-29
57400,1904,-34,57410,1360,-30
57420,1894,-29,57430,1260,-24
57440,1830,-25,57450,1330,-27
57460,1913,-25,57470,1300,-22
57480,1836,-27,57490,1266,-24
57500,1908,-18,57510,1348,-25
57520,1881,-27,57530,1270,-28
57540,1836,-31,57550,1324,-29
57560,1925,-23,57570,1288,-37
57580,1833,-33,57590,1260,-30
57600,1908,-20,57610,1353,-21
57620,1877,-28,57630,1262,-12
57640,1836,-32,57650,1337,-35
57660,1918,-27,57670,1279,-19
57680,1821,-31,57690,1251,-20
57700,1917,-29,57710,1335,-39
57720,1886,-25,57730,1253,-33
57740,1829,-25,57750,1336,-29
57760,1928,-36,57770,1302,-33
57780,1834,-32,57790,1250,-37
57800,1884,-33,57810,1350,-25
57820,1876,-38,57830,1265,-31
57840,1844,-20,57850,1342,-26
57860,1936,-27,57870,1315,-33
57880,1835,-26,57890,1267,-34
57900,1901,-31,57910,1353,-29
57920,1886,-28,57930,1255,-25
57940,1860,-20,57950,1325,-30
57960,1894,-37,57970,1318,-35
57980,1828,-34,57990,1272,-23
58000,1914,-37,58010,1337,-32
58020,1903,-23,58030,1266,-30
58040,1853,-37,58050,1347,-32
58060,1916,-28,58070,1315,-37
58080,1857,-22,58090,1226,-31
58100,1930,-27,58110,1349,-28
58120,1890,-29,58130,1253,-27
58140,1866,-27,58150,1345,-25
58160,1933,-25,58170,1313,-17
58180,1848,-26,58190,1274,-22
58200,1928,-21,58210,1352,-31
58220,1886,-37,58230,1274,-37
58240,1845,-17,58250,1345,-24
58260,1933,-28,58270,1338,-19
58280,1854,-36,58290,1287,-29
58300,1932,-19,58310,1362,-29
58320,1910,-37,58330,1279,-28
58340,1855,-30,58350,1360,-22
58360,1951,-30,58370,1323,-31
58380,1843,-33,58390,1283,-28
58400,1938,-34,58410,1368,-24
58420,1897,-33,58430,1283,-35
58440,1868,-15,58450,1355,-27
58460,1948,-41,58470,1335,-29
58480,1855,-40,58490,1303,-19
58500,1936,-28,58510,1385,-22
58520,1918,-23,58530,1299,-29
58540,1870,-27,58550,1363,-28
58560,1953,-36,58570,1345,-33
58580,1858,-37,58590,1295,-26
58600,1945,-21,58610,1370,-36
58620,1908,-28,58630,1292,-28
58640,1886,-34,58650,1369,-39
58660,1946,-39,58670,1339,-27
58680,1881,-25,58690,1307,-34
58700,1948,-34,58710,1375,-23
58720,1908,-36,58730,1285,-37
58740,1873,-28,58750,1360,-28
58760,1961,-34,58770,1334,-33
58780,1853,-29,58790,1297,-28
58800,1940,-24,58810,1376,-33
58820,1904,-28,58830,1283,-28
58840,1868,-28,58850,1351,-37
58860,1949,-27,58870,1330,-31
58880,1857,-30,58890,1295,-19
58900,1944,-37,58910,1380,-28
58920,1910,-31,58930,1298,-27
58940,1851,-34,58950,1348,-27
58960,1941,-26,58970,1313,-25
58980,1850,-23,58990,1284,-28
59000,1938,-27,59010,1352,-30
59020,1902,-27,59030,1268,-37
59040,1855,-35,59050,1343,-29
59060,1959,-38,59070,1321,-26
59080,1839,-32,59090,1279,-38
59100,1910,-25,59110,1349,-34
59120,1899,-30,59130,1261,-35
59140,1847,-34,59150,1337,-33
59160,1922,-32,59170,1308,-24
59180,1842,-33,59190,1268,-36
59200,1911,-33,59210,1326,-33
59220,1910,-31,59230,1250,-32
59240,1831,-28,59250,1311,-28
59260,1908,-33,59270,1292,-24
59280,1818,-25,59290,1263,-29
59300,1888,-33,59310,1330,-38
59320,1867,-35,59330,1230,-37
59340,1816,-33,59350,1333,-30
59360,1886,-30,59370,1274,-33
59380,1814,-26,59390,1237,-32
59400,1888,-24,59410,1301,-21
59420,1850,-36,59430,1206,-33
59440,1815,-35,59450,1294,-27
59460,1884,-31,59470,1260,-34
59480,1793,-34,59490,1227,-27
59500,1864,-44,59510,1315,-29
59520,1834,-30,59530,1216,-34
59540,1792,-29,59550,1277,-28
59560,1849,-25,59570,1247,-27
59580,1776,-30,59590,1213,-31
59600,1845,-37,59610,1275,-29
59620,1819,-26,59630,1188,-24
59640,1821,-42,59650,1267,-37
59660,1857,-26,59670,1244,-36
59680,1772,-27,59690,1194,-31
59700,1839,-31,59710,1274,-35
59720,1816,-32,59730,1192,-29
59740,1784,-36,59750,1270,-36
59760,1863,-34,59770,1242,-30
59780,1784,-32,59790,1204,-34
59800,1870,-30,59810,1269,-29
59820,1809,-35,59830,1192,-32
59840,1780,-34,59850,1268,-28
59860,1858,-40,59870,1253,-33
59880,1784,-40,59890,1214,-27
59900,1843,-28,59910,1293,-29
59920,1830,-29,59930,1212,-32
59940,1783,-21,59950,1276,-32
59960,1869,-29,59970,1249,-14
59980,1796,-27,59990,1218,-17
60000,1873,-34,60010,1291,-34
60020,1839,-28,60030,1188,-31
60040,1808,-28,60050,1286,-26
60060,1864,-33,60070,1243,-25
60080,1768,-32,60090,1238,-33
60100,1864,-27,60110,1299,-20
60120,1837,-33,60130,1208,-22
60140,1811,-31,60150,1296,-30
60160,1881,-22,60170,1253,-26
60180,1787,-26,60190,1204,-32
60200,1861,-24,60210,1297,-28
60220,1867,-26,60230,1214,-30
60240,1817,-29,60250,1298,-38
60260,1879,-36,60270,1272,-28
60280,1781,-37,60290,1218,-30
60300,1884,-26,60310,1306,-36
60320,1854,-26,60330,1211,-29
60340,1799,-24,60350,1303,-31
60360,1898,-29,60370,1268,-36
60380,1801,-31,60390,1238,-31
60400,1878,-34,60410,1303,-25
60420,1843,-36,60430,1219,-17
60440,1817,-27,60450,1303,-28
60460,1888,-27,60470,1274,-41
60480,1796,-37,60490,1254,-37
60500,1892,-27,60510,1320,-27
60520,1858,-30,60530,1229,-27
60540,1825,-36,60550,1314,-28
60560,1891,-34,60570,1281,-39
60580,1816,-30,60590,1240,-29
60600,1915,-29,60610,1299,-34
60620,1865,-32,60630,1240,-30
60640,1831,-30,60650,1327,-33
60660,1892,-28,60670,1285,-35
60680,1806,-33,60690,1261,-31
60700,1908,-32,60710,1337,-24
60720,1873,-30,60730,1236,-24
60740,1835,-34,60750,1333,-27
60760,1901,-34,60770,1274,-25
60780,1821,-37,60790,1258,-18
60800,1923,-30,60810,1325,-34
60820,1860,-40,60830,1248,-27
60840,1837,-34,60850,1329,-24
60860,1905,-30,60870,1296,-28
60880,1806,-36,60890,1248,-26
60900,1877,-34,60910,1317,-28
60920,1872,-34,60930,1242,-22
60940,1827,-28,60950,1329,-25
60960,1897,-26,60970,1286,-28
60980,1805,-23,60990,1251,-32
67000,1885,-25,67010,1276,-27
67020,1806,-24,67030,1189,-30
67040,1844,-28,67050,1301,-33
67060,1852,-27,67070,1250,-18
67080,1773,-24,67090,1269,-24
67100,1881,-29,67110,1263,-28
67120,1815,-33,67130,1206,-28
67140,1837,-24,67150,1294,-28
67160,1864,-25,67170,1229,-29
67180,1779,-23,67190,1249,-23
67200,1872,-35,67210,1271,-33
67220,1802,-24,67230,1198,-28
67240,1852,-37,67250,1304,-25
67260,1848,-39,67270,1228,-37
67280,1769,-27,67290,1258,-35
67300,1868,-30,67310,1272,-25
67320,1788,-23,67330,1193,-27
67340,1837,-30,67350,1286,-27
67360,1878,-25,67370,1224,-37
67380,1762,-24,67390,1241,-33
67400,1879,-28,67410,1266,-31
67420,1795,-34,67430,1191,-22
67440,1838,-27,67450,1299,-27
67460,1852,-20,67470,1230,-24
67480,1764,-35,67490,1265,-30
67500,1883,-36,67510,1275,-27
67520,1803,-25,67530,1189,-24
67540,1835,-27,67550,1300,-27
67560,1831,-30,67570,1214,-29
67580,1776,-35,67590,1268,-34
67600,1879,-36,67610,1275,-31
67620,1797,-34,67630,1188,-22
67640,1831,-24,67650,1321,-19
67660,1850,-26,67670,1224,-22
67680,1777,-27,67690,1262,-25
67700,1862,-32,67710,1262,-24
67720,1807,-34,67730,1197,-34
67740,1834,-31,67750,1298,-21
67760,1843,-34,67770,1211,-25
67780,1795,-35,67790,1249,-34
67800,1874,-34,67810,1249,-32
67820,1780,-15,67830,1185,-30
67840,1823,-27,67850,1281,-30
67860,1839,-34,67870,1199,-34
67880,1776,-34,67890,1252,-35
67900,1870,-32,67910,1251,-30
67920,1785,-24,67930,1175,-23
67940,1835,-26,67950,1287,-32
67960,1836,-35,67970,1205,-26
67980,1768,-22,67990,1257,-28
68000,1869,-38,68010,1255,-36
68020,1781,-30,68030,1182,-18
68040,1831,-32,68050,1284,-38
68060,1846,-33,68070,1225,-33
68080,1769,-35,68090,1252,-30
68100,1860,-32,68110,1268,-18
68120,1788,-24,68130,1182,-31
68140,1839,-33,68150,1277,-34
68160,1835,-21,68170,1202,-33
68180,1767,-30,68190,1262,-30
68200,1863,-32,68210,1258,-30
68220,1795,-30,68230,1204,-21
68240,1835,-38,68250,1290,-19
68260,1829,-45,68270,1207,-31
68280,1767,-30,68290,1243,-24
68300,1855,-35,68310,1255,-19
68320,1777,-29,68330,1183,-38
68340,1815,-28,68350,1291,-34
68360,1842,-32,68370,1196,-34
68380,1769,-31,68390,1259,-33
68400,1854,-37,68410,1253,-29
68420,1776,-29,68430,1171,-22
68440,1837,-20,68450,1273,-17
68460,1830,-36,68470,1199,-24
68480,1747,-36,68490,1248,-28
68500,1855,-38,68510,1244,-21
68520,1788,-31,68530,1172,-27
68540,1825,-28,68550,1269,-30
68560,1818,-29,68570,1200,-34
68580,1755,-34,68590,1247,-31
68600,1848,-24,68610,1236,-34
68620,1761,-25,68630,1174,-26
68640,1819,-24,68650,1296,-32
68660,1828,-33,68670,1203,-26
68680,1750,-23,68690,1245,-33
68700,1860,-22,68710,1243,-16
68720,1775,-29,68730,1185,-28
68740,1809,-34,68750,1282,-25
68760,1837,-20,68770,1191,-23
68780,1753,-23,68790,1242,-37
68800,1860,-29,68810,1238,-31
68820,1785,-32,68830,1177,-36
68840,1822,-30,68850,1286,-33
68860,1823,-26,68870,1203,-20
68880,1772,-34,68890,1251,-33
68900,1864,-32,68910,1233,-34
68920,1779,-37,68930,1195,-21
68940,1845,-27,68950,1283,-26
68960,1830,-28,68970,1202,-27
68980,1777,-34,68990,1267,-25
69000,1877,-28,69010,1265,-30
69020,1790,-33,69030,1202,-31
69040,1831,-25,69050,1308,-30
69060,1846,-28,69070,1216,-33
69080,1793,-36,69090,1271,-20
69100,1875,-40,69110,1278,-35
69120,1790,-26,69130,1217,-27
69140,1851,-19,69150,1308,-31
69160,1844,-31,69170,1216,-33
69180,1798,-23,69190,1283,-30
69200,1876,-26,69210,1273,-39
69220,1802,-26,69230,1216,-26
69240,1870,-28,69250,1299,-25
69260,1859,-25,69270,1230,-34
69280,1790,-37,69290,1284,-22
69300,1885,-43,69310,1283,-30
69320,1803,-28,69330,1188,-29
69340,1875,-29,69350,1303,-37
69360,1873,-31,69370,1237,-32
69380,1796,-31,69390,1288,-25
69400,1888,-26,69410,1284,-26
69420,1793,-29,69430,1235,-37
69440,1869,-24,69450,1330,-34
69460,1873,-27,69470,1245,-23
69480,1792,-35,69490,1275,-25
69500,1902,-23,69510,1284,-28
69520,1807,-27,69530,1218,-35
69540,1873,-36,69550,1327,-25
69560,1855,-37,69570,1239,-35
69580,1813,-36,69590,1292,-31
69600,1889,-30,69610,1282,-33
69620,1789,-27,69630,1213,-30
69640,1862,-44,69650,1300,-31
69660,1851,-29,69670,1234,-38
69680,1794,-34,69690,1292,-34
69700,1895,-23,69710,1273,-39
69720,1812,-31,69730,1208,-31
69740,1867,-26,69750,1305,-34
69760,1852,-23,69770,1210,-28
69780,1800,-22,69790,1278,-27
69800,1880,-39,69810,1273,-37
69820,1808,-20,69830,1229,-33
69840,1872,-20,69850,1309,-27
69860,1854,-23,69870,1215,-27
69880,1806,-21,69890,1285,-30
69900,1881,-26,69910,1261,-41
69920,1809,-31,69930,1217,-27
69940,1858,-25,69950,1303,-25
69960,1866,-27,69970,1226,-34
69980,1784,-29,69990,1286,-33
70000,1880,-29,70010,1259,-19
70020,1813,-31,70030,1221,-25
70040,1860,-30,70050,1305,-33
70060,1854,-31,70070,1225,-30
70080,1787,-35,70090,1270,-19
70100,1874,-23,70110,1275,-29
70120,1798,-34,70130,1206,-20
70140,1860,-34,70150,1304,-19
70160,1846,-26,70170,1249,-34
70180,1789,-29,70190,1285,-29
70200,1877,-27,70210,1263,-32
70220,1801,-26,70230,1217,-27
70240,1848,-31,70250,1288,-29
70260,1846,-24,70270,1224,-34
70280,1790,-25,70290,1270,-29
70300,1893,-35,70310,1272,-33
70320,1798,-26,70330,1204,-19
70340,1846,-31,70350,1291,-20
70360,1841,-28,70370,1208,-29
70380,1788,-14,70390,1275,-35
70400,1866,-27,70410,1264,-32
70420,1788,-28,70430,1201,-35
70440,1842,-33,70450,1288,-24
70460,1854,-25,70470,1199,-30
70480,1774,-27,70490,1282,-28
70500,1861,-25,70510,1260,-32
70520,1783,-29,70530,1215,-31
70540,1842,-30,70550,1269,-32
70560,1835,-36,70570,1211,-31
70580,1774,-31,70590,1283,-25
70600,1880,-22,70610,1250,-31
70620,1792,-26,70630,1202,-35
70640,1831,-32,70650,1287,-27
70660,1848,-22,70670,1201,-22
70680,1780,-24,70690,1270,-30
70700,1865,-24,70710,1251,-33
70720,1791,-27,70730,1200,-25
70740,1844,-28,70750,1311,-36
70760,1829,-31,70770,1213,-28
70780,1778,-31,70790,1277,-25
70800,1886,-28,70810,1252,-29
70820,1787,-20,70830,1205,-25
70840,1861,-16,70850,1285,-30
70860,1825,-27,70870,1217,-27
70880,1808,-25,70890,1277,-27
70900,1870,-23,70910,1270,-37
70920,1781,-19,70930,1214,-16
70940,1846,-25,70950,1292,-27
70960,1830,-27,70970,1221,-22
70980,1789,-32,70990,1269,-22
71000,1874,-21,71010,1262,-31
71020,1786,-29,71030,1210,-30
71040,1873,-32,71050,1289,-27
71060,1837,-25,71070,1214,-28
71080,1796,-21,71090,1270,-29
71100,1861,-34,71110,1256,-32
71120,1794,-33,71130,1212,-29
71140,1839,-32,71150,1293,-22
71160,1837,-27,71170,1231,-31
71180,1787,-24,71190,1272,-38
71200,1861,-23,71210,1248,-26
71220,1785,-23,71230,1206,-22
71240,1847,-28,71250,1292,-30
71260,1842,-20,71270,1209,-28
71280,1798,-22,71290,1284,-29
71300,1883,-26,71310,1262,-21
71320,1776,-32,71330,1220,-42
71340,1848,-16,71350,1287,-24
71360,1837,-27,71370,1217,-27
71380,1785,-25,71390,1273,-36
71400,1864,-32,71410,1265,-30
71420,1784,-22,71430,1193,-26
71440,1856,-24,71450,1284,-20
71460,1848,-22,71470,1207,-27
71480,1779,-28,71490,1272,-29
71500,1884,-30,71510,1256,-39
71520,1793,-27,71530,1213,-23
71540,1847,-28,71550,1289,-27
71560,1833,-21,71570,1204,-28
71580,1789,-27,71590,1272,-30
71600,1864,-23,71610,1261,-24
71620,1791,-31,71630,1210,-22
71640,1858,-24,71650,1300,-27
71660,1847,-22,71670,1212,-29
71680,1801,-32,71690,1279,-24
71700,1860,-30,71710,1255,-19
71720,1784,-32,71730,1207,-30
71740,1862,-29,71750,1294,-35
71760,1847,-33,71770,1218,-26
71780,1800,-29,71790,1289,-23
71800,1890,-26,71810,1267,-29
71820,1798,-34,71830,1222,-31
71840,1863,-26,71850,1313,-33
71860,1836,-25,71870,1226,-36
71880,1801,-22,71890,1295,-29
71900,1897,-23,71910,1269,-37
71920,1800,-24,71930,1231,-33
71940,1872,-32,71950,1312,-34
71960,1845,-33,71970,1232,-27
71980,1810,-30,71990,1302,-22
72000,1891,-31,72010,1263,-34
72020,1812,-30,72030,1244,-20
72040,1896,-30,72050,1301,-36
72060,1863,-30,72070,1227,-28
72080,1813,-26,72090,1301,-25
72100,1905,-38,72110,1297,-40
72120,1808,-25,72130,1249,-25
72140,1887,-30,72150,1332,-20
72160,1866,-32,72170,1233,-35
72180,1812,-30,72190,1298,-33
72200,1890,-27,72210,1285,-27
72220,1809,-33,72230,1238,-27
72240,1891,-27,72250,1328,-33
72260,1856,-25,72270,1244,-26
72280,1830,-35,72290,1324,-26
72300,1899,-21,72310,1295,-26
72320,1826,-28,72330,1250,-35
72340,1903,-33,72350,1342,-24
72360,1874,-20,72370,1232,-31
72380,1826,-36,72390,1321,-34
72400,1902,-32,72410,1282,-27
72420,1821,-25,72430,1237,-30
72440,1883,-27,72450,1343,-34
72460,1874,-30,72470,1238,-30
72480,1838,-30,72490,1328,-34
80000,1878,-36,80010,1254,-29
80020,1781,-32,80030,1230,-33
80040,1867,-32,80050,1281,-35
80060,1822,-26,80070,1196,-34
80080,1825,-25,80090,1302,-28
80100,1856,-28,80110,1242,-35
80120,1769,-32,80130,1225,-30
80140,1871,-21,80150,1262,-34
80160,1817,-29,80170,1196,-29
80180,1816,-17,80190,1291,-35
80200,1838,-27,80210,1213,-30
80220,1757,-22,80230,1210,-29
80240,1848,-26,80250,1266,-33
80260,1796,-34,80270,1155,-43
80280,1761,-29,80290,1256,-23
80300,1819,-41,80310,1194,-24
80320,1733,-24,80330,1200,-35
80340,1832,-27,80350,1228,-40
80360,1766,-37,80370,1127,-29
80380,1759,-34,80390,1234,-14
80400,1797,-38,80410,1168,-27
80420,1689,-36,80430,1151,-27
80440,1792,-17,80450,1206,-28
80460,1739,-39,80470,1105,-38
80480,1722,-27,80490,1186,-29
80500,1769,-23,80510,1145,-30
80520,1665,-26,80530,1129,-31
80540,1784,-27,80550,1178,-23
80560,1708,-29,80570,1082,-29
80580,1700,-35,80590,1180,-36
80600,1751,-33,80610,1121,-39
80620,1655,-34,80630,1107,-32
80640,1744,-36,80650,1152,-27
80660,1694,-19,80670,1066,-33
80680,1676,-23,80690,1153,-27
80700,1721,-34,80710,1112,-31
80720,1632,-29,80730,1099,-39
80740,1737,-32,80750,1139,-31
80760,1682,-22,80770,1066,-27
80780,1673,-36,80790,1146,-35
80800,1717,-38,80810,1094,-28
80820,1645,-33,80830,1117,-28
80840,1727,-29,80850,1134,-27
80860,1670,-20,80870,1059,-25
80880,1672,-29,80890,1135,-32
80900,1700,-38,80910,1093,-30
80920,1609,-29,80930,1080,-30
80940,1725,-24,80950,1118,-32
80960,1679,-30,80970,1040,-35
80980,1652,-25,80990,1140,-27
81000,1701,-22,81010,1074,-20
81020,1619,-31,81030,1081,-36
81040,1701,-37,81050,1116,-38
81060,1649,-32,81070,1031,-34
81080,1645,-32,81090,1126,-30
81100,1685,-31,81110,1070,-23
81120,1625,-18,81130,1058,-35
81140,1703,-29,81150,1105,-29
81160,1640,-17,81170,1021,-27
81180,1642,-27,81190,1109,-26
81200,1686,-32,81210,1085,-26
81220,1608,-28,81230,1064,-20
81240,1694,-28,81250,1126,-22
81260,1636,-28,81270,1023,-26
81280,1642,-35,81290,1113,-32
81300,1697,-32,81310,1066,-19
81320,1604,-27,81330,1056,-31
81340,1700,-32,81350,1098,-26
81360,1640,-15,81370,1019,-34
81380,1637,-25,81390,1104,-31
81400,1690,-18,81410,1066,-34
81420,1585,-39,81430,1047,-25
81440,1685,-35,81450,1099,-26
81460,1634,-15,81470,1013,-32
81480,1623,-36,81490,1088,-31
81500,1668,-35,81510,1042,-28
81520,1584,-25,81530,1059,-26
81540,1697,-23,81550,1107,-26
81560,1641,-26,81570,1005,-24
81580,1645,-30,81590,1109,-33
81600,1669,-22,81610,1063,-31
81620,1595,-25,81630,1056,-35
81640,1694,-29,81650,1098,-25
81660,1644,-27,81670,1009,-29
81680,1625,-27,81690,1115,-24
81700,1678,-31,81710,1059,-29
81720,1597,-35,81730,1056,-32
81740,1693,-21,81750,1104,-32
81760,1639,-37,81770,1008,-31
81780,1644,-25,81790,1107,-26
81800,1666,-23,81810,1055,-29
81820,1600,-31,81830,1056,-29
81840,1681,-20,81850,1106,-25
81860,1639,-28,81870,1008,-27
81880,1639,-19,81890,1117,-26
81900,1692,-28,81910,1064,-36
81920,1598,-26,81930,1054,-14
81940,1699,-33,81950,1097,-32
81960,1641,-25,81970,1018,-21
81980,1651,-34,81990,1112,-29
82000,1672,-27,82010,1055,-25
82020,1580,-32,82030,1057,-38
82040,1686,-22,82050,1105,-31
82060,1638,-29,82070,1012,-24
82080,1651,-32,82090,1102,-33
82100,1676,-30,82110,1057,-22
82120,1576,-32,82130,1049,-31
82140,1682,-27,82150,1092,-25
82160,1632,-23,82170,1007,-23
82180,1641,-29,82190,1102,-22
82200,1664,-27,82210,1065,-21
82220,1572,-22,82230,1053,-20
82240,1687,-29,82250,1085,-29
82260,1628,-30,82270,995,-20
82280,1623,-28,82290,1101,-32
82300,1664,-30,82310,1048,-32
82320,1586,-21,82330,1040,-30
82340,1655,-26,82350,1078,-28
82360,1622,-33,82370,999,-32
82380,1618,-31,82390,1095,-33
82400,1657,-34,82410,1042,-20
82420,1586,-23,82430,1051,-18
82440,1671,-26,82450,1084,-28
82460,1616,-23,82470,1002,-26
82480,1623,-21,82490,1096,-24
82500,1659,-32,82510,1032,-22
82520,1572,-31,82530,1028,-35
82540,1690,-21,82550,1084,-20
82560,1612,-16,82570,1002,-28
82580,1617,-19,82590,1077,-26
82600,1664,-31,82610,1042,-36
82620,1576,-27,82630,1047,-21
82640,1669,-18,82650,1097,-26
82660,1622,-30,82670,997,-35
82680,1632,-31,82690,1086,-21
82700,1654,-38,82710,1035,-31
82720,1565,-27,82730,1050,-26
82740,1674,-25,82750,1094,-22
82760,1611,-31,82770,1010,-33
82780,1630,-30,82790,1087,-29
82800,1664,-29,82810,1041,-35
82820,1573,-30,82830,1037,-29
82840,1669,-27,82850,1080,-26
82860,1615,-32,82870,1001,-23
82880,1622,-34,82890,1109,-34
82900,1660,-29,82910,1049,-24
82920,1580,-20,82930,1048,-26
82940,1677,-32,82950,1073,-22
82960,1620,-22,82970,997,-31
82980,1626,-28,82990,1102,-24
83000,1663,-27,83010,1058,-25
83020,1569,-30,83030,1066,-29
83040,1683,-30,83050,1092,-23
83060,1648,-24,83070,1003,-29
83080,1632,-27,83090,1104,-22
83100,1674,-26,83110,1065,-20
83120,1595,-28,83130,1057,-27
83140,1692,-24,83150,1098,-22
83160,1635,-33,83170,1007,-26
83180,1632,-29,83190,1117,-31
83200,1670,-22,83210,1039,-29
83220,1597,-27,83230,1062,-28
83240,1694,-33,83250,1098,-34
83260,1632,-32,83270,1021,-26
83280,1636,-21,83290,1107,-29
83300,1678,-34,83310,1049,-25
83320,1584,-34,83330,1068,-24
83340,1692,-16,83350,1109,-31
83360,1632,-25,83370,1013,-19
83380,1639,-26,83390,1113,-23
83400,1669,-23,83410,1053,-22
83420,1576,-22,83430,1068,-19
83440,1688,-30,83450,1105,-19
83460,1627,-19,83470,1007,-32
83480,1663,-34,83490,1107,-22
83500,1670,-28,83510,1043,-28
83520,1587,-33,83530,1067,-27
83540,1676,-20,83550,1079,-23
83560,1629,-31,83570,1005,-27
83580,1622,-32,83590,1100,-21
83600,1666,-26,83610,1045,-23
83620,1584,-19,83630,1060,-28
83640,1694,-36,83650,1081,-28
83660,1623,-20,83670,1008,-32
83680,1627,-30,83690,1102,-25
83700,1663,-35,83710,1041,-32
83720,1578,-24,83730,1049,-29
83740,1679,-26,83750,1092,-34
83760,1625,-28,83770,1023,-18
83780,1633,-32,83790,1098,-28
83800,1669,-28,83810,1038,-33
83820,1581,-30,83830,1053,-32
83840,1687,-34,83850,1088,-13
83860,1634,-28,83870,996,-24
83880,1635,-20,83890,1090,-28
83900,1659,-30,83910,1033,-30
83920,1578,-31,83930,1062,-28
83940,1683,-28,83950,1075,-30
83960,1625,-35,83970,1013,-35
83980,1638,-21,83990,1107,-29
2500,1530,-18,2510,1112,-20
2520,1448,-33,2530,1051,-31
2540,1496,-27,2550,1162,-30
2560,1495,-19,2570,1079,-25
2580,1441,-30,2590,1117,-32
2600,1534,-27,2610,1125,-32
2620,1479,-22,2630,1053,-32
2640,1480,-27,2650,1152,-34
2660,1491,-32,2670,1069,-19
2680,1428,-24,2690,1119,-29
2700,1533,-23,2710,1132,-27
2720,1454,-27,2730,1065,-25
2740,1488,-35,2750,1156,-38
2760,1499,-28,2770,1091,-34
2780,1434,-30,2790,1120,-20
2800,1520,-29,2810,1114,-23
2820,1451,-27,2830,1060,-28
2840,1499,-23,2850,1139,-29
2860,1498,-25,2870,1095,-28
2880,1431,-18,2890,1111,-41
2900,1511,-31,2910,1127,-35
2920,1462,-30,2930,1039,-33
2940,1493,-29,2950,1133,-27
2960,1492,-32,2970,1075,-32
2980,1436,-17,2990,1097,-26
3000,1523,-30,3010,1099,-27
3020,1450,-26,3030,1063,-29
3040,1481,-29,3050,1140,-27
3060,1501,-21,3070,1074,-35
3080,1433,-33,3090,1115,-26
3100,1507,-25,3110,1130,-26
3120,1442,-25,3130,1059,-21
3140,1491,-30,3150,1148,-28
3160,1500,-24,3170,1067,-27
3180,1423,-29,3190,1129,-24
3200,1511,-31,3210,1106,-22
3220,1450,-22,3230,1043,-31
3240,1490,-33,3250,1131,-33
3260,1485,-32,3270,1072,-28
3280,1430,-31,3290,1117,-26
3300,1527,-29,3310,1100,-26
3320,1430,-28,3330,1021,-25
3340,1500,-22,3350,1131,-35
3360,1500,-27,3370,1085,-30
3380,1444,-29,3390,1123,-26
3400,1539,-32,3410,1118,-40
3420,1437,-36,3430,1055,-33
3440,1477,-26,3450,1122,-28
3460,1470,-40,3470,1041,-28
3480,1442,-31,3490,1111,-32
3500,1495,-19,3510,1102,-29
3520,1428,-32,3530,1049,-32
3540,1464,-23,3550,1122,-24
3560,1459,-40,3570,1028,-34
3580,1421,-35,3590,1088,-35
3600,1512,-22,3610,1102,-37
3620,1423,-39,3630,1058,-33
3640,1470,-32,3650,1132,-34
3660,1478,-23,3670,1058,-22
3680,1454,-22,3690,1108,-29
3700,1503,-30,3710,1100,-32
3720,1428,-27,3730,1077,-32
3740,1517,-36,3750,1150,-32
3760,1484,-25,3770,1070,-24
3780,1446,-33,3790,1120,-31
3800,1532,-29,3810,1134,-17
3820,1467,-30,3830,1090,-29
3840,1534,-36,3850,1163,-28
3860,1523,-28,3870,1105,-29
3880,1497,-28,3890,1178,-34
3900,1598,-30,3910,1161,-27
3920,1506,-29,3930,1145,-33
3940,1579,-30,3950,1217,-24
3960,1567,-36,3970,1153,-38
3980,1521,-37,3990,1224,-40
4000,1638,-20,4010,1222,-25
4020,1538,-31,4030,1197,-32
4040,1629,-26,4050,1251,-25
4060,1602,-40,4070,1206,-25
4080,1582,-36,4090,1297,-20
4100,1687,-27,4110,1243,-32
4120,1589,-34,4130,1209,-30
4140,1680,-35,4150,1299,-29
4160,1615,-33,4170,1216,-28
4180,1618,-35,4190,1314,-25
4200,1684,-30,4210,1271,-26
4220,1616,-38,4230,1251,-30
4240,1679,-34,4250,1331,-25
4260,1674,-28,4270,1260,-24
4280,1650,-39,4290,1323,-30
4300,1711,-29,4310,1328,-19
4320,1625,-26,4330,1302,-28
4340,1730,-28,4350,1347,-22
4360,1693,-25,4370,1276,-23
4380,1677,-30,4390,1372,-33
4400,1739,-22,4410,1341,-32
4420,1662,-37,4430,1316,-21
4440,1763,-21,4450,1378,-19
4460,1733,-28,4470,1303,-20
4480,1732,-31,4490,1415,-27
4500,1765,-33,4510,1360,-23
4520,1685,-33,4530,1347,-28
4540,1781,-29,4550,1395,-27
4560,1755,-26,4570,1311,-30
4580,1722,-29,4590,1418,-28
4600,1790,-28,4610,1373,-30
4620,1698,-32,4630,1346,-26
4640,1807,-31,4650,1403,-35
4660,1734,-25,4670,1323,-19
4680,1748,-31,4690,1416,-37
4700,1816,-34,4710,1352,-32
4720,1711,-30,4730,1356,-23
4740,1800,-30,4750,1417,-33
4760,1742,-25,4770,1341,-24
4780,1746,-32,4790,1424,-21
4800,1796,-25,4810,1383,-28
4820,1707,-30,4830,1369,-32
4840,1815,-30,4850,1417,-30
4860,1760,-26,4870,1296,-36
4880,1759,-34,4890,1417,-35
4900,1773,-21,4910,1379,-18
4920,1707,-29,4930,1403,-36
4940,1806,-27,4950,1418,-35
4960,1756,-33,4970,1353,-30
4980,1750,-29,4990,1443,-34
5000,1775,-27,5010,1369,-33
5020,1711,-17,5030,1381,-26
5040,1813,-23,5050,1424,-24
5060,1760,-33,5070,1337,-34
5080,1777,-23,5090,1455,-41
5100,1794,-24,5110,1371,-19
5120,1704,-23,5130,1396,-31
5140,1792,-34,5150,1392,-36
5160,1739,-26,5170,1323,-11
5180,1765,-21,5190,1441,-28
5200,1761,-39,5210,1373,-25
5220,1691,-22,5230,1383,-23
5240,1826,-24,5250,1399,-26
5260,1753,-32,5270,1333,-32
5280,1769,-30,5290,1459,-29
5300,1788,-30,5310,1357,-29
5320,1700,-22,5330,1405,-26
5340,1825,-21,5350,1412,-27
5360,1742,-22,5370,1324,-22
5380,1760,-28,5390,1436,-28
5400,1764,-38,5410,1364,-22
5420,1723,-29,5430,1383,-23
5440,1809,-23,5450,1404,-28
5460,1744,-29,5470,1310,-32
5480,1762,-30,5490,1418,-26
5500,1773,-28,5510,1341,-28
5520,1695,-36,5530,1372,-33
5540,1798,-29,5550,1402,-27
5560,1735,-18,5570,1303,-28
5580,1754,-34,5590,1434,-31
5600,1755,-33,5610,1340,-29
5620,1698,-32,5630,1377,-24
5640,1781,-28,5650,1378,-30
5660,1729,-28,5670,1301,-32
5680,1739,-31,5690,1402,-30
5700,1748,-32,5710,1367,-24
5720,1672,-29,5730,1370,-25
5740,1787,-34,5750,1362,-30
5760,1700,-27,5770,1317,-24
5780,1740,-31,5790,1402,-30
5800,1763,-26,5810,1302,-21
5820,1680,-26,5830,1368,-26
5840,1789,-28,5850,1374,-29
5860,1703,-28,5870,1291,-28
5880,1732,-25,5890,1401,-29
5900,1717,-33,5910,1320,-25
5920,1680,-29,5930,1341,-31
5940,1779,-27,5950,1356,-22
5960,1668,-22,5970,1282,-17
5980,1732,-33,5990,1363,-28
6000,1744,-26,6010,1294,-20
6020,1657,-27,6030,1345,-24
6040,1764,-35,6050,1346,-28
6060,1657,-27,6070,1280,-31
6080,1731,-26,6090,1366,-27
6100,1713,-28,6110,1304,-26
6120,1663,-39,6130,1360,-33
6140,1759,-33,6150,1326,-28
6160,1669,-29,6170,1274,-30
6180,1731,-33,6190,1359,-35
6200,1706,-33,6210,1289,-32
6220,1659,-28,6230,1350,-27
6240,1750,-34,6250,1342,-22
6260,1668,-21,6270,1273,-24
6280,1731,-25,6290,1372,-19
6300,1706,-25,6310,1290,-31
6320,1657,-34,6330,1350,-33
6340,1724,-25,6350,1331,-24
6360,1667,-28,6370,1288,-32
6380,1715,-23,6390,1343,-26
6400,1704,-30,6410,1278,-26
6420,1661,-12,6430,1354,-29
6440,1744,-22,6450,1329,-29
6460,1647,-20,6470,1290,-32
6480,1730,-29,6490,1360,-30
6500,1707,-27,6510,1274,-21
6520,1641,-30,6530,1361,-24
6540,1752,-24,6550,1319,-28
6560,1647,-34,6570,1283,-21
6580,1707,-26,6590,1364,-38
6600,1711,-27,6610,1268,-26
6620,1656,-23,6630,1348,-35
6640,1731,-18,6650,1328,-27
6660,1654,-34,6670,1285,-24
6680,1712,-21,6690,1354,-16
6700,1704,-22,6710,1275,-32
6720,1659,-21,6730,1328,-29
6740,1738,-28,6750,1316,-30
6760,1647,-28,6770,1278,-35
6780,1727,-34,6790,1356,-33
6800,1705,-35,6810,1245,-27
6820,1652,-33,6830,1342,-32
6840,1742,-32,6850,1312,-34
6860,1632,-39,6870,1288,-25
6880,1743,-31,6890,1354,-36
6900,1701,-29,6910,1279,-27
6920,1656,-38,6930,1351,-32
6940,1720,-24,6950,1319,-33
6960,1660,-20,6970,1293,-26
6980,1736,-22,6990,1342,-34
7000,1691,-31,7010,1292,-28
7020,1668,-31,7030,1338,-34
7040,1724,-28,7050,1295,-32
7060,1657,-24,7070,1307,-20
7080,1707,-31,7090,1354,-26
7100,1706,-30,7110,1269,-31
7120,1668,-35,7130,1353,-20
7140,1743,-27,7150,1316,-35
7160,1631,-34,7170,1306,-26
7180,1739,-26,7190,1370,-35
7200,1701,-29,7210,1254,-35
7220,1656,-29,7230,1350,-32
7240,1723,-36,7250,1314,-26
7260,1638,-37,7270,1289,-34
7280,1733,-36,7290,1357,-33
7300,1689,-22,7310,1268,-33
7320,1677,-31,7330,1367,-28
7340,1731,-26,7350,1304,-24
7360,1653,-29,7370,1288,-23
7380,1747,-13,7390,1356,-25
7400,1671,-29,7410,1255,-27
7420,1664,-31,7430,1352,-33
7440,1724,-38,7450,1299,-20
7460,1633,-26,7470,1296,-34
7480,1730,-40,7490,1374,-31
7500,1693,-18,7510,1255,-32
7520,1657,-28,7530,1359,-33
7540,1722,-30,7550,1305,-26
7560,1641,-25,7570,1316,-31
7580,1724,-34,7590,1349,-22
7600,1705,-31,7610,1271,-21
7620,1680,-25,7630,1354,-29
7640,1739,-29,7650,1326,-34
7660,1649,-18,7670,1265,-32
7680,1745,-30,7690,1361,-31
7700,1685,-29,7710,1277,-34
7720,1679,-31,7730,1357,-28
7740,1731,-33,7750,1302,-37
7760,1668,-31,7770,1283,-21
7780,1740,-29,7790,1352,-30
7800,1691,-33,7810,1258,-35
7820,1689,-42,7830,1365,-23
7840,1732,-16,7850,1306,-28
7860,1632,-27,7870,1307,-34
7880,1731,-32,7890,1351,-32
7900,1680,-29,7910,1237,-28
7920,1688,-23,7930,1362,-26
7940,1734,-18,7950,1302,-32
7960,1644,-21,7970,1316,-22
7980,1747,-29,7990,1340,-33
15500,1786,-34,15510,1393,-24
15520,1730,-31,15530,1306,-35
15540,1700,-33,15550,1394,-34
15560,1780,-28,15570,1352,-28
15580,1682,-29,15590,1347,-21
15600,1767,-35,15610,1405,-30
15620,1729,-34,15630,1316,-24
15640,1708,-35,15650,1420,-33
15660,1780,-35,15670,1372,-37
15680,1706,-26,15690,1341,-33
15700,1777,-25,15710,1428,-23
15720,1740,-27,15730,1316,-20
15740,1716,-33,15750,1402,-33
15760,1779,-22,15770,1363,-33
15780,1691,-33,15790,1344,-30
15800,1793,-30,15810,1402,-31
15820,1730,-27,15830,1325,-27
15840,1707,-23,15850,1413,-27
15860,1800,-27,15870,1372,-29
15880,1690,-27,15890,1355,-28
15900,1803,-27,15910,1390,-25
15920,1745,-30,15930,1306,-31
15940,1722,-34,15950,1413,-14
15960,1782,-22,15970,1374,-37
15980,1707,-24,15990,1366,-21
16000,1805,-23,16010,1402,-32
16020,1731,-37,16030,1330,-32
16040,1716,-30,16050,1418,-25
16060,1781,-23,16070,1369,-26
16080,1691,-31,16090,1351,-21
16100,1787,-22,16110,1397,-19
16120,1738,-26,16130,1312,-12
16140,1721,-31,16150,1403,-34
16160,1776,-30,16170,1363,-25
16180,1697,-34,16190,1397,-29
16200,1793,-32,16210,1406,-39
16220,1723,-29,16230,1319,-31
16240,1733,-29,16250,1424,-26
16260,1779,-33,16270,1354,-23
16280,1685,-19,16290,1371,-20
16300,1801,-16,16310,1384,-28
16320,1760,-26,16330,1304,-25
16340,1740,-27,16350,1389,-28
16360,1767,-28,16370,1357,-32
16380,1698,-29,16390,1365,-21
16400,1802,-31,16410,1406,-23
16420,1727,-35,16430,1313,-30
16440,1756,-38,16450,1424,-30
16460,1754,-20,16470,1351,-26
16480,1722,-24,16490,1369,-27
16500,1789,-32,16510,1401,-31
16520,1711,-23,16530,1292,-28
16540,1758,-31,16550,1431,-28
16560,1784,-23,16570,1360,-22
16580,1703,-27,16590,1378,-26
16600,1804,-33,16610,1418,-38
16620,1720,-29,16630,1310,-32
16640,1770,-26,16650,1408,-24
16660,1771,-30,16670,1357,-37
16680,1696,-28,16690,1385,-17
16700,1808,-38,16710,1413,-23
16720,1738,-20,16730,1336,-24
16740,1775,-20,16750,1435,-32
16760,1769,-27,16770,1349,-27
16780,1705,-25,16790,1356,-24
16800,1814,-28,16810,1392,-27
16820,1723,-31,16830,1334,-31
16840,1784,-24,16850,1426,-31
16860,1779,-28,16870,1323,-38
16880,1709,-34,16890,1402,-39
16900,1801,-20,16910,1371,-41
16920,1725,-22,16930,1320,-27
16940,1765,-20,16950,1431,-27
16960,1765,-38,16970,1348,-33
16980,1688,-35,16990,1374,-34
17000,1783,-25,17010,1390,-32
17020,1720,-32,17030,1343,-26
17040,1755,-24,17050,1434,-32
17060,1754,-30,17070,1338,-26
17080,1705,-24,17090,1386,-33
17100,1823,-23,17110,1385,-25
17120,1724,-28,17130,1306,-27
17140,1775,-26,17150,1425,-35
17160,1754,-22,17170,1339,-33
17180,1712,-27,17190,1396,-25
17200,1794,-26,17210,1390,-19
17220,1709,-26,17230,1337,-27
17240,1777,-25,17250,1427,-20
17260,1760,-30,17270,1339,-33
17280,1703,-27,17290,1375,-30
17300,1795,-39,17310,1392,-37
17320,1725,-18,17330,1328,-33
17340,1762,-29,17350,1412,-25
17360,1770,-28,17370,1334,-28
17380,1712,-33,17390,1397,-39
17400,1812,-32,17410,1368,-15
17420,1703,-25,17430,1336,-30
17440,1765,-19,17450,1412,-23
17460,1761,-34,17470,1320,-28
17480,1696,-32,17490,1419,-36
17500,1783,-22,17510,1404,-27
17520,1717,-23,17530,1350,-28
17540,1783,-19,17550,1411,-23
17560,1760,-27,17570,1323,-30
17580,1684,-23,17590,1392,-25
17600,1788,-25,17610,1392,-24
17620,1715,-30,17630,1329,-33
17640,1765,-29,17650,1418,-33
17660,1768,-28,17670,1328,-27
17680,1693,-30,17690,1400,-31
17700,1775,-27,17710,1379,-34
17720,1696,-30,17730,1348,-25
17740,1780,-35,17750,1398,-21
17760,1749,-26,17770,1325,-35
17780,1672,-36,17790,1379,-38
17800,1784,-30,17810,1391,-31
17820,1693,-33,17830,1335,-35
17840,1794,-29,17850,1415,-22
17860,1747,-27,17870,1335,-30
17880,1687,-32,17890,1397,-40
17900,1795,-29,17910,1377,-24
17920,1702,-29,17930,1328,-31
17940,1771,-34,17950,1407,-34
17960,1734,-29,17970,1322,-38
17980,1715,-29,17990,1394,-25
18000,1797,-20,18010,1353,-36
18020,1697,-29,18030,1344,-30
18040,1781,-29,18050,1405,-39
18060,1759,-32,18070,1321,-28
18080,1700,-23,18090,1396,-15
18100,1753,-26,18110,1373,-27
18120,1699,-23,18130,1355,-31
18140,1783,-25,18150,1397,-32
18160,1717,-27,18170,1324,-27
18180,1704,-37,18190,1405,-33
18200,1748,-31,18210,1352,-24
18220,1687,-29,18230,1345,-28
18240,1764,-28,18250,1389,-32
18260,1762,-31,18270,1317,-34
18280,1715,-33,18290,1384,-24
18300,1771,-17,18310,1355,-32
18320,1683,-35,18330,1340,-30
18340,1782,-15,18350,1377,-24
18360,1737,-28,18370,1297,-30
18380,1702,-29,18390,1393,-23
18400,1764,-17,18410,1360,-29
18420,1701,-30,18430,1327,-33
18440,1766,-31,18450,1402,-24
18460,1734,-24,18470,1304,-25
18480,1709,-22,18490,1407,-39
18500,1770,-19,18510,1337,-30
18520,1674,-25,18530,1339,-27
18540,1789,-28,18550,1423,-14
18560,1736,-25,18570,1312,-22
18580,1702,-25,18590,1398,-22
18600,1766,-26,18610,1362,-29
18620,1686,-29,18630,1360,-24
18640,1773,-34,18650,1397,-32
18660,1717,-30,18670,1286,-30
18680,1738,-24,18690,1385,-19
18700,1769,-28,18710,1343,-38
18720,1688,-36,18730,1341,-34
18740,1788,-22,18750,1397,-22
18760,1718,-35,18770,1318,-26
18780,1739,-37,18790,1403,-33
18800,1751,-25,18810,1315,-18
18820,1673,-23,18830,1333,-22
18840,1793,-22,18850,1380,-27
18860,1722,-33,18870,1288,-28
18880,1741,-24,18890,1407,-22
18900,1767,-31,18910,1328,-32
18920,1659,-25,18930,1366,-23
18940,1752,-29,18950,1387,-34
18960,1720,-25,18970,1302,-24
18980,1724,-28,18990,1397,-30
19000,1782,-26,19010,1325,-37
19020,1683,-28,19030,1341,-26
19040,1774,-18,19050,1385,-32
19060,1708,-29,19070,1306,-23
19080,1758,-24,19090,1417,-31
19100,1759,-35,19110,1311,-21
19120,1693,-30,19130,1360,-25
19140,1754,-19,19150,1396,-24
19160,1699,-30,19170,1316,-24
19180,1736,-37,19190,1416,-31
19200,1770,-36,19210,1337,-27
19220,1695,-28,19230,1336,-33
19240,1786,-26,19250,1383,-27
19260,1704,-29,19270,1307,-26
19280,1722,-30,19290,1405,-27
19300,1758,-29,19310,1323,-27
19320,1691,-31,19330,1346,-27
19340,1798,-23,19350,1389,-36
19360,1685,-27,19370,1313,-30
19380,1760,-32,19390,1409,-20
19400,1752,-35,19410,1323,-35
19420,1696,-33,19430,1355,-30
19440,1805,-33,19450,1377,-24
19460,1719,-25,19470,1308,-34
19480,1749,-28,19490,1422,-19
19500,1755,-28,19510,1349,-21
19520,1639,-32,19530,1369,-31
19540,1796,-33,19550,1375,-14
19560,1719,-19,19570,1307,-24
19580,1760,-21,19590,1416,-27
19600,1767,-28,19610,1318,-23
19620,1690,-26,19630,1376,-28
19640,1785,-35,19650,1366,-26
19660,1702,-15,19670,1298,-30
19680,1773,-27,19690,1404,-14
19700,1765,-35,19710,1332,-13
19720,1684,-30,19730,1368,-31
19740,1779,-30,19750,1359,-29
19760,1706,-23,19770,1320,-30
19780,1754,-29,19790,1397,-25
19800,1769,-15,19810,1326,-30
19820,1690,-30,19830,1389,-29
19840,1794,-27,19850,1393,-30
19860,1711,-28,19870,1312,-30
19880,1762,-28,19890,1385,-29
19900,1741,-35,19910,1330,-36
19920,1686,-22,19930,1386,-18
19940,1804,-26,19950,1386,-34
19960,1718,-30,19970,1323,-28
19980,1772,-24,19990,1379,-29
20000,1748,-20,20010,1305,-33
20020,1699,-35,20030,1372,-33
20040,1803,-37,20050,1396,-34
20060,1704,-36,20070,1353,-20
20080,1782,-28,20090,1417,-26
20100,1737,-32,20110,1320,-28
20120,1692,-30,20130,1367,-38
20140,1788,-29,20150,1363,-25
20160,1690,-25,20170,1311,-26
20180,1776,-27,20190,1396,-17
20200,1766,-33,20210,1308,-28
20220,1717,-27,20230,1380,-29
20240,1756,-25,20250,1365,-28
20260,1703,-36,20270,1300,-27
20280,1758,-26,20290,1409,-32
20300,1736,-34,20310,1325,-31
20320,1710,-28,20330,1374,-26
20340,1752,-27,20350,1360,-26
20360,1715,-31,20370,1332,-27
20380,1742,-43,20390,1415,-29
20400,1761,-22,20410,1309,-40
20420,1712,-23,20430,1437,-34
20440,1789,-25,20450,1382,-34
20460,1714,-23,20470,1320,-31
20480,1761,-29,20490,1430,-32
20500,1726,-19,20510,1312,-24
20520,1699,-19,20530,1400,-28
20540,1776,-29,20550,1365,-32
20560,1713,-27,20570,1324,-33
20580,1790,-31,20590,1385,-26
20600,1721,-29,20610,1296,-29
20620,1692,-28,20630,1394,-38
20640,1798,-21,20650,1368,-38
20660,1700,-37,20670,1317,-32
20680,1748,-19,20690,1396,-27
20700,1732,-29,20710,1313,-33
20720,1720,-36,20730,1384,-18
20740,1777,-25,20750,1330,-32
20760,1688,-23,20770,1322,-30
20780,1810,-20,20790,1408,-27
20800,1725,-17,20810,1319,-30
20820,1715,-29,20830,1395,-28
20840,1776,-39,20850,1348,-37
20860,1669,-25,20870,1331,-32
20880,1768,-13,20890,1398,-26
20900,1747,-39,20910,1308,-27
20920,1711,-32,20930,1399,-30
20940,1758,-29,20950,1372,-28
20960,1677,-29,20970,1336,-33
20980,1787,-31,20990,1400,-31
26500,1718,-28,26510,1407,-21
26520,1773,-26,26530,1349,-40
26540,1683,-34,26550,1321,-18
26560,1788,-22,26570,1378,-33
26580,1701,-28,26590,1314,-26
26600,1761,-29,26610,1403,-23
26620,1761,-20,26630,1330,-30
26640,1689,-22,26650,1358,-32
26660,1765,-33,26670,1390,-32
26680,1718,-22,26690,1299,-35
26700,1711,-24,26710,1410,-26
26720,1736,-25,26730,1342,-31
26740,1658,-38,26750,1357,-33
26760,1762,-29,26770,1391,-31
26780,1693,-35,26790,1281,-16
26800,1722,-32,26810,1395,-29
26820,1744,-32,26830,1342,-16
26840,1683,-34,26850,1345,-30
26860,1753,-27,26870,1361,-37
26880,1721,-32,26890,1299,-23
26900,1708,-27,26910,1406,-27
26920,1736,-17,26930,1336,-31
26940,1665,-11,26950,1341,-31
26960,1777,-25,26970,1410,-28
26980,1734,-18,26990,1283,-30
