LED1 Timestamp (ms),LED1_PD1,LED1_PD2,LED2 Timestamp (ms),LED2_PD1,LED2_PD2
34500,8091,8078,34510,8080,8078
34520,8067,8079,34530,8082,8065
34540,8081,8069,34550,8088,8066
34560,8077,8075,34570,8091,8069
34580,8075,8071,34590,8090,8061
34600,8073,8070,34610,8090,8077
34620,8080,8067,34630,8091,8079
34640,8076,8076,34650,8092,8080
34660,8086,8070,34670,8080,8070
34680,8089,8065,34690,8091,8072
34700,8074,8080,34710,8090,8068
34720,8071,8069,34730,8074,8074
34740,8079,8067,34750,8076,8078
34760,8082,8069,34770,8088,8068
34780,8081,8076,34790,8090,8084
34800,8083,8066,34810,8086,8072
34820,8087,8082,34830,8080,8070
34840,8073,8069,34850,8101,8078
34860,8072,8075,34870,8082,8083
34880,8088,8070,34890,8080,8083
34900,8088,8069,34910,8077,8074
34920,8084,8069,34930,8087,8071
34940,8070,8070,34950,8090,8080
34960,8082,8078,34970,8085,8075
34980,8091,8078,34990,8092,8075
35000,8084,8069,35010,8093,8077
35020,8081,8071,35030,8085,8080
35040,8085,8078,35050,8089,8072
35060,8082,8067,35070,8084,8072
35080,8086,8070,35090,8086,8080
35100,8075,8080,35110,8089,8073
35120,8075,8084,35130,8091,8075
35140,8085,8076,35150,8090,8078
35160,8072,8070,35170,8080,8083
35180,8081,8074,35190,8082,8074
35200,8088,8080,35210,8079,8074
35220,8068,8073,35230,8089,8073
35240,8081,8074,35250,8082,8076
35260,8082,8076,35270,8086,8073
35280,8065,8080,35290,8081,8076
35300,8081,8063,35310,8083,8080
35320,8073,8072,35330,8093,8074
35340,8075,8077,35350,8092,8073
35360,8087,8069,35370,8085,8070
35380,8084,8077,35390,8089,8069
35400,8083,8079,35410,8081,8075
35420,8083,8085,35430,8086,8064
35440,8069,8077,35450,8084,8085
35460,8078,8079,35470,8088,8078
35480,8077,8070,35490,8087,8076
35500,8073,8065,35510,8084,8079
35520,8077,8057,35530,8084,8066
35540,8065,8064,35550,8076,8074
35560,8074,8081,35570,8089,8077
35580,8088,8075,35590,8091,8082
35600,8080,8078,35610,8088,8067
35620,8083,8082,35630,8086,8066
35640,8084,8073,35650,8093,8080
35660,8080,8090,35670,8079,8070
35680,8078,8080,35690,8095,8067
35700,8088,8069,35710,8085,8075
35720,8085,8074,35730,8085,8074
35740,8086,8085,35750,8085,8079
35760,8088,8081,35770,8099,8073
35780,8093,8089,35790,8086,8075
35800,8083,8069,35810,8088,8083
35820,8078,8086,35830,8082,8082
35840,8086,8080,35850,8092,8070
35860,8100,8085,35870,8081,8072
35880,8090,8075,35890,8094,8075
35900,8083,8084,35910,8081,8067
35920,8086,8072,35930,8091,8091
35940,8084,8080,35950,8090,8091
35960,8081,8081,35970,8083,8076
35980,8081,8075,35990,8103,8069
36000,8086,8076,36010,8105,8079
36020,8088,8091,36030,8089,8083
36040,8092,8083,36050,8090,8070
36060,8074,8076,36070,8096,8065
36080,8082,8069,36090,8093,8087
36100,8083,8086,36110,8090,8089
36120,8091,8077,36130,8089,8081
36140,8093,8082,36150,8089,8083
36160,8075,8084,36170,8087,8090
36180,8077,8078,36190,8087,8075
36200,8077,8079,36210,8084,8098
36220,8095,8080,36230,8090,8071
36240,8080,8077,36250,8087,8083
36260,8081,8080,36270,8092,8066
36280,8082,8082,36290,8098,8078
36300,8087,8079,36310,8095,8076
36320,8082,8080,36330,8092,8076
36340,8075,8075,36350,8089,8070
36360,8082,8069,36370,8078,8072
36380,8078,8071,36390,8101,8077
36400,8076,8083,36410,8095,8082
36420,8086,8077,36430,8084,8078
36440,8086,8082,36450,8091,8073
36460,8090,8079,36470,8082,8081
36480,8086,8072,36490,8090,8087
36500,8091,8076,36510,8082,8081
36520,8088,8079,36530,8079,8076
36540,8081,8084,36550,8099,8083
36560,8083,8084,36570,8096,8077
36580,8086,8087,36590,8093,8081
36600,8081,8072,36610,8087,8071
36620,8085,8087,36630,8094,8072
36640,8082,8077,36650,8091,8083
36660,8085,8077,36670,8089,8076
36680,8080,8078,36690,8087,8075
36700,8084,8084,36710,8086,8080
36720,8090,8072,36730,8088,8087
36740,8076,8072,36750,8094,8074
36760,8080,8076,36770,8089,8080
36780,8082,8076,36790,8091,8085
36800,8084,8077,36810,8090,8080
36820,8087,8074,36830,8089,8074
36840,8082,8071,36850,8081,8078
36860,8071,8075,36870,8075,8068
36880,8087,8082,36890,8081,8078
36900,8081,8071,36910,8092,8069
36920,8090,8082,36930,8097,8093
36940,8078,8081,36950,8097,8077
36960,8083,8077,36970,8080,8081
36980,8077,8078,36990,8087,8075
37000,8081,8064,37010,8080,8078
37020,8080,8073,37030,8091,8081
37040,8083,8092,37050,8083,8075
37060,8093,8082,37070,8101,8086
37080,8098,8072,37090,8091,8071
37100,8087,8074,37110,8085,8074
37120,8085,8085,37130,8090,8072
37140,8082,8083,37150,8083,8079
37160,8078,8074,37170,8096,8078
37180,8083,8076,37190,8089,8073
37200,8075,8079,37210,8092,8079
37220,8088,8082,37230,8094,8078
37240,8079,8080,37250,8088,8082
37260,8078,8082,37270,8085,8071
37280,8084,8075,37290,8084,8072
37300,8095,8080,37310,8086,8086
37320,8099,8084,37330,8086,8088
37340,8091,8082,37350,8091,8075
37360,8084,8081,37370,8085,8082
37380,8071,8070,37390,8102,8089
37400,8081,8068,37410,8085,8083
37420,8087,8078,37430,8098,8081
37440,8078,8089,37450,8096,8078
37460,8079,8072,37470,8098,8079
37480,8085,8068,37490,8082,8074
37500,8086,8091,37510,8084,8083
37520,8081,8073,37530,8092,8073
37540,8092,8081,37550,8088,8075
37560,8089,8081,37570,8087,8074
37580,8083,8080,37590,8093,8080
37600,8088,8081,37610,8081,8067
37620,8087,8071,37630,8083,8067
37640,8091,8079,37650,8087,8076
37660,8072,8072,37670,8091,8072
37680,8080,8075,37690,8078,8068
37700,8075,8084,37710,8079,8078
37720,8086,8084,37730,8104,8085
37740,8076,8076,37750,8087,8082
37760,8094,8085,37770,8096,8082
37780,8080,8067,37790,8090,8084
37800,8079,8079,37810,8087,8079
37820,8085,8075,37830,8089,8091
37840,8090,8079,37850,8099,8068
37860,8088,8078,37870,8090,8077
37880,8087,8076,37890,8091,8081
37900,8089,8080,37910,8089,8081
37920,8077,8081,37930,8082,8087
37940,8084,8083,37950,8101,8088
37960,8084,8075,37970,8091,8083
37980,8085,8080,37990,8088,8093
38000,8090,8082,38010,8070,8090
38020,8088,8086,38030,8090,8079
38040,8095,8085,38050,8096,8077
38060,8086,8083,38070,8092,8089
38080,8090,8085,38090,8096,8084
38100,8086,8082,38110,8076,8097
38120,8087,8091,38130,8079,8081
38140,8090,8075,38150,8087,8086
38160,8080,8074,38170,8090,8077
38180,8085,8077,38190,8087,8080
38200,8089,8082,38210,8092,8080
38220,8080,8091,38230,8081,8074
38240,8085,8078,38250,8100,8086
38260,8091,8073,38270,8105,8082
38280,8090,8089,38290,8094,8083
38300,8081,8086,38310,8092,8086
38320,8088,8078,38330,8095,8080
38340,8082,8079,38350,8096,8081
38360,8077,8077,38370,8087,8081
38380,8094,8084,38390,8096,8082
38400,8080,8086,38410,8099,8087
38420,8083,8097,38430,8099,8084
38440,8086,8090,38450,8095,8084
38460,8079,8077,38470,8095,8092
38480,8090,8085,38490,8083,8087
38500,8079,8089,38510,8101,8087
38520,8084,8090,38530,8103,8099
38540,8095,8098,38550,8096,8086
38560,8094,8090,38570,8104,8087
38580,8092,8084,38590,8080,8084
38600,8099,8083,38610,8092,8083
38620,8095,8080,38630,8085,8090
38640,8090,8089,38650,8101,8090
38660,8095,8088,38670,8089,8069
38680,8086,8074,38690,8087,8087
38700,8088,8091,38710,8091,8081
38720,8086,8088,38730,8089,8077
38740,8084,8074,38750,8087,8078
38760,8085,8086,38770,8097,8081
38780,8089,8087,38790,8104,8097
38800,8086,8076,38810,8097,8079
38820,8087,8082,38830,8092,8084
38840,8090,8082,38850,8096,8089
38860,8080,8085,38870,8091,8076
38880,8086,8091,38890,8096,8080
38900,8073,8082,38910,8083,8078
38920,8068,8085,38930,8086,8075
38940,8085,8081,38950,8090,8090
38960,8078,8079,38970,8091,8085
38980,8084,8082,38990,8096,8092
39000,8090,8070,39010,8093,8076
39020,8085,8083,39030,8099,8079
39040,8091,8089,39050,8097,8085
39060,8093,8090,39070,8093,8086
39080,8084,8086,39090,8089,8083
39100,8092,8081,39110,8100,8083
39120,8092,8076,39130,8097,8095
39140,8081,8083,39150,8102,8091
39160,8084,8078,39170,8088,8081
39180,8083,8086,39190,8087,8081
39200,8079,8088,39210,8091,8078
39220,8087,8081,39230,8095,8067
39240,8086,8073,39250,8091,8090
39260,8076,8088,39270,8098,8083
39280,8086,8084,39290,8087,8082
39300,8089,8081,39310,8097,8084
39320,8078,8087,39330,8097,8094
39340,8100,8088,39350,8097,8090
39360,8087,8082,39370,8092,8094
39380,8093,8090,39390,8084,8083
39400,8092,8090,39410,8090,8082
39420,8086,8081,39430,8090,8085
39440,8085,8084,39450,8092,8087
39460,8088,8083,39470,8085,8085
39480,8090,8101,39490,8105,8087
39500,8087,8072,39510,8095,8076
39520,8096,8089,39530,8097,8094
39540,8093,8074,39550,8094,8089
39560,8090,8074,39570,8093,8075
39580,8085,8078,39590,8088,8083
39600,8107,8090,39610,8093,8091
39620,8079,8080,39630,8093,8086
39640,8088,8076,39650,8094,8081
39660,8086,8082,39670,8086,8079
39680,8097,8084,39690,8093,8074
39700,8085,8085,39710,8086,8079
39720,8097,8086,39730,8102,8078
39740,8089,8085,39750,8097,8085
39760,8096,8087,39770,8078,8087
39780,8080,8087,39790,8095,8085
39800,8089,8087,39810,8096,8087
39820,8088,8081,39830,8085,8092
39840,8091,8072,39850,8090,8092
39860,8087,8079,39870,8095,8083
39880,8093,8086,39890,8094,8082
39900,8085,8084,39910,8097,8086
39920,8084,8085,39930,8094,8085
39940,8091,8082,39950,8099,8085
39960,8095,8089,39970,8097,8082
39980,8085,8089,39990,8106,8079
40000,8084,8076,40010,8087,8076
40020,8086,8083,40030,8089,8077
40040,8094,8081,40050,8094,8082
40060,8092,8085,40070,8093,8085
40080,8086,8092,40090,8099,8087
40100,8089,8085,40110,8089,8089
40120,8088,8092,40130,8093,8082
40140,8086,8083,40150,8100,8092
40160,8094,8078,40170,8085,8085
40180,8093,8085,40190,8090,8085
40200,8084,8088,40210,8090,8067
40220,8096,8082,40230,8084,8079
40240,8083,8074,40250,8090,8080
40260,8088,8089,40270,8093,8086
40280,8091,8078,40290,8086,8082
40300,8091,8083,40310,8089,8093
40320,8078,8085,40330,8094,8078
40340,8081,8086,40350,8079,8080
40360,8088,8095,40370,8089,8088
40380,8087,8082,40390,8090,8088
40400,8079,8081,40410,8092,8077
40420,8094,8081,40430,8090,8085
40440,8089,8084,40450,8088,8089
40460,8082,8085,40470,8096,8071
40480,8083,8083,40490,8093,8082
40500,8093,8086,40510,8100,8086
40520,8089,8082,40530,8088,8072
40540,8086,8090,40550,8091,8092
40560,8097,8088,40570,8081,8085
40580,8093,8087,40590,8096,8092
40600,8095,8077,40610,8093,8083
40620,8097,8082,40630,8096,8081
40640,8099,8079,40650,8091,8083
40660,8097,8087,40670,8097,8074
40680,8098,8089,40690,8088,8080
40700,8083,8089,40710,8100,8085
40720,8088,8079,40730,8101,8080
40740,8086,8078,40750,8096,8083
40760,8075,8075,40770,8090,8089
40780,8087,8073,40790,8093,8074
40800,8084,8070,40810,8098,8087
40820,8080,8086,40830,8082,8075
40840,8088,8084,40850,8101,8085
40860,8092,8085,40870,8089,8086
40880,8090,8074,40890,8090,8089
40900,8090,8075,40910,8081,8073
40920,8081,8075,40930,8094,8086
40940,8091,8084,40950,8089,8073
40960,8085,8077,40970,8092,8088
40980,8092,8084,40990,8080,8077
41000,8081,8080,41010,8102,8077
41020,8085,8087,41030,8092,8074
41040,8092,8082,41050,8096,8084
41060,8086,8096,41070,8083,8082
41080,8085,8080,41090,8085,8077
41100,8091,8085,41110,8070,8077
41120,8082,8077,41130,8088,8084
41140,8084,8077,41150,8088,8074
41160,8105,8079,41170,8088,8080
41180,8083,8088,41190,8086,8083
41200,8080,8089,41210,8102,8078
41220,8089,8079,41230,8081,8078
41240,8074,8076,41250,8095,8078
41260,8091,8084,41270,8091,8097
41280,8102,8081,41290,8094,8082
41300,8081,8086,41310,8099,8096
41320,8088,8089,41330,8105,8083
41340,8085,8085,41350,8091,8069
41360,8092,8083,41370,8090,8081
41380,8085,8089,41390,8084,8080
41400,8084,8077,41410,8080,8078
41420,8092,8083,41430,8089,8078
41440,8091,8084,41450,8089,8083
41460,8083,8080,41470,8092,8072
41480,8092,8075,41490,8086,8076
41500,8084,8082,41510,8097,8080
41520,8097,8078,41530,8097,8082
41540,8082,8085,41550,8098,8082
41560,8098,8087,41570,8087,8081
41580,8095,8076,41590,8080,8076
41600,8095,8075,41610,8093,8091
41620,8084,8073,41630,8100,8080
41640,8086,8075,41650,8094,8091
41660,8086,8069,41670,8089,8083
41680,8086,8085,41690,8094,8080
41700,8092,8080,41710,8102,8095
41720,8091,8076,41730,8089,8077
41740,8092,8088,41750,8095,8085
41760,8082,8084,41770,8098,8081
41780,8086,8082,41790,8097,8094
41800,8078,8073,41810,8094,8073
41820,8092,8083,41830,8090,8080
41840,8097,8085,41850,8092,8081
41860,8083,8089,41870,8090,8085
41880,8094,8095,41890,8093,8089
41900,8097,8090,41910,8091,8082
41920,8088,8075,41930,8096,8079
41940,8086,8077,41950,8096,8090
41960,8089,8079,41970,8096,8083
41980,8090,8091,41990,8097,8101
42000,8086,8086,42010,8102,8093
42020,8103,8077,42030,8105,8092
42040,8094,8081,42050,8102,8089
42060,8075,8076,42070,8095,8085
42080,8088,8075,42090,8085,8085
42100,8086,8094,42110,8094,8074
42120,8082,8084,42130,8095,8087
42140,8091,8096,42150,8095,8081
42160,8084,8080,42170,8090,8090
42180,8091,8093,42190,8088,8084
42200,8082,8083,42210,8089,8086
42220,8073,8070,42230,8086,8080
42240,8100,8088,42250,8095,8085
42260,8088,8082,42270,8094,8100
42280,8079,8089,42290,8094,8083
42300,8098,8094,42310,8102,8082
42320,8085,8087,42330,8102,8093
42340,8090,8087,42350,8092,8083
42360,8090,8084,42370,8105,8085
42380,8094,8094,42390,8096,8089
42400,8087,8083,42410,8086,8090
42420,8088,8086,42430,8089,8077
42440,8084,8087,42450,8085,8080
42460,8091,8073,42470,8101,8094
42480,8088,8081,42490,8097,8084
42500,8093,8081,42510,8090,8072
42520,8091,8085,42530,8091,8092
42540,8094,8087,42550,8097,8079
42560,8101,8091,42570,8099,8099
42580,8097,8087,42590,8096,8082
42600,8096,8081,42610,8095,8085
42620,8092,8086,42630,8095,8084
42640,8096,8089,42650,8099,8089
42660,8089,8083,42670,8082,8093
42680,8092,8081,42690,8099,8081
42700,8082,8084,42710,8107,8082
42720,8095,8084,42730,8097,8099
42740,8092,8090,42750,8099,8085
42760,8089,8087,42770,8101,8097
42780,8084,8101,42790,8093,8096
42800,8095,8082,42810,8096,8085
42820,8080,8095,42830,8085,8078
42840,8085,8099,42850,8081,8095
42860,8096,8086,42870,8090,8096
42880,8093,8090,42890,8100,8080
42900,8100,8087,42910,8109,8100
42920,8101,8093,42930,8093,8086
42940,8102,8095,42950,8098,8094
42960,8101,8094,42970,8106,8091
42980,8083,8083,42990,8096,8083
43000,8098,8090,43010,8103,8091
43020,8094,8088,43030,8096,8087
43040,8090,8090,43050,8088,8088
43060,8085,8082,43070,8088,8086
43080,8106,8090,43090,8091,8087
43100,8096,8093,43110,8099,8083
43120,8089,8088,43130,8094,8083
43140,8099,8098,43150,8103,8090
43160,8090,8091,43170,8104,8083
43180,8099,8092,43190,8092,8083
43200,8091,8083,43210,8094,8087
43220,8101,8092,43230,8103,8089
43240,8092,8102,43250,8092,8082
43260,8087,8088,43270,8093,8083
43280,8106,8074,43290,8097,8092
43300,8087,8089,43310,8099,8096
43320,8098,8096,43330,8093,8092
43340,8093,8088,43350,8099,8090
43360,8095,8088,43370,8086,8085
43380,8091,8088,43390,8094,8082
43400,8095,8087,43410,8101,8090
43420,8087,8095,43430,8105,8091
43440,8098,8083,43450,8102,8085
43460,8099,8100,43470,8104,8101
43480,8096,8082,43490,8098,8101
43500,8095,8094,43510,8097,8080
43520,8087,8094,43530,8109,8097
43540,8102,8085,43550,8098,8103
43560,8094,8088,43570,8102,8093
43580,8097,8096,43590,8102,8093
43600,8091,8088,43610,8098,8091
43620,8096,8093,43630,8102,8099
43640,8082,8087,43650,8098,8082
43660,8098,8095,43670,8096,8096
43680,8089,8091,43690,8103,8089
43700,8095,8080,43710,8094,8096
43720,8092,8090,43730,8099,8084
43740,8094,8085,43750,8102,8092
43760,8088,8094,43770,8083,8090
43780,8091,8092,43790,8101,8091
43800,8082,8087,43810,8103,8084
43820,8088,8088,43830,8092,8093
43840,8090,8089,43850,8108,8094
43860,8094,8095,43870,8096,8089
43880,8098,8087,43890,8096,8089
43900,8107,8097,43910,8099,8091
43920,8096,8090,43930,8093,8082
43940,8087,8093,43950,8103,8093
43960,8099,8099,43970,8099,8089
43980,8087,8099,43990,8099,8096
44000,8081,8095,44010,8100,8087
44020,8086,8084,44030,8106,8088
44040,8102,8097,44050,8110,8079
44060,8105,8095,44070,8110,8086
44080,8088,8085,44090,8101,8091
44100,8095,8093,44110,8099,8101
44120,8100,8092,44130,8101,8091
44140,8094,8079,44150,8102,8076
44160,8106,8086,44170,8103,8094
44180,8091,8081,44190,8100,8083
44200,8100,8089,44210,8102,8083
44220,8092,8091,44230,8103,8096
44240,8088,8084,44250,8105,8099
44260,8087,8084,44270,8106,8095
44280,8094,8089,44290,8103,8096
44300,8089,8091,44310,8096,8088
44320,8086,8086,44330,8097,8095
44340,8099,8090,44350,8107,8090
44360,8105,8087,44370,8097,8083
44380,8096,8095,44390,8088,8096
44400,8090,8092,44410,8110,8087
44420,8098,8072,44430,8092,8076
44440,8097,8098,44450,8105,8099
44460,8099,8090,44470,8090,8102
44480,8097,8090,44490,8101,8084
44500,8085,8087,44510,8094,8079
44520,8088,8099,44530,8096,8087
44540,8092,8089,44550,8095,8091
44560,8093,8077,44570,8098,8098
44580,8100,8089,44590,8095,8094
44600,8091,8082,44610,8093,8088
44620,8085,8091,44630,8094,8098
44640,8089,8086,44650,8097,8090
44660,8084,8073,44670,8095,8087
44680,8094,8090,44690,8098,8102
44700,8093,8087,44710,8105,8091
44720,8090,8092,44730,8090,8095
44740,8087,8078,44750,8092,8087
44760,8083,8080,44770,8094,8085
44780,8094,8084,44790,8100,8093
44800,8076,8080,44810,8088,8087
44820,8092,8077,44830,8091,8081
44840,8085,8100,44850,8101,8091
44860,8099,8088,44870,8090,8078
44880,8106,8089,44890,8099,8093
44900,8088,8075,44910,8105,8091
44920,8088,8083,44930,8089,8090
44940,8090,8098,44950,8090,8083
44960,8099,8083,44970,8096,8079
44980,8103,8084,44990,8089,8101
45000,8083,8093,45010,8098,8085
45020,8093,8083,45030,8092,8082
45040,8094,8088,45050,8095,8084
45060,8091,8093,45070,8102,8089
45080,8096,8098,45090,8092,8093
45100,8088,8090,45110,8098,8088
45120,8086,8095,45130,8101,8096
45140,8090,8088,45150,8098,8083
45160,8087,8088,45170,8097,8076
45180,8086,8078,45190,8088,8092
45200,8090,8085,45210,8106,8093
45220,8082,8089,45230,8093,8102
45240,8096,8090,45250,8087,8082
45260,8090,8083,45270,8095,8085
45280,8091,8086,45290,8096,8094
45300,8092,8078,45310,8092,8094
45320,8085,8092,45330,8102,8101
45340,8102,8089,45350,8097,8098
45360,8084,8075,45370,8088,8087
45380,8091,8083,45390,8097,8089
45400,8089,8087,45410,8102,8085
45420,8091,8090,45430,8101,8090
45440,8094,8083,45450,8102,8085
45460,8087,8086,45470,8105,8090
45480,8099,8087,45490,8093,8091
45500,8092,8087,45510,8101,8093
45520,8086,8086,45530,8097,8090
45540,8094,8094,45550,8100,8094
45560,8097,8092,45570,8101,8090
45580,8096,8098,45590,8095,8087
45600,8093,8091,45610,8092,8085
45620,8105,8098,45630,8102,8086
45640,8093,8084,45650,8101,8097
45660,8090,8089,45670,8093,8086
45680,8091,8089,45690,8098,8094
45700,8090,8089,45710,8112,8095
45720,8091,8091,45730,8095,8086
45740,8098,8096,45750,8092,8102
45760,8083,8083,45770,8101,8092
45780,8090,8099,45790,8099,8089
45800,8089,8083,45810,8108,8092
45820,8092,8097,45830,8099,8092
45840,8097,8085,45850,8094,8083
45860,8098,8096,45870,8096,8087
45880,8090,8087,45890,8088,8089
45900,8091,8095,45910,8098,8076
45920,8091,8077,45930,8105,8095
45940,8098,8089,45950,8092,8079
45960,8088,8087,45970,8101,8100
45980,8088,8079,45990,8104,8091
46000,8086,8088,46010,8105,8090
46020,8105,8096,46030,8089,8091
46040,8087,8080,46050,8100,8087
46060,8085,8086,46070,8094,8088
46080,8096,8091,46090,8097,8089
46100,8089,8082,46110,8105,8094
46120,8087,8087,46130,8103,8086
46140,8107,8090,46150,8096,8103
46160,8097,8085,46170,8092,8095
46180,8094,8097,46190,8095,8083
46200,8086,8099,46210,8099,8092
46220,8091,8090,46230,8101,8091
46240,8101,8101,46250,8095,8085
46260,8095,8085,46270,8106,8094
46280,8099,8096,46290,8114,8091
46300,8095,8100,46310,8115,8088
46320,8099,8086,46330,8088,8080
46340,8091,8091,46350,8101,8095
46360,8093,8085,46370,8094,8095
46380,8096,8084,46390,8102,8081
46400,8088,8079,46410,8096,8095
46420,8085,8092,46430,8108,8089
46440,8096,8093,46450,8103,8105
46460,8089,8082,46470,8100,8095
46480,8087,8093,46490,8100,8091
46500,8094,8099,46510,8101,8096
46520,8086,8092,46530,8100,8093
46540,8097,8090,46550,8102,8094
46560,8105,8095,46570,8109,8095
46580,8092,8092,46590,8103,8093
46600,8100,8087,46610,8112,8094
46620,8086,8092,46630,8095,8089
46640,8087,8087,46650,8097,8088
46660,8087,8087,46670,8098,8095
46680,8096,8090,46690,8101,8101
46700,8088,8087,46710,8096,8093
46720,8091,8098,46730,8103,8093
46740,8089,8092,46750,8104,8091
46760,8099,8089,46770,8107,8092
46780,8098,8083,46790,8100,8082
46800,8093,8088,46810,8098,8091
46820,8090,8090,46830,8105,8098
46840,8098,8087,46850,8093,8105
46860,8096,8100,46870,8106,8091
46880,8097,8089,46890,8096,8100
46900,8095,8092,46910,8100,8091
46920,8101,8084,46930,8092,8091
46940,8099,8093,46950,8096,8109
46960,8096,8092,46970,8109,8093
46980,8095,8092,46990,8110,8093
47000,8087,8099,47010,8108,8096
47020,8095,8091,47030,8099,8084
47040,8088,8094,47050,8094,8087
47060,8098,8084,47070,8091,8083
47080,8089,8088,47090,8112,8099
47100,8110,8095,47110,8099,8093
47120,8095,8091,47130,8100,8094
47140,8095,8093,47150,8103,8090
47160,8106,8092,47170,8102,8090
47180,8093,8083,47190,8100,8092
47200,8103,8088,47210,8097,8091
47220,8089,8091,47230,8107,8097
47240,8103,8099,47250,8099,8091
47260,8099,8103,47270,8103,8090
47280,8087,8093,47290,8107,8079
47300,8106,8101,47310,8097,8092
47320,8091,8093,47330,8096,8095
47340,8094,8102,47350,8101,8090
47360,8097,8092,47370,8096,8101
47380,8104,8104,47390,8107,8097
47400,8098,8089,47410,8096,8099
47420,8093,8099,47430,8104,8099
47440,8089,8089,47450,8089,8098
47460,8102,8103,47470,8092,8089
47480,8100,8093,47490,8108,8095
47500,8097,8090,47510,8112,8103
47520,8099,8087,47530,8103,8103
47540,8103,8096,47550,8102,8097
47560,8100,8091,47570,8100,8094
47580,8098,8091,47590,8097,8095
47600,8081,8084,47610,8097,8099
47620,8097,8093,47630,8102,8095
47640,8095,8088,47650,8106,8100
47660,8105,8086,47670,8093,8093
47680,8094,8094,47690,8094,8086
47700,8097,8101,47710,8095,8096
47720,8105,8099,47730,8105,8092
47740,8090,8090,47750,8097,8090
47760,8098,8090,47770,8104,8105
47780,8099,8098,47790,8094,8107
47800,8092,8088,47810,8104,8091
47820,8102,8100,47830,8111,8097
47840,8098,8103,47850,8096,8098
47860,8104,8091,47870,8111,8088
47880,8099,8089,47890,8098,8080
47900,8092,8085,47910,8106,8099
47920,8105,8085,47930,8103,8093
47940,8104,8096,47950,8102,8085
47960,8101,8096,47970,8100,8102
47980,8101,8106,47990,8108,8093
48000,8092,8092,48010,8101,8086
48020,8101,8099,48030,8099,8082
48040,8102,8094,48050,8096,8086
48060,8104,8088,48070,8100,8090
48080,8102,8105,48090,8106,8103
48100,8094,8101,48110,8096,8096
48120,8099,8095,48130,8104,8098
48140,8105,8091,48150,8108,8092
48160,8104,8095,48170,8101,8087
48180,8095,8092,48190,8101,8085
48200,8101,8084,48210,8108,8081
48220,8104,8091,48230,8115,8096
48240,8085,8095,48250,8103,8100
48260,8092,8086,48270,8100,8088
48280,8095,8087,48290,8099,8097
48300,8093,8092,48310,8105,8095
48320,8100,8082,48330,8099,8087
48340,8091,8080,48350,8101,8099
48360,8103,8092,48370,8103,8093
48380,8093,8093,48390,8108,8105
48400,8096,8104,48410,8104,8091
48420,8095,8093,48430,8094,8090
48440,8095,8094,48450,8109,8096
48460,8105,8085,48470,8102,8089
48480,8104,8099,48490,8111,8085
48500,8090,8103,48510,8105,8101
48520,8099,8095,48530,8102,8094
48540,8098,8090,48550,8114,8080
48560,8098,8099,48570,8108,8095
48580,8092,8106,48590,8111,8102
48600,8108,8087,48610,8101,8101
48620,8096,8096,48630,8104,8092
48640,8086,8096,48650,8095,8086
48660,8102,8089,48670,8096,8103
48680,8090,8090,48690,8085,8089
48700,8094,8082,48710,8095,8090
48720,8091,8095,48730,8095,8082
48740,8090,8083,48750,8110,8090
48760,8093,8096,48770,8099,8091
48780,8097,8098,48790,8093,8099
48800,8098,8092,48810,8106,8092
48820,8092,8089,48830,8096,8093
48840,8089,8097,48850,8091,8089
48860,8091,8100,48870,8103,8098
48880,8101,8090,48890,8103,8086
48900,8103,8099,48910,8103,8101
48920,8109,8097,48930,8105,8085
48940,8103,8097,48950,8091,8100
48960,8096,8101,48970,8100,8093
48980,8100,8107,48990,8099,8096
49000,8095,8081,49010,8105,8093
49020,8087,8103,49030,8098,8089
49040,8093,8098,49050,8102,8096
49060,8103,8086,49070,8093,8097
49080,8098,8088,49090,8105,8090
49100,8099,8089,49110,8089,8092
49120,8095,8090,49130,8105,8097
49140,8092,8085,49150,8100,8100
49160,8098,8094,49170,8107,8097
49180,8085,8096,49190,8108,8106
49200,8095,8096,49210,8096,8098
49220,8097,8097,49230,8105,8104
49240,8100,8084,49250,8111,8094
49260,8108,8103,49270,8102,8083
49280,8096,8090,49290,8095,8089
49300,8104,8093,49310,8099,8090
49320,8098,8097,49330,8093,8096
49340,8092,8099,49350,8093,8098
49360,8088,8097,49370,8103,8093
49380,8110,8105,49390,8098,8089
49400,8089,8096,49410,8095,8089
49420,8099,8081,49430,8097,8095
49440,8094,8085,49450,8092,8085
49460,8094,8094,49470,8100,8088
49480,8101,8094,49490,8107,8090
49500,8089,8083,49510,8096,8089
49520,8095,8085,49530,8091,8094
49540,8083,8091,49550,8097,8090
49560,8092,8084,49570,8105,8090
49580,8101,8092,49590,8106,8095
49600,8095,8097,49610,8107,8094
49620,8103,8095,49630,8096,8076
49640,8095,8091,49650,8097,8090
49660,8098,8088,49670,8099,8090
49680,8091,8083,49690,8097,8091
49700,8096,8095,49710,8099,8086
49720,8087,8087,49730,8091,8101
49740,8092,8091,49750,8105,8101
49760,8095,8088,49770,8116,8100
49780,8090,8106,49790,8092,8087
49800,8099,8095,49810,8101,8098
49820,8103,8092,49830,8102,8093
49840,8095,8091,49850,8094,8087
49860,8101,8099,49870,8104,8097
49880,8078,8098,49890,8108,8095
49900,8106,8098,49910,8111,8104
49920,8090,8094,49930,8100,8088
49940,8099,8092,49950,8102,8096
49960,8096,8095,49970,8100,8097
49980,8102,8105,49990,8106,8089
50000,8104,8096,50010,8095,8099
50020,8109,8109,50030,8101,8103
50040,8097,8090,50050,8107,8093
50060,8100,8097,50070,8104,8103
50080,8098,8095,50090,8102,8098
50100,8102,8089,50110,8102,8093
50120,8105,8091,50130,8104,8104
50140,8104,8092,50150,8100,8093
50160,8093,8101,50170,8094,8104
50180,8082,8100,50190,8120,8100
50200,8094,8096,50210,8109,8100
50220,8095,8098,50230,8098,8101
50240,8097,8088,50250,8091,8095
50260,8084,8097,50270,8108,8095
50280,8095,8091,50290,8094,8094
50300,8093,8101,50310,8095,8086
50320,8099,8097,50330,8102,8103
50340,8099,8096,50350,8110,8093
50360,8105,8100,50370,8099,8101
50380,8087,8098,50390,8100,8083
50400,8095,8093,50410,8101,8091
50420,8103,8097,50430,8112,8104
50440,8095,8090,50450,8105,8091
50460,8099,8093,50470,8099,8098
50480,8099,8093,50490,8102,8087
50500,8098,8095,50510,8108,8099
50520,8104,8097,50530,8101,8088
50540,8099,8097,50550,8098,8090
50560,8098,8099,50570,8110,8109
50580,8087,8090,50590,8107,8104
50600,8090,8101,50610,8108,8096
50620,8093,8100,50630,8096,8098
50640,8102,8103,50650,8104,8087
50660,8087,8096,50670,8101,8092
50680,8097,8096,50690,8100,8101
50700,8100,8090,50710,8107,8093
50720,8096,8095,50730,8094,8088
50740,8106,8097,50750,8105,8099
50760,8099,8097,50770,8099,8098
50780,8102,8102,50790,8118,8106
50800,8093,8105,50810,8110,8094
50820,8109,8092,50830,8111,8102
50840,8103,8094,50850,8105,8111
50860,8103,8103,50870,8114,8102
50880,8103,8103,50890,8104,8103
50900,8093,8096,50910,8102,8093
50920,8098,8101,50930,8100,8097
50940,8098,8093,50950,8094,8101
50960,8098,8099,50970,8100,8108
50980,8093,8106,50990,8113,8101
51000,8120,8097,51010,8105,8102
51020,8100,8099,51030,8105,8103
51040,8089,8101,51050,8105,8097
51060,8112,8105,51070,8115,8096
51080,8105,8100,51090,8095,8103
51100,8110,8103,51110,8104,8104
51120,8100,8093,51130,8105,8098
51140,8095,8100,51150,8101,8098
51160,8092,8101,51170,8106,8106
51180,8104,8103,51190,8113,8097
51200,8102,8107,51210,8099,8102
51220,8101,8101,51230,8096,8102
51240,8098,8090,51250,8096,8099
51260,8096,8092,51270,8111,8100
51280,8100,8097,51290,8100,8101
51300,8102,8099,51310,8092,8098
51320,8111,8105,51330,8091,8087
51340,8101,8099,51350,8105,8101
51360,8102,8092,51370,8104,8091
51380,8094,8087,51390,8097,8099
51400,8109,8089,51410,8106,8103
51420,8097,8101,51430,8109,8103
51440,8099,8096,51450,8100,8092
51460,8098,8096,51470,8109,8106
51480,8093,8097,51490,8099,8106
51500,8103,8101,51510,8106,8099
51520,8099,8098,51530,8095,8089
51540,8094,8096,51550,8099,8103
51560,8085,8088,51570,8107,8093
51580,8094,8097,51590,8099,8097
51600,8087,8102,51610,8102,8089
51620,8089,8092,51630,8095,8093
51640,8099,8094,51650,8104,8094
51660,8092,8104,51670,8109,8092
51680,8095,8102,51690,8105,8099
51700,8101,8098,51710,8109,8088
51720,8092,8104,51730,8104,8099
51740,8100,8101,51750,8116,8102
51760,8088,8106,51770,8100,8105
51780,8098,8094,51790,8101,8099
51800,8093,8096,51810,8105,8094
51820,8102,8100,51830,8096,8110
51840,8097,8098,51850,8111,8095
51860,8102,8087,51870,8094,8086
51880,8094,8095,51890,8102,8106
51900,8106,8099,51910,8101,8108
51920,8103,8097,51930,8112,8107
51940,8094,8089,51950,8109,8101
51960,8099,8095,51970,8103,8101
51980,8101,8098,51990,8100,8085
52000,8102,8106,52010,8108,8094
52020,8103,8095,52030,8109,8092
52040,8100,8092,52050,8106,8097
52060,8098,8099,52070,8101,8088
52080,8105,8100,52090,8105,8097
52100,8110,8100,52110,8107,8108
52120,8111,8100,52130,8108,8102
52140,8097,8102,52150,8100,8109
52160,8099,8104,52170,8106,8096
52180,8099,8093,52190,8103,8100
52200,8094,8107,52210,8107,8091
52220,8099,8109,52230,8091,8091
52240,8097,8100,52250,8106,8096
52260,8090,8095,52270,8103,8105
52280,8086,8102,52290,8099,8091
52300,8092,8102,52310,8101,8094
52320,8095,8101,52330,8100,8098
52340,8096,8097,52350,8116,8102
52360,8091,8109,52370,8101,8099
52380,8110,8094,52390,8102,8108
52400,8108,8100,52410,8112,8099
52420,8095,8096,52430,8098,8100
52440,8100,8106,52450,8103,8109
52460,8096,8095,52470,8109,8095
52480,8105,8106,52490,8103,8100
52500,8110,8113,52510,8103,8104
52520,8099,8103,52530,8105,8095
52540,8108,8099,52550,8117,8103
52560,8107,8110,52570,8104,8102
52580,8103,8099,52590,8101,8107
52600,8103,8093,52610,8114,8103
52620,8108,8100,52630,8104,8093
52640,8100,8109,52650,8102,8097
52660,8100,8107,52670,8109,8107
52680,8102,8088,52690,8114,8108
52700,8107,8107,52710,8095,8091
52720,8100,8108,52730,8103,8090
52740,8099,8090,52750,8104,8101
52760,8106,8093,52770,8111,8098
52780,8108,8105,52790,8103,8100
52800,8106,8104,52810,8104,8106
52820,8101,8097,52830,8104,8105
52840,8105,8106,52850,8115,8101
52860,8107,8104,52870,8108,8100
52880,8096,8096,52890,8126,8101
52900,8106,8100,52910,8111,8104
52920,8105,8104,52930,8116,8106
52940,8096,8103,52950,8111,8108
52960,8110,8116,52970,8116,8107
52980,8108,8109,52990,8114,8106
53000,8107,8095,53010,8114,8103
53020,8111,8101,53030,8097,8111
53040,8099,8096,53050,8119,8104
53060,8103,8103,53070,8116,8102
53080,8108,8102,53090,8111,8108
53100,8103,8112,53110,8108,8114
53120,8121,8109,53130,8102,8100
53140,8101,8100,53150,8099,8110
53160,8098,8103,53170,8106,8097
53180,8102,8098,53190,8121,8104
53200,8104,8096,53210,8102,8098
53220,8113,8106,53230,8099,8106
53240,8109,8103,53250,8109,8107
53260,8102,8104,53270,8116,8102
53280,8104,8101,53290,8106,8098
53300,8099,8102,53310,8114,8101
53320,8115,8101,53330,8113,8104
53340,8102,8113,53350,8112,8110
53360,8106,8096,53370,8117,8104
53380,8105,8103,53390,8112,8100
53400,8108,8102,53410,8115,8105
53420,8108,8104,53430,8114,8108
53440,8114,8109,53450,8112,8094
53460,8104,8105,53470,8115,8106
53480,8109,8099,53490,8119,8104
53500,8095,8104,53510,8121,8102
53520,8114,8106,53530,8120,8105
53540,8096,8100,53550,8119,8102
53560,8096,8107,53570,8104,8106
53580,8105,8104,53590,8114,8102
53600,8099,8096,53610,8112,8113
53620,8101,8104,53630,8115,8103
53640,8102,8111,53650,8112,8107
53660,8099,8106,53670,8110,8097
53680,8105,8105,53690,8118,8103
53700,8102,8101,53710,8117,8102
53720,8103,8100,53730,8106,8104
53740,8112,8106,53750,8116,8110
53760,8106,8108,53770,8109,8098
53780,8105,8087,53790,8110,8096
53800,8109,8092,53810,8117,8098
53820,8101,8100,53830,8112,8100
53840,8102,8099,53850,8112,8105
53860,8100,8101,53870,8107,8101
53880,8110,8105,53890,8105,8115
53900,8092,8085,53910,8107,8111
53920,8110,8113,53930,8115,8102
53940,8111,8108,53950,8113,8106
53960,8104,8099,53970,8117,8107
53980,8116,8104,53990,8119,8103
54000,8104,8110,54010,8109,8099
54020,8099,8103,54030,8112,8100
54040,8101,8103,54050,8109,8105
54060,8102,8096,54070,8112,8101
54080,8108,8101,54090,8105,8094
54100,8088,8108,54110,8107,8096
54120,8113,8101,54130,8103,8106
54140,8103,8102,54150,8109,8105
54160,8116,8110,54170,8105,8104
54180,8098,8107,54190,8122,8096
54200,8113,8109,54210,8116,8100
54220,8100,8102,54230,8101,8101
54240,8108,8112,54250,8103,8109
54260,8112,8101,54270,8107,8094
54280,8099,8109,54290,8103,8107
54300,8095,8111,54310,8101,8103
54320,8107,8101,54330,8099,8098
54340,8103,8098,54350,8115,8099
54360,8103,8103,54370,8111,8104
54380,8107,8110,54390,8112,8111
54400,8109,8101,54410,8107,8101
54420,8110,8109,54430,8109,8104
54440,8108,8097,54450,8099,8103
54460,8102,8106,54470,8119,8103
54480,8103,8105,54490,8106,8107
54500,8113,8106,54510,8112,8102
54520,8111,8099,54530,8106,8117
54540,8100,8099,54550,8112,8104
54560,8106,8105,54570,8105,8099
54580,8110,8104,54590,8104,8116
54600,8097,8111,54610,8110,8102
54620,8106,8098,54630,8118,8104
54640,8099,8103,54650,8106,8105
54660,8106,8109,54670,8119,8103
54680,8114,8107,54690,8111,8108
54700,8109,8109,54710,8106,8110
54720,8112,8115,54730,8116,8117
54740,8103,8103,54750,8113,8111
54760,8100,8103,54770,8108,8101
54780,8104,8098,54790,8105,8097
54800,8097,8104,54810,8111,8102
54820,8107,8103,54830,8116,8111
54840,8112,8106,54850,8105,8103
54860,8101,8113,54870,8106,8093
54880,8109,8101,54890,8111,8099
54900,8100,8107,54910,8105,8115
54920,8101,8100,54930,8113,8102
54940,8103,8110,54950,8112,8112
54960,8102,8102,54970,8118,8100
54980,8105,8098,54990,8101,8098
55000,8095,8093,55010,8109,8102
55020,8104,8112,55030,8109,8104
55040,8099,8104,55050,8109,8106
55060,8105,8106,55070,8095,8100
55080,8112,8113,55090,8108,8107
55100,8109,8089,55110,8106,8105
55120,8109,8106,55130,8098,8103
55140,8102,8107,55150,8118,8107
55160,8107,8111,55170,8092,8102
55180,8103,8102,55190,8108,8110
55200,8107,8099,55210,8101,8104
55220,8096,8091,55230,8108,8113
55240,8104,8102,55250,8113,8103
55260,8102,8098,55270,8105,8107
55280,8102,8110,55290,8108,8099
55300,8090,8097,55310,8096,8100
55320,8102,8103,55330,8112,8109
55340,8105,8103,55350,8109,8092
55360,8106,8100,55370,8113,8104
55380,8096,8099,55390,8103,8111
55400,8104,8103,55410,8114,8116
55420,8105,8102,55430,8114,8102
55440,8110,8101,55450,8115,8102
55460,8103,8107,55470,8113,8093
55480,8096,8096,55490,8101,8100
55500,8099,8099,55510,8118,8103
55520,8102,8115,55530,8106,8099
55540,8101,8112,55550,8116,8111
55560,8109,8105,55570,8115,8105
55580,8113,8106,55590,8105,8106
55600,8107,8101,55610,8113,8098
55620,8105,8105,55630,8108,8098
55640,8113,8102,55650,8112,8096
55660,8111,8106,55670,8113,8103
55680,8103,8109,55690,8110,8101
55700,8109,8113,55710,8117,8104
55720,8108,8103,55730,8107,8102
55740,8103,8103,55750,8116,8097
55760,8104,8103,55770,8115,8111
55780,8113,8108,55790,8112,8103
55800,8107,8106,55810,8109,8111
55820,8107,8102,55830,8113,8104
55840,8109,8100,55850,8114,8107
55860,8105,8101,55870,8112,8107
55880,8116,8113,55890,8120,8107
55900,8111,8100,55910,8110,8102
55920,8115,8107,55930,8111,8104
55940,8104,8108,55950,8117,8106
55960,8111,8114,55970,8108,8106
55980,8106,8108,55990,8107,8107
56000,8116,8101,56010,8112,8101
56020,8104,8099,56030,8105,8109
56040,8102,8100,56050,8103,8096
56060,8095,8096,56070,8114,8112
56080,8099,8103,56090,8108,8096
56100,8103,8110,56110,8102,8103
56120,8102,8107,56130,8100,8098
56140,8107,8099,56150,8107,8098
56160,8092,8095,56170,8116,8104
56180,8108,8105,56190,8108,8103
56200,8107,8108,56210,8113,8109
56220,8098,8098,56230,8101,8102
56240,8099,8108,56250,8108,8097
56260,8099,8104,56270,8107,8100
56280,8106,8099,56290,8113,8101
56300,8100,8104,56310,8105,8109
56320,8100,8106,56330,8115,8105
56340,8100,8105,56350,8113,8110
56360,8109,8104,56370,8111,8101
56380,8098,8095,56390,8110,8104
56400,8092,8100,56410,8100,8102
56420,8095,8095,56430,8107,8105
56440,8100,8106,56450,8104,8107
56460,8115,8109,56470,8113,8108
56480,8120,8101,56490,8110,8103
56500,8114,8105,56510,8115,8110
56520,8102,8100,56530,8109,8108
56540,8106,8099,56550,8115,8098
56560,8104,8099,56570,8112,8110
56580,8105,8108,56590,8115,8105
56600,8112,8100,56610,8115,8104
56620,8105,8106,56630,8112,8105
56640,8103,8107,56650,8107,8111
56660,8112,8102,56670,8112,8101
56680,8109,8111,56690,8108,8118
56700,8101,8106,56710,8119,8106
56720,8107,8104,56730,8119,8092
56740,8099,8103,56750,8111,8097
56760,8104,8106,56770,8102,8113
56780,8111,8111,56790,8110,8101
56800,8101,8113,56810,8110,8107
56820,8109,8114,56830,8114,8113
56840,8104,8106,56850,8116,8110
56860,8107,8108,56870,8112,8097
56880,8113,8104,56890,8116,8111
56900,8114,8109,56910,8112,8095
56920,8108,8100,56930,8114,8113
56940,8108,8103,56950,8117,8104
56960,8107,8115,56970,8107,8104
56980,8115,8111,56990,8105,8112
57000,8103,8115,57010,8116,8099
57020,8103,8098,57030,8110,8105
57040,8099,8106,57050,8112,8112
57060,8110,8102,57070,8110,8104
57080,8108,8095,57090,8109,8106
57100,8100,8107,57110,8108,8107
57120,8110,8105,57130,8121,8110
57140,8105,8100,57150,8111,8100
57160,8107,8104,57170,8109,8110
57180,8099,8104,57190,8107,8104
57200,8106,8108,57210,8103,8110
57220,8090,8108,57230,8110,8104
57240,8106,8108,57250,8113,8112
57260,8111,8105,57270,8107,8110
57280,8101,8106,57290,8113,8105
57300,8106,8102,57310,8106,8104
57320,8110,8110,57330,8105,8109
57340,8107,8095,57350,8107,8110
57360,8097,8112,57370,8113,8098
57380,8111,8105,57390,8112,8102
57400,8102,8111,57410,8108,8104
57420,8109,8109,57430,8113,8103
57440,8098,8100,57450,8111,8095
57460,8103,8099,57470,8115,8104
57480,8107,8106,57490,8123,8108
57500,8105,8105,57510,8102,8104
57520,8107,8107,57530,8112,8111
57540,8108,8111,57550,8115,8112
57560,8111,8102,57570,8110,8114
57580,8115,8101,57590,8117,8097
57600,8109,8101,57610,8119,8111
57620,8104,8104,57630,8115,8112
57640,8104,8109,57650,8116,8112
57660,8106,8112,57670,8111,8112
57680,8109,8112,57690,8112,8110
57700,8107,8105,57710,8102,8109
57720,8104,8100,57730,8120,8094
57740,8087,8107,57750,8108,8105
57760,8114,8112,57770,8115,8102
57780,8099,8099,57790,8105,8106
57800,8111,8113,57810,8119,8110
57820,8110,8108,57830,8109,8105
57840,8110,8105,57850,8117,8096
57860,8115,8104,57870,8106,8103
57880,8104,8106,57890,8120,8110
57900,8115,8104,57910,8121,8102
57920,8109,8106,57930,8115,8107
57940,8104,8106,57950,8114,8105
57960,8113,8117,57970,8115,8110
57980,8105,8107,57990,8116,8104
58000,8103,8105,58010,8112,8116
58020,8113,8102,58030,8122,8104
58040,8106,8113,58050,8112,8102
58060,8106,8113,58070,8099,8105
58080,8104,8105,58090,8103,8111
58100,8109,8105,58110,8110,8105
58120,8109,8113,58130,8108,8107
58140,8097,8101,58150,8112,8112
58160,8107,8105,58170,8105,8105
58180,8105,8098,58190,8105,8108
58200,8104,8106,58210,8112,8103
58220,8114,8102,58230,8117,8110
58240,8109,8112,58250,8127,8112
58260,8105,8114,58270,8117,8109
58280,8110,8106,58290,8106,8103
58300,8108,8093,58310,8118,8109
58320,8107,8098,58330,8106,8101
58340,8112,8115,58350,8115,8099
58360,8109,8107,58370,8120,8099
58380,8115,8111,58390,8111,8111
58400,8109,8108,58410,8123,8111
58420,8105,8116,58430,8116,8108
58440,8108,8107,58450,8111,8115
58460,8105,8096,58470,8116,8102
58480,8113,8105,58490,8111,8102
58500,8114,8102,58510,8106,8111
58520,8113,8112,58530,8115,8111
58540,8111,8104,58550,8109,8105
58560,8109,8102,58570,8106,8101
58580,8099,8108,58590,8119,8106
58600,8121,8122,58610,8115,8099
58620,8114,8109,58630,8117,8109
58640,8109,8112,58650,8119,8111
58660,8110,8108,58670,8113,8097
58680,8115,8119,58690,8121,8103
58700,8109,8103,58710,8120,8108
58720,8105,8111,58730,8114,8114
58740,8094,8106,58750,8103,8105
58760,8123,8107,58770,8111,8102
58780,8112,8110,58790,8112,8110
58800,8100,8107,58810,8116,8114
58820,8111,8107,58830,8116,8114
58840,8108,8115,58850,8114,8104
58860,8115,8108,58870,8115,8106
58880,8109,8110,58890,8109,8111
58900,8103,8105,58910,8114,8113
58920,8117,8105,58930,8118,8110
58940,8111,8114,58950,8126,8107
58960,8118,8110,58970,8117,8106
58980,8113,8110,58990,8113,8110
59000,8109,8118,59010,8115,8120
59020,8108,8110,59030,8128,8105
59040,8113,8103,59050,8119,8116
59060,8111,8115,59070,8107,8122
59080,8113,8107,59090,8099,8102
59100,8109,8109,59110,8107,8107
59120,8123,8122,59130,8121,8103
59140,8103,8106,59150,8126,8112
59160,8110,8109,59170,8118,8107
59180,8113,8117,59190,8116,8111
59200,8109,8105,59210,8110,8107
59220,8114,8106,59230,8115,8109
59240,8114,8109,59250,8113,8102
59260,8114,8100,59270,8114,8108
59280,8097,8109,59290,8111,8100
59300,8110,8113,59310,8116,8099
59320,8106,8110,59330,8111,8104
59340,8107,8116,59350,8114,8106
59360,8093,8107,59370,8107,8110
59380,8108,8101,59390,8116,8101
59400,8106,8108,59410,8113,8101
59420,8110,8105,59430,8119,8101
59440,8111,8111,59450,8116,8109
59460,8112,8102,59470,8109,8117
59480,8107,8093,59490,8130,8114
59500,8110,8107,59510,8121,8109
59520,8112,8101,59530,8116,8100
59540,8104,8106,59550,8125,8113
59560,8111,8102,59570,8111,8108
59580,8103,8107,59590,8112,8106
59600,8117,8108,59610,8124,8110
59620,8102,8104,59630,8112,8111
59640,8108,8111,59650,8110,8110
59660,8104,8111,59670,8117,8122
59680,8115,8100,59690,8116,8107
59700,8110,8109,59710,8114,8107
59720,8111,8112,59730,8117,8118
59740,8105,8111,59750,8120,8111
59760,8115,8107,59770,8126,8118
59780,8115,8108,59790,8105,8104
59800,8105,8111,59810,8112,8108
59820,8111,8106,59830,8110,8102
59840,8108,8118,59850,8121,8113
59860,8116,8108,59870,8123,8108
59880,8115,8108,59890,8123,8112
59900,8112,8111,59910,8113,8109
59920,8110,8105,59930,8123,8109
59940,8111,8116,59950,8114,8110
59960,8112,8113,59970,8112,8115
59980,8107,8105,59990,8106,8107
60000,8111,8114,60010,8123,8116
60020,8110,8113,60030,8118,8113
60040,8103,8101,60050,8116,8116
60060,8115,8109,60070,8120,8120
60080,8114,8111,60090,8111,8105
60100,8106,8105,60110,8114,8108
60120,8109,8113,60130,8119,8110
60140,8110,8102,60150,8114,8111
60160,8115,8101,60170,8128,8109
60180,8106,8107,60190,8115,8107
60200,8115,8116,60210,8115,8106
60220,8114,8113,60230,8120,8108
60240,8112,8104,60250,8106,8109
60260,8119,8110,60270,8118,8097
60280,8109,8106,60290,8123,8114
60300,8116,8106,60310,8117,8109
60320,8117,8100,60330,8118,8109
60340,8111,8112,60350,8121,8101
60360,8114,8116,60370,8117,8112
60380,8101,8112,60390,8128,8110
60400,8115,8115,60410,8118,8120
60420,8113,8116,60430,8129,8105
60440,8113,8110,60450,8125,8106
60460,8116,8108,60470,8121,8116
60480,8100,8105,60490,8114,8126
60500,8109,8103,60510,8118,8110
60520,8117,8116,60530,8113,8109
60540,8105,8114,60550,8123,8116
60560,8110,8113,60570,8113,8107
60580,8110,8105,60590,8136,8119
60600,8109,8111,60610,8122,8101
60620,8109,8117,60630,8123,8107
60640,8114,8106,60650,8118,8111
60660,8112,8107,60670,8119,8110
60680,8109,8102,60690,8118,8124
60700,8115,8108,60710,8114,8112
60720,8109,8101,60730,8118,8105
60740,8113,8119,60750,8122,8116
60760,8129,8114,60770,8112,8103
60780,8121,8115,60790,8115,8113
60800,8117,8113,60810,8112,8106
60820,8112,8116,60830,8120,8107
60840,8115,8112,60850,8114,8116
60860,8126,8124,60870,8126,8107
60880,8123,8116,60890,8120,8116
60900,8120,8111,60910,8118,8108
60920,8119,8116,60930,8125,8113
60940,8109,8120,60950,8126,8114
60960,8108,8109,60970,8122,8119
60980,8114,8108,60990,8123,8112
61000,8109,8112,61010,8113,8107
61020,8107,8118,61030,8115,8106
61040,8100,8111,61050,8119,8116
61060,8115,8110,61070,8124,8111
61080,8117,8115,61090,8119,8115
61100,8109,8114,61110,8118,8109
61120,8111,8114,61130,8115,8108
61140,8121,8101,61150,8109,8111
61160,8110,8114,61170,8123,8110
61180,8105,8104,61190,8116,8106
61200,8109,8111,61210,8120,8109
61220,8112,8114,61230,8124,8108
61240,8109,8104,61250,8112,8108
61260,8104,8106,61270,8121,8113
61280,8110,8118,61290,8129,8110
61300,8111,8110,61310,8123,8114
61320,8116,8113,61330,8118,8111
61340,8106,8100,61350,8115,8120
61360,8102,8105,61370,8113,8116
61380,8112,8093,61390,8120,8115
61400,8113,8115,61410,8117,8115
61420,8113,8120,61430,8124,8114
61440,8113,8115,61450,8117,8114
61460,8104,8105,61470,8109,8115
61480,8115,8105,61490,8122,8113
61500,8116,8109,61510,8112,8111
61520,8121,8094,61530,8127,8123
61540,8103,8108,61550,8112,8104
61560,8116,8103,61570,8119,8106
61580,8117,8111,61590,8123,8109
61600,8107,8108,61610,8116,8114
61620,8117,8116,61630,8127,8121
61640,8115,8105,61650,8107,8109
61660,8119,8115,61670,8109,8107
61680,8108,8105,61690,8120,8104
61700,8117,8110,61710,8119,8114
61720,8119,8104,61730,8119,8109
61740,8109,8099,61750,8114,8110
61760,8103,8107,61770,8124,8124
61780,8107,8111,61790,8114,8107
61800,8110,8110,61810,8118,8108
61820,8119,8109,61830,8120,8107
61840,8106,8108,61850,8124,8121
61860,8126,8107,61870,8113,8106
61880,8114,8107,61890,8117,8103
61900,8105,8109,61910,8118,8112
61920,8121,8116,61930,8125,8113
61940,8108,8103,61950,8120,8121
61960,8119,8112,61970,8116,8110
61980,8123,8114,61990,8116,8118
62000,8114,8113,62010,8121,8114
62020,8114,8114,62030,8120,8112
62040,8111,8103,62050,8116,8107
62060,8122,8116,62070,8116,8107
62080,8111,8109,62090,8125,8111
62100,8116,8117,62110,8122,8108
62120,8105,8104,62130,8110,8115
62140,8109,8109,62150,8120,8110
62160,8110,8111,62170,8114,8117
62180,8115,8117,62190,8118,8117
62200,8125,8117,62210,8116,8115
62220,8113,8108,62230,8113,8110
62240,8115,8111,62250,8117,8112
62260,8113,8099,62270,8113,8099
62280,8118,8119,62290,8113,8111
62300,8115,8101,62310,8111,8108
62320,8107,8108,62330,8117,8111
62340,8116,8111,62350,8113,8100
62360,8112,8119,62370,8115,8105
62380,8109,8112,62390,8103,8123
62400,8113,8107,62410,8108,8117
62420,8111,8113,62430,8126,8114
62440,8111,8108,62450,8111,8113
62460,8115,8114,62470,8123,8116
62480,8105,8098,62490,8120,8104
62500,8101,8111,62510,8121,8109
62520,8109,8113,62530,8114,8112
62540,8124,8111,62550,8120,8122
62560,8129,8121,62570,8110,8127
62580,8118,8110,62590,8116,8119
62600,8119,8117,62610,8123,8115
62620,8116,8113,62630,8119,8117
62640,8111,8115,62650,8109,8106
62660,8111,8109,62670,8114,8119
62680,8117,8123,62690,8118,8113
62700,8111,8119,62710,8116,8113
62720,8110,8109,62730,8121,8109
62740,8116,8118,62750,8122,8118
62760,8109,8108,62770,8111,8109
62780,8123,8120,62790,8111,8107
62800,8109,8107,62810,8121,8114
62820,8109,8112,62830,8126,8113
62840,8119,8106,62850,8122,8112
62860,8113,8109,62870,8116,8121
62880,8116,8118,62890,8127,8117
62900,8113,8114,62910,8123,8114
62920,8115,8110,62930,8119,8108
62940,8118,8111,62950,8114,8115
62960,8112,8098,62970,8114,8116
62980,8119,8114,62990,8115,8114
63000,8111,8115,63010,8120,8111
63020,8107,8110,63030,8115,8122
63040,8107,8114,63050,8117,8113
63060,8115,8114,63070,8118,8111
63080,8109,8115,63090,8110,8118
63100,8116,8115,63110,8128,8113
63120,8111,8115,63130,8123,8115
63140,8113,8115,63150,8111,8109
63160,8114,8107,63170,8107,8096
63180,8109,8107,63190,8106,8115
63200,8112,8115,63210,8116,8111
63220,8114,8116,63230,8121,8118
63240,8112,8118,63250,8125,8120
63260,8117,8114,63270,8112,8113
63280,8105,8096,63290,8117,8113
63300,8108,8111,63310,8126,8119
63320,8103,8112,63330,8115,8117
63340,8111,8112,63350,8124,8103
63360,8118,8110,63370,8120,8107
63380,8113,8111,63390,8127,8115
63400,8113,8122,63410,8113,8116
63420,8108,8111,63430,8122,8118
63440,8118,8125,63450,8112,8114
63460,8118,8107,63470,8111,8103
63480,8104,8106,63490,8130,8120
63500,8115,8105,63510,8116,8110
63520,8118,8114,63530,8122,8111
63540,8116,8113,63550,8123,8108
63560,8113,8112,63570,8124,8116
63580,8116,8105,63590,8124,8108
63600,8116,8111,63610,8115,8107
63620,8107,8107,63630,8121,8118
63640,8124,8119,63650,8127,8114
63660,8102,8119,63670,8119,8113
63680,8125,8109,63690,8124,8114
63700,8114,8111,63710,8114,8109
63720,8120,8116,63730,8122,8109
63740,8112,8117,63750,8125,8120
63760,8109,8113,63770,8120,8113
63780,8117,8120,63790,8120,8121
63800,8120,8118,63810,8115,8116
63820,8118,8111,63830,8130,8101
63840,8121,8114,63850,8126,8103
63860,8119,8115,63870,8122,8110
63880,8126,8112,63890,8124,8122
63900,8118,8113,63910,8128,8114
63920,8114,8104,63930,8126,8111
63940,8113,8119,63950,8113,8112
63960,8122,8102,63970,8125,8108
63980,8117,8117,63990,8122,8119
64000,8122,8118,64010,8110,8115
64020,8112,8117,64030,8115,8115
64040,8109,8105,64050,8115,8105
64060,8109,8119,64070,8128,8112
64080,8108,8121,64090,8121,8113
64100,8116,8120,64110,8118,8115
64120,8105,8117,64130,8121,8111
64140,8115,8120,64150,8115,8118
64160,8118,8114,64170,8117,8113
64180,8120,8114,64190,8116,8116
64200,8118,8116,64210,8118,8112
64220,8123,8128,64230,8117,8107
64240,8117,8114,64250,8106,8122
64260,8113,8105,64270,8124,8117
64280,8114,8097,64290,8124,8107
64300,8107,8111,64310,8126,8114
64320,8113,8115,64330,8122,8114
64340,8123,8115,64350,8121,8114
64360,8116,8107,64370,8113,8110
64380,8119,8110,64390,8119,8123
64400,8119,8117,64410,8123,8111
64420,8118,8123,64430,8126,8109
64440,8109,8113,64450,8120,8110
64460,8120,8113,64470,8123,8116
64480,8110,8117,64490,8122,8116
64500,8122,8116,64510,8120,8103
64520,8114,8110,64530,8122,8119
64540,8117,8111,64550,8126,8103
64560,8115,8113,64570,8114,8111
64580,8117,8117,64590,8133,8112
64600,8127,8107,64610,8121,8109
64620,8123,8116,64630,8121,8119
64640,8116,8108,64650,8118,8117
64660,8111,8115,64670,8115,8120
64680,8106,8115,64690,8121,8109
64700,8125,8115,64710,8115,8116
64720,8103,8116,64730,8119,8113
64740,8123,8114,64750,8110,8117
64760,8114,8113,64770,8118,8118
64780,8115,8118,64790,8114,8111
64800,8124,8115,64810,8131,8117
64820,8118,8114,64830,8125,8118
64840,8120,8115,64850,8123,8113
64860,8110,8107,64870,8128,8115
64880,8113,8107,64890,8125,8116
64900,8113,8128,64910,8121,8107
64920,8120,8122,64930,8131,8129
64940,8124,8119,64950,8124,8113
64960,8126,8124,64970,8126,8118
64980,8113,8108,64990,8123,8119
65000,8118,8117,65010,8122,8113
65020,8121,8126,65030,8105,8113
65040,8122,8103,65050,8129,8115
65060,8118,8112,65070,8129,8117
65080,8122,8112,65090,8125,8124
65100,8123,8118,65110,8122,8110
65120,8118,8112,65130,8119,8110
65140,8118,8121,65150,8119,8114
65160,8123,8110,65170,8121,8112
65180,8119,8114,65190,8117,8111
65200,8124,8121,65210,8120,8117
65220,8119,8115,65230,8129,8107
65240,8113,8115,65250,8123,8106
65260,8116,8120,65270,8122,8114
65280,8123,8112,65290,8119,8122
65300,8122,8125,65310,8120,8122
65320,8121,8113,65330,8134,8120
65340,8122,8119,65350,8126,8110
65360,8122,8119,65370,8124,8122
65380,8128,8121,65390,8133,8128
65400,8119,8108,65410,8123,8120
65420,8120,8117,65430,8130,8113
65440,8124,8121,65450,8124,8123
65460,8120,8117,65470,8114,8111
65480,8128,8120,65490,8120,8124
65500,8118,8122,65510,8119,8118
65520,8123,8127,65530,8132,8119
65540,8122,8112,65550,8127,8129
65560,8120,8112,65570,8126,8117
65580,8115,8123,65590,8126,8111
65600,8119,8117,65610,8133,8120
65620,8109,8114,65630,8128,8114
65640,8120,8121,65650,8117,8121
65660,8126,8120,65670,8128,8118
65680,8123,8109,65690,8123,8117
65700,8119,8120,65710,8130,8112
65720,8118,8125,65730,8129,8117
65740,8117,8114,65750,8129,8118
65760,8113,8113,65770,8131,8116
65780,8119,8117,65790,8115,8116
65800,8106,8112,65810,8117,8109
65820,8106,8121,65830,8128,8122
65840,8122,8119,65850,8129,8110
65860,8123,8116,65870,8127,8112
65880,8106,8119,65890,8124,8111
65900,8121,8113,65910,8118,8117
65920,8123,8121,65930,8119,8114
65940,8113,8117,65950,8122,8114
65960,8124,8125,65970,8132,8119
65980,8117,8119,65990,8125,8109
66000,8111,8113,66010,8131,8123
66020,8124,8114,66030,8120,8113
66040,8124,8120,66050,8121,8120
66060,8121,8115,66070,8115,8120
66080,8120,8121,66090,8124,8116
66100,8115,8115,66110,8121,8124
66120,8114,8123,66130,8119,8114
66140,8111,8114,66150,8123,8117
66160,8122,8117,66170,8125,8112
66180,8118,8120,66190,8127,8110
66200,8106,8122,66210,8118,8112
66220,8114,8120,66230,8125,8124
66240,8117,8129,66250,8125,8122
66260,8114,8111,66270,8113,8118
66280,8122,8123,66290,8118,8117
66300,8118,8113,66310,8126,8116
66320,8120,8128,66330,8116,8119
66340,8121,8114,66350,8120,8122
66360,8126,8116,66370,8124,8111
66380,8106,8118,66390,8129,8108
66400,8110,8116,66410,8123,8119
66420,8122,8125,66430,8119,8124
66440,8106,8136,66450,8125,8114
66460,8120,8113,66470,8125,8123
66480,8118,8107,66490,8131,8116
66500,8116,8117,66510,8115,8118
66520,8120,8120,66530,8128,8115
66540,8118,8117,66550,8117,8113
66560,8110,8113,66570,8118,8121
66580,8114,8110,66590,8128,8118
66600,8115,8106,66610,8123,8113
66620,8123,8119,66630,8131,8118
66640,8132,8117,66650,8125,8118
66660,8123,8121,66670,8125,8122
66680,8114,8122,66690,8123,8103
66700,8116,8114,66710,8135,8124
66720,8127,8119,66730,8130,8115
66740,8117,8121,66750,8123,8117
66760,8124,8121,66770,8120,8120
66780,8116,8109,66790,8117,8118
66800,8112,8114,66810,8121,8125
66820,8117,8113,66830,8134,8124
66840,8122,8119,66850,8125,8113
66860,8126,8110,66870,8131,8116
66880,8122,8117,66890,8128,8115
66900,8126,8125,66910,8129,8125
66920,8122,8117,66930,8126,8115
66940,8125,8125,66950,8127,8121
66960,8123,8104,66970,8134,8113
66980,8136,8125,66990,8117,8115
67000,8121,8126,67010,8132,8115
67020,8121,8127,67030,8130,8126
67040,8128,8133,67050,8119,8110
67060,8129,8128,67070,8118,8114
67080,8123,8124,67090,8128,8123
67100,8118,8120,67110,8124,8114
67120,8119,8124,67130,8131,8120
67140,8135,8122,67150,8117,8114
67160,8132,8119,67170,8134,8126
67180,8129,8127,67190,8139,8128
67200,8121,8119,67210,8130,8118
67220,8134,8121,67230,8126,8114
67240,8130,8132,67250,8129,8116
67260,8124,8122,67270,8127,8120
67280,8122,8119,67290,8131,8109
67300,8121,8130,67310,8127,8120
67320,8117,8117,67330,8125,8117
67340,8127,8113,67350,8124,8118
67360,8110,8128,67370,8133,8115
67380,8118,8122,67390,8133,8118
67400,8126,8126,67410,8129,8119
67420,8126,8117,67430,8123,8123
67440,8123,8124,67450,8124,8113
67460,8117,8109,67470,8127,8134
67480,8117,8110,67490,8122,8118
67500,8117,8114,67510,8135,8127
67520,8127,8127,67530,8131,8125
67540,8131,8124,67550,8119,8114
67560,8122,8120,67570,8129,8119
67580,8125,8117,67590,8127,8121
67600,8113,8112,67610,8124,8126
67620,8118,8117,67630,8128,8122
67640,8130,8111,67650,8130,8120
67660,8125,8120,67670,8125,8129
67680,8120,8121,67690,8127,8114
67700,8121,8125,67710,8128,8117
67720,8126,8121,67730,8122,8115
67740,8115,8104,67750,8139,8118
67760,8120,8116,67770,8115,8121
67780,8119,8119,67790,8125,8119
67800,8114,8123,67810,8124,8122
67820,8117,8117,67830,8130,8122
67840,8121,8115,67850,8144,8123
67860,8121,8116,67870,8125,8116
67880,8124,8116,67890,8130,8127
67900,8124,8121,67910,8131,8122
67920,8126,8125,67930,8122,8113
67940,8118,8116,67950,8125,8120
67960,8117,8125,67970,8120,8107
67980,8108,8117,67990,8121,8113
68000,8126,8117,68010,8133,8116
68020,8125,8119,68030,8120,8115
68040,8123,8118,68050,8120,8122
68060,8126,8122,68070,8128,8122
68080,8121,8120,68090,8130,8126
68100,8122,8124,68110,8132,8123
68120,8129,8123,68130,8128,8117
68140,8125,8119,68150,8119,8121
68160,8126,8125,68170,8126,8124
68180,8129,8118,68190,8118,8130
68200,8113,8113,68210,8117,8114
68220,8113,8133,68230,8132,8115
68240,8118,8116,68250,8125,8118
68260,8127,8116,68270,8127,8120
68280,8125,8124,68290,8125,8134
68300,8119,8115,68310,8123,8121
68320,8123,8120,68330,8131,8121
68340,8120,8127,68350,8121,8122
68360,8127,8120,68370,8130,8117
68380,8124,8115,68390,8126,8129
68400,8128,8123,68410,8122,8123
68420,8115,8117,68430,8121,8119
68440,8124,8122,68450,8127,8114
68460,8123,8116,68470,8129,8120
68480,8127,8125,68490,8129,8116
68500,8117,8114,68510,8124,8123
68520,8116,8115,68530,8128,8119
68540,8124,8123,68550,8119,8122
68560,8126,8114,68570,8130,8110
68580,8116,8118,68590,8127,8120
68600,8123,8126,68610,8128,8117
68620,8131,8123,68630,8128,8119
68640,8133,8113,68650,8129,8119
68660,8119,8116,68670,8125,8127
68680,8120,8120,68690,8135,8120
68700,8119,8125,68710,8130,8116
68720,8121,8128,68730,8131,8119
68740,8120,8118,68750,8129,8111
68760,8120,8128,68770,8125,8108
68780,8124,8119,68790,8123,8123
68800,8118,8118,68810,8127,8125
68820,8119,8115,68830,8129,8125
68840,8131,8121,68850,8129,8124
68860,8119,8124,68870,8136,8124
68880,8124,8120,68890,8132,8125
68900,8118,8117,68910,8124,8122
68920,8124,8114,68930,8118,8116
68940,8117,8118,68950,8120,8108
68960,8116,8125,68970,8135,8120
68980,8129,8114,68990,8122,8115
69000,8129,8122,69010,8121,8118
69020,8113,8116,69030,8121,8109
69040,8124,8114,69050,8128,8123
69060,8117,8118,69070,8123,8117
69080,8118,8123,69090,8127,8120
69100,8123,8127,69110,8133,8120
69120,8126,8126,69130,8124,8126
69140,8117,8119,69150,8127,8118
69160,8118,8105,69170,8121,8131
69180,8119,8123,69190,8132,8115
69200,8125,8115,69210,8134,8115
69220,8124,8123,69230,8124,8122
69240,8129,8119,69250,8124,8121
69260,8120,8126,69270,8124,8128
69280,8122,8119,69290,8128,8119
69300,8121,8131,69310,8130,8128
69320,8119,8121,69330,8118,8113
69340,8118,8126,69350,8121,8128
69360,8119,8125,69370,8130,8128
69380,8114,8120,69390,8133,8118
69400,8124,8123,69410,8121,8113
69420,8120,8119,69430,8134,8121
69440,8130,8118,69450,8126,8121
69460,8121,8115,69470,8130,8124
69480,8120,8126,69490,8130,8122
69500,8116,8118,69510,8130,8123
69520,8123,8116,69530,8127,8114
69540,8121,8113,69550,8138,8136
69560,8122,8127,69570,8124,8130
69580,8124,8111,69590,8128,8109
69600,8120,8111,69610,8132,8131
69620,8124,8120,69630,8127,8115
69640,8125,8120,69650,8129,8121
69660,8131,8115,69670,8138,8116
69680,8125,8118,69690,8120,8120
69700,8130,8120,69710,8121,8111
69720,8123,8107,69730,8137,8118
69740,8131,8120,69750,8126,8125
69760,8114,8109,69770,8123,8112
69780,8122,8115,69790,8127,8122
69800,8116,8130,69810,8127,8121
69820,8122,8125,69830,8139,8117
69840,8124,8124,69850,8127,8119
69860,8122,8119,69870,8137,8120
69880,8125,8127,69890,8130,8116
69900,8120,8117,69910,8131,8114
69920,8136,8119,69930,8118,8122
69940,8127,8120,69950,8127,8122
69960,8127,8115,69970,8122,8124
69980,8125,8118,69990,8119,8111
70000,8128,8120,70010,8135,8117
70020,8130,8123,70030,8121,8122
70040,8134,8126,70050,8128,8117
70060,8121,8117,70070,8128,8118
70080,8112,8108,70090,8121,8117
70100,8109,8119,70110,8122,8116
70120,8121,8109,70130,8125,8111
70140,8119,8110,70150,8134,8122
70160,8128,8114,70170,8125,8109
70180,8130,8117,70190,8132,8121
70200,8123,8121,70210,8133,8131
70220,8120,8116,70230,8130,8116
70240,8125,8127,70250,8130,8115
70260,8124,8122,70270,8125,8108
70280,8130,8123,7029