LED1 Timestamp (ms),LED1_PD1,LED1_PD2,LED2 Timestamp (ms),LED2_PD1,LED2_PD2
184000,37,39,184010,31,34
184020,40,35,184030,33,29
184040,35,34,184050,35,35
184060,35,33,184070,26,30
184080,38,35,184090,33,29
184100,30,37,184110,33,37
184120,40,33,184130,32,28
184140,31,31,184150,42,45
184160,41,41,184170,34,37
184180,37,40,184190,34,36
184200,39,26,184210,29,36
184220,31,29,184230,28,29
184240,32,29,184250,35,39
184260,28,36,184270,26,26
184280,37,42,184290,31,35
184300,32,36,184310,36,32
184320,23,39,184330,33,35
184340,34,37,184350,43,30
184360,39,28,184370,38,31
184380,32,38,184390,33,30
184400,43,31,184410,41,37
184420,31,32,184430,36,32
184440,34,31,184450,32,32
184460,28,29,184470,37,39
184480,33,41,184490,35,41
184500,35,35,184510,30,34
184520,31,35,184530,35,43
184540,36,27,184550,39,31
184560,41,32,184570,34,35
184580,31,35,184590,37,33
184600,37,30,184610,37,35
184620,37,36,184630,42,36
184640,29,39,184650,38,26
184660,29,33,184670,32,33
184680,31,26,184690,31,31
184700,43,40,184710,36,36
184720,31,36,184730,40,32
184740,31,27,184750,28,32
184760,37,38,184770,42,36
184780,24,41,184790,29,23
184800,31,34,184810,31,32
184820,28,28,184830,33,31
184840,34,38,184850,26,39
184860,39,33,184870,34,39
184880,34,26,184890,32,41
184900,32,35,184910,31,37
184920,28,38,184930,30,31
184940,36,37,184950,24,37
184960,40,28,184970,33,37
184980,37,38,184990,41,38
185000,38,36,185010,42,35
185020,33,30,185030,26,31
185040,36,39,185050,31,32
185060,31,22,185070,32,38
185080,27,38,185090,43,42
185100,31,36,185110,29,29
185120,30,25,185130,40,37
185140,33,30,185150,31,32
185160,39,31,185170,36,27
185180,31,38,185190,41,37
185200,36,39,185210,25,41
185220,33,38,185230,31,38
185240,35,41,185250,26,30
185260,43,37,185270,33,36
185280,28,34,185290,31,29
185300,31,36,185310,33,32
185320,34,31,185330,29,40
185340,37,37,185350,32,26
185360,31,34,185370,31,29
185380,28,40,185390,39,29
185400,31,40,185410,32,32
185420,29,30,185430,35,31
185440,35,34,185450,35,28
185460,38,42,185470,38,37
185480,34,46,185490,36,34
185500,25,32,185510,34,38
185520,36,36,185530,38,33
185540,38,31,185550,33,32
185560,25,33,185570,32,32
185580,28,33,185590,29,30
185600,41,34,185610,30,35
185620,30,32,185630,32,38
185640,34,29,185650,35,37
185660,45,35,185670,29,28
185680,38,30,185690,32,33
185700,37,34,185710,37,33
185720,25,36,185730,31,30
185740,28,33,185750,33,32
185760,37,32,185770,35,35
185780,30,34,185790,41,27
185800,30,33,185810,33,41
185820,33,28,185830,39,27
185840,27,28,185850,43,40
185860,35,31,185870,37,32
185880,25,28,185890,33,31
185900,32,32,185910,33,30
185920,33,30,185930,33,34
185940,32,35,185950,36,37
185960,34,36,185970,35,22
185980,33,31,185990,36,30
186000,40,37,186010,30,34
186020,38,41,186030,37,40
186040,31,31,186050,30,31
186060,31,37,186070,38,36
186080,37,33,186090,34,25
186100,35,38,186110,30,28
186120,38,39,186130,37,37
186140,31,29,186150,36,30
186160,30,32,186170,42,37
186180,32,42,186190,31,42
186200,35,29,186210,32,32
186220,38,31,186230,34,34
186240,34,29,186250,37,31
186260,37,33,186270,34,35
186280,34,32,186290,34,33
186300,33,36,186310,36,35
186320,43,30,186330,34,35
186340,30,33,186350,32,24
186360,27,30,186370,40,30
186380,39,30,186390,39,26
186400,31,34,186410,33,37
186420,35,36,186430,26,37
186440,32,28,186450,35,36
186460,38,44,186470,38,39
186480,39,33,186490,35,36
186500,37,35,186510,37,38
186520,31,30,186530,30,38
186540,24,35,186550,34,44
186560,35,34,186570,36,34
186580,29,34,186590,37,35
186600,31,32,186610,34,31
186620,33,33,186630,35,39
186640,31,27,186650,26,40
186660,34,37,186670,25,32
186680,35,37,186690,32,39
186700,40,34,186710,33,32
186720,35,40,186730,38,36
186740,33,33,186750,29,38
186760,35,40,186770,33,24
186780,35,33,186790,43,38
186800,31,35,186810,36,41
186820,39,40,186830,40,36
186840,34,40,186850,35,38
186860,43,35,186870,40,38
186880,33,30,186890,35,36
186900,36,29,186910,30,34
186920,24,34,186930,35,35
186940,36,36,186950,40,35
186960,37,41,186970,30,32
186980,34,35,186990,32,37
187000,36,36,187010,47,35
187020,27,30,187030,40,44
187040,31,25,187050,23,30
187060,30,31,187070,31,28
187080,29,30,187090,51,36
187100,32,30,187110,36,38
187120,35,40,187130,38,36
187140,28,34,187150,31,37
187160,37,36,187170,37,42
187180,36,33,187190,39,45
187200,29,30,187210,29,32
187220,35,42,187230,32,32
187240,28,34,187250,32,30
187260,36,32,187270,41,34
187280,39,32,187290,40,36
187300,39,33,187310,39,32
187320,40,35,187330,29,37
187340,25,33,187350,38,31
187360,39,35,187370,37,31
187380,35,37,187390,35,28
187400,41,31,187410,32,37
187420,38,39,187430,33,32
187440,27,38,187450,36,32
187460,35,38,187470,46,37
187480,28,32,187490,32,33
187500,34,31,187510,34,34
187520,29,33,187530,29,25
187540,28,33,187550,42,43
187560,35,38,187570,34,39
187580,36,36,187590,31,36
187600,33,39,187610,37,31
187620,37,39,187630,29,19
187640,40,37,187650,46,34
187660,28,30,187670,35,28
187680,31,36,187690,34,32
187700,36,31,187710,36,36
187720,34,29,187730,33,28
187740,31,32,187750,30,27
187760,36,30,187770,34,34
187780,29,35,187790,33,38
187800,40,40,187810,31,33
187820,26,33,187830,27,33
187840,40,29,187850,31,34
187860,29,30,187870,31,35
187880,38,39,187890,32,30
187900,30,30,187910,34,30
187920,31,46,187930,40,35
187940,42,39,187950,30,33
187960,28,34,187970,31,35
187980,35,34,187990,27,32
188000,34,36,188010,35,32
188020,37,42,188030,26,36
188040,33,35,188050,30,37
188060,38,35,188070,27,36
188080,26,35,188090,28,35
188100,40,26,188110,35,33
188120,32,33,188130,29,34
188140,27,33,188150,30,33
188160,30,34,188170,26,37
188180,29,33,188190,24,34
188200,33,34,188210,36,34
188220,26,29,188230,36,35
188240,26,38,188250,29,32
188260,33,36,188270,33,31
188280,21,35,188290,25,29
188300,42,29,188310,39,38
188320,42,30,188330,33,25
188340,31,28,188350,27,40
188360,37,39,188370,27,35
188380,27,35,188390,34,30
188400,32,25,188410,30,38
188420,35,40,188430,38,34
188440,30,42,188450,38,38
188460,36,34,188470,39,31
188480,36,34,188490,31,32
188500,29,35,188510,29,35
188520,26,28,188530,31,25
188540,37,39,188550,34,32
188560,38,30,188570,41,41
188580,35,35,188590,33,24
188600,34,35,188610,33,31
188620,30,32,188630,33,29
188640,39,36,188650,28,30
188660,34,40,188670,33,30
188680,28,38,188690,34,39
188700,41,39,188710,40,35
188720,33,37,188730,34,38
188740,29,35,188750,32,29
188760,41,37,188770,33,34
188780,41,32,188790,36,36
188800,28,32,188810,22,29
188820,35,38,188830,37,29
188840,36,36,188850,30,34
188860,29,30,188870,36,33
188880,34,28,188890,33,37
188900,27,35,188910,39,38
188920,37,32,188930,35,31
188940,29,33,188950,34,34
188960,32,30,188970,35,38
188980,45,43,188990,36,36
189000,37,38,189010,31,36
189020,27,34,189030,40,31
189040,30,38,189050,33,40
189060,28,30,189070,36,32
189080,36,29,189090,28,35
189100,34,28,189110,29,30
189120,38,36,189130,32,30
189140,34,32,189150,29,32
189160,32,29,189170,26,34
189180,28,32,189190,34,27
189200,29,28,189210,36,31
189220,41,39,189230,35,37
189240,41,31,189250,39,34
189260,36,30,189270,31,34
189280,34,41,189290,37,30
189300,34,40,189310,36,29
189320,38,38,189330,35,35
189340,31,38,189350,29,38
189360,36,36,189370,38,40
189380,33,31,189390,38,35
189400,34,34,189410,30,32
189420,33,35,189430,43,33
189440,33,37,189450,38,37
189460,29,29,189470,38,33
189480,38,39,189490,33,32
189500,23,30,189510,32,41
189520,36,36,189530,26,28
189540,30,31,189550,36,45
189560,34,36,189570,32,36
189580,30,22,189590,34,31
189600,27,28,189610,31,28
189620,33,33,189630,23,28
189640,29,30,189650,30,35
189660,36,29,189670,34,32
189680,33,36,189690,34,35
189700,32,36,189710,33,29
189720,33,34,189730,28,25
189740,23,28,189750,25,36
189760,27,38,189770,34,31
189780,28,35,189790,36,29
189800,35,39,189810,33,30
189820,41,38,189830,27,28
189840,26,35,189850,34,32
189860,35,33,189870,30,43
189880,40,39,189890,29,32
189900,36,29,189910,35,38
189920,32,35,189930,35,35
189940,33,33,189950,31,30
189960,35,27,189970,26,28
189980,28,36,189990,43,36
190000,35,37,190010,39,36
190020,35,31,190030,29,40
190040,31,41,190050,35,33
190060,39,34,190070,45,26
190080,31,39,190090,33,31
190100,33,31,190110,35,30
190120,26,29,190130,30,29
190140,35,38,190150,40,35
190160,39,37,190170,25,28
190180,22,37,190190,37,33
190200,37,42,190210,35,36
190220,39,32,190230,36,35
190240,40,38,190250,36,31
190260,36,33,190270,32,31
190280,34,37,190290,36,34
190300,32,25,190310,34,37
190320,36,36,190330,32,45
190340,38,33,190350,30,35
190360,34,35,190370,35,32
190380,36,30,190390,34,34
190400,32,34,190410,32,34
190420,35,30,190430,33,36
190440,34,34,190450,34,38
190460,30,34,190470,34,34
190480,29,33,190490,38,28
190500,35,35,190510,33,28
190520,40,37,190530,33,43
190540,27,38,190550,33,27
190560,39,30,190570,30,35
190580,38,33,190590,31,32
190600,31,29,190610,35,39
190620,35,33,190630,46,37
190640,33,34,190650,33,37
190660,30,32,190670,35,31
190680,36,31,190690,35,37
190700,38,31,190710,32,45
190720,42,39,190730,33,39
190740,38,40,190750,42,39
190760,33,32,190770,36,44
190780,29,32,190790,33,33
190800,33,35,190810,39,41
190820,39,33,190830,36,30
190840,31,35,190850,35,31
190860,42,40,190870,35,36
190880,34,30,190890,34,38
190900,34,29,190910,31,28
190920,34,31,190930,40,26
190940,38,32,190950,40,37
190960,35,31,190970,38,34
190980,34,43,190990,36,38
191000,37,37,191010,27,33
191020,37,40,191030,42,38
191040,32,35,191050,30,36
191060,37,35,191070,28,40
191080,37,39,191090,33,43
191100,34,41,191110,31,38
191120,36,38,191130,34,26
191140,40,32,191150,40,34
191160,32,49,191170,33,32
191180,36,32,191190,30,38
191200,35,38,191210,26,41
191220,31,34,191230,33,28
191240,38,39,191250,31,42
191260,39,41,191270,40,38
191280,33,35,191290,32,37
191300,33,27,191310,38,30
191320,38,21,191330,27,31
191340,38,36,191350,38,27
191360,42,34,191370,27,36
191380,29,35,191390,43,33
191400,37,37,191410,36,32
191420,40,33,191430,39,27
191440,30,37,191450,28,31
191460,30,38,191470,32,26
191480,29,33,191490,36,27
191500,32,40,191510,38,33
191520,31,37,191530,34,33
191540,30,32,191550,38,35
191560,36,38,191570,32,32
191580,28,29,191590,32,30
191600,31,30,191610,32,32
191620,31,33,191630,31,31
191640,35,31,191650,37,29
191660,31,38,191670,38,29
191680,35,30,191690,35,31
191700,29,30,191710,36,31
191720,33,31,191730,31,34
191740,31,36,191750,32,30
191760,32,30,191770,31,28
191780,32,27,191790,25,37
191800,35,36,191810,35,29
191820,36,35,191830,26,27
191840,28,27,191850,28,32
191860,37,35,191870,30,32
191880,35,37,191890,45,36
191900,40,32,191910,35,27
191920,37,31,191930,37,38
191940,29,32,191950,24,38
191960,34,42,191970,26,32
191980,41,33,191990,31,29
192000,27,21,192010,37,31
192020,34,32,192030,32,34
192040,36,34,192050,31,28
192060,32,33,192070,36,33
192080,33,36,192090,34,34
192100,40,31,192110,31,38
192120,39,37,192130,30,35
192140,38,40,192150,34,39
192160,37,32,192170,34,39
192180,35,33,192190,42,37
192200,29,31,192210,38,30
192220,30,29,192230,30,34
192240,33,27,192250,36,30
192260,35,35,192270,40,35
192280,33,31,192290,27,37
192300,39,29,192310,27,37
192320,32,32,192330,34,30
192340,34,33,192350,31,33
192360,43,38,192370,36,38
192380,33,35,192390,44,37
192400,34,39,192410,30,31
192420,35,36,192430,39,32
192440,38,35,192450,29,35
192460,30,41,192470,33,38
192480,40,34,192490,39,38
192500,31,36,192510,30,37
192520,32,45,192530,31,36
192540,33,34,192550,38,33
192560,39,32,192570,26,43
192580,34,30,192590,38,35
192600,26,36,192610,35,36
192620,37,35,192630,34,35
192640,28,29,192650,30,29
192660,29,25,192670,32,37
192680,31,33,192690,30,34
192700,34,26,192710,34,31
192720,26,33,192730,29,41
192740,36,33,192750,34,26
192760,44,33,192770,36,36
192780,29,30,192790,38,34
192800,33,36,192810,32,34
192820,38,49,192830,33,42
192840,34,43,192850,33,33
192860,43,30,192870,35,28
192880,32,33,192890,32,25
192900,26,35,192910,38,33
192920,35,37,192930,37,36
192940,32,28,192950,38,34
192960,31,33,192970,34,37
192980,35,34,192990,25,36
193000,35,29,193010,36,39
193020,29,35,193030,35,44
193040,42,35,193050,32,37
193060,25,29,193070,26,37
193080,34,27,193090,29,24
193100,26,36,193110,39,34
193120,35,31,193130,29,31
193140,34,44,193150,40,34
193160,29,37,193170,31,31
193180,30,39,193190,33,36
193200,28,34,193210,34,37
193220,32,29,193230,29,32
193240,27,33,193250,32,41
193260,38,34,193270,35,34
193280,28,35,193290,33,34
193300,40,24,193310,31,32
193320,23,30,193330,21,26
193340,33,32,193350,30,34
193360,40,30,193370,27,32
193380,33,36,193390,36,39
193400,35,34,193410,36,34
193420,32,29,193430,42,30
193440,37,34,193450,38,31
193460,32,33,193470,34,34
193480,40,33,193490,35,33
193500,34,34,193510,37,33
193520,38,33,193530,39,36
193540,17,33,193550,37,30
193560,41,37,193570,28,38
193580,34,27,193590,33,36
193600,34,43,193610,30,30
193620,36,38,193630,35,33
193640,48,36,193650,22,28
193660,32,32,193670,36,36
193680,31,30,193690,33,30
193700,36,35,193710,39,30
193720,32,32,193730,30,28
193740,22,36,193750,36,36
193760,38,36,193770,28,32
193780,32,35,193790,33,36
193800,36,39,193810,28,44
193820,32,36,193830,32,35
193840,31,30,193850,35,33
193860,28,37,193870,32,30
193880,30,32,193890,41,37
193900,29,33,193910,34,38
193920,33,36,193930,37,37
193940,31,35,193950,29,35
193960,36,29,193970,34,36
193980,38,35,193990,35,40
194000,34,30,194010,36,30
194020,43,30,194030,26,30
194040,27,40,194050,35,34
194060,34,38,194070,31,27
194080,31,30,194090,39,33
194100,32,38,194110,39,30
194120,29,35,194130,36,34
194140,38,38,194150,31,36
194160,25,35,194170,38,35
194180,39,38,194190,38,38
194200,30,26,194210,27,31
194220,35,41,194230,27,27
194240,44,34,194250,36,34
194260,29,30,194270,30,35
194280,42,35,194290,33,42
194300,34,30,194310,34,33
194320,29,39,194330,38,37
194340,34,29,194350,40,31
194360,34,25,194370,38,35
194380,33,35,194390,33,35
194400,32,27,194410,34,42
194420,38,41,194430,43,39
194440,35,32,194450,30,25
194460,39,33,194470,44,33
194480,30,28,194490,44,39
194500,25,35,194510,37,40
194520,32,35,194530,35,32
194540,32,28,194550,31,39
194560,34,30,194570,29,38
194580,31,32,194590,32,31
194600,36,27,194610,29,31
194620,32,36,194630,28,34
194640,27,33,194650,29,29
194660,31,30,194670,34,22
194680,29,30,194690,40,32
194700,37,32,194710,25,43
194720,31,32,194730,32,32
194740,34,29,194750,28,24
194760,33,28,194770,27,31
194780,34,36,194790,36,34
194800,35,39,194810,32,33
194820,30,35,194830,29,35
194840,32,33,194850,30,32
194860,38,34,194870,28,33
194880,36,29,194890,29,36
194900,28,32,194910,34,42
194920,28,29,194930,29,30
194940,32,30,194950,36,34
194960,23,27,194970,25,27
194980,29,28,194990,36,28
195000,36,44,195010,39,24
195020,30,35,195030,37,32
195040,39,34,195050,33,38
195060,32,36,195070,37,39
195080,33,41,195090,35,34
195100,31,29,195110,34,30
195120,33,30,195130,35,33
195140,38,36,195150,31,26
195160,38,36,195170,36,21
195180,33,38,195190,34,30
195200,28,40,195210,41,26
195220,26,33,195230,29,31
195240,29,37,195250,30,34
195260,31,38,195270,32,38
195280,28,36,195290,31,31
195300,30,30,195310,37,38
195320,38,36,195330,34,37
195340,30,36,195350,30,26
195360,35,35,195370,35,28
195380,27,24,195390,36,27
195400,34,35,195410,34,40
195420,33,36,195430,36,34
195440,38,30,195450,29,33
195460,35,29,195470,33,30
195480,36,33,195490,31,27
195500,37,37,195510,35,39
195520,39,38,195530,28,29
195540,24,43,195550,33,29
195560,34,32,195570,28,32
195580,26,31,195590,31,28
195600,33,27,195610,36,38
195620,27,40,195630,29,31
195640,36,37,195650,38,33
195660,42,33,195670,36,28
195680,35,35,195690,32,27
195700,32,32,195710,32,31
195720,36,34,195730,33,33
195740,36,37,195750,42,34
195760,29,44,195770,33,34
195780,27,36,195790,41,44
195800,29,33,195810,35,29
195820,31,31,195830,38,29
195840,32,34,195850,34,39
195860,34,26,195870,32,37
195880,27,35,195890,36,40
195900,30,37,195910,28,30
195920,40,38,195930,30,34
195940,26,32,195950,34,32
195960,30,33,195970,33,37
195980,31,40,195990,33,28
196000,35,29,196010,29,36
196020,30,34,196030,26,34
196040,40,35,196050,40,33
196060,36,28,196070,31,30
196080,34,39,196090,38,36
196100,21,38,196110,36,40
196120,40,34,196130,41,31
196140,38,34,196150,33,29
196160,36,38,196170,27,33
196180,33,35,196190,26,35
196200,35,28,196210,30,31
196220,22,32,196230,36,36
196240,40,36,196250,33,32
196260,34,29,196270,31,27
196280,37,35,196290,33,36
196300,39,32,196310,33,33
196320,35,35,196330,35,27
196340,28,40,196350,27,26
196360,31,37,196370,34,29
196380,39,37,196390,29,29
196400,29,28,196410,35,24
196420,40,33,196430,27,30
196440,26,32,196450,26,34
196460,38,27,196470,29,28
196480,29,29,196490,26,30
196500,34,40,196510,37,37
196520,30,32,196530,31,31
196540,32,36,196550,33,31
196560,30,37,196570,36,36
196580,24,39,196590,27,39
196600,34,30,196610,34,33
196620,34,24,196630,38,35
196640,41,25,196650,38,38
196660,27,37,196670,33,40
196680,32,25,196690,32,32
196700,38,38,196710,37,36
196720,30,27,196730,20,34
196740,36,30,196750,28,29
196760,30,32,196770,32,33
196780,32,37,196790,39,41
196800,39,31,196810,34,31
196820,30,29,196830,26,34
196840,33,38,196850,28,32
196860,25,38,196870,32,31
196880,34,31,196890,28,36
196900,26,26,196910,34,27
196920,16,33,196930,32,28
196940,40,38,196950,35,31
196960,41,37,196970,28,32
196980,48,34,196990,37,34
197000,30,32,197010,34,33
197020,30,37,197030,31,29
197040,29,32,197050,37,33
197060,37,36,197070,28,31
197080,29,34,197090,37,33
197100,28,31,197110,34,29
197120,35,36,197130,34,31
197140,35,37,197150,33,36
197160,32,31,197170,34,31
197180,32,36,197190,34,35
197200,31,33,197210,37,34
197220,35,48,197230,35,37
197240,34,33,197250,41,28
197260,35,38,197270,35,35
197280,38,37,197290,40,30
197300,38,31,197310,27,37
197320,35,37,197330,37,37
197340,31,39,197350,36,33
197360,31,30,197370,31,39
197380,29,34,197390,32,32
197400,29,28,197410,41,30
197420,27,29,197430,29,30
197440,32,37,197450,30,31
197460,31,33,197470,36,36
197480,35,33,197490,25,39
197500,39,35,197510,34,35
197520,33,33,197530,30,26
197540,32,35,197550,40,30
197560,39,36,197570,35,35
197580,34,38,197590,30,37
197600,39,37,197610,35,40
197620,32,42,197630,38,42
197640,28,32,197650,35,30
197660,33,35,197670,29,29
197680,31,24,197690,39,39
197700,35,35,197710,36,37
197720,36,48,197730,31,33
197740,31,30,197750,37,29
197760,35,30,197770,31,34
197780,32,27,197790,39,39
197800,40,31,197810,37,34
197820,29,33,197830,36,34
197840,38,30,197850,40,34
197860,33,30,197870,40,27
197880,35,38,197890,37,40
197900,35,41,197910,36,47
197920,32,37,197930,36,38
197940,36,34,197950,36,39
197960,37,38,197970,31,33
197980,42,32,197990,44,34
198000,32,35,198010,31,36
198020,31,34,198030,28,36
198040,34,40,198050,37,34
198060,33,39,198070,29,33
198080,38,39,198090,30,30
198100,27,27,198110,34,31
198120,38,32,198130,29,36
198140,31,33,198150,27,39
198160,30,38,198170,40,41
198180,35,33,198190,26,35
198200,32,35,198210,33,30
198220,30,39,198230,32,27
198240,39,34,198250,33,34
198260,30,25,198270,39,31
198280,29,36,198290,26,40
198300,29,33,198310,32,34
198320,37,33,198330,24,31
198340,30,38,198350,32,35
198360,46,36,198370,38,36
198380,37,31,198390,27,34
198400,36,38,198410,27,34
198420,36,31,198430,42,37
198440,42,37,198450,35,41
198460,35,36,198470,33,31
198480,40,38,198490,30,34
198500,37,34,198510,36,44
198520,32,35,198530,39,34
198540,38,32,198550,32,34
198560,38,29,198570,33,37
198580,27,29,198590,38,33
198600,39,37,198610,31,28
198620,38,30,198630,29,37
198640,30,37,198650,32,36
198660,33,29,198670,31,27
198680,36,31,198690,38,36
198700,31,33,198710,36,42
198720,36,32,198730,36,34
198740,39,35,198750,34,35
198760,33,39,198770,32,36
198780,28,40,198790,31,36
198800,34,32,198810,24,35
198820,27,27,198830,32,35
198840,31,28,198850,33,39
198860,45,40,198870,31,28
198880,34,35,198890,38,33
198900,40,42,198910,31,32
198920,24,27,198930,33,29
198940,35,41,198950,39,34
198960,34,34,198970,33,33
198980,31,29,198990,26,28
199000,35,36,199010,30,34
199020,27,33,199030,28,37
199040,33,29,199050,37,31
199060,42,34,199070,30,34
199080,26,26,199090,31,31
199100,37,35,199110,33,32
199120,36,30,199130,28,33
199140,28,37,199150,28,26
199160,35,35,199170,29,33
199180,29,32,199190,34,34
199200,30,29,199210,34,34
199220,35,30,199230,40,36
199240,22,36,199250,36,39
199260,40,37,199270,34,41
199280,42,34,199290,35,37
199300,41,31,199310,32,44
199320,36,29,199330,32,34
199340,26,39,199350,43,30
199360,36,37,199370,34,35
199380,37,29,199390,36,40
199400,33,27,199410,37,28
199420,33,30,199430,32,39
199440,37,38,199450,30,29
199460,33,31,199470,30,38
199480,30,30,199490,31,39
199500,39,30,199510,36,26
199520,36,43,199530,31,32
199540,41,36,199550,32,35
199560,27,32,199570,35,30
199580,35,42,199590,35,26
199600,34,39,199610,38,31
199620,39,30,199630,29,30
199640,45,34,199650,30,38
199660,36,37,199670,33,31
199680,38,35,199690,33,39
199700,44,35,199710,29,33
199720,33,33,199730,29,29
199740,35,34,199750,34,28
199760,41,33,199770,37,41
199780,37,30,199790,30,36
199800,29,41,199810,24,40
199820,31,33,199830,38,30
199840,43,42,199850,32,39
199860,30,39,199870,34,37
199880,43,32,199890,33,43
199900,33,34,199910,34,35
199920,25,29,199930,35,31
199940,38,32,199950,28,28
199960,38,32,199970,28,32
199980,36,35,199990,31,32
200000,31,31,200010,35,33
200020,31,34,200030,38,39
200040,45,35,200050,33,33
200060,38,36,200070,32,33
200080,39,40,200090,30,45
200100,30,36,200110,34,28
200120,41,35,200130,28,31
200140,36,31,200150,30,39
200160,34,33,200170,29,32
200180,33,35,200190,28,32
200200,31,43,200210,35,29
200220,36,40,200230,37,37
200240,36,33,200250,36,38
200260,40,31,200270,26,35
200280,30,33,200290,26,32
200300,40,41,200310,30,30
200320,44,32,200330,29,43
200340,32,27,200350,25,31
200360,33,33,200370,30,33
200380,30,30,200390,43,31
200400,42,38,200410,38,32
200420,25,32,200430,33,38
200440,34,31,200450,36,30
200460,39,29,200470,33,27
200480,29,30,200490,30,34
200500,38,37,200510,35,41
200520,31,39,200530,31,38
200540,40,36,200550,35,44
200560,33,41,200570,30,31
200580,26,28,200590,42,38
200600,32,30,200610,31,39
200620,27,30,200630,37,22
200640,29,34,200650,31,35
200660,25,31,200670,30,28
200680,32,31,200690,32,32
200700,27,34,200710,33,41
200720,26,36,200730,37,33
200740,33,29,200750,35,32
200760,34,32,200770,35,39
200780,37,32,200790,30,30
200800,36,38,200810,33,35
200820,34,37,200830,30,36
200840,37,35,200850,35,28
200860,36,33,200870,35,30
200880,44,31,200890,31,36
200900,34,35,200910,35,26
200920,33,41,200930,32,29
200940,34,37,200950,40,35
200960,27,38,200970,32,33
200980,34,37,200990,28,38
201000,31,34,201010,34,31
201020,40,39,201030,32,44
201040,36,38,201050,37,40
201060,34,40,201070,44,35
201080,27,34,201090,38,24
201100,29,37,201110,34,33
201120,32,35,201130,26,37
201140,29,37,201150,33,38
201160,33,30,201170,35,32
201180,30,35,201190,33,28
201200,35,33,201210,33,29
201220,34,36,201230,34,32
201240,31,34,201250,35,32
201260,31,39,201270,32,29
201280,44,29,201290,28,31
201300,28,32,201310,27,33
201320,39,32,201330,38,48
201340,30,31,201350,28,31
201360,30,30,201370,40,39
201380,36,37,201390,37,34
201400,33,36,201410,35,36
201420,41,33,201430,38,36
201440,37,38,201450,40,41
201460,38,34,201470,27,43
201480,31,37,201490,44,33
201500,39,33,201510,30,31
201520,37,30,201530,33,35
201540,30,29,201550,29,43
201560,28,25,201570,31,33
201580,40,28,201590,28,39
201600,35,28,201610,30,38
201620,36,32,201630,41,36
201640,41,36,201650,31,36
201660,29,31,201670,36,38
201680,40,37,201690,37,37
201700,33,36,201710,27,32
201720,36,25,201730,39,36
201740,37,34,201750,30,34
201760,33,38,201770,28,35
201780,34,31,201790,34,30
201800,29,35,201810,31,34
201820,36,41,201830,32,43
201840,33,42,201850,34,31
201860,35,39,201870,41,28
201880,32,33,201890,37,36
201900,29,36,201910,34,39
201920,37,44,201930,26,34
201940,25,20,201950,35,29
201960,30,33,201970,30,32
201980,38,30,201990,31,32
202000,35,39,202010,25,33
202020,38,34,202030,33,32
202040,35,33,202050,39,30
202060,29,32,202070,33,37
202080,38,36,202090,29,35
202100,36,41,202110,33,31
202120,42,38,202130,30,32
202140,36,44,202150,28,32
202160,28,39,202170,29,31
202180,28,36,202190,34,30
202200,36,39,202210,37,40
202220,38,32,202230,28,37
202240,22,24,202250,39,31
202260,32,35,202270,36,28
202280,37,40,202290,38,32
202300,34,34,202310,29,33
202320,25,25,202330,34,31
202340,37,30,202350,31,29
202360,37,35,202370,36,35
202380,29,25,202390,36,34
202400,31,36,202410,38,37
202420,31,34,202430,41,38
202440,34,28,202450,30,31
202460,35,39,202470,36,40
202480,32,29,202490,38,38
202500,32,26,202510,30,32
202520,41,41,202530,35,28
202540,33,38,202550,35,27
202560,39,36,202570,39,40
202580,31,36,202590,36,38
202600,38,31,202610,29,29
202620,31,38,202630,32,35
202640,32,37,202650,33,35
202660,33,26,202670,38,31
202680,31,36,202690,28,28
202700,34,35,202710,34,28
202720,32,35,202730,29,24
202740,29,41,202750,28,38
202760,32,28,202770,27,26
202780,29,30,202790,25,37
202800,39,31,202810,36,33
202820,36,33,202830,43,35
202840,30,30,202850,39,35
202860,28,28,202870,36,32
202880,35,33,202890,37,39
202900,26,32,202910,34,45
202920,41,34,202930,40,39
202940,27,44,202950,36,34
202960,37,43,202970,34,36
202980,41,39,202990,39,35
203000,30,25,203010,36,37
203020,29,51,203030,37,44
203040,37,31,203050,38,38
203060,33,36,203070,41,35
203080,33,33,203090,32,35
203100,31,35,203110,33,34
203120,38,39,203130,32,29
203140,31,34,203150,37,36
203160,38,32,203170,31,31
203180,33,28,203190,39,28
203200,34,31,203210,34,35
203220,32,43,203230,41,38
203240,38,36,203250,35,31
203260,33,33,203270,38,40
203280,32,29,203290,34,37
203300,38,28,203310,37,25
203320,40,34,203330,32,32
203340,35,26,203350,34,36
203360,35,30,203370,35,37
203380,34,27,203390,30,34
203400,36,37,203410,38,33
203420,30,36,203430,24,36
203440,29,31,203450,35,37
203460,27,35,203470,27,31
203480,22,33,203490,27,26
203500,30,30,203510,31,38
203520,33,36,203530,29,34
203540,28,32,203550,29,34
203560,34,39,203570,30,35
203580,34,31,203590,31,25
203600,37,37,203610,27,31
203620,31,35,203630,32,31
203640,34,31,203650,37,25
203660,42,39,203670,37,30
203680,38,34,203690,31,35
203700,43,37,203710,31,36
203720,38,37,203730,35,36
203740,33,41,203750,37,31
203760,36,36,203770,45,36
203780,37,35,203790,31,36
203800,37,34,203810,39,42
203820,36,37,203830,30,36
203840,36,32,203850,38,36
203860,36,29,203870,43,38
203880,36,30,203890,31,36
203900,31,39,203910,35,29
203920,41,41,203930,30,41
203940,42,37,203950,28,33
203960,33,28,203970,33,32
203980,40,31,203990,28,42
204000,30,28,204010,29,36
204020,34,32,204030,28,31
204040,42,39,204050,36,41
204060,38,36,204070,33,35
204080,33,37,204090,34,32
204100,39,38,204110,34,34
204120,31,33,204130,39,32
204140,37,33,204150,38,37
204160,40,32,204170,33,34
204180,40,35,204190,35,33
204200,31,34,204210,26,32
204220,32,39,204230,28,35
204240,31,36,204250,33,34
204260,35,42,204270,38,40
204280,31,32,204290,36,30
204300,34,28,204310,28,35
204320,33,37,204330,34,37
204340,30,34,204350,32,31
204360,38,32,204370,39,37
204380,22,35,204390,25,26
204400,26,33,204410,31,35
204420,37,32,204430,40,34
204440,32,34,204450,32,32
204460,30,42,204470,41,37
204480,27,29,204490,38,43
204500,44,35,204510,28,25
204520,30,35,204530,29,32
204540,31,38,204550,31,37
204560,38,31,204570,35,31
204580,36,37,204590,33,30
204600,30,47,204610,38,35
204620,39,32,204630,33,34
204640,33,42,204650,39,24
204660,25,30,204670,32,28
204680,28,34,204690,28,28
204700,35,42,204710,32,34
204720,38,33,204730,27,29
204740,32,32,204750,28,39
204760,32,27,204770,30,33
204780,43,36,204790,33,28
204800,39,36,204810,30,37
204820,24,34,204830,31,37
204840,35,38,204850,42,35
204860,37,35,204870,30,33
204880,32,35,204890,34,36
204900,33,36,204910,31,34
204920,34,40,204930,28,33
204940,37,27,204950,35,42
204960,33,34,204970,32,29
204980,27,31,204990,34,29
205000,30,32,205010,30,37
205020,26,35,205030,32,31
205040,35,28,205050,27,29
205060,38,29,205070,36,31
205080,31,32,205090,30,31
205100,24,25,205110,38,31
205120,37,32,205130,28,28
205140,25,30,205150,38,29
205160,34,34,205170,31,28
205180,39,38,205190,24,33
205200,31,36,205210,27,36
205220,34,32,205230,34,36
205240,30,27,205250,33,37
205260,29,27,205270,32,31
205280,27,28,205290,28,37
205300,38,39,205310,38,33
205320,29,30,205330,36,28
205340,30,29,205350,26,32
205360,31,25,205370,33,35
205380,34,30,205390,29,40
205400,29,30,205410,33,32
205420,26,33,205430,36,29
205440,30,38,205450,29,35
205460,33,38,205470,29,35
205480,37,36,205490,36,39
205500,39,34,205510,37,43
205520,34,31,205530,36,30
205540,40,35,205550,25,30
205560,32,38,205570,39,32
205580,32,32,205590,33,39
205600,39,39,205610,40,33
205620,36,37,205630,31,29
205640,28,30,205650,31,27
205660,34,33,205670,29,38
205680,39,35,205690,22,36
205700,39,35,205710,37,32
205720,39,33,205730,30,38
205740,27,32,205750,42,36
205760,31,39,205770,35,33
205780,31,34,205790,39,32
205800,42,34,205810,42,39
205820,35,37,205830,34,35
205840,40,33,205850,44,40
205860,40,38,205870,35,38
205880,33,36,205890,35,40
205900,34,29,205910,39,25
205920,37,35,205930,27,38
205940,33,41,205950,28,30
205960,38,31,205970,30,37
205980,31,41,205990,35,35
206000,37,31,206010,38,34
206020,36,33,206030,45,38
206040,33,37,206050,33,32
206060,37,39,206070,29,35
206080,42,28,206090,31,31
206100,39,38,206110,36,32
206120,37,40,206130,28,33
206140,26,35,206150,36,32
206160,44,34,206170,31,35
206180,31,39,206190,38,37
206200,43,36,206210,34,31
206220,32,33,206230,42,34
206240,36,35,206250,46,39
206260,30,29,206270,33,31
206280,37,30,206290,35,34
206300,37,36,206310,39,28
206320,38,30,206330,35,33
206340,29,29,206350,36,36
206360,31,38,206370,36,35
206380,32,33,206390,31,28
206400,32,28,206410,35,34
206420,36,31,206430,28,37
206440,32,39,206450,39,41
206460,25,27,206470,32,35
206480,28,33,206490,37,35
206500,33,31,206510,39,30
206520,32,30,206530,37,37
206540,35,34,206550,37,37
206560,25,25,206570,33,32
206580,33,26,206590,32,33
206600,36,37,206610,31,31
206620,25,27,206630,40,37
206640,33,27,206650,33,28
206660,35,36,206670,34,39
206680,36,29,206690,32,31
206700,34,35,206710,35,43
206720,33,39,206730,35,33
206740,36,30,206750,35,37
206760,32,34,206770,41,38
206780,32,32,206790,35,34
206800,30,32,206810,39,26
206820,33,31,206830,37,37
206840,32,35,206850,28,40
206860,28,32,206870,30,35
206880,32,31,206890,36,30
206900,31,40,206910,32,32
206920,30,34,206930,36,27
206940,38,38,206950,39,36
206960,38,33,206970,32,35
206980,37,44,206990,32,41
207000,34,31,207010,30,34
207020,35,33,207030,32,39
207040,35,34,207050,37,38
207060,36,33,207070,33,29
207080,32,35,207090,34,28
207100,30,30,207110,31,33
207120,34,38,207130,35,36
207140,38,25,207150,37,27
207160,31,35,207170,39,35
207180,33,27,207190,38,37
207200,31,35,207210,39,34
207220,37,37,207230,36,36
207240,25,37,207250,44,38
207260,32,34,207270,34,33
207280,35,35,207290,37,36
207300,32,32,207310,32,40
207320,36,34,207330,37,33
207340,30,38,207350,27,41
207360,27,31,207370,32,29
207380,32,33,207390,32,36
207400,29,27,207410,32,36
207420,36,45,207430,40,37
207440,35,38,207450,40,37
207460,35,28,207470,38,40
207480,38,33,207490,37,32
207500,38,31,207510,37,33
207520,39,35,207530,27,29
207540,34,34,207550,36,36
207560,32,25,207570,32,45
207580,36,35,207590,37,33
207600,42,26,207610,36,32
207620,36,30,207630,40,32
207640,45,38,207650,36,46
207660,27,27,207670,37,37
207680,29,32,207690,42,33
207700,31,41,207710,31,29
207720,34,35,207730,36,35
207740,41,31,207750,37,35
207760,29,34,207770,27,32
207780,34,36,207790,30,36
207800,35,25,207810,30,32
207820,28,43,207830,40,32
207840,33,31,207850,31,35
207860,29,35,207870,29,32
207880,26,38,207890,36,38
207900,24,31,207910,34,28
207920,34,35,207930,41,38
207940,32,42,207950,29,35
207960,40,31,207970,31,30
207980,35,36,207990,33,34
208000,30,34,208010,39,34
208020,31,30,208030,32,38
208040,31,30,208050,31,32
208060,30,30,208070,25,38
208080,34,33,208090,35,33
208100,30,32,208110,33,30
208120,32,29,208130,40,35
208140,31,32,208150,33,34
208160,35,30,208170,39,33
208180,32,42,208190,38,28
208200,40,40,208210,37,35
208220,27,29,208230,37,32
208240,22,29,208250,31,34
208260,27,26,208270,37,29
208280,33,27,208290,33,39
208300,34,35,208310,40,32
208320,32,40,208330,31,39
208340,37,37,208350,36,27
208360,30,41,208370,26,30
208380,31,46,208390,30,42
208400,39,34,208410,28,31
208420,32,37,208430,30,28
208440,41,35,208450,34,41
208460,36,35,208470,30,33
208480,31,35,208490,28,29
208500,35,38,208510,35,35
208520,35,31,208530,35,33
208540,32,39,208550,31,38
208560,33,35,208570,31,36
208580,18,33,208590,33,40
208600,33,34,208610,34,36
208620,27,32,208630,35,31
208640,34,30,208650,32,34
208660,34,29,208670,36,28
208680,36,41,208690,27,28
208700,40,29,208710,31,40
208720,39,28,208730,33,23
208740,39,31,208750,31,30
208760,27,31,208770,36,22
208780,34,32,208790,30,33
208800,28,31,208810,38,29
208820,33,31,208830,44,39
208840,31,34,208850,29,33
208860,30,30,208870,30,34
208880,40,34,208890,37,43
208900,33,31,208910,36,35
208920,25,29,208930,28,40
208940,31,35,208950,38,20
208960,34,35,208970,38,44
208980,32,31,208990,28,35
209000,40,39,209010,31,38
209020,38,40,209030,31,37
209040,32,42,209050,29,32
209060,33,36,209070,32,33
209080,33,35,209090,34,39
209100,30,26,209110,32,40
209120,26,35,209130,34,39
209140,30,23,209150,33,33
209160,42,31,209170,35,31
209180,31,28,209190,27,33
209200,32,39,209210,29,34
209220,36,32,209230,33,30
209240,28,33,209250,31,33
209260,26,35,209270,32,28
209280,42,33,209290,34,34
209300,30,30,209310,32,36
209320,34,31,209330,34,37
209340,27,33,209350,41,31
209360,34,32,209370,28,30
209380,33,33,209390,28,32
209400,36,35,209410,36,34
209420,32,34,209430,38,38
209440,38,38,209450,31,37
209460,30,32,209470,36,34
209480,32,27,209490,27,30
209500,33,31,209510,24,34
209520,25,32,209530,39,36
209540,29,28,209550,36,28
209560,36,37,209570,39,36
209580,38,37,209590,31,34
209600,31,36,209610,33,33
209620,38,27,209630,40,40
209640,34,38,209650,32,28
209660,32,37,209670,39,31
209680,30,32,209690,34,40
209700,34,34,209710,29,36
209720,35,36,209730,36,43
209740,33,34,209750,35,27
209760,31,37,209770,40,33
209780,37,37,209790,23,34
209800,36,40,209810,28,28
209820,39,36,209830,27,32
209840,39,36,209850,36,33
209860,28,21,209870,33,36
209880,36,42,209890,37,40
209900,37,31,209910,34,38
209920,38,38,209930,41,40
209940,34,27,209950,40,32
209960,37,23,209970,33,28
209980,31,41,209990,30,33
210000,27,37,210010,46,31
210020,35,34,210030,32,32
210040,32,41,210050,31,35
210060,37,31,210070,36,34
210080,28,36,210090,36,37
210100,40,36,210110,36,32
210120,35,35,210130,31,45
210140,31,31,210150,31,35
210160,33,36,210170,26,29
210180,27,30,210190,31,29
210200,34,40,210210,32,37
210220,36,26,210230,35,43
210240,33,26,210250,28,28
210260,29,34,210270,41,38
210280,35,38,210290,26,35
210300,39,38,210310,31,31
210320,34,40,210330,36,25
210340,37,39,210350,33,38
210360,36,33,210370,28,36
210380,28,28,210390,24,37
210400,26,38,210410,29,33
210420,34,35,210430,37,30
210440,28,39,210450,31,31
210460,31,33,210470,38,37
210480,27,35,210490,33,35
210500,35,29,210510,34,34
210520,36,36,210530,39,33
210540,37,30,210550,31,26
210560,36,36,210570,32,29
210580,30,33,210590,39,38
210600,37,37,210610,27,31
210620,31,38,210630,37,31
210640,35,33,210650,38,39
210660,33,33,210670,37,26
210680,32,37,210690,33,37
210700,35,38,210710,33,34
210720,35,34,210730,36,35
210740,21,28,210750,32,44
210760,35,36,210770,38,30
210780,26,26,210790,31,33
210800,37,37,210810,38,39
210820,36,35,210830,24,30
210840,40,31,210850,33,26
210860,36,33,210870,36,37
210880,36,41,210890,41,29
210900,36,33,210910,32,29
210920,39,40,210930,26,31
210940,36,35,210950,33,32
210960,35,37,210970,34,35
210980,42,38,210990,38,33
211000,36,37,211010,29,30
211020,32,38,211030,31,23
211040,37,32,211050,35,32
211060,28,29,211070,34,30
211080,34,33,211090,34,40
211100,38,39,211110,35,37
211120,32,37,211130,34,35
211140,41,39,211150,38,34
211160,28,30,211170,28,32
211180,29,36,211190,30,34
211200,37,31,211210,43,31
211220,33,42,211230,30,42
211240,31,25,211250,38,29
211260,36,32,211270,40,33
211280,31,39,211290,27,35
211300,33,30,211310,38,35
211320,32,33,211330,39,41
211340,35,37,211350,32,32
211360,32,31,211370,36,40
211380,30,31,211390,35,39
211400,40,32,211410,34,29
211420,32,39,211430,33,33
211440,29,33,211450,39,38
211460,32,32,211470,38,27
211480,39,36,211490,37,37
211500,34,41,211510,25,41
211520,37,34,211530,29,38
211540,43,33,211550,30,27
211560,36,32,211570,35,34
211580,38,28,211590,40,29
211600,26,32,211610,43,37
211620,35,29,211630,34,41
211640,32,33,211650,27,39
211660,38,36,211670,29,29
211680,27,30,211690,39,29
211700,37,34,211710,29,40
211720,32,30,211730,31,24
211740,27,28,211750,35,35
211760,32,36,211770,33,39
211780,37,35,211790,39,29
211800,40,37,211810,33,35
211820,31,30,211830,38,25
211840,31,36,211850,33,31
211860,34,30,211870,31,34
211880,32,25,211890,36,32
211900,32,36,211910,27,33
211920,31,30,211930,37,30
211940,27,31,211950,35,30
211960,33,28,211970,33,29
211980,30,31,211990,33,39
212000,26,29,212010,37,36
212020,28,37,212030,35,31
212040,34,30,212050,28,29
212060,35,37,212070,30,32
212080,33,30,212090,32,26
212100,36,35,212110,28,34
212120,31,32,212130,31,33
212140,36,42,212150,31,35
212160,34,38,212170,32,34
212180,29,36,212190,30,35
212200,33,28,212210,37,36
212220,30,33,212230,34,30
212240,34,33,212250,36,32
212260,30,31,212270,35,34
212280,34,30,212290,39,25
212300,29,26,212310,33,26
212320,34,29,212330,37,32
212340,39,34,212350,32,39
212360,26,26,212370,37,30
212380,22,35,212390,28,37
212400,29,32,212410,39,33
212420,37,35,212430,29,32
212440,35,35,212450,24,30
212460,38,33,212470,32,30
212480,28,44,212490,37,27
212500,29,32,212510,34,35
212520,29,30,212530,41,40
212540,38,39,212550,30,31
212560,33,27,212570,40,41
212580,37,34,212590,25,28
212600,32,28,212610,28,29
212620,26,39,212630,35,39
212640,25,35,212650,35,40
212660,35,28,212670,41,32
212680,23,34,212690,33,27
212700,35,40,212710,25,37
212720,34,34,212730,29,31
212740,34,30,212750,25,32
212760,41,38,212770,34,37
212780,34,31,212790,33,34
212800,33,29,212810,36,33
212820,34,39,212830,32,27
212840,29,30,212850,25,24
212860,39,29,212870,36,34
212880,28,33,212890,28,34
212900,32,29,212910,33,34
212920,36,22,212930,35,36
212940,29,29,212950,35,36
212960,32,28,212970,31,38
212980,27,31,212990,41,34
213000,33,36,213010,38,45
213020,33,41,213030,31,42
213040,29,31,213050,39,34
213060,28,40,213070,37,32
213080,38,34,213090,42,35
213100,31,32,213110,31,29
213120,32,32,213130,32,31
213140,32,32,213150,35,31
213160,36,30,213170,27,29
213180,36,28,213190,40,34
213200,24,29,213210,39,37
213220,36,34,213230,36,36
213240,40,38,213250,33,27
213260,33,43,213270,36,29
213280,33,40,213290,30,28
213300,30,35,213310,33,28
213320,31,29,213330,34,28
213340,31,31,213350,37,31
213360,35,34,213370,36,35
213380,27,35,213390,34,38
213400,31,29,213410,27,23
213420,27,36,213430,33,33
213440,43,30,213450,36,36
213460,35,34,213470,35,38
213480,37,28,213490,31,31
213500,30,35,213510,37,25
213520,30,28,213530,34,26
213540,32,37,213550,33,29
213560,33,34,213570,31,30
213580,36,25,213590,30,35
213600,27,36,213610,30,33
213620,31,32,213630,39,43
213640,31,30,213650,31,31
213660,28,45,213670,38,34
213680,33,37,213690,30,29
213700,34,41,213710,34,31
213720,30,41,213730,31,31
213740,36,42,213750,27,36
213760,24,32,213770,36,32
213780,36,35,213790,26,41
213800,28,31,213810,34,36
213820,32,29,213830,34,34
213840,32,25,213850,32,35
213860,31,34,213870,30,31
213880,32,35,213890,39,28
213900,42,25,213910,34,26
213920,33,38,213930,36,39
213940,34,29,213950,37,26
213960,31,37,213970,28,34
213980,35,35,213990,40,34
214000,38,43,214010,40,41
214020,35,23,214030,32,32
214040,37,38,214050,36,38
214060,34,38,214070,38,34
214080,32,40,214090,35,41
214100,33,30,214110,38,32
214120,34,37,214130,29,36
214140,33,36,214150,31,34
214160,39,38,214170,37,37
214180,30,33,214190,33,34
214200,36,31,214210,33,37
214220,36,32,214230,33,37
214240,33,36,214250,32,31
214260,33,34,214270,24,42
214280,35,38,214290,37,21
214300,40,34,214310,35,33
214320,37,35,214330,41,38
214340,32,46,214350,42,31
214360,37,40,214370,29,35
214380,40,33,214390,27,41
214400,34,36,214410,31,28
214420,31,32,214430,32,36
214440,32,38,214450,41,38
214460,38,35,214470,37,39
214480,36,33,214490,40,33
214500,37,39,214510,32,33
214520,32,37,214530,39,24
214540,32,32,214550,34,32
214560,29,27,214570,34,29
214580,34,35,214590,36,33
214600,31,30,214610,34,41
214620,39,44,214630,31,37
214640,34,27,214650,39,32
214660,31,36,214670,37,35
214680,36,38,214690,42,44
214700,40,33,214710,34,36
214720,28,35,214730,40,33
214740,34,34,214750,34,32
214760,40,41,214770,34,33
214780,30,40,214790,38,34
214800,38,40,214810,27,32
214820,36,34,214830,32,30
214840,35,33,214850,34,38
214860,36,32,214870,39,38
214880,29,32,214890,36,33
214900,37,32,214910,38,37
214920,42,40,214930,31,32
214940,36,40,214950,32,30
214960,28,35,214970,39,35
214980,34,33,214990,35,36
215000,35,34,215010,29,38
215020,26,36,215030,35,35
215040,27,29,215050,35,32
215060,38,30,215070,31,33
215080,39,39,215090,33,39
215100,29,26,215110,39,25
215120,35,36,215130,38,35
215140,41,35,215150,38,32
215160,37,37,215170,43,34
215180,32,29,215190,35,38
215200,36,31,215210,30,37
215220,41,38,215230,34,35
215240,36,31,215250,34,43
215260,37,33,215270,38,35
215280,34,33,215290,37,36
215300,35,29,215310,29,38
215320,30,38,215330,34,34
215340,42,43,215350,40,25
215360,34,32,215370,31,37
215380,36,36,215390,27,36
215400,28,29,215410,33,29
215420,34,41,215430,32,30
215440,41,35,215450,32,39
215460,34,37,215470,42,33
215480,42,47,215490,33,41
215500,38,30,215510,34,32
215520,38,34,215530,31,29
215540,34,26,215550,28,32
215560,40,34,215570,33,36
215580,40,23,215590,39,34
215600,32,31,215610,35,29
215620,38,30,215630,26,29
215640,29,36,215650,31,38
215660,31,42,215670,37,35
215680,36,33,215690,34,31
215700,36,33,215710,39,36
215720,37,28,215730,41,32
215740,28,31,215750,33,31
215760,34,30,215770,30,37
215780,31,35,215790,24,27
215800,38,32,215810,30,36
215820,35,42,215830,32,36
215840,33,34,215850,31,27
215860,33,27,215870,35,28
215880,35,38,215890,30,36
215900,29,34,215910,25,34
215920,33,35,215930,39,47
215940,35,36,215950,38,31
215960,37,40,215970,34,34
215980,24,26,215990,23,32
216000,36,35,216010,31,34
216020,44,26,216030,30,37
216040,35,38,216050,34,29
216060,31,36,216070,40,34
216080,28,44,216090,32,35
216100,36,36,216110,33,41
216120,34,31,216130,33,30
216140,35,34,216150,34,30
216160,35,34,216170,23,38
216180,39,28,216190,30,37
216200,35,31,216210,32,41
216220,38,38,216230,38,34
216240,36,36,216250,35,33
216260,30,39,216270,36,39
216280,31,31,216290,38,33
216300,36,34,216310,39,36
216320,25,31,216330,31,30
216340,31,36,216350,31,37
216360,32,37,216370,29,32
216380,34,32,216390,35,33
216400,35,38,216410,29,32
216420,29,36,216430,29,33
216440,35,36,216450,29,30
216460,32,31,216470,30,33
216480,38,36,216490,28,41
216500,31,27,216510,31,27
216520,33,34,216530,30,32
216540,29,36,216550,31,40
216560,39,33,216570,31,38
216580,34,38,216590,36,33
216600,48,29,216610,38,32
216620,32,42,216630,42,34
216640,36,34,216650,33,26
216660,32,41,216670,32,32
216680,32,36,216690,29,48
216700,35,32,216710,33,35
216720,31,31,216730,37,35
216740,35,36,216750,34,34
216760,29,38,216770,37,37
216780,31,29,216790,36,36
216800,42,44,216810,38,31
216820,34,28,216830,47,35
216840,29,43,216850,35,32
216860,33,39,216870,36,25
216880,43,39,216890,28,26
216900,39,40,216910,40,33
216920,37,33,216930,39,38
216940,33,31,216950,29,33
216960,36,31,216970,32,34
216980,34,37,216990,30,35
217000,43,34,217010,37,26
217020,37,35,217030,31,34
217040,30,34,217050,34,32
217060,34,29,217070,30,40
217080,31,37,217090,32,31
217100,34,35,217110,32,31
217120,40,39,217130,39,35
217140,41,26,217150,28,35
217160,32,35,217170,42,41
217180,35,32,217190,40,35
217200,28,34,217210,27,38
217220,33,35,217230,36,32
217240,40,39,217250,35,40
217260,35,30,217270,29,34
217280,39,36,217290,32,30
217300,38,29,217310,37,37
217320,35,35,217330,27,33
217340,31,41,217350,41,35
217360,33,36,217370,29,37
217380,34,34,217390,28,34
217400,34,33,217410,41,35
217420,32,31,217430,29,34
217440,33,32,217450,29,29
217460,29,31,217470,34,37
217480,38,34,217490,28,35
217500,29,32,217510,39,45
217520,30,30,217530,31,31
217540,28,30,217550,37,30
217560,27,33,217570,32,28
217580,35,34,217590,32,22
217600,30,30,217610,26,36
217620,34,40,217630,33,34
217640,34,31,217650,31,33
217660,36,32,217670,34,35
217680,28,32,217690,32,38
217700,31,29,217710,29,32
217720,31,41,217730,33,32
217740,33,30,217750,32,33
217760,34,38,217770,33,32
217780,28,30,217790,32,39
217800,28,33,217810,33,38
217820,30,30,217830,31,37
217840,31,31,217850,36,27
217860,40,35,217870,37,39
217880,32,31,217890,38,35
217900,32,34,217910,34,38
217920,38,38,217930,32,30
217940,34,30,217950,32,29
217960,34,34,217970,31,37
217980,36,36,217990,29,33
218000,32,37,218010,35,33
218020,38,36,218030,33,38
218040,30,31,218050,34,39
218060,32,36,218070,38,35
218080,35,35,218090,27,33
218100,26,39,218110,35,35
218120,34,37,218130,37,43
218140,35,37,218150,28,37
218160,32,38,218170,32,31
218180,32,30,218190,34,33
218200,35,33,218210,34,36
218220,39,35,218230,39,36
218240,30,31,218250,34,42
218260,31,39,218270,35,31
218280,31,35,218290,30,27
218300,33,34,218310,34,39
218320,26,37,218330,32,43
218340,42,31,218350,29,40
218360,27,41,218370,35,36
218380,35,27,218390,25,33
218400,42,35,218410,39,34
218420,33,38,218430,29,36
218440,35,35,218450,34,36
218460,44,39,218470,34,32
218480,26,37,218490,29,30
218500,35,27,218510,32,29
218520,32,41,218530,35,32
218540,29,34,218550,36,37
218560,32,28,218570,40,40
218580,36,25,218590,39,34
218600,30,35,218610,32,33
218620,31,37,218630,29,37
218640,36,27,218650,40,32
218660,33,43,218670,40,31
218680,28,29,218690,39,34
218700,29,37,218710,24,31
218720,31,35,218730,37,39
218740,38,39,218750,37,35
218760,33,27,218770,32,37
218780,31,24,218790,31,27
218800,36,28,218810,35,35
218820,33,31,218830,40,32
218840,34,34,218850,34,39
218860,35,28,218870,28,39
218880,33,35,218890,37,36
218900,36,30,218910,34,32
218920,33,28,218930,26,32
218940,34,44,218950,44,29
218960,35,29,218970,38,32
218980,35,28,218990,34,32
219000,38,30,219010,42,42
219020,38,32,219030,24,39
219040,31,33,219050,39,39
219060,37,40,219070,37,31
219080,38,44,219090,32,32
219100,40,32,219110,36,35
219120,33,28,219130,35,33
219140,38,31,219150,37,30
219160,33,32,219170,32,29
219180,33,42,219190,33,39
219200,32,26,219210,36,35
219220,43,32,219230,33,31
219240,20,27,219250,20,32
219260,36,33,219270,30,32
219280,39,38,219290,36,30
219300,36,36,219310,28,30
219320,32,34,219330,34,40
219340,31,29,219350,27,31
219360,35,37,219370,31,33
219380,31,38,219390,26,24
219400,28,34,219410,33,36
219420,37,30,219430,37,36
219440,33,33,219450,32,35
219460,29,28,219470,36,35
219480,28,46,219490,32,37
219500,37,40,219510,38,38
219520,33,41,219530,35,33
219540,36,31,219550,35,32
219560,30,26,219570,37,40
219580,34,44,219590,26,30
219600,36,40,219610,32,29
219620,30,31,219630,21,33
219640,36,36,219650,27,33
219660,33,29,219670,36,30
219680,38,31,219690,45,31
219700,35,35,219710,35,32
219720,30,26,219730,41,45
219740,38,34,219750,31,37
219760,36,25,219770,39,33
219780,32,38,219790,33,32
219800,37,32,219810,34,26
219820,29,28,219830,33,38
219840,36,32,219850,31,32
219860,30,32,219870,31,30
219880,32,36,219890,28,33
219900,39,31,219910,35,36
219920,25,33,219930,40,39
219940,29,44,219950,33,33
219960,40,33,219970,40,41
219980,30,33,219990,34,36
220000,35,33,220010,29,35
220020,35,33,220030,31,40
220040,39,40,220050,30,34
220060,30,38,220070,26,38
220080,41,35,220090,38,36
220100,28,31,220110,39,37
220120,30,29,220130,36,29
220140,38,28,220150,37,28
220160,35,33,220170,35,29
220180,31,39,220190,35,35
220200,34,33,220210,31,19
220220,34,40,220230,36,30
220240,29,30,220250,17,29
220260,31,31,220270,24,32
220280,24,35,220290,32,36
220300,35,32,220310,28,33
220320,36,30,220330,31,37
220340,33,33,220350,30,35
220360,30,36,220370,37,32
220380,29,26,220390,38,30
220400,33,31,220410,33,28
220420,28,35,220430,36,29
220440,33,40,220450,29,43
220460,34,34,220470,31,33
220480,30,31,220490,42,33
220500,34,32,220510,37,33
220520,34,34,220530,32,33
220540,30,38,220550,45,35
220560,39,35,220570,33,38
220580,33,35,220590,37,31
220600,31,30,220610,33,37
220620,41,40,220630,29,36
220640,43,33,220650,32,44
220660,42,33,220670,37,34
220680,36,33,220690,28,37
220700,33,37,220710,31,35
220720,35,42,220730,34,41
220740,30,32,220750,30,39
220760,30,30,220770,37,31
220780,30,33,220790,30,35
220800,39,33,220810,31,38
220820,35,41,220830,37,37
220840,36,28,220850,28,32
220860,36,30,220870,30,40
220880,33,37,220890,34,38
220900,36,36,220910,37,32
220920,35,34,220930,33,37
220940,36,38,220950,29,37
220960,23,34,220970,23,25
220980,34,27,220990,38,35
221000,27,26,221010,35,36
221020,28,35,221030,28,36
221040,32,37,221050,38,32
221060,34,36,221070,35,33
221080,34,35,221090,36,35
221100,31,37,221110,34,37
221120,41,34,221130,31,38
221140,37,33,221150,42,37
221160,32,32,221170,30,30
221180,32,36,221190,37,35
221200,33,32,221210,34,38
221220,32,29,221230,23,40
221240,34,30,221250,29,32
221260,28,27,221270,42,38
221280,40,34,221290,32,36
221300,27,29,221310,36,31
221320,26,33,221330,29,33
221340,35,35,221350,34,30
221360,38,35,221370,30,27
221380,39,37,221390,40,28
221400,35,35,221410,36,31
221420,40,35,221430,30,39
221440,33,37,221450,40,36
221460,33,30,221470,31,32
221480,31,32,221490,33,24
221500,32,36,221510,25,36
221520,24,32,221530,33,31
221540,35,36,221550,29,30
221560,33,31,221570,26,33
221580,34,27,221590,29,34
221600,33,36,221610,37,36
221620,34,29,221630,42,38
221640,29,30,221650,32,36
221660,36,36,221670,39,39
221680,28,32,221690,35,34
221700,23,29,221710,30,33
221720,37,32,221730,40,32
221740,36,33,221750,32,26
221760,37,41,221770,36,39
221780,34,38,221790,39,30
221800,33,42,221810,36,34
221820,36,36,221830,33,38
221840,33,33,221850,37,40
221860,39,33,221870,31,25
221880,34,31,221890,33,34
221900,30,32,221910,31,39
221920,35,37,221930,20,35
221940,31,28,221950,32,34
221960,34,30,221970,36,35
221980,30,36,221990,30,34
222000,37,40,222010,27,29
222020,30,24,222030,42,28
222040,38,32,222050,36,33
222060,35,38,222070,34,29
222080,21,32,222090,35,35
222100,30,39,222110,25,26
222120,31,33,222130,35,38
222140,33,32,222150,31,33
222160,38,26,222170,30,31
222180,26,31,222190,33,40
222200,37,29,222210,32,35
222220,36,36,222230,34,33
222240,32,35,222250,31,32
222260,36,38,222270,35,37
222280,39,38,222290,32,36
222300,28,25,222310,34,27
222320,35,45,222330,26,28
222340,24,35,222350,35,36
222360,31,32,222370,26,28
222380,33,28,222390,41,33
222400,35,34,222410,29,34
222420,40,40,222430,29,30
222440,28,32,222450,35,32
222460,28,33,222470,29,39
222480,39,33,222490,34,43
222500,26,32,222510,25,30
222520,33,28,222530,37,37
222540,28,32,222550,36,31
222560,30,35,222570,30,33
222580,29,36,222590,29,27
222600,22,36,222610,31,36
222620,32,33,222630,35,35
222640,39,30,222650,28,26
222660,28,35,222670,35,41
222680,33,33,222690,35,32
222700,31,25,222710,24,31
222720,33,26,222730,34,37
222740,29,32,222750,36,37
222760,37,39,222770,33,31
222780,39,32,222790,35,31
222800,35,34,222810,26,32
222820,34,34,222830,34,46
222840,33,33,222850,34,31
222860,33,33,222870,40,42
222880,32,31,222890,25,35
222900,33,40,222910,37,31
222920,32,31,222930,32,30
222940,35,36,222950,31,31
222960,39,39,222970,37,29
222980,34,27,222990,38,32
223000,42,30,223010,39,37
223020,41,31,223030,33,34
223040,34,31,223050,41,32
223060,36,34,223070,29,33
223080,34,36,223090,34,36
223100,40,38,223110,34,38
223120,26,33,223130,31,26
223140,38,33,223150,33,29
223160,36,24,223170,41,34
223180,23,25,223190,32,33
223200,35,27,223210,30,39
223220,25,32,223230,33,37
223240,29,33,223250,30,28
223260,35,39,223270,40,38
223280,35,37,223290,35,33
223300,32,38,223310,34,30
223320,34,32,223330,31,28
223340,33,32,223350,32,38
223360,34,34,223370,35,34
223380,27,37,223390,36,31
223400,24,39,223410,32,33
223420,29,30,223430,29,39
223440,31,29,223450,36,30
223460,25,33,223470,29,37
223480,27,27,223490,24,39
223500,37,33,223510,39,34
223520,30,32,223530,32,30
223540,33,34,223550,34,31
223560,25,29,223570,23,38
223580,31,29,223590,27,24
223600,33,26,223610,38,44
223620,34,36,223630,34,29
223640,37,33,223650,25,34
223660,28,27,223670,22,38
223680,33,36,223690,29,33
223700,31,33,223710,39,28
223720,40,30,223730,26,40
223740,28,36,223750,32,26
223760,35,33,223770,34,29
223780,35,37,223790,31,34
223800,22,32,223810,37,41
223820,23,35,223830,27,31
223840,34,37,223850,28,33
223860,26,32,223870,33,35
223880,28,22,223890,28,34
223900,34,26,223910,39,33
223920,37,36,223930,29,34
223940,31,42,223950,30,34
223960,30,44,223970,43,38
223980,25,32,223990,30,31
224000,40,42,224010,23,28
224020,31,29,224030,30,28
224040,33,23,224050,35,36
224060,32,38,224070,32,41
224080,32,35,224090,32,33
224100,25,40,224110,32,34
224120,23,32,224130,31,32
224140,37,30,224150,37,33
224160,36,31,224170,37,25
224180,21,30,224190,37,26
224200,26,37,224210,37,38
224220,31,35,224230,30,28
224240,37,36,224250,29,25
224260,38,34,224270,23,39
224280,30,28,224290,23,32
224300,32,30,224310,34,33
224320,33,42,224330,36,33
224340,34,32,224350,35,30
224360,30,35,224370,30,26
224380,29,35,224390,29,31
224400,34,30,224410,31,34
224420,35,32,224430,39,29
224440,27,33,224450,30,36
224460,30,23,224470,29,38
224480,34,28,224490,38,40
224500,34,23,224510,39,25
224520,34,29,224530,35,30
224540,28,32,224550,28,33
224560,34,31,224570,29,27
224580,32,22,224590,35,29
224600,29,29,224610,27,35
224620,31,31,224630,32,27
224640,23,36,224650,32,34
224660,27,39,224670,31,22
224680,27,40,224690,26,30
224700,31,33,224710,33,33
224720,41,36,224730,35,32
224740,28,31,224750,36,36
224760,32,30,224770,33,28
224780,33,27,224790,31,32
224800,29,30,224810,34,37
224820,36,36,224830,30,31
224840,27,28,224850,32,40
224860,28,31,224870,33,44
224880,32,30,224890,29,26
224900,33,28,224910,34,37
224920,34,26,224930,31,30
224940,40,33,224950,29,30
224960,34,37,224970,37,36
224980,28,38,224990,30,31
225000,38,38,225010,35,33
225020,33,33,225030,34,35
225040,35,32,225050,26,24
225060,33,20,225070,33,42
225080,35,36,225090,33,30
225100,34,32,225110,33,30
225120,28,30,225130,39,33
225140,32,36,225150,35,40
225160,31,25,225170,29,33
225180,40,32,225190,37,33
225200,26,33,225210,36,29
225220,40,34,225230,24,31
225240,37,32,225250,33,39
225260,26,36,225270,36,36
225280,32,41,225290,35,36
225300,30,26,225310,28,37
225320,34,27,225330,30,34
225340,29,33,225350,33,35
225360,36,34,225370,34,33
225380,38,25,225390,39,39
225400,29,36,225410,29,30
225420,30,32,225430,31,32
225440,32,28,225450,36,31
225460,24,33,225470,28,30
225480,35,34,225490,36,28
225500,34,24,225510,34,30
225520,37,30,225530,29,30
225540,40,32,225550,35,29
225560,37,29,225570,31,32
225580,26,37,225590,29,27
225600,40,31,225610,34,35
225620,28,31,225630,30,23
225640,28,36,225650,33,41
225660,42,36,225670,31,39
225680,30,28,225690,36,27
225700,29,35,225710,38,35
225720,33,40,225730,39,30
225740,37,24,225750,33,32
225760,36,40,225770,33,23
225780,27,26,225790,38,33
225800,35,36,225810,30,28
225820,33,37,225830,32,34
225840,33,32,225850,34,36
225860,47,26,225870,25,36
225880,34,41,225890,37,36
225900,33,30,225910,46,34
225920,37,34,225930,29,33
225940,32,33,225950,36,33
225960,28,31,225970,41,32
225980,33,31,225990,37,35
226000,34,33,226010,41,35
226020,26,38,226030,29,37
226040,32,31,226050,38,34
226060,40,32,226070,29,29
226080,33,25,226090,32,34
226100,41,41,226110,31,40
226120,30,31,226130,30,35
226140,34,32,226150,40,40
226160,38,37,226170,32,30
226180,36,36,226190,30,35
226200,28,37,226210,34,33
226220,37,42,226230,32,38
226240,32,39,226250,33,30
226260,31,33,226270,28,35
226280,43,29,226290,34,22
226300,31,26,226310,32,36
226320,27,38,226330,37,29
226340,39,36,226350,30,38
226360,33,37,226370,36,37
226380,23,35,226390,25,23
226400,37,36,226410,32,39
226420,44,37,226430,29,39
226440,31,35,226450,29,40
226460,37,42,226470,40,31
226480,31,30,226490,30,32
226500,29,41,226510,28,33
226520,34,28,226530,32,28
226540,31,28,226550,41,31
226560,27,37,226570,24,29
226580,33,29,226590,27,40
226600,33,30,226610,29,37
226620,33,34,226630,33,42
226640,33,31,226650,31,26
226660,31,35,226670,30,34
226680,22,25,226690,31,35
226700,33,33,226710,23,35
226720,36,35,226730,35,33
226740,35,33,226750,29,36
226760,31,32,226770,32,32
226780,38,39,226790,37,27
226800,26,35,226810,28,31
226820,29,25,226830,26,35
226840,33,33,226850,37,34
226860,29,29,226870,36,37
226880,32,31,226890,36,34
226900,24,40,226910,30,31
226920,30,31,226930,23,22
226940,34,30,226950,32,42
226960,31,29,226970,33,28
226980,31,32,226990,26,28
227000,28,31,227010,32,33
227020,33,25,227030,30,34
227040,25,27,227050,26,35
227060,30,31,227070,37,33
227080,40,29,227090,36,37
227100,32,28,227110,33,31
227120,29,37,227130,31,27
227140,34,24,227150,34,34
227160,32,37,227170,29,37
227180,30,36,227190,38,35
227200,34,27,227210,31,40
227220,33,35,227230,35,33
227240,31,33,227250,32,29
227260,28,26,227270,33,29
227280,28,38,227290,34,39
227300,33,36,227310,32,33
227320,30,43,227330,27,34
227340,39,33,227350,35,33
227360,31,35,227370,38,36
227380,36,38,227390,36,36
227400,33,33,227410,24,42
227420,35,35,227430,33,35
227440,32,32,227450,35,26
227460,28,33,227470,30,29
227480,30,35,227490,38,33
227500,32,32,227510,36,45
227520,37,40,227530,31,32
227540,33,37,227550,31,24
227560,30,35,227570,33,34
227580,35,33,227590,31,30
227600,36,28,227610,36,41
227620,35,30,227630,39,37
227640,31,33,227650,30,34
227660,29,37,227670,27,35
227680,39,38,227690,41,36
227700,33,33,227710,30,29
227720,29,44,227730,36,38
227740,34,29,227750,47,31
227760,33,39,227770,28,34
227780,39,33,227790,30,33
227800,30,36,227810,35,25
227820,30,35,227830,27,33
227840,29,31,227850,34,24
227860,32,34,227870,35,30
227880,38,30,227890,33,36
227900,37,38,227910,33,35
227920,36,33,227930,25,30
227940,34,36,227950,35,30
227960,22,36,227970,28,33
227980,35,29,227990,35,29
228000,33,29,228010,36,31
228020,41,35,228030,32,34
228040,38,27,228050,31,31
228060,35,30,228070,38,32
228080,37,37,228090,33,27
228100,31,37,228110,28,40
228120,38,34,228130,29,29
228140,37,35,228150,36,40
228160,22,31,228170,31,32
228180,29,34,228190,27,39
228200,36,34,228210,30,28
228220,31,32,228230,30,33
228240,34,33,228250,34,38
228260,25,32,228270,31,31
228280,34,22,228290,30,34
228300,38,31,228310,31,36
228320,38,33,228330,34,34
228340,34,31,228350,37,34
228360,33,29,228370,28,30
228380,31,36,228390,30,24
228400,37,37,228410,29,32
228420,29,26,228430,35,33
228440,25,31,228450,26,35
228460,29,32,228470,31,37
228480,36,41,228490,33,32
228500,35,40,228510,33,34
228520,33,38,228530,38,31
228540,33,35,228550,35,32
228560,33,33,228570,31,28
228580,27,29,228590,31,34
228600,35,26,228610,29,25
228620,28,29,228630,44,34
228640,30,29,228650,35,41
228660,31,35,228670,28,29
228680,32,41,228690,37,32
228700,37,37,228710,35,31
228720,37,32,228730,39,34
228740,42,37,228750,37,36
228760,29,31,228770,38,30
228780,30,36,228790,34,27
228800,34,40,228810,34,25
228820,24,25,228830,28,28
228840,38,31,228850,35,43
228860,33,37,228870,40,31
228880,31,37,228890,31,29
228900,36,35,228910,39,34
228920,35,29,228930,36,34
228940,37,31,228950,34,34
228960,32,40,228970,38,35
228980,32,32,228990,32,30
229000,29,32,229010,43,38
229020,40,33,229030,35,40
229040,28,35,229050,38,34
229060,40,33,229070,37,34
229080,31,40,229090,30,38
229100,30,29,229110,38,38
229120,36,39,229130,34,28
229140,35,44,229150,37,31
229160,34,33,229170,31,32
229180,33,31,229190,39,35
229200,35,32,229210,37,40
229220,33,27,229230,31,31
229240,39,29,229250,29,35
229260,35,32,229270,32,28
229280,37,32,229290,27,33
229300,29,31,229310,35,35
229320,29,35,229330,34,30
229340,33,30,229350,37,35
229360,34,42,229370,33,36
229380,26,33,229390,32,38
229400,28,35,229410,29,31
229420,30,32,229430,35,36
229440,36,23,229450,30,30
229460,30,39,229470,31,24
229480,31,31,229490,29,40
229500,29,32,229510,35,33
229520,40,32,229530,32,35
229540,30,30,229550,40,36
229560,40,31,229570,38,42
229580,29,39,229590,33,36
229600,41,35,229610,32,32
229620,33,32,229630,29,36
229640,42,28,229650,32,34
229660,38,39,229670,29,32
229680,28,35,229690,38,38
229700,34,36,229710,35,34
229720,36,37,229730,33,36
229740,30,38,229750,36,36
229760,29,29,229770,35,40
229780,34,39,229790,35,31
229800,34,28,229810,29,38
229820,36,33,229830,31,36
229840,43,35,229850,36,37
229860,34,25,229870,32,37
229880,31,33,229890,35,23
229900,33,27,229910,29,35
229920,27,30,229930,36,38
229940,35,30,229950,28,31
229960,37,34,229970,35,34
229980,27,40,229990,30,29
230000,34,37,230010,34,37
230020,31,33,230030,27,28
230040,40,32,230050,28,30
230060,25,28,230070,28,36
230080,35,34,230090,34,34
230100,36,30,230110,30,36
230120,28,34,230130,37,34
230140,37,33,230150,24,34
230160,37,38,230170,34,32
230180,36,33,230190,26,33
230200,30,34,230210,34,39
230220,29,31,230230,29,30
230240,35,40,230250,43,34
230260,28,33,230270,39,34
230280,35,41,230290,31,33
230300,33,30,230310,34,35
230320,31,36,230330,32,35
230340,41,30,230350,36,32
230360,29,32,230370,32,30
230380,32,28,230390,33,30
230400,29,30,230410,31,34
230420,33,40,230430,34,29
230440,24,29,230450,34,29
230460,27,39,230470,33,38
230480,28,31,230490,30,27
230500,29,34,230510,29,33
230520,32,31,230530,39,31
230540,25,35,230550,39,35
230560,34,28,230570,28,39
230580,34,32,230590,31,31
230600,19,31,230610,36,35
230620,33,32,230630,40,43
230640,25,28,230650,33,33
230660,38,35,230670,29,36
230680,38,34,230690,25,33
230700,38,38,230710,28,37
230720,37,34,230730,30,36
230740,34,32,230750,39,44
230760,35,35,230770,32,35
230780,37,43,230790,40,31
230800,28,36,230810,31,39
230820,29,40,230830,26,30
230840,40,35,230850,33,34
230860,34,35,230870,28,27
230880,33,38,230890,42,45
230900,37,30,230910,45,30
230920,34,35,230930,37,38
230940,38,27,230950,41,32
230960,36,31,230970,31,28
230980,35,37,230990,35,36
231000,41,23,231010,26,33
231020,31,29,231030,32,31
231040,35,35,231050,29,35
231060,29,28,231070,27,31
231080,34,34,231090,30,28
231100,29,30,231110,26,30
231120,32,35,231130,36,34
231140,31,33,231150,36,30
231160,26,37,231170,31,25
231180,26,30,231190,29,36
231200,32,37,231210,42,40
231220,38,36,231230,29,31
231240,31,38,231250,27,32
231260,30,24,231270,34,34
231280,35,33,231290,35,32
231300,37,32,231310,31,34
231320,33,34,231330,40,32
231340,43,19,231350,28,28
231360,33,37,231370,27,22
231380,33,33,231390,33,28
231400,34,41,231410,29,35
231420,36,35,231430,41,37
231440,30,30,231450,34,33
231460,29,26,231470,33,32
231480,30,33,231490,37,31
231500,36,31,231510,39,27
231520,32,36,231530,28,32
231540,27,37,231550,28,27
231560,26,38,231570,26,34
231580,38,32,231590,31,27
231600,34,27,231610,29,30
231620,31,35,231630,24,32
231640,40,37,231650,29,33
231660,34,36,231670,29,26
231680,35,39,231690,30,42
231700,36,37,231710,32,34
231720,30,34,231730,36,34
231740,33,35,231750,35,34
231760,35,30,231770,30,27
231780,38,34,231790,35,26
231800,26,37,231810,32,34
231820,23,31,231830,37,32
231840,29,32,231850,40,42
231860,29,37,231870,35,42
231880,27,31,231890,31,36
231900,25,38,231910,42,37
231920,33,37,231930,35,45
231940,31,30,231950,34,31
231960,32,31,231970,36,40
231980,25,41,231990,35,30
232000,38,33,232010,33,29
232020,32,31,232030,23,32
232040,25,32,232050,32,34
232060,36,33,232070,37,29
232080,30,39,232090,14,32
232100,34,32,232110,32,36
232120,33,25,232130,32,29
232140,32,29,232150,32,34
232160,34,36,232170,26,29
232180,37,38,232190,31,35
232200,33,32,232210,36,27
232220,34,35,232230,41,31
232240,35,35,232250,31,28
232260,22,30,232270,30,35
232280,38,27,232290,31,35
232300,43,36,232310,32,34
232320,29,32,232330,31,37
232340,41,36,232350,34,30
232360,45,36,232370,42,33
232380,33,27,232390,38,37
232400,33,30,232410,28,25
232420,38,31,232430,36,31
232440,31,33,232450,34,31
232460,35,35,232470,33,32
232480,27,42,232490,32,40
232500,24,32,232510,30,29
232520,40,41,232530,29,36
232540,20,34,232550,38,38
232560,30,36,232570,31,29
232580,30,39,232590,27,30
232600,33,26,232610,34,28
232620,29,31,232630,28,42
232640,27,34,232650,34,26
232660,37,32,232670,33,33
232680,32,25,232690,35,41
232700,32,32,232710,28,27
232720,29,34,232730,29,23
232740,29,33,232750,34,32
232760,30,30,232770,33,28
232780,34,35,232790,33,33
232800,33,46,232810,31,31
232820,34,42,232830,37,36
232840,37,35,232850,27,31
232860,36,25,232870,32,34
232880,35,36,232890,40,33
232900,34,28,232910,35,30
232920,32,34,232930,37,32
232940,34,34,232950,28,24
232960,26,36,232970,30,30
232980,34,26,232990,32,30
233000,32,29,233010,37,30
233020,29,37,233030,27,34
233040,23,38,233050,34,33
233060,23,29,233070,35,34
233080,32,30,233090,24,29
233100,31,27,233110,29,34
233120,26,30,233130,34,30
233140,30,35,233150,21,40
233160,27,33,233170,38,31
233180,27,32,233190,26,37
233200,27,34,233210,31,34
233220,35,37,233230,24,34
233240,33,34,233250,31,34
233260,30,33,233270,32,32
233280,30,31,233290,36,32
233300,32,28,233310,23,28
233320,41,33,233330,27,32
233340,33,35,233350,26,25
233360,39,40,233370,47,31
233380,34,23,233390,30,28
233400,34,36,233410,30,36
233420,24,31,233430,33,28
233440,31,31,233450,35,35
233460,26,33,233470,27,32
233480,38,31,233490,31,32
233500,36,34,233510,31,32
233520,29,23,233530,29,34
233540,28,40,233550,26,29
233560,28,32,233570,43,41
233580,26,32,233590,35,33
233600,30,40,233610,34,37
233620,33,29,233630,33,33
233640,24,36,233650,37,33
233660,31,25,233670,35,33
233680,42,30,233690,33,34
233700,32,38,233710,29,34
233720,37,36,233730,30,26
233740,40,35,233750,29,28
233760,35,32,233770,34,28
233780,33,38,233790,23,28
233800,31,33,233810,29,29
233820,28,27,233830,36,31
233840,28,29,233850,38,28
233860,31,27,233870,40,27
233880,24,28,233890,30,30
233900,29,32,233910,24,31
233920,27,29,233930,23,34
233940,35,28,233950,35,35
233960,30,36,233970,37,31
233980,38,38,233990,34,34
234000,31,29,234010,24,38
234020,34,29,234030,34,33
234040,32,29,234050,28,29
234060,28,29,234070,33,32
234080,27,30,234090,39,29
234100,32,26,234110,29,36
234120,39,37,234130,29,29
234140,34,31,234150,35,37
234160,33,25,234170,30,33
234180,36,35,234190,30,32
234200,30,30,234210,31,29
234220,31,27,234230,36,29
234240,33,38,234250,36,36
234260,25,31,234270,33,28
234280,31,37,234290,32,29
234300,32,29,234310,29,32
234320,31,32,234330,31,28
234340,38,29,234350,34,33
234360,35,34,234370,25,30
234380,26,33,234390,32,38
234400,34,30,234410,28,42
234420,23,28,234430,34,36
234440,34,35,234450,30,31
234460,37,33,234470,36,33
234480,31,31,234490,38,39
234500,43,35,234510,31,29
234520,38,30,234530,33,32
234540,32,40,234550,27,36
234560,33,27,234570,33,31
234580,32,39,234590,24,41
234600,25,32,234610,31,38
234620,31,28,234630,29,32
234640,34,35,234650,33,27
234660,43,31,234670,35,27
234680,32,38,234690,30,21
234700,27,36,234710,31,37
234720,39,37,234730,35,31
234740,32,30,234750,34,37
234760,34,35,234770,29,29
234780,30,41,234790,35,33
234800,34,26,234810,38,35
234820,33,36,234830,22,41
234840,24,30,234850,30,36
234860,33,31,234870,36,34
234880,35,29,234890,30,19
234900,27,38,234910,31,29
234920,33,39,234930,33,35
234940,33,33,234950,32,29
234960,38,31,234970,28,28
234980,37,34,234990,30,32
235000,26,33,235010,29,28
235020,33,27,235030,37,25
235040,30,38,235050,29,42
235060,35,37,235070,31,36
235080,32,33,235090,36,32
235100,32,28,235110,36,34
235120,34,35,235130,32,27
235140,38,34,235150,26,34
235160,39,37,235170,38,29
235180,35,29,235190,31,37
235200,36,32,235210,38,40
235220,32,40,235230,40,35
235240,31,30,235250,32,34
235260,29,32,235270,32,33
235280,40,38,235290,33,36
235300,32,29,235310,33,30
235320,32,31,235330,31,28
235340,29,33,235350,33,41
235360,31,31,235370,25,26
235380,26,36,235390,25,28
235400,33,37,235410,28,30
235420,30,28,235430,30,30
235440,32,32,235450,28,37
235460,41,41,235470,39,35
235480,35,31,235490,29,25
235500,25,30,235510,43,29
235520,28,33,235530,32,28
235540,31,27,235550,27,33
235560,34,25,235570,24,30
235580,35,27,235590,36,29
235600,32,25,235610,25,28
235620,29,25,235630,27,33
235640,45,29,235650,30,40
235660,29,27,235670,35,32
235680,38,37,235690,33,30
235700,30,36,235710,28,38
235720,26,32,235730,32,34
235740,32,34,235750,36,33
235760,36,37,235770,27,35
235780,27,33,235790,34,28
235800,31,32,235810,34,32
235820,33,33,235830,35,44
235840,43,28,235850,33,30
235860,39,33,235870,28,17
235880,34,36,235890,38,32
235900,33,31,235910,34,30
235920,35,30,235930,22,35
235940,44,31,235950,30,28
235960,31,34,235970,35,31
235980,27,33,235990,35,29
236000,34,32,236010,33,30
236020,26,34,236030,33,37
236040,33,35,236050,31,37
236060,30,30,236070,36,31
236080,42,27,236090,28,37
236100,30,35,236110,25,30
236120,28,24,236130,35,29
236140,29,26,236150,34,21
236160,36,29,236170,28,32
236180,33,36,236190,27,29
236200,35,30,236210,25,33
236220,35,28,236230,23,32
236240,35,31,236250,23,35
236260,28,29,236270,31,31
236280,39,28,236290,26,35
236300,30,30,236310,32,25
236320,29,33,236330,25,31
236340,28,33,236350,29,26
236360,37,33,236370,28,35
236380,31,32,236390,36,32
236400,29,37,236410,36,24
236420,36,32,236430,30,30
236440,27,29,236450,28,30
236460,41,29,236470,34,31
236480,33,27,236490,36,35
236500,28,23,236510,37,30
236520,31,34,236530,40,31
236540,32,34,236550,31,23
236560,36,28,236570,33,28
236580,30,33,236590,32,30
236600,35,36,236610,38,38
236620,38,35,236630,33,37
236640,37,30,236650,29,27
236660,27,25,236670,37,29
236680,29,36,236690,29,32
236700,31,38,236710,30,33
236720,33,26,236730,35,37
236740,36,32,236750,33,28
236760,38,27,236770,31,24
236780,31,32,236790,37,32
236800,32,34,236810,26,33
236820,35,34,236830,35,34
236840,21,34,236850,36,26
236860,35,32,236870,26,28
236880,33,27,236890,29,33
236900,28,31,236910,32,34
236920,37,31,236930,29,34
236940,33,33,236950,35,37
236960,37,33,236970,34,31
236980,31,30,236990,36,39
237000,34,40,237010,34,30
237020,37,33,237030,27,38
237040,26,33,237050,33,32
237060,35,39,237070,32,30
237080,33,36,237090,38,27
237100,37,31,237110,31,37
237120,29,32,237130,33,34
237140,26,36,237150,31,33
237160,29,28,237170,37,36
237180,48,38,237190,34,39
237200,31,27,237210,31,28
237220,30,35,237230,35,41
237240,39,29,237250,32,32
237260,38,29,237270,36,38
237280,40,31,237290,33,35
237300,39,35,237310,39,34
237320,39,36,237330,29,32
237340,41,30,237350,37,29
237360,29,31,237370,33,26
237380,34,17,237390,38,36
237400,40,30,237410,30,37
237420,33,30,237430,39,31
237440,29,30,237450,33,35
237460,37,35,237470,28,40
237480,37,33,237490,31,38
237500,30,35,237510,29,26
237520,29,24,237530,32,38
237540,34,27,237550,35,27
237560,32,36,237570,33,36
237580,39,40,237590,38,40
237600,30,33,237610,32,37
237620,36,34,237630,34,35
237640,34,31,237650,26,33
237660,34,39,237670,30,30
237680,23,36,237690,33,38
237700,43,34,237710,32,26
237720,35,29,237730,35,37
237740,35,31,237750,38,35
237760,31,35,237770,33,32
237780,35,33,237790,35,40
237800,32,39,237810,35,30
237820,34,41,237830,29,33
237840,35,31,237850,24,22
237860,31,30,237870,30,32
237880,31,31,237890,31,28
237900,36,25,237910,35,28
237920,28,33,237930,29,26
237940,38,31,237950,23,28
237960,34,25,237970,42,30
237980,35,27,237990,35,30
238000,42,39,238010,34,37
238020,34,36,238030,39,32
238040,32,34,238050,33,22
238060,33,32,238070,36,27
238080,30,33,238090,29,31
238100,37,35,238110,26,25
238120,31,32,238130,34,37
238140,32,37,238150,34,35
238160,38,36,238170,31,31
238180,31,35,238190,32,35
238200,32,30,238210,32,31
238220,39,35,238230,31,35
238240,29,37,238250,38,33
238260,33,35,238270,28,30
238280,33,37,238290,22,33
238300,31,32,238310,30,29
238320,25,31,238330,32,34
238340,32,39,238350,31,33
238360,35,32,238370,39,35
238380,35,32,238390,31,34
238400,32,32,238410,31,35
238420,33,33,238430,34,37
238440,32,33,238450,28,28
238460,37,34,238470,33,34
238480,35,30,238490,30,33
238500,34,37,238510,30,34
238520,38,32,238530,31,29
238540,40,31,238550,32,33
238560,40,33,238570,37,38
238580,31,30,238590,28,31
238600,35,25,238610,33,31
238620,30,26,238630,29,31
238640,29,34,238650,36,33
238660,35,35,238670,35,42
238680,31,32,238690,38,32
238700,37,33,238710,38,35
238720,40,39,238730,36,32
238740,38,31,238750,29,27
238760,31,25,238770,36,26
238780,32,37,238790,35,34
238800,33,30,238810,31,40
238820,34,32,238830,35,32
238840,32,33,238850,32,27
238860,41,34,238870,37,46
238880,26,32,238890,38,26
238900,38,33,238910,30,25
238920,30,30,238930,42,38
238940,33,21,238950,33,30
238960,37,31,238970,28,31
238980,26,32,238990,28,43
239000,32,35,239010,33,26
239020,34,33,239030,27,21
239040,33,29,239050,30,30
239060,32,28,239070,30,35
239080,27,32,239090,33,27
239100,32,33,239110,30,26
239120,36,39,239130,29,29
239140,38,39,239150,34,32
239160,38,28,239170,26,31
239180,32,31,239190,38,35
239200,35,34,239210,30,31
239220,27,39,239230,27,37
239240,36,32,239250,32,33
239260,33,31,239270,35,42
239280,28,40,239290,32,37
239300,29,20,239310,25,35
239320,29,30,239330,32,22
239340,32,33,239350,34,38
239360,39,37,239370,35,29
239380,41,30,239390,35,33
239400,36,31,239410,33,29
239420,28,34,239430,32,30
239440,28,32,239450,35,33
239460,39,35,239470,33,33
239480,29,28,239490,22,34
239500,23,31,239510,33,28
239520,29,23,239530,33,31
239540,27,38,239550,25,32
239560,20,33,239570,31,30
239580,32,30,239590,32,33
239600,38,40,239610,33,33
239620,30,38,239630,23,28
239640,33,31,239650,33,31
239660,35,31,239670,31,28
239680,26,25,239690,37,34
239700,31,33,239710,31,32
239720,35,29,239730,33,35
239740,27,39,239750,29,31
239760,28,31,239770,38,35
239780,39,37,239790,27,32
239800,36,34,239810,31,40
239820,34,32,239830,33,35
239840,30,36,239850,38,38
239860,32,31,239870,37,36
239880,40,34,239890,32,27
239900,36,41,239910,37,33
239920,32,34,239930,33,31
239940,34,28,239950,31,32
239960,32,36,239970,36,32
239980,31,35,239990,33,29
240000,29,28,240010,26,32
240020,29,36,240030,35,31
240040,34,30,240050,31,34
240060,32,34,240070,41,38
240080,24,27,240090,31,32
240100,29,43,240110,41,44
240120,32,23,240130,35,39
240140,38,39,240150,43,35
240160,32,35,240170,43,34
240180,37,29,240190,34,36
240200,32,38,240210,42,45
240220,32,29,240230,32,32
240240,37,38,240250,40,36
240260,32,33,240270,35,34
240280,32,31,240290,38,30
240300,35,30,240310,36,39
240320,27,38,240330,32,36
240340,37,44,240350,35,30
240360,30,34,240370,32,34
240380,35,36,240390,35,39
240400,33,38,240410,41,39
240420,32,36,240430,36,31
240440,33,29,240450,34,27
240460,31,36,240470,31,27
240480,35,24,240490,28,39
240500,39,38,240510,34,30
240520,33,26,240530,39,30
240540,27,30,240550,33,31
240560,39,39,240570,24,41
240580,32,32,240590,27,32
240600,34,37,240610,41,32
240620,30,36,240630,34,49
240640,27,36,240650,33,29
240660,26,37,240670,32,36
240680,31,38,240690,35,31
240700,35,36,240710,36,41
240720,35,39,240730,34,37
240740,29,36,240750,34,35
240760,35,39,240770,33,39
240780,33,36,240790,30,34
240800,29,23,240810,32,37
240820,26,35,240830,45,33
240840,38,45,240850,36,34
240860,31,41,240870,30,35
240880,36,43,240890,28,42
240900,32,35,240910,33,38
240920,30,34,240930,37,38
240940,38,38,240950,32,43
240960,34,26,240970,36,29
240980,30,39,240990,36,35
241000,38,35,241010,37,45
241020,36,33,241030,33,32
241040,38,32,241050,41,32
241060,33,25,241070,39,39
241080,39,41,241090,33,31
241100,35,34,241110,33,32
241120,39,37,241130,34,35
241140,40,30,241150,29,38
241160,38,32,241170,41,44
241180,34,34,241190,40,37
241200,33,39,241210,33,30
241220,32,34,241230,39,31
241240,31,34,241250,39,43
241260,28,40,241270,38,34
241280,37,35,241290,34,36
241300,33,35,241310,35,31
241320,42,38,241330,31,33
241340,34,38,241350,37,36
241360,34,28,241370,33,29
241380,34,37,241390,39,31
241400,36,29,241410,33,40
241420,39,34,241430,35,38
241440,36,28,241450,34,33
241460,37,42,241470,27,31
241480,34,30,241490,33,28
241500,28,39,241510,34,35
241520,36,37,241530,28,40
241540,27,35,241550,32,38
241560,26,32,241570,35,32
241580,37,33,241590,35,37
241600,37,40,241610,26,33
241620,30,30,241630,41,37
241640,39,38,241650,39,36
241660,36,34,241670,36,29
241680,38,41,241690,32,35
241700,30,35,241710,41,36
241720,31,29,241730,31,40
241740,36,32,241750,31,28
241760,37,32,241770,31,34
241780,24,37,241790,34,33
241800,32,29,241810,35,34
241820,40,36,241830,30,34
241840,37,33,241850,33,32
241860,35,34,241870,40,33
241880,41,40,241890,38,36
241900,25,34,241910,30,35
241920,41,39,241930,32,31
241940,32,38,241950,37,43
241960,36,42,241970,31,41
241980,38,39,241990,33,39
242000,33,36,242010,36,32
242020,38,36,242030,44,40
242040,32,33,242050,25,41
242060,36,31,242070,31,33
242080,35,34,242090,28,32
242100,39,37,242110,40,33
242120,42,35,242130,35,34
242140,35,29,242150,31,32
242160,34,35,242170,35,43
242180,33,35,242190,33,36
242200,37,42,242210,32,30
242220,39,34,242230,35,31
242240,27,31,242250,37,32
242260,29,32,242270,37,37
242280,36,35,242290,35,36
242300,30,33,242310,32,34
242320,35,37,242330,37,33
242340,34,47,242350,38,28
242360,36,37,242370,34,30
242380,37,34,242390,30,36
242400,38,32,242410,41,32
242420,36,33,242430,31,37
242440,37,39,242450,41,41
242460,33,35,242470,32,40
242480,41,41,242490,32,35
242500,35,38,242510,32,37
242520,30,35,242530,35,37
242540,33,42,242550,35,40
242560,31,31,242570,41,34
242580,34,36,242590,35,29
242600,33,39,242610,36,33
242620,35,29,242630,34,30
242640,31,40,242650,33,33
242660,36,43,242670,39,34
242680,36,42,242690,28,35
242700,34,38,242710,28,40
242720,32,37,242730,40,34
242740,31,36,242750,37,34
242760,33,32,242770,31,37
242780,35,40,242790,32,32
242800,36,32,242810,36,42
242820,31,37,242830,37,29
242840,32,35,242850,27,28
242860,34,30,242870,25,28
242880,20,26,242890,26,35
242900,32,29,242910,35,27
242920,35,33,242930,24,26
242940,29,30,242950,30,35
242960,42,26,242970,37,32
242980,29,37,242990,27,26
243000,37,28,243010,28,33
243020,24,32,243030,35,31
243040,31,33,243050,43,30
243060,36,33,243070,34,32
243080,30,31,243090,40,36
243100,38,39,243110,36,41
243120,41,35,243130,27,28
243140,35,33,243150,36,31
243160,32,29,243170,36,38
243180,35,45,243190,37,29
243200,35,33,243210,32,34
243220,33,31,243230,33,34
243240,30,33,243250,35,32
243260,32,28,243270,34,42
243280,32,39,243290,31,40
243300,32,21,243310,41,41
243320,32,33,243330,28,33
243340,31,39,243350,38,38
243360,42,30,243370,43,33
243380,36,31,243390,31,27
243400,30,39,243410,37,36
243420,27,27,243430,29,35
243440,40,30,243450,31,33
243460,39,34,243470,42,25
243480,38,32,243490,34,29
243500,31,33,243510,37,28
243520,35,36,243530,32,34
243540,23,43,243550,36,32
243560,41,38,243570,34,33
243580,37,34,243590,36,33
243600,34,36,243610,41,36
243620,32,35,243630,35,32
243640,39,32,243650,35,27
243660,35,37,243670,36,34
243680,31,42,243690,37,41
243700,41,42,243710,32,40
243720,35,42,243730,32,39
243740,37,35,243750,33,37
243760,39,35,243770,30,39
243780,39,40,243790,30,33
243800,38,36,243810,35,39
243820,29,37,243830,36,27
243840,35,35,243850,44,40
243860,29,25,243870,33,36
243880,37,34,243890,40,32
243900,37,41,243910,36,40
243920,34,30,243930,37,39
243940,41,42,243950,40,34
243960,37,31,243970,30,31
243980,34,36,243990,34,32
244000,37,38,244010,28,32
244020,36,32,244030,36,33
244040,34,34,244050,33,36
244060,25,24,244070,31,36
244080,36,45,244090,28,28
244100,31,41,244110,34,47
244120,29,43,244130,38,34
244140,37,39,244150,35,37
244160,23,36,244170,37,32
244180,33,40,244190,38,36
244200,37,42,244210,30,38
244220,32,32,244230,41,37
244240,34,32,244250,37,29
244260,34,34,244270,29,37
244280,40,37,244290,40,35
244300,37,41,244310,27,38
244320,36,34,244330,35,34
244340,40,31,244350,32,35
244360,36,27,244370,36,31
244380,44,32,244390,39,39
244400,39,30,244410,35,42
244420,35,32,244430,38,37
244440,34,37,244450,33,41
244460,32,36,244470,32,30
244480,38,35,244490,35,39
244500,37,38,244510,36,42
244520,30,36,244530,38,37
244540,36,36,244550,35,25
244560,36,41,244570,44,38
244580,19,33,244590,42,32
244600,30,35,244610,32,31
244620,28,39,244630,28,36
244640,36,28,244650,34,38
244660,44,40,244670,22,39
244680,32,41,244690,33,38
244700,41,28,244710,37,36
244720,38,29,244730,31,40
244740,36,33,244750,41,37
244760,33,36,244770,36,33
244780,38,40,244790,30,34
244800,39,38,244810,37,30
244820,38,34,244830,31,37
244840,38,41,244850,34,35
244860,37,30,244870,42,40
244880,37,27,244890,36,35
244900,35,36,244910,33,34
244920,33,39,244930,35,38
244940,37,25,244950,33,36
244960,35,43,244970,40,30
244980,30,37,244990,42,36
245000,38,35,245010,38,46
245020,30,36,245030,36,34
245040,30,32,245050,35,36
245060,33,35,245070,34,34
245080,42,47,245090,38,41
245100,31,30,245110,32,32
245120,41,37,245130,37,38
245140,29,34,245150,31,33
245160,33,34,245170,34,24
245180,31,34,245190,38,37
245200,37,41,245210,35,31
245220,34,40,245230,33,39
245240,39,36,245250,32,40
245260,33,33,245270,29,31
245280,44,35,245290,33,38
245300,31,38,245310,48,38
245320,35,39,245330,34,28
245340,34,40,245350,42,30
245360,26,30,245370,39,35
245380,39,31,245390,43,38
245400,33,32,245410,49,34
245420,35,36,245430,31,32
245440,37,41,245450,35,35
245460,41,34,245470,44,38
245480,31,37,245490,34,29
245500,35,29,245510,46,29
245520,36,31,245530,35,37
245540,49,41,245550,37,37
245560,40,33,245570,25,33
245580,32,33,245590,34,36
245600,34,42,245610,32,36
245620,30,42,245630,34,39
245640,37,36,245650,49,29
245660,29,30,245670,38,35
245680,40,37,245690,31,36
245700,36,38,245710,29,37
245720,29,39,245730,33,34
245740,37,35,245750,33,36
245760,32,33,245770,30,40
245780,37,34,245790,33,32
245800,38,29,245810,30,31
245820,32,42,245830,40,40
245840,31,35,245850,23,36
245860,34,31,245870,34,36
245880,39,34,245890,40,31
245900,31,35,245910,37,33
245920,37,36,245930,27,38
245940,36,30,245950,33,35
245960,32,28,245970,32,27
245980,38,22,245990,36,34
246000,28,39,246010,35,39
246020,37,33,246030,35,31
246040,36,34,246050,37,35
246060,32,34,246070,35,27
246080,27,36,246090,40,38
246100,37,38,246110,41,30
246120,31,28,246130,37,37
246140,36,31,246150,34,40
246160,38,36,246170,33,41
246180,33,33,246190,35,37
246200,38,34,246210,35,32
246220,31,35,246230,30,37
246240,39,32,246250,34,37
246260,32,34,246270,33,25
246280,32,31,246290,32,34
246300,31,27,246310,34,26
246320,31,34,246330,31,33
246340,26,36,246350,29,35
246360,26,24,246370,44,28
246380,30,34,246390,41,32
246400,38,39,246410,30,32
246420,34,40,246430,29,39
246440,32,36,246450,37,39
246460,32,34,246470,28,44
246480,38,31,246490,38,32
246500,33,35,246510,38,38
246520,32,36,246530,38,40
246540,33,31,246550,34,39
246560,43,30,246570,29,39
246580,43,38,246590,37,33
246600,31,35,246610,32,36
246620,33,34,246630,28,35
246640,35,41,246650,29,38
246660,37,31,246670,31,40
246680,22,39,246690,36,35
246700,39,42,246710,33,38
246720,38,40,246730,28,33
246740,25,29,246750,33,34
246760,29,30,246770,47,39
246780,37,34,246790,36,33
246800,40,40,246810,36,35
246820,33,32,246830,33,30
246840,38,38,246850,38,34
246860,38,33,246870,39,37
246880,29,40,246890,33,38
246900,34,30,246910,28,31
246920,35,30,246930,34,25
246940,32,38,246950,28,35
246960,28,34,246970,31,29
246980,32,31,246990,29,39
247000,33,34,247010,24,31
247020,33,33,247030,30,34
247040,28,38,247050,29,31
247060,33,31,247070,28,32
247080,34,47,247090,38,36
247100,39,38,247110,41,38
247120,38,41,247130,27,36
247140,31,27,247150,32,34
247160,34,33,247170,29,35
247180,38,34,247190,42,37
247200,36,36,247210,33,34
247220,30,27,247230,34,35
247240,44,34,247250,31,38
247260,31,31,247270,38,34
247280,38,30,247290,29,37
247300,35,34,247310,36,38
247320,28,34,247330,35,29
247340,33,33,247350,31,35
247360,23,22,247370,32,36
247380,27,32,247390,37,30
247400,39,40,247410,39,33
247420,28,42,247430,36,37
247440,32,40,247450,33,39
247460,35,29,247470,38,36
247480,41,36,247490,32,39
247500,33,32,247510,30,33
247520,40,38,247530,28,34
247540,35,40,247550,33,33
247560,34,35,247570,39,33
247580,29,40,247590,43,39
247600,39,38,247610,32,42
247620,39,37,247630,31,35
247640,37,42,247650,36,32
247660,31,35,247670,33,48
247680,38,41,247690,29,31
247700,40,40,247710,38,37
247720,35,31,247730,37,39
247740,37,34,247750,31,33
247760,37,37,247770,35,35
247780,29,30,247790,38,32
247800,32,30,247810,37,38
247820,42,35,247830,27,33
247840,39,36,247850,34,34
247860,34,40,247870,38,39
247880,23,26,247890,36,30
247900,31,35,247910,29,44
247920,35,36,247930,32,37
247940,31,37,247950,29,32
247960,39,36,247970,29,37
247980,35,37,247990,35,34
248000,40,29,248010,29,32
248020,34,35,248030,32,32
248040,32,33,248050,31,33
248060,29,31,248070,35,35
248080,39,34,248090,38,36
248100,31,39,248110,31,31
248120,28,32,248130,40,29
248140,24,35,248150,26,28
248160,34,38,248170,28,31
248180,33,40,248190,33,35
248200,32,36,248210,40,25
248220,34,44,248230,38,38
248240,38,30,248250,30,31
248260,33,31,248270,38,36
248280,27,28,248290,34,30
248300,34,35,248310,36,31
248320,34,34,248330,37,29
248340,37,32,248350,37,30
248360,32,32,248370,41,34
248380,37,42,248390,36,39
248400,36,30,248410,36,36
248420,25,32,248430,36,24
248440,23,30,248450,33,33
248460,34,30,248470,32,30
248480,27,31,248490,29,34
248500,25,31,248510,30,30
248520,29,31,248530,34,37
248540,38,36,248550,38,36
248560,34,25,248570,36,25
248580,31,31,248590,30,41
248600,34,36,248610,28,31
248620,35,32,248630,31,34
248640,27,31,248650,31,37
248660,27,33,248670,27,29
248680,40,29,248690,38,31
248700,34,31,248710,32,32
248720,30,29,248730,40,37
248740,34,30,248750,26,31
248760,35,32,248770,36,38
248780,27,25,248790,32,34
248800,29,27,248810,31,37
248820,34,36,248830,30,41
248840,41,29,248850,25,37
248860,33,35,248870,37,32
248880,39,33,248890,31,29
248900,36,28,248910,39,42
248920,39,36,248930,34,38
248940,33,35,248950,41,40
248960,26,35,248970,32,34
248980,23,29,248990,33,27
249000,33,31,249010,25,35
249020,37,35,249030,27,38
249040,33,37,249050,34,30
249060,34,35,249070,33,31
249080,35,28,249090,35,40
249100,31,29,249110,30,29
249120,39,27,249130,24,33
249140,33,32,249150,26,28
249160,32,32,249170,35,23
249180,34,30,249190,24,29
249200,30,28,249210,26,30
249220,29,34,249230,35,26
249240,38,30,249250,30,30
249260,32,36,249270,33,35
249280,39,34,249290,31,36
249300,32,36,249310,35,34
249320,33,35,249330,34,34
249340,26,40,249350,36,32
249360,34,35,249370,30,38
249380,31,35,249390,35,39
249400,27,28,249410,34,34
249420,40,26,249430,36,38
249440,27,37,249450,31,32
249460,25,31,249470,26,29
249480,33,32,249490,33,38
249500,35,35,249510,32,35
249520,31,37,249530,33,35
249540,30,26,249550,30,37
249560,35,26,249570,25,37
249580,34,32,249590,31,43
249600,30,34,249610,34,37
249620,34,34,249630,33,36
249640,32,40,249650,29,37
249660,35,35,249670,39,30
249680,38,32,249690,39,34
249700,42,31,249710,31,36
249720,28,32,249730,34,35
249740,33,31,249750,31,31
249760,24,32,249770,31,30
249780,35,36,249790,31,39
249800,40,36,249810,36,37
249820,28,30,249830,39,34
249840,40,35,249850,29,44
249860,36,33,249870,27,43
249880,38,32,249890,28,35
249900,31,27,249910,31,33
249920,29,29,249930,34,29
249940,30,28,249950,30,33
249960,32,38,249970,30,34
249980,22,27,249990,37,29
250000,34,30,250010,31,36
250020,29,32,250030,48,35
250040,21,35,250050,24,33
250060,33,26,250070,35,35
250080,27,31,250090,34,35
250100,36,33,250110,31,34
250120,28,35,250130,29,33
250140,37,38,250150,20,31
250160,33,34,250170,36,31
250180,38,37,250190,33,26
250200,38,35,250210,28,34
250220,36,35,250230,35,38
250240,33,38,250250,32,38
250260,28,30,250270,32,37
250280,23,33,250290,32,28
250300,26,27,250310,29,38
250320,30,28,250330,31,31
250340,39,34,250350,34,32
250360,29,35,250370,35,33
250380,38,32,250390,29,33
250400,40,37,250410,32,34
250420,37,29,250430,35,43
250440,40,35,250450,29,29
250460,29,34,250470,35,34
250480,32,28,250490,29,30
250500,31,26,250510,28,37
250520,29,32,250530,33,36
250540,28,28,250550,33,34
250560,37,33,250570,32,33
250580,38,34,250590,35,35
250600,32,35,250610,30,33
250620,29,36,250630,34,28
250640,34,37,250650,31,38
250660,34,31,250670,32,36
250680,34,33,250690,32,33
250700,33,33,250710,36,21
250720,42,39,250730,28,38
250740,34,34,250750,21,30
250760,32,25,250770,33,35
250780,31,33,250790,36,38
250800,42,34,250810,24,24
250820,38,29,250830,37,39
250840,41,36,250850,35,34
250860,22,37,250870,25,36
250880,32,34,250890,33,35
250900,27,36,250910,37,35
250920,36,35,250930,26,34
250940,29,28,250950,32,31
250960,35,37,250970,30,31
250980,31,32,250990,33,32
251000,32,36,251010,37,32
251020,34,34,251030,28,35
251040,41,34,251050,30,27
251060,37,31,251070,36,27
251080,36,38,251090,28,36
251100,26,33,251110,36,37
251120,30,30,251130,29,31
251140,30,33,251150,28,34
251160,31,26,251170,24,35
251180,34,25,251190,30,37
251200,29,29,251210,31,29
251220,36,35,251230,38,35
251240,33,35,251250,26,37
251260,31,40,251270,32,32
251280,37,29,251290,36,36
251300,33,35,251310,36,31
251320,24,35,251330,34,37
251340,37,34,251350,30,40
251360,34,26,251370,33,30
251380,32,34,251390,33,31
251400,27,37,251410,41,31
251420,30,36,251430,28,33
251440,38,27,251450,30,31
251460,34,30,251470,28,40
251480,30,34,251490,35,29
251500,33,37,251510,32,34
251520,36,26,251530,33,31
251540,42,39,251550,44,30
251560,29,29,251570,27,29
251580,37,32,251590,33,38
251600,35,31,251610,30,31
251620,32,35,251630,30,34
251640,30,36,251650,31,26
251660,25,28,251670,36,34
251680,23,32,251690,33,34
251700,30,32,251710,23,30
251720,30,30,251730,27,32
251740,29,31,251750,34,31
251760,38,35,251770,27,27
251780,38,26,251790,28,29
251800,36,35,251810,31,30
251820,26,35,251830,26,30
251840,28,25,251850,28,33
251860,26,31,251870,30,34
251880,22,33,251890,33,34
251900,29,30,251910,32,30
251920,23,27,251930,30,34
251940,28,31,251950,25,33
251960,24,38,251970,28,36
251980,32,37,251990,28,31
252000,40,29,252010,24,34
252020,35,36,252030,28,30
252040,31,37,252050,31,32
252060,39,36,252070,39,28
252080,31,35,252090,38,32
252100,36,39,252110,31,32
252120,36,25,252130,28,30
252140,27,37,252150,27,28
252160,25,32,252170,37,29
252180,32,29,252190,39,32
252200,32,26,252210,34,31
252220,35,36,252230,39,37
252240,34,31,252250,37,30
252260,33,29,252270,29,36
252280,34,38,252290,35,34
252300,38,33,252310,31,32
252320,37,35,252330,34,40
252340,36,39,252350,38,27
252360,35,37,252370,32,31
252380,32,37,252390,33,30
252400,32,36,252410,31,38
252420,35,37,252430,28,32
252440,31,31,252450,35,26
252460,34,32,252470,34,36
252480,28,29,252490,30,34
252500,31,38,252510,34,31
252520,35,32,252530,34,28
252540,33,46,252550,38,38
252560,32,29,252570,37,24
252580,33,33,252590,34,36
252600,32,30,252610,41,34
252620,37,29,252630,30,30
252640,33,29,252650,36,34
252660,33,29,252670,39,37
252680,37,35,252690,39,36
252700,31,28,252710,31,29
252720,28,35,252730,32,32
252740,33,27,252750,30,26
252760,30,32,252770,33,33
252780,36,32,252790,39,32
252800,37,36,252810,32,34
252820,36,36,252830,31,26
252840,35,33,252850,23,39
252860,37,29,252870,33,35
252880,32,32,252890,39,33
252900,38,38,252910,36,21
252920,44,37,252930,30,29
252940,27,36,252950,31,37
252960,34,36,252970,34,37
252980,37,29,252990,31,32
253000,30,31,253010,38,30
253020,25,27,253030,31,35
253040,28,36,253050,24,27
253060,32,31,253070,38,29
253080,33,27,253090,25,30
253100,32,41,253110,33,35
253120,21,31,253130,29,34
253140,26,30,253150,32,30
253160,37,31,253170,38,33
253180,28,28,253190,23,32
253200,30,33,253210,27,28
253220,32,32,253230,33,33
253240,31,33,253250,28,29
253260,29,27,253270,25,32
253280,27,28,253290,34,29
253300,35,30,253310,40,28
253320,29,35,253330,36,37
253340,31,39,253350,39,37
253360,38,38,253370,36,42
253380,31,31,253390,35,41
253400,37,22,253410,26,36
253420,29,31,253430,34,41
253440,30,36,253450,42,34
253460,37,42,253470,32,36
253480,38,41,253490,33,26
253500,32,39,253510,36,31
253520,30,33,253530,35,20
253540,28,34,253550,31,31
253560,27,24,253570,33,40
253580,35,30,253590,32,30
253600,31,26,253610,31,42
253620,28,22,253630,34,33
253640,36,35,253650,35,35
253660,32,34,253670,34,27
253680,35,34,253690,30,31
253700,32,28,253710,37,27
253720,36,33,253730,36,33
253740,30,36,253750,36,35
253760,30,38,253770,36,44
253780,33,33,253790,26,34
253800,39,40,253810,28,31
253820,38,34,253830,32,30
253840,31,36,253850,48,33
253860,37,38,253870,34,34
253880,33,32,253890,32,39
253900,41,33,253910,33,32
253920,36,28,253930,38,33
253940,29,29,253950,39,43
253960,30,38,253970,33,31
253980,31,26,253990,31,38
254000,30,41,254010,33,29
254020,28,36,254030,39,29
254040,37,27,254050,36,36
254060,32,34,254070,27,35
254080,39,36,254090,36,36
254100,38,31,254110,33,38
254120,37,25,254130,32,30
254140,28,36,254150,32,36
254160,33,30,254170,35,39
254180,32,36,254190,20,31
254200,23,32,254210,38,32
254220,29,31,254230,37,26
254240,37,33,254250,38,27
254260,38,38,254270,39,29
254280,28,35,254290,29,31
254300,33,38,254310,35,37
254320,26,37,254330,42,36
254340,36,38,254350,33,39
254360,37,31,254370,42,34
254380,36,34,254390,25,30
254400,29,32,254410,32,30
254420,37,38,254430,35,38
254440,36,38,254450,28,34
254460,33,29,254470,28,25
254480,37,44,254490,45,34
254500,34,39,254510,32,35
254520,31,37,254530,34,38
254540,39,28,254550,37,40
254560,34,29,254570,32,32
254580,28,29,254590,32,26
254600,31,41,254610,31,33
254620,36,34,254630,29,38
254640,31,30,254650,30,29
254660,35,30,254670,27,30
254680,25,34,254690,35,32
254700,30,31,254710,30,33
254720,37,26,254730,38,31
254740,30,43,254750,26,27
254760,28,30,254770,33,37
254780,36,29,254790,38,36
254800,38,38,254810,34,27
254820,36,31,254830,38,36
254840,35,35,254850,33,36
254860,34,33,254870,32,29
254880,34,37,254890,31,38
254900,31,39,254910,40,40
254920,31,27,254930,33,34
254940,27,28,254950,29,30
254960,28,19,254970,31,35
254980,32,32,254990,35,33
255000,32,36,255010,33,26
255020,29,29,255030,31,32
255040,29,31,255050,35,40
255060,29,40,255070,25,36
255080,31,33,255090,42,39
255100,36,30,255110,20,33
255120,31,33,255130,33,31
255140,27,39,255150,27,32
255160,42,37,255170,27,42
255180,34,37,255190,30,29
255200,25,25,255210,38,35
255220,43,27,255230,36,33
255240,33,30,255250,31,31
255260,33,34,255270,31,39
255280,38,35,255290,41,38
255300,32,33,255310,35,28
255320,29,32,255330,29,34
255340,32,33,255350,31,32
255360,29,27,255370,40,37
255380,36,29,255390,34,32
255400,39,30,255410,34,31
255420,28,29,255430,28,31
255440,31,42,255450,35,29
255460,33,30,255470,24,38
255480,36,32,255490,34,31
255500,29,35,255510,33,29
255520,32,33,255530,29,36
255540,33,22,255550,32,29
255560,19,35,255570,34,31
255580,33,33,255590,29,30
255600,36,33,255610,31,30
255620,31,30,255630,36,33
255640,39,31,255650,29,32
255660,33,31,255670,34,34
255680,31,33,255690,28,31
255700,37,40,255710,33,36
255720,32,34,255730,35,32
255740,26,32,255750,30,28
255760,28,32,255770,32,35
255780,33,36,255790,33,26
255800,35,28,255810,33,36
255820,34,29,255830,31,38
255840,35,30,255850,34,37
255860,31,31,255870,27,28
255880,37,34,255890,37,38
255900,30,34,255910,29,28
255920,29,26,255930,31,29
255940,35,37,255950,33,34
255960,31,28,255970,33,33
255980,41,36,255990,36,34
256000,37,35,256010,38,36
256020,31,35,256030,40,28
256040,40,33,256050,38,39
256060,34,34,256070,20,31
256080,31,31,256090,34,27
256100,29,30,256110,32,34
256120,32,30,256130,28,28
256140,33,25,256150,36,36
256160,31,32,256170,30,32
256180,33,29,256190,38,31
256200,37,36,256210,31,34
256220,37,31,256230,37,38
256240,31,30,256250,37,37
256260,31,31,256270,32,35
256280,35,30,256290,32,30
256300,38,37,256310,33,26
256320,33,27,256330,30,35
256340,32,28,256350,26,25
256360,31,29,256370,39,27
256380,40,28,256390,31,30
256400,38,38,256410,31,27
256420,41,40,256430,37,29
256440,29,34,256450,28,31
256460,37,37,256470,31,32
256480,35,38,256490,31,23
256500,26,25,256510,31,31
256520,32,30,256530,28,30
256540,29,34,256550,26,26
256560,38,34,256570,31,33
256580,35,35,256590,28,35
256600,33,31,256610,29,36
256620,30,26,256630,36,33
256640,34,34,256650,26,30
256660,30,29,256670,36,44
256680,33,39,256690,37,43
256700,29,33,256710,41,39
256720,33,36,256730,35,35
256740,29,33,256750,37,32
256760,36,33,256770,30,38
256780,37,25,256790,30,36
256800,32,24,256810,27,31
256820,24,38,256830,42,37
256840,29,32,256850,31,35
256860,36,28,256870,38,35
256880,39,31,256890,33,31
256900,34,27,256910,28,31
256920,34,32,256930,35,32
256940,32,26,256950,34,30
256960,31,28,256970,24,33
256980,33,24,256990,21,35
257000,29,38,257010,31,28
257020,33,25,257030,29,25
257040,29,32,257050,26,35
257060,28,30,257070,31,35
257080,27,32,257090,25,32
257100,29,27,257110,36,33
257120,33,22,257130,29,32
257140,32,29,257150,33,34
257160,33,38,257170,36,33
257180,45,38,257190,23,31
257200,36,39,257210,34,27
257220,37,38,257230,35,37
257240,33,37,257250,35,18
257260,25,33,257270,32,35
257280,41,31,257290,36,39
257300,41,38,257310,23,33
257320,32,37,257330,33,34
257340,29,38,257350,40,29
257360,35,37,257370,30,33
257380,36,28,257390,38,33
257400,29,33,257410,31,29
257420,36,34,257430,36,36
257440,28,37,257450,37,37
257460,39,35,257470,26,33
257480,36,36,257490,29,30
257500,34,39,257510,38,37
257520,22,34,257530,31,38
257540,30,28,257550,30,37
257560,24,31,257570,28,38
257580,35,34,257590,24,35
257600,30,30,257610,31,34
257620,34,29,257630,39,21
257640,37,37,257650,27,29
257660,36,34,257670,34,40
257680,32,26,257690,41,29
257700,35,37,257710,34,34
257720,37,38,257730,39,41
257740,31,35,257750,35,31
257760,30,35,257770,28,33
257780,38,31,257790,32,40
257800,36,34,257810,34,37
257820,31,36,257830,39,32
257840,35,36,257850,34,26
257860,35,31,257870,33,34
257880,28,28,257890,31,30
257900,39,32,257910,28,32
257920,37,44,257930,40,34
257940,34,24,257950,34,23
257960,32,29,257970,35,34
257980,35,35,257990,36,39
258000,42,41,258010,38,42
258020,35,37,258030,30,36
258040,42,32,258050,34,31
258060,31,32,258070,48,36
258080,35,36,258090,36,36
258100,35,34,258110,34,36
258120,29,39,258130,35,29
258140,37,31,258150,40,33
258160,38,35,258170,36,36
258180,30,32,258190,35,27
258200,29,26,258210,39,31
258220,26,35,258230,34,32
258240,35,28,258250,31,28
258260,30,34,258270,34,30
258280,36,31,258290,31,40
258300,39,36,258310,36,34
258320,33,36,258330,34,39
258340,41,35,258350,36,38
258360,37,32,258370,27,28
258380,32,30,258390,27,34
258400,32,28,258410,31,36
258420,31,35,258430,38,38
258440,32,24,258450,29,36
258460,42,32,258470,30,34
258480,30,28,258490,34,28
258500,32,36,258510,29,35
258520,34,34,258530,34,33
258540,25,26,258550,41,34
258560,24,28,258570,46,33
258580,36,41,258590,30,40
258600,28,38,258610,33,31
258620,31,35,258630,25,38
258640,32,33,258650,21,37
258660,33,35,258670,34,34
258680,32,34,258690,37,31
258700,37,34,258710,40,42
258720,32,33,258730,26,35
258740,34,34,258750,44,39
258760,37,38,258770,33,41
258780,36,32,258790,33,35
258800,37,45,258810,37,36
258820,33,38,258830,38,30
258840,34,36,258850,28,38
258860,27,34,258870,24,32
258880,39,27,258890,23,27
258900,29,38,258910,33,35
258920,31,31,258930,29,34
258940,38,38,258950,38,35
258960,36,45,258970,33,37
258980,29,38,258990,36,36
