LED1 Timestamp (ms),LED1_PD1,LED1_PD2,LED2 Timestamp (ms),LED2_PD1,LED2_PD2
7500,33,28,7510,32,25
7520,33,30,7530,24,25
7540,32,28,7550,28,29
7560,27,29,7570,32,29
7580,25,22,7590,31,29
7600,25,21,7610,26,26
7620,25,21,7630,24,23
7640,28,36,7650,27,28
7660,19,26,7670,34,27
7680,29,31,7690,19,25
7700,37,29,7710,20,24
7720,25,29,7730,27,31
7740,20,24,7750,22,33
7760,24,26,7770,29,32
7780,25,25,7790,21,26
7800,26,21,7810,30,30
7820,28,24,7830,24,25
7840,30,31,7850,30,29
7860,31,20,7870,31,32
7880,28,26,7890,28,22
7900,29,27,7910,28,30
7920,33,29,7930,21,27
7940,32,34,7950,32,29
7960,29,27,7970,27,32
7980,36,35,7990,32,37
8000,28,34,8010,33,33
8020,29,39,8030,36,37
8040,31,33,8050,33,35
8060,32,27,8070,27,26
8080,36,36,8090,33,33
8100,29,29,8110,33,41
8120,30,36,8130,23,34
8140,29,35,8150,28,24
8160,26,25,8170,19,25
8180,34,29,8190,29,32
8200,17,37,8210,36,32
8220,32,29,8230,28,26
8240,26,28,8250,26,20
8260,27,31,8270,28,28
8280,27,29,8290,18,30
8300,29,30,8310,23,28
8320,24,27,8330,32,24
8340,34,35,8350,30,30
8360,33,33,8370,20,29
8380,30,34,8390,27,22
8400,23,26,8410,37,24
8420,23,24,8430,30,20
8440,25,27,8450,26,27
8460,31,22,8470,29,31
8480,31,21,8490,27,23
8500,22,31,8510,27,32
8520,28,32,8530,23,14
8540,25,27,8550,40,30
8560,30,25,8570,21,24
8580,32,25,8590,41,22
8600,24,18,8610,31,17
8620,27,27,8630,28,28
8640,29,22,8650,29,35
8660,32,30,8670,35,24
8680,29,31,8690,17,18
8700,26,28,8710,21,23
8720,25,18,8730,27,26
8740,18,23,8750,33,31
8760,30,33,8770,25,31
8780,30,25,8790,33,18
8800,29,22,8810,26,33
8820,25,31,8830,22,25
8840,32,28,8850,32,36
8860,26,28,8870,26,26
8880,29,30,8890,25,30
8900,23,29,8910,23,29
8920,30,27,8930,30,29
8940,31,28,8950,31,29
8960,29,26,8970,21,29
8980,24,34,8990,32,26
9000,29,29,9010,27,22
9020,22,28,9030,24,31
9040,35,30,9050,29,26
9060,33,29,9070,24,24
9080,21,32,9090,26,28
9100,27,33,9110,20,27
9120,21,24,9130,36,40
9140,30,24,9150,22,34
9160,29,32,9170,29,26
9180,27,26,9190,37,25
9200,22,26,9210,31,27
9220,29,33,9230,29,30
9240,27,30,9250,27,25
9260,29,32,9270,27,31
9280,30,33,9290,37,33
9300,26,39,9310,31,29
9320,26,31,9330,35,30
9340,29,29,9350,28,32
9360,27,31,9370,27,30
9380,24,32,9390,21,32
9400,25,30,9410,33,27
9420,24,23,9430,27,27
9440,26,28,9450,19,23
9460,28,25,9470,22,26
9480,30,28,9490,22,28
9500,17,23,9510,37,39
9520,20,28,9530,37,27
9540,36,21,9550,31,35
9560,26,35,9570,25,28
9580,23,21,9590,28,26
9600,27,26,9610,30,29
9620,29,21,9630,27,29
9640,31,32,9650,24,27
9660,30,32,9670,26,35
9680,27,34,9690,32,29
9700,23,36,9710,34,28
9720,25,29,9730,35,32
9740,20,28,9750,28,27
9760,33,26,9770,21,18
9780,22,34,9790,28,24
9800,31,32,9810,37,27
9820,35,31,9830,30,29
9840,30,30,9850,22,33
9860,40,24,9870,27,20
9880,30,27,9890,32,29
9900,21,25,9910,18,22
9920,29,31,9930,27,24
9940,29,22,9950,32,30
9960,29,27,9970,28,26
9980,32,23,9990,17,23
10000,23,31,10010,32,28
10020,27,34,10030,24,27
10040,29,26,10050,29,29
10060,34,29,10070,22,37
10080,26,25,10090,23,24
10100,29,22,10110,25,29
10120,30,16,10130,26,26
10140,26,30,10150,33,29
10160,23,29,10170,32,28
10180,32,31,10190,27,21
10200,30,29,10210,25,27
10220,32,33,10230,35,37
10240,31,26,10250,27,28
10260,28,28,10270,30,33
10280,23,20,10290,31,30
10300,36,25,10310,24,18
10320,30,31,10330,33,31
10340,28,23,10350,24,32
10360,28,28,10370,29,27
10380,31,26,10390,26,27
10400,30,29,10410,30,32
10420,38,32,10430,28,24
10440,22,25,10450,35,30
10460,32,36,10470,36,22
10480,25,31,10490,34,31
10500,25,26,10510,30,32
10520,26,25,10530,24,31
10540,26,32,10550,26,26
10560,30,35,10570,29,29
10580,30,17,10590,32,20
10600,26,28,10610,29,34
10620,27,29,10630,33,27
10640,28,32,10650,34,37
10660,32,36,10670,27,33
10680,24,27,10690,26,27
10700,27,26,10710,33,33
10720,33,32,10730,31,38
10740,32,25,10750,23,27
10760,22,24,10770,31,30
10780,31,37,10790,34,26
10800,15,20,10810,26,33
10820,20,29,10830,25,26
10840,30,26,10850,27,26
10860,33,24,10870,24,29
10880,21,34,10890,25,26
10900,25,30,10910,34,26
10920,30,35,10930,25,31
10940,31,36,10950,28,30
10960,21,33,10970,22,31
10980,26,32,10990,25,36
11000,23,32,11010,30,24
11020,29,32,11030,28,29
11040,24,22,11050,25,24
11060,34,30,11070,28,32
11080,25,31,11090,22,30
11100,34,16,11110,35,27
11120,31,29,11130,32,22
11140,32,29,11150,20,26
11160,26,27,11170,33,27
11180,29,30,11190,15,34
11200,28,27,11210,21,26
11220,22,27,11230,23,27
11240,20,29,11250,28,32
11260,29,25,11270,22,24
11280,29,22,11290,31,29
11300,27,27,11310,27,31
11320,33,22,11330,22,27
11340,29,21,11350,27,30
11360,33,22,11370,24,25
11380,19,26,11390,27,31
11400,26,30,11410,32,32
11420,26,23,11430,26,18
11440,23,41,11450,26,23
11460,25,23,11470,28,26
11480,26,29,11490,27,28
11500,20,25,11510,29,33
11520,25,21,11530,26,29
11540,20,29,11550,22,27
11560,27,33,11570,23,31
11580,27,24,11590,27,25
11600,22,31,11610,26,27
11620,23,29,11630,32,26
11640,27,22,11650,32,33
11660,30,33,11670,27,28
11680,24,30,11690,23,24
11700,26,30,11710,27,24
11720,19,29,11730,25,27
11740,21,33,11750,27,27
11760,32,29,11770,26,23
11780,16,22,11790,30,29
11800,32,30,11810,18,25
11820,22,26,11830,34,30
11840,28,33,11850,27,32
11860,28,38,11870,29,28
11880,34,28,11890,27,24
11900,27,26,11910,37,31
11920,38,32,11930,37,30
11940,32,32,11950,24,34
11960,34,38,11970,32,34
11980,33,28,11990,27,28
12000,33,32,12010,31,28
12020,22,35,12030,26,28
12040,25,22,12050,30,27
12060,30,32,12070,31,33
12080,27,22,12090,24,32
12100,29,27,12110,21,27
12120,18,28,12130,32,28
12140,27,20,12150,26,22
12160,33,29,12170,23,30
12180,21,29,12190,27,26
12200,22,36,12210,27,26
12220,20,24,12230,32,27
12240,27,22,12250,24,19
12260,25,34,12270,27,25
12280,33,29,12290,19,29
12300,20,22,12310,30,21
12320,30,25,12330,28,23
12340,27,26,12350,31,29
12360,15,30,12370,33,28
12380,32,19,12390,25,25
12400,23,21,12410,33,29
12420,29,27,12430,25,27
12440,27,23,12450,24,30
12460,27,28,12470,24,25
12480,33,27,12490,28,32
12500,32,22,12510,19,21
12520,19,21,12530,34,28
12540,28,31,12550,30,30
12560,24,30,12570,22,31
12580,25,28,12590,24,22
12600,30,37,12610,21,30
12620,29,22,12630,40,34
12640,34,37,12650,26,30
12660,37,23,12670,25,24
12680,39,28,12690,33,36
12700,28,24,12710,26,27
12720,25,23,12730,24,34
12740,27,26,12750,29,27
12760,34,19,12770,33,34
12780,35,22,12790,27,30
12800,28,28,12810,28,36
12820,36,30,12830,34,24
12840,22,31,12850,35,39
12860,34,34,12870,27,32
12880,29,20,12890,27,33
12900,22,31,12910,34,31
12920,25,28,12930,28,32
12940,23,25,12950,28,30
12960,33,25,12970,26,28
12980,24,28,12990,25,26
13000,33,25,13010,24,19
13020,32,34,13030,36,24
13040,36,31,13050,23,38
13060,27,23,13070,31,32
13080,27,18,13090,28,27
13100,18,24,13110,20,29
13120,24,19,13130,25,29
13140,23,25,13150,31,23
13160,21,36,13170,26,31
13180,20,37,13190,35,27
13200,29,30,13210,27,26
13220,34,31,13230,31,17
13240,24,35,13250,32,30
13260,30,34,13270,25,30
13280,21,28,13290,35,27
13300,24,23,13310,27,29
13320,24,30,13330,26,28
13340,29,33,13350,29,27
13360,20,23,13370,25,28
13380,27,24,13390,29,40
13400,31,29,13410,23,23
13420,25,35,13430,27,28
13440,27,27,13450,29,26
13460,25,27,13470,30,29
13480,29,23,13490,29,20
13500,34,30,13510,28,29
13520,29,35,13530,31,27
13540,26,29,13550,18,29
13560,27,31,13570,39,30
13580,28,31,13590,27,32
13600,30,23,13610,23,21
13620,29,27,13630,32,25
13640,20,20,13650,30,34
13660,23,33,13670,30,32
13680,24,23,13690,32,36
13700,30,32,13710,29,23
13720,24,30,13730,27,23
13740,26,34,13750,28,29
13760,27,24,13770,29,27
13780,28,25,13790,28,34
13800,33,32,13810,24,25
13820,21,30,13830,29,24
13840,30,30,13850,29,38
13860,32,32,13870,32,38
13880,25,22,13890,33,37
13900,27,29,13910,31,29
13920,27,28,13930,30,34
13940,29,30,13950,22,32
13960,37,27,13970,29,26
13980,25,24,13990,22,25
14000,24,30,14010,25,28
14020,24,26,14030,31,20
14040,23,27,14050,33,23
14060,27,26,14070,25,17
14080,35,23,14090,35,23
14100,29,34,14110,26,32
14120,30,25,14130,21,24
14140,22,32,14150,28,30
14160,21,35,14170,33,24
14180,22,21,14190,19,32
14200,31,33,14210,22,28
14220,33,32,14230,28,26
14240,25,23,14250,31,34
14260,26,28,14270,23,24
14280,25,25,14290,24,18
14300,29,34,14310,32,24
14320,25,24,14330,26,33
14340,23,31,14350,30,33
14360,28,35,14370,28,33
14380,26,22,14390,38,32
14400,35,30,14410,34,34
14420,34,27,14430,42,28
14440,26,23,14450,30,26
14460,20,22,14470,31,25
14480,28,25,14490,27,20
14500,29,33,14510,33,34
14520,26,31,14530,26,22
14540,31,31,14550,33,28
14560,27,31,14570,33,32
14580,22,24,14590,27,31
14600,24,31,14610,26,27
14620,28,32,14630,36,22
14640,25,30,14650,24,30
14660,27,33,14670,32,24
14680,30,26,14690,23,23
14700,31,26,14710,27,23
14720,37,28,14730,31,23
14740,27,30,14750,34,27
14760,29,27,14770,24,33
14780,31,30,14790,30,31
14800,25,28,14810,30,32
14820,30,36,14830,32,28
14840,26,32,14850,29,27
14860,28,28,14870,19,28
14880,27,29,14890,31,22
14900,30,30,14910,29,22
14920,27,26,14930,24,26
14940,33,26,14950,27,28
14960,22,29,14970,28,19
14980,30,32,14990,27,33
15000,40,28,15010,28,29
15020,30,35,15030,32,31
15040,30,25,15050,23,22
15060,30,28,15070,27,30
15080,27,23,15090,24,24
15100,28,30,15110,29,19
15120,31,30,15130,32,36
15140,35,29,15150,33,29
15160,25,32,15170,20,31
15180,30,29,15190,33,28
15200,29,20,15210,21,15
15220,26,26,15230,34,30
15240,27,25,15250,31,25
15260,26,31,15270,30,20
15280,26,35,15290,25,28
15300,34,29,15310,27,29
15320,28,39,15330,29,32
15340,25,24,15350,21,25
15360,31,25,15370,28,28
15380,33,31,15390,34,21
15400,31,25,15410,25,28
15420,29,27,15430,29,28
15440,25,21,15450,36,27
15460,29,25,15470,27,30
15480,28,27,15490,24,22
15500,30,27,15510,27,30
15520,29,28,15530,19,30
15540,31,27,15550,23,26
15560,30,19,15570,28,27
15580,21,33,15590,32,28
15600,30,27,15610,27,19
15620,30,27,15630,26,20
15640,39,36,15650,24,29
15660,31,27,15670,27,27
15680,34,26,15690,30,28
15700,29,23,15710,21,28
15720,30,31,15730,23,24
15740,23,29,15750,20,30
15760,30,25,15770,28,37
15780,19,24,15790,32,29
15800,27,30,15810,26,24
15820,30,25,15830,27,33
15840,20,31,15850,24,30
15860,29,38,15870,30,33
15880,31,26,15890,32,27
15900,26,31,15910,27,25
15920,33,26,15930,23,35
15940,31,41,15950,27,26
15960,25,29,15970,21,32
15980,26,28,15990,32,27
16000,36,36,16010,28,28
16020,30,32,16030,30,23
16040,29,30,16050,34,22
16060,29,24,16070,18,27
16080,31,23,16090,17,29
16100,32,31,16110,31,29
16120,33,32,16130,27,22
16140,24,26,16150,31,22
16160,30,22,16170,21,23
16180,25,30,16190,32,28
16200,25,31,16210,18,18
16220,29,36,16230,26,27
16240,29,26,16250,25,34
16260,25,28,16270,26,30
16280,29,31,16290,24,33
16300,27,29,16310,28,29
16320,35,22,16330,28,23
16340,28,21,16350,25,28
16360,29,26,16370,32,31
16380,38,36,16390,27,27
16400,25,29,16410,22,31
16420,27,30,16430,28,37
16440,24,28,16450,33,29
16460,25,30,16470,21,25
16480,37,28,16490,30,21
16500,35,30,16510,40,24
16520,28,34,16530,27,24
16540,23,22,16550,30,23
16560,21,19,16570,32,27
16580,23,31,16590,24,26
16600,26,34,16610,29,22
16620,30,27,16630,37,40
16640,25,25,16650,24,33
16660,30,25,16670,32,30
16680,29,35,16690,30,23
16700,28,29,16710,31,31
16720,29,29,16730,29,23
16740,25,29,16750,31,29
16760,27,17,16770,38,32
16780,28,27,16790,31,31
16800,29,28,16810,24,16
16820,25,34,16830,28,21
16840,33,32,16850,31,32
16860,35,31,16870,35,20
16880,25,26,16890,26,24
16900,35,34,16910,30,28
16920,25,32,16930,28,32
16940,28,21,16950,26,27
16960,24,28,16970,32,34
16980,21,28,16990,34,29
17000,25,28,17010,27,26
17020,28,24,17030,31,38
17040,31,28,17050,24,26
17060,25,29,17070,30,24
17080,31,24,17090,33,39
17100,28,28,17110,28,24
17120,26,26,17130,28,28
17140,25,25,17150,27,34
17160,23,25,17170,28,23
17180,27,31,17190,32,26
17200,35,28,17210,33,30
17220,33,31,17230,33,30
17240,29,27,17250,21,23
17260,26,29,17270,31,28
17280,28,29,17290,30,35
17300,31,31,17310,26,31
17320,33,26,17330,27,28
17340,24,35,17350,28,31
17360,26,23,17370,14,35
17380,26,32,17390,28,26
17400,24,23,17410,29,32
17420,26,25,17430,28,28
17440,32,29,17450,31,27
17460,31,31,17470,30,24
17480,29,35,17490,28,29
17500,26,26,17510,30,31
17520,29,34,17530,29,26
17540,24,27,17550,22,22
17560,25,28,17570,24,27
17580,27,25,17590,32,31
17600,33,27,17610,25,25
17620,31,22,17630,30,30
17640,27,30,17650,31,33
17660,26,36,17670,32,29
17680,27,30,17690,23,24
17700,21,30,17710,31,23
17720,33,20,17730,22,25
17740,34,27,17750,34,26
17760,24,33,17770,25,31
17780,29,23,17790,33,24
17800,19,28,17810,29,27
17820,23,30,17830,25,32
17840,29,27,17850,30,27
17860,21,18,17870,28,30
17880,31,27,17890,32,23
17900,29,26,17910,28,34
17920,33,26,17930,34,24
17940,25,26,17950,27,13
17960,27,29,17970,29,22
17980,26,29,17990,33,28
18000,30,35,18010,36,26
18020,28,26,18030,21,27
18040,30,21,18050,25,38
18060,30,25,18070,28,38
18080,23,30,18090,28,30
18100,27,28,18110,26,31
18120,24,29,18130,29,30
18140,17,37,18150,26,20
18160,36,28,18170,16,23
18180,31,38,18190,21,24
18200,26,29,18210,32,28
18220,28,27,18230,25,24
18240,27,27,18250,31,33
18260,30,24,18270,29,27
18280,31,30,18290,30,31
18300,33,23,18310,22,21
18320,29,25,18330,26,28
18340,21,36,18350,24,25
18360,23,27,18370,22,28
18380,20,31,18390,28,25
18400,30,33,18410,33,28
18420,35,22,18430,27,33
18440,28,36,18450,29,31
18460,35,21,18470,25,20
18480,27,24,18490,17,25
18500,32,28,18510,30,27
18520,32,20,18530,20,28
18540,36,26,18550,31,29
18560,31,27,18570,29,27
18580,25,33,18590,28,24
18600,30,30,18610,30,29
18620,24,27,18630,20,33
18640,27,32,18650,31,29
18660,29,29,18670,38,27
18680,33,36,18690,31,27
18700,32,26,18710,26,22
18720,33,33,18730,32,31
18740,26,27,18750,25,29
18760,26,35,18770,31,32
18780,25,32,18790,28,37
18800,25,25,18810,35,28
18820,30,34,18830,31,23
18840,37,27,18850,28,24
18860,24,29,18870,32,30
18880,26,27,18890,24,22
18900,24,28,18910,24,26
18920,31,26,18930,29,28
18940,20,26,18950,24,27
18960,30,30,18970,21,17
18980,21,17,18990,30,31
19000,29,26,19010,27,21
19020,27,22,19030,25,34
19040,22,24,19050,26,25
19060,30,29,19070,29,23
19080,31,30,19090,25,22
19100,25,27,19110,14,24
19120,28,20,19130,22,30
19140,29,29,19150,32,24
19160,27,21,19170,19,22
19180,18,35,19190,23,28
19200,27,30,19210,32,19
19220,29,34,19230,24,25
19240,22,26,19250,23,34
19260,19,28,19270,25,29
19280,20,23,19290,25,18
19300,31,24,19310,32,31
19320,29,30,19330,32,36
19340,30,26,19350,25,22
19360,21,23,19370,29,30
19380,23,26,19390,28,27
19400,14,25,19410,24,25
19420,33,29,19430,31,32
19440,30,33,19450,31,28
19460,30,30,19470,30,33
19480,29,19,19490,25,32
19500,20,28,19510,31,28
19520,28,23,19530,26,21
19540,27,30,19550,23,25
19560,23,26,19570,21,27
19580,18,31,19590,31,31
19600,23,24,19610,32,29
19620,28,24,19630,33,23
19640,24,23,19650,31,23
19660,20,22,19670,19,23
19680,28,30,19690,26,24
19700,28,26,19710,24,29
19720,23,30,19730,18,25
19740,29,18,19750,27,22
19760,28,32,19770,24,27
19780,22,34,19790,25,32
19800,18,21,19810,20,25
19820,28,18,19830,19,28
19840,27,23,19850,19,18
19860,27,27,19870,19,32
19880,19,23,19890,26,23
19900,30,26,19910,24,20
19920,27,27,19930,27,23
19940,30,22,19950,22,29
19960,27,27,19970,27,34
19980,25,28,19990,28,22
20000,28,18,20010,36,23
20020,29,37,20030,23,26
20040,23,24,20050,21,24
20060,30,26,20070,16,24
20080,21,31,20090,23,28
20100,27,27,20110,23,26
20120,31,32,20130,20,25
20140,39,24,20150,21,27
20160,31,28,20170,21,24
20180,29,23,20190,26,33
20200,36,18,20210,24,33
20220,23,21,20230,20,31
20240,20,17,20250,29,36
20260,26,20,20270,26,30
20280,26,30,20290,27,36
20300,28,27,20310,23,26
20320,22,21,20330,31,24
20340,27,26,20350,31,20
20360,30,30,20370,34,36
20380,34,26,20390,30,23
20400,20,24,20410,25,31
20420,28,19,20430,29,31
20440,22,26,20450,35,22
20460,32,33,20470,31,26
20480,19,23,20490,22,28
20500,23,19,20510,33,24
20520,24,21,20530,29,21
20540,24,26,20550,25,21
20560,26,19,20570,27,20
20580,24,28,20590,15,27
20600,21,28,20610,35,27
20620,31,25,20630,24,28
20640,21,25,20650,22,21
20660,31,35,20670,27,22
20680,24,21,20690,34,26
20700,21,16,20710,20,17
20720,30,33,20730,24,29
20740,24,28,20750,23,29
20760,21,29,20770,20,25
20780,25,27,20790,32,29
20800,32,30,20810,32,31
20820,26,21,20830,23,24
20840,21,24,20850,27,24
20860,25,22,20870,20,25
20880,28,22,20890,28,27
20900,24,21,20910,24,24
20920,15,19,20930,25,25
20940,29,18,20950,19,29
20960,23,26,20970,24,31
20980,21,27,20990,24,21
21000,36,14,21010,23,31
21020,31,35,21030,29,27
21040,31,20,21050,22,22
21060,21,33,21070,26,27
21080,22,32,21090,27,28
21100,20,23,21110,25,25
21120,25,32,21130,13,21
21140,24,33,21150,25,28
21160,26,27,21170,26,26
21180,23,23,21190,25,24
21200,29,24,21210,30,27
21220,25,29,21230,30,22
21240,24,24,21250,31,30
21260,19,30,21270,28,24
21280,30,33,21290,31,24
21300,29,28,21310,21,30
21320,32,26,21330,24,24
21340,26,19,21350,23,22
21360,30,26,21370,23,24
21380,13,23,21390,24,20
21400,31,24,21410,31,31
21420,21,26,21430,28,25
21440,15,19,21450,19,22
21460,32,18,21470,23,25
21480,26,24,21490,26,31
21500,26,23,21510,23,21
21520,25,27,21530,25,24
21540,21,25,21550,30,30
21560,34,21,21570,20,26
21580,20,19,21590,31,24
21600,27,25,21610,23,20
21620,24,16,21630,20,24
21640,25,35,21650,15,25
21660,24,27,21670,22,21
21680,20,25,21690,26,33
21700,25,27,21710,29,23
21720,32,19,21730,18,23
21740,29,28,21750,28,19
21760,23,25,21770,28,33
21780,30,30,21790,17,23
21800,13,26,21810,24,28
21820,21,26,21830,17,22
21840,24,17,21850,28,19
21860,24,21,21870,25,28
21880,29,22,21890,26,28
21900,18,23,21910,20,29
21920,29,21,21930,26,30
21940,33,24,21950,19,23
21960,30,26,21970,19,28
21980,20,19,21990,27,21
22000,23,22,22010,22,23
22020,18,28,22030,23,27
22040,17,28,22050,24,20
22060,23,18,22070,28,31
22080,25,29,22090,27,24
22100,28,24,22110,29,24
22120,31,20,22130,21,20
22140,26,26,22150,17,29
22160,28,27,22170,23,20
22180,29,23,22190,27,31
22200,18,27,22210,9,25
22220,25,21,22230,29,21
22240,24,28,22250,16,29
22260,28,22,22270,31,33
22280,23,23,22290,24,26
22300,21,33,22310,20,25
22320,27,22,22330,22,28
22340,22,28,22350,30,32
22360,24,30,22370,22,20
22380,23,22,22390,31,32
22400,26,22,22410,28,26
22420,24,23,22430,26,23
22440,23,17,22450,25,23
22460,20,31,22470,31,27
22480,22,25,22490,21,19
22500,22,23,22510,26,29
22520,25,18,22530,29,25
22540,30,15,22550,25,21
22560,26,22,22570,23,27
22580,31,17,22590,24,24
22600,17,30,22610,26,23
22620,12,19,22630,20,22
22640,13,19,22650,14,18
22660,27,16,22670,26,26
22680,19,23,22690,22,33
22700,31,22,22710,20,23
22720,17,28,22730,22,26
22740,13,12,22750,20,21
22760,21,24,22770,26,14
22780,22,23,22790,20,24
22800,27,22,22810,26,16
22820,12,13,22830,21,28
22840,18,18,22850,18,25
22860,26,27,22870,15,27
22880,17,22,22890,15,15
22900,13,17,22910,26,29
22920,18,25,22930,12,15
22940,27,28,22950,25,23
22960,17,23,22970,23,10
22980,21,29,22990,25,24
23000,23,23,23010,25,22
23020,18,17,23030,18,21
23040,21,19,23050,15,18
23060,27,21,23070,17,17
23080,20,21,23090,25,25
23100,17,15,23110,16,24
23120,17,17,23130,20,19
23140,20,8,23150,25,19
23160,11,28,23170,21,23
23180,34,22,23190,21,17
23200,11,24,23210,17,19
23220,17,18,23230,13,21
23240,16,20,23250,22,22
23260,21,13,23270,7,17
23280,21,11,23290,14,25
23300,15,13,23310,21,15
23320,20,11,23330,13,20
23340,22,22,23350,13,24
23360,20,12,23370,14,11
23380,12,12,23390,7,4
23400,20,7,23410,21,18
23420,-1,21,23430,13,13
23440,20,13,23450,17,21
23460,4,15,23470,15,13
23480,8,14,23490,15,21
23500,30,17,23510,15,13
23520,19,20,23530,19,12
23540,5,18,23550,14,19
23560,15,14,23570,8,18
23580,14,21,23590,5,12
23600,19,15,23610,6,10
23620,18,6,23630,16,10
23640,17,5,23650,14,4
23660,8,18,23670,-3,12
23680,15,15,23690,4,6
23700,0,7,23710,11,5
23720,12,13,23730,9,3
23740,15,12,23750,12,20
23760,10,7,23770,1,8
23780,5,6,23790,-3,-3
23800,-2,9,23810,-3,3
23820,0,-4,23830,1,4
23840,1,9,23850,9,9
23860,8,6,23870,0,-7
23880,4,-13,23890,-7,9
23900,-4,8,23910,-5,0
23920,-7,-2,23930,0,4
23940,-4,5,23950,7,8
23960,-11,-4,23970,5,-3
23980,-5,-14,23990,0,5
24000,-1,-2,24010,5,-5
24020,1,-8,24030,-5,-8
24040,-9,-6,24050,-1,-3
24060,4,-6,24070,-1,7
24080,-2,-2,24090,-1,8
24100,3,-5,24110,-4,-12
24120,-11,-3,24130,-5,-2
24140,-1,-4,24150,0,-1
24160,7,-3,24170,-4,-5
24180,-4,-14,24190,-9,-4
24200,-10,-14,24210,-3,-9
24220,2,-3,24230,-14,-7
24240,-17,-12,24250,-15,-12
24260,-10,-15,24270,-7,-21
24280,-11,-8,24290,-9,-9
24300,-12,-1,24310,-27,-10
24320,-8,1,24330,-15,-17
24340,-15,-19,24350,-4,-15
24360,-12,-17,24370,-19,-20
24380,-8,-17,24390,-17,-6
24400,-14,-22,24410,-4,-14
24420,-15,-21,24430,-18,-17
24440,-20,-17,24450,-16,-12
24460,-12,-14,24470,-21,-14
24480,-11,-10,24490,-10,-16
24500,-16,-16,24510,-16,-19
24520,-9,-21,24530,-12,-23
24540,-26,-31,24550,-24,-12
24560,-19,-10,24570,-25,-25
24580,-22,-6,24590,-15,-17
24600,-22,-26,24610,-22,-21
24620,-15,-13,24630,-26,-11
24640,-15,-17,24650,-18,-25
24660,-17,-22,24670,-12,-15
24680,-11,-16,24690,-19,-25
24700,-22,-28,24710,-22,-22
24720,-28,-22,24730,-26,-17
24740,-29,-20,24750,-16,-17
24760,-16,-13,24770,-16,-17
24780,-29,-15,24790,-19,-16
24800,-24,-21,24810,-26,-25
24820,-21,-26,24830,-20,-18
24840,-16,-20,24850,-16,-26
24860,-17,-11,24870,-29,-27
24880,-20,-32,24890,-18,-22
24900,-30,-24,24910,-26,-16
24920,-28,-20,24930,-20,-26
24940,-18,-15,24950,-34,-16
24960,-21,-29,24970,-25,-24
24980,-20,-27,24990,-16,-18
25000,-20,-31,25010,-30,-31
25020,-18,-26,25030,-25,-24
25040,-18,-11,25050,-29,-35
25060,-25,-24,25070,-30,-25
25080,-24,-25,25090,-30,-16
25100,-28,-27,25110,-23,-25
25120,-15,-31,25130,-27,-30
25140,-35,-28,25150,-30,-24
25160,-21,-26,25170,-29,-27
25180,-39,-25,25190,-30,-22
25200,-37,-34,25210,-22,-25
25220,-31,-33,25230,-32,-33
25240,-25,-24,25250,-20,-39
25260,-28,-29,25270,-26,-25
25280,-24,-29,25290,-33,-18
25300,-25,-31,25310,-25,-20
25320,-25,-34,25330,-32,-32
25340,-31,-33,25350,-30,-28
25360,-24,-30,25370,-30,-25
25380,-32,-36,25390,-29,-33
25400,-40,-35,25410,-33,-39
25420,-13,-29,25430,-31,-41
25440,-34,-29,25450,-37,-28
25460,-31,-42,25470,-28,-41
25480,-31,-33,25490,-28,-34
25500,-31,-33,25510,-29,-39
25520,-38,-35,25530,-40,-26
25540,-32,-31,25550,-35,-29
25560,-32,-30,25570,-35,-23
25580,-31,-31,25590,-36,-26
25600,-24,-24,25610,-30,-35
25620,-41,-36,25630,-35,-34
25640,-27,-33,25650,-32,-37
25660,-32,-33,25670,-33,-33
25680,-29,-28,25690,-32,-35
25700,-27,-30,25710,-36,-36
25720,-28,-37,25730,-38,-30
25740,-37,-34,25750,-23,-26
25760,-33,-32,25770,-27,-26
25780,-32,-32,25790,-31,-25
25800,-41,-24,25810,-36,-27
25820,-27,-25,25830,-35,-23
25840,-39,-34,25850,-37,-33
25860,-34,-21,25870,-32,-33
25880,-26,-40,25890,-28,-11
25900,-31,-28,25910,-36,-31
25920,-34,-35,25930,-30,-34
25940,-30,-38,25950,-29,-29
25960,-30,-36,25970,-32,-29
25980,-41,-39,25990,-32,-26
26000,-17,-19,26010,-39,-26
26020,-34,-38,26030,-34,-34
26040,-34,-28,26050,-28,-23
26060,-40,-35,26070,-37,-32
26080,-31,-32,26090,-41,-35
26100,-35,-36,26110,-27,-28
26120,-34,-30,26130,-29,-39
26140,-33,-38,26150,-37,-24
26160,-45,-39,26170,-30,-33
26180,-37,-32,26190,-42,-44
26200,-30,-34,26210,-31,-35
26220,-28,-32,26230,-36,-36
26240,-43,-28,26250,-35,-28
26260,-36,-26,26270,-38,-39
26280,-34,-35,26290,-30,-37
26300,-36,-47,26310,-33,-25
26320,-31,-36,26330,-38,-36
26340,-38,-28,26350,-34,-30
26360,-37,-36,26370,-35,-39
26380,-30,-40,26390,-38,-33
26400,-24,-39,26410,-37,-34
26420,-38,-29,26430,-40,-32
26440,-36,-36,26450,-39,-41
26460,-25,-40,26470,-38,-40
26480,-34,-43,26490,-26,-38
26500,-38,-45,26510,-39,-34
26520,-41,-40,26530,-32,-37
26540,-31,-31,26550,-34,-35
26560,-36,-41,26570,-31,-31
26580,-41,-30,26590,-36,-38
26600,-39,-39,26610,-42,-41
26620,-38,-34,26630,-44,-37
26640,-35,-48,26650,-45,-39
26660,-28,-53,26670,-41,-39
26680,-41,-45,26690,-45,-31
26700,-39,-46,26710,-44,-38
26720,-38,-40,26730,-39,-43
26740,-50,-46,26750,-46,-40
26760,-46,-42,26770,-45,-50
26780,-55,-39,26790,-51,-36
26800,-36,-38,26810,-45,-37
26820,-48,-52,26830,-44,-47
26840,-44,-46,26850,-43,-48
26860,-50,-45,26870,-43,-37
26880,-40,-49,26890,-37,-50
26900,-46,-38,26910,-37,-47
26920,-51,-45,26930,-54,-46
26940,-46,-45,26950,-51,-45
26960,-44,-50,26970,-39,-43
26980,-44,-45,26990,-46,-50
27000,-53,-41,27010,-50,-47
27020,-43,-46,27030,-51,-50
27040,-46,-44,27050,-43,-45
27060,-46,-47,27070,-48,-51
27080,-44,-53,27090,-51,-48
27100,-52,-55,27110,-47,-52
27120,-44,-54,27130,-48,-46
27140,-41,-50,27150,-49,-58
27160,-52,-45,27170,-48,-48
27180,-47,-50,27190,-65,-53
27200,-59,-52,27210,-49,-54
27220,-52,-58,27230,-59,-64
27240,-52,-54,27250,-55,-54
27260,-62,-51,27270,-64,-49
27280,-52,-59,27290,-55,-60
27300,-58,-56,27310,-48,-55
27320,-62,-62,27330,-59,-61
27340,-53,-56,27350,-59,-56
27360,-65,-51,27370,-63,-65
27380,-56,-49,27390,-58,-57
27400,-56,-64,27410,-53,-59
27420,-59,-63,27430,-64,-63
27440,-65,-62,27450,-60,-65
27460,-77,-57,27470,-56,-57
27480,-58,-66,27490,-64,-65
27500,-68,-67,27510,-65,-59
27520,-60,-65,27530,-71,-60
27540,-63,-60,27550,-56,-68
27560,-66,-63,27570,-60,-64
27580,-65,-66,27590,-72,-74
27600,-63,-61,27610,-69,-70
27620,-66,-79,27630,-68,-68
27640,-64,-63,27650,-69,-64
27660,-68,-70,27670,-73,-71
27680,-66,-57,27690,-72,-76
27700,-71,-73,27710,-71,-80
27720,-87,-73,27730,-75,-72
27740,-80,-67,27750,-77,-77
27760,-77,-75,27770,-67,-74
27780,-73,-76,27790,-76,-72
27800,-73,-79,27810,-74,-76
27820,-68,-78,27830,-63,-70
27840,-69,-71,27850,-75,-74
27860,-68,-73,27870,-70,-72
27880,-84,-79,27890,-78,-74
27900,-79,-80,27910,-71,-84
27920,-79,-82,27930,-84,-77
27940,-77,-70,27950,-78,-91
27960,-80,-79,27970,-71,-74
27980,-75,-82,27990,-82,-83
28000,-76,-77,28010,-77,-80
28020,-85,-84,28030,-85,-76
28040,-90,-82,28050,-77,-89
28060,-85,-89,28070,-77,-102
28080,-88,-85,28090,-86,-86
28100,-87,-84,28110,-91,-86
28120,-84,-84,28130,-86,-89
28140,-88,-97,28150,-86,-90
28160,-85,-86,28170,-88,-77
28180,-86,-83,28190,-84,-83
28200,-93,-83,28210,-90,-94
28220,-91,-94,28230,-88,-88
28240,-84,-90,28250,-91,-83
28260,-85,-84,28270,-84,-88
28280,-94,-97,28290,-91,-86
28300,-91,-86,28310,-85,-89
28320,-94,-96,28330,-86,-89
28340,-85,-82,28350,-88,-95
28360,-86,-94,28370,-91,-88
28380,-83,-96,28390,-95,-98
28400,-87,-94,28410,-91,-91
28420,-84,-93,28430,-98,-87
28440,-96,-100,28450,-89,-83
28460,-87,-92,28470,-92,-92
28480,-80,-88,28490,-96,-89
28500,-84,-93,28510,-89,-100
28520,-96,-95,28530,-97,-84
28540,-85,-95,28550,-94,-91
28560,-92,-87,28570,-92,-87
28580,-76,-97,28590,-89,-95
28600,-89,-95,28610,-84,-91
28620,-91,-86,28630,-94,-92
28640,-88,-81,28650,-91,-92
28660,-93,-96,28670,-91,-89
28680,-98,-97,28690,-85,-90
28700,-91,-87,28710,-91,-99
28720,-92,-83,28730,-91,-84
28740,-88,-82,28750,-95,-87
28760,-86,-86,28770,-91,-91
28780,-91,-100,28790,-83,-94
28800,-86,-89,28810,-92,-102
28820,-93,-95,28830,-84,-93
28840,-92,-86,28850,-92,-98
28860,-91,-102,28870,-93,-90
28880,-99,-101,28890,-92,-97
28900,-91,-98,28910,-95,-96
28920,-96,-89,28930,-92,-98
28940,-84,-88,28950,-99,-94
28960,-89,-100,28970,-79,-91
28980,-92,-83,28990,-83,-98
29000,-88,-87,29010,-90,-90
29020,-90,-87,29030,-84,-88
29040,-95,-87,29050,-90,-87
29060,-99,-94,29070,-85,-91
29080,-80,-89,29090,-90,-90
29100,-93,-92,29110,-98,-91
29120,-90,-94,29130,-84,-95
29140,-101,-81,29150,-93,-92
29160,-83,-89,29170,-89,-90
29180,-87,-88,29190,-96,-98
29200,-87,-89,29210,-91,-86
29220,-84,-88,29230,-91,-97
29240,-79,-86,29250,-95,-93
29260,-78,-90,29270,-88,-93
29280,-89,-86,29290,-83,-89
29300,-89,-89,29310,-98,-90
29320,-90,-81,29330,-90,-94
29340,-93,-95,29350,-91,-88
29360,-92,-88,29370,-98,-97
29380,-94,-94,29390,-92,-96
29400,-88,-88,29410,-97,-100
29420,-103,-91,29430,-84,-89
29440,-95,-94,29450,-88,-89
29460,-96,-94,29470,-91,-96
29480,-99,-90,29490,-94,-98
29500,-97,-103,29510,-91,-101
29520,-85,-89,29530,-100,-95
29540,-94,-88,29550,-99,-98
29560,-100,-98,29570,-90,-98
29580,-95,-98,29590,-99,-100
29600,-95,-91,29610,-94,-99
29620,-93,-97,29630,-96,-100
29640,-104,-100,29650,-98,-98
29660,-103,-96,29670,-98,-97
29680,-92,-94,29690,-100,-104
29700,-98,-99,29710,-100,-96
29720,-95,-101,29730,-97,-105
29740,-100,-99,29750,-106,-98
29760,-107,-90,29770,-106,-101
29780,-97,-111,29790,-102,-99
29800,-102,-96,29810,-105,-102
29820,-113,-100,29830,-102,-103
29840,-115,-110,29850,-95,-107
29860,-104,-100,29870,-92,-96
29880,-117,-118,29890,-104,-100
29900,-108,-106,29910,-105,-107
29920,-108,-110,29930,-103,-109
29940,-104,-92,29950,-105,-98
29960,-110,-98,29970,-115,-111
29980,-106,-100,29990,-116,-107
30000,-107,-120,30010,-119,-104
30020,-110,-98,30030,-110,-118
30040,-109,-103,30050,-118,-110
30060,-113,-107,30070,-105,-106
30080,-106,-107,30090,-104,-96
30100,-109,-117,30110,-111,-108
30120,-107,-104,30130,-111,-110
30140,-116,-111,30150,-113,-116
30160,-104,-110,30170,-118,-112
30180,-107,-108,30190,-101,-114
30200,-112,-111,30210,-102,-108
30220,-112,-103,30230,-105,-112
30240,-117,-107,30250,-112,-113
30260,-114,-114,30270,-115,-108
30280,-115,-110,30290,-116,-105
30300,-111,-102,30310,-112,-114
30320,-102,-111,30330,-115,-114
30340,-112,-111,30350,-107,-106
30360,-115,-109,30370,-107,-114
30380,-120,-118,30390,-119,-116
30400,-111,-100,30410,-116,-112
30420,-119,-117,30430,-118,-119
30440,-112,-107,30450,-103,-107
30460,-114,-115,30470,-116,-116
30480,-115,-120,30490,-124,-122
4500,-40,-56,4510,-61,-49
4520,-46,-63,4530,-58,-48
4540,-50,-46,4550,-55,-52
4560,-52,-49,4570,-52,-51
4580,-45,-52,4590,-55,-50
4600,-51,-49,4610,-56,-52
4620,-54,-51,4630,-39,-49
4640,-52,-45,4650,-43,-55
4660,-49,-39,4670,-49,-46
4680,-42,-50,4690,-42,-46
4700,-48,-52,4710,-46,-48
4720,-50,-51,4730,-52,-56
4740,-51,-56,4750,-49,-46
4760,-53,-57,4770,-63,-50
4780,-57,-40,4790,-50,-49
4800,-55,-51,4810,-45,-46
4820,-40,-50,4830,-50,-56
4840,-53,-47,4850,-48,-51
4860,-39,-34,4870,-42,-52
4880,-53,-45,4890,-47,-53
4900,-40,-43,4910,-41,-46
4920,-44,-53,4930,-43,-39
4940,-52,-52,4950,-50,-36
4960,-46,-42,4970,-44,-49
4980,-46,-39,4990,-40,-45
5000,-36,-53,5010,-54,-53
5020,-45,-50,5030,-53,-44
5040,-45,-44,5050,-44,-46
5060,-49,-44,5070,-55,-55
5080,-45,-47,5090,-38,-42
5100,-44,-41,5110,-50,-41
5120,-38,-44,5130,-41,-47
5140,-46,-40,5150,-57,-46
5160,-42,-41,5170,-46,-47
5180,-52,-41,5190,-41,-43
5200,-48,-43,5210,-49,-48
5220,-51,-53,5230,-46,-39
5240,-32,-45,5250,-48,-56
5260,-41,-46,5270,-55,-44
5280,-43,-50,5290,-45,-38
5300,-39,-33,5310,-51,-46
5320,-45,-46,5330,-40,-46
5340,-42,-48,5350,-36,-40
5360,-40,-54,5370,-40,-44
5380,-44,-40,5390,-36,-46
5400,-41,-40,5410,-41,-32
5420,-47,-36,5430,-42,-40
5440,-38,-38,5450,-54,-43
5460,-49,-47,5470,-32,-53
5480,-49,-40,5490,-37,-35
5500,-43,-35,5510,-48,-44
5520,-43,-39,5530,-44,-44
5540,-43,-43,5550,-38,-38
5560,-31,-30,5570,-49,-42
5580,-43,-47,5590,-37,-46
5600,-36,-43,5610,-40,-43
5620,-29,-33,5630,-41,-47
5640,-39,-42,5650,-38,-46
5660,-48,-41,5670,-44,-37
5680,-37,-35,5690,-40,-32
5700,-39,-40,5710,-43,-31
5720,-44,-37,5730,-34,-38
5740,-40,-39,5750,-46,-44
5760,-40,-41,5770,-43,-34
5780,-46,-34,5790,-39,-46
5800,-41,-53,5810,-35,-35
5820,-43,-41,5830,-33,-35
5840,-41,-43,5850,-29,-35
5860,-37,-45,5870,-41,-38
5880,-37,-44,5890,-44,-37
5900,-48,-42,5910,-42,-40
5920,-29,-37,5930,-43,-36
5940,-42,-37,5950,-37,-31
5960,-37,-35,5970,-38,-38
5980,-32,-41,5990,-46,-47
6000,-43,-39,6010,-27,-35
6020,-48,-34,6030,-33,-41
6040,-37,-41,6050,-34,-32
6060,-32,-29,6070,-27,-47
6080,-32,-44,6090,-37,-47
6100,-40,-40,6110,-30,-42
6120,-36,-32,6130,-44,-32
6140,-39,-30,6150,-36,-37
6160,-38,-42,6170,-36,-26
6180,-26,-24,6190,-31,-32
6200,-35,-40,6210,-32,-36
6220,-33,-25,6230,-30,-36
6240,-32,-41,6250,-31,-27
6260,-24,-33,6270,-45,-32
6280,-29,-34,6290,-41,-35
6300,-29,-39,6310,-36,-33
6320,-38,-27,6330,-36,-42
6340,-37,-32,6350,-42,-37
6360,-35,-27,6370,-32,-32
6380,-32,-45,6390,-23,-42
6400,-52,-34,6410,-29,-38
6420,-38,-40,6430,-29,-41
6440,-39,-25,6450,-39,-32
6460,-43,-36,6470,-35,-31
6480,-39,-32,6490,-36,-33
6500,-36,-33,6510,-40,-38
6520,-39,-28,6530,-33,-38
6540,-37,-36,6550,-37,-25
6560,-35,-25,6570,-40,-22
6580,-30,-38,6590,-35,-35
6600,-41,-31,6610,-35,-31
6620,-42,-30,6630,-27,-42
6640,-40,-35,6650,-23,-31
6660,-41,-39,6670,-36,-32
6680,-30,-26,6690,-41,-38
6700,-36,-41,6710,-26,-23
6720,-35,-23,6730,-37,-31
6740,-37,-32,6750,-32,-29
6760,-30,-15,6770,-32,-24
6780,-28,-36,6790,-36,-30
6800,-35,-43,6810,-35,-34
6820,-40,-19,6830,-31,-44
6840,-28,-34,6850,-36,-26
6860,-34,-33,6870,-32,-26
6880,-33,-26,6890,-29,-27
6900,-31,-31,6910,-26,-21
6920,-19,-34,6930,-27,-31
6940,-23,-36,6950,-34,-21
6960,-29,-20,6970,-38,-21
6980,-31,-28,6990,-35,-29
7000,-25,-27,7010,-29,-32
7020,-27,-23,7030,-36,-28
7040,-23,-31,7050,-27,-28
7060,-21,-31,7070,-36,-37
7080,-14,-31,7090,-29,-36
7100,-29,-22,7110,-33,-30
7120,-31,-28,7130,-31,-32
7140,-30,-25,7150,-29,-30
7160,-41,-27,7170,-23,-31
7180,-29,-29,7190,-26,-27
7200,-21,-26,7210,-26,-30
7220,-36,-29,7230,-28,-24
7240,-24,-26,7250,-28,-28
7260,-34,-25,7270,-35,-30
7280,-18,-23,7290,-29,-17
7300,-31,-30,7310,-32,-18
7320,-25,-13,7330,-25,-21
7340,-29,-22,7350,-24,-38
7360,-36,-35,7370,-36,-18
7380,-24,-22,7390,-29,-23
7400,-20,-31,7410,-24,-21
7420,-28,-34,7430,-24,-28
7440,-27,-31,7450,-37,-26
7460,-33,-30,7470,-27,-28
7480,-25,-25,7490,-35,-25
7500,-28,-24,7510,-18,-26
7520,-21,-26,7530,-35,-33
7540,-28,-25,7550,-34,-30
7560,-28,-32,7570,-32,-26
7580,-28,-26,7590,-27,-25
7600,-34,-35,7610,-20,-27
7620,-29,-38,7630,-30,-31
7640,-26,-34,7650,-27,-33
7660,-34,-25,7670,-29,-26
7680,-31,-30,7690,-9,-37
7700,-26,-17,7710,-31,-24
7720,-27,-17,7730,-16,-39
7740,-20,-26,7750,-28,-35
7760,-36,-30,7770,-30,-26
7780,-27,-26,7790,-26,-33
7800,-37,-17,7810,-31,-21
7820,-27,-31,7830,-19,-30
7840,-23,-24,7850,-31,-36
7860,-12,-29,7870,-31,-29
7880,-22,-18,7890,-35,-26
7900,-32,-32,7910,-23,-28
7920,-27,-23,7930,-33,-22
7940,-21,-28,7950,-23,-21
7960,-34,-24,7970,-23,-16
7980,-24,-30,7990,-14,-26
8000,-23,-18,8010,-25,-28
8020,-28,-27,8030,-21,-15
8040,-21,-26,8050,-30,-27
8060,-16,-25,8070,-26,-21
8080,-25,-25,8090,-23,-27
8100,-22,-24,8110,-13,-29
8120,-27,-19,8130,-33,-11
8140,-28,-31,8150,-21,-26
8160,-12,-26,8170,-18,-19
8180,-31,-24,8190,-15,-19
8200,-26,-27,8210,-26,-29
8220,-29,-25,8230,-24,-23
8240,-29,-27,8250,-19,-18
8260,-34,-23,8270,-18,-17
8280,-27,-17,8290,-23,-21
8300,-24,-20,8310,-20,-26
8320,-31,-21,8330,-16,-20
8340,-18,-22,8350,-35,-20
8360,-27,-11,8370,-20,-16
8380,-26,-23,8390,-29,-30
8400,-25,-12,8410,-15,-16
8420,-23,-20,8430,-32,-22
8440,-18,-18,8450,-23,-12
8460,-17,-9,8470,-24,-19
8480,-21,-12,8490,-21,-18
8500,-27,-9,8510,-13,-21
8520,-14,-18,8530,-22,-24
8540,-19,-22,8550,-21,-25
8560,-8,-20,8570,-23,-23
8580,-23,-30,8590,-22,-27
8600,-20,-27,8610,-17,-28
8620,-18,-22,8630,-15,-17
8640,-17,-15,8650,-20,-14
8660,-30,-29,8670,-14,-20
8680,-3,-20,8690,-22,-22
8700,-14,-24,8710,-20,-28
8720,-25,-25,8730,-19,-6
8740,-32,-23,8750,-9,-13
8760,-22,-24,8770,-31,-23
8780,-23,-17,8790,-17,-20
8800,-25,-15,8810,-15,-25
8820,-19,-17,8830,-23,-24
8840,-23,-23,8850,-17,-16
8860,-18,-21,8870,-5,-15
8880,-16,-14,8890,-23,-16
8900,-12,-15,8910,-13,-10
8920,-25,-14,8930,-14,-8
8940,-13,-25,8950,-20,-20
8960,-23,-16,8970,-24,-17
8980,-22,-13,8990,-22,-11
9000,-8,-18,9010,-14,-12
9020,-18,0,9030,-18,-11
9040,-16,-20,9050,-2,-18
9060,-26,-29,9070,-26,-24
9080,-22,-16,9090,-20,-16
9100,-10,-6,9110,-30,-21
9120,-15,-28,9130,-30,-13
9140,-21,-16,9150,-16,-20
9160,-16,-21,9170,-22,-15
9180,-7,-16,9190,-23,-16
9200,-5,-19,9210,-24,-15
9220,-13,-19,9230,-19,-16
9240,-26,-14,9250,-28,-13
9260,-24,-17,9270,-9,-14
9280,-21,-18,9290,-20,-7
9300,-17,-12,9310,-14,-24
9320,-20,-4,9330,-14,-26
9340,-18,-21,9350,-24,-25
9360,-11,-23,9370,-12,-20
9380,-25,-16,9390,-16,-15
9400,-21,-10,9410,-23,-22
9420,-24,-11,9430,-26,-16
9440,-23,-6,9450,-18,-22
9460,-18,-15,9470,-23,-27
9480,-10,-20,9490,-12,-22
9500,-23,-10,9510,-13,-14
9520,-13,-8,9530,-17,-26
9540,-10,-13,9550,-19,-25
9560,-19,-17,9570,-14,-15
9580,-6,-16,9590,-14,-22
9600,-18,-17,9610,-25,-26
9620,-27,-15,9630,-17,-7
9640,-20,-27,9650,-26,-10
9660,-16,-8,9670,-9,-14
9680,-24,-13,9690,-13,-9
9700,-17,-11,9710,-16,-20
9720,-19,-7,9730,-12,-9
9740,-26,-5,9750,-15,-7
9760,-19,-13,9770,-7,-19
9780,-5,-3,9790,-22,-14
9800,-18,-5,9810,-13,-16
9820,-11,-14,9830,-9,-13
9840,-22,-14,9850,-19,-17
9860,-13,-11,9870,-15,-11
9880,-21,-8,9890,-26,-24
9900,-12,-11,9910,-14,-9
9920,-11,-7,9930,-13,-12
9940,-6,-15,9950,-8,-3
9960,-5,-12,9970,-21,-3
9980,-19,-16,9990,-9,-10
10000,-17,-9,10010,-23,-28
10020,-20,-17,10030,-5,-9
10040,-17,-16,10050,-18,-18
10060,-21,-12,10070,-17,-14
10080,-14,-1,10090,-3,-9
10100,-11,-15,10110,-13,-11
10120,-14,-8,10130,-13,-25
10140,-7,-19,10150,-1,-10
10160,-11,-4,10170,-6,-13
10180,-11,-16,10190,-11,-7
10200,-21,-9,10210,-14,-17
10220,-4,-13,10230,-8,-11
10240,-4,-8,10250,-12,-14
10260,-13,-10,10270,-3,-13
10280,-24,-15,10290,-10,-9
10300,-14,-3,10310,-7,-13
10320,-16,-4,10330,-15,-4
10340,-10,-7,10350,-9,-23
10360,-5,-6,10370,-16,2
10380,-11,-9,10390,-12,-7
10400,-11,-12,10410,-9,1
10420,-10,-15,10430,-21,5
10440,-12,-14,10450,-13,-20
10460,-6,-10,10470,-3,-6
10480,-14,1,10490,-7,-1
10500,-18,-7,10510,0,1
10520,-11,-9,10530,-10,-12
10540,-8,-2,10550,-17,-13
10560,-10,3,10570,3,-21
10580,-8,-18,10590,-5,2
10600,-1,-13,10610,-3,-8
10620,-13,-15,10630,-16,-16
10640,-14,-19,10650,-10,-14
10660,-12,-5,10670,-8,-5
10680,-14,-12,10690,-11,-10
10700,1,-5,10710,-12,-16
10720,-14,-6,10730,-5,-16
10740,-17,-20,10750,-7,-10
10760,-7,-18,10770,-9,-14
10780,1,-18,10790,-14,-7
10800,-5,-13,10810,-8,0
10820,-6,-5,10830,-5,-10
10840,-11,-6,10850,-9,-3
10860,-11,-14,10870,-9,-3
10880,-8,2,10890,-9,-11
10900,-5,-4,10910,-3,-5
10920,-2,-10,10930,-1,-3
10940,-10,-4,10950,4,-12
10960,1,-7,10970,-4,-20
10980,-3,-8,10990,-6,-13
11000,-10,-8,11010,-9,-10
11020,-7,-1,11030,-14,-5
11040,-8,-10,11050,-10,-18
11060,-8,-1,11070,-10,-1
11080,-7,-10,11090,1,-12
11100,-5,-1,11110,-5,-6
11120,-11,-4,11130,-18,-4
11140,-8,0,11150,-16,-9
11160,-5,-14,11170,-11,5
11180,-8,-14,11190,-3,-13
11200,-13,-12,11210,-7,-14
11220,-3,-11,11230,-10,-14
11240,-7,-14,11250,-14,-12
11260,0,-8,11270,-5,4
11280,-8,-13,11290,-13,-12
11300,-4,-4,11310,-3,-17
11320,-4,-10,11330,-2,-12
11340,-11,-10,11350,0,0
11360,-3,-11,11370,-6,6
11380,-3,-14,11390,4,-6
11400,-8,-4,11410,-5,-2
11420,-9,10,11430,-2,-12
11440,-7,-5,11450,-6,-1
11460,-15,-9,11470,-3,-4
11480,6,-12,11490,-7,-10
11500,-6,-4,11510,-3,2
11520,-6,-11,11530,-4,-4
11540,-19,2,11550,-9,-11
11560,-8,-5,11570,-16,-5
11580,-11,-3,11590,-7,-7
11600,-3,-13,11610,-5,-3
11620,-3,-12,11630,-20,-11
11640,-20,-6,11650,-6,-5
11660,-8,-10,11670,-9,-10
11680,-7,-14,11690,-12,-9
11700,-15,-9,11710,-4,-8
11720,-1,-13,11730,6,1
11740,0,-9,11750,-2,-1
11760,-14,-18,11770,4,-4
11780,3,-14,11790,0,-4
11800,-1,-10,11810,-4,-5
11820,-3,2,11830,-5,-4
11840,-11,-7,11850,-15,-9
11860,-8,2,11870,-9,-10
11880,-10,-8,11890,2,-10
11900,-4,-4,11910,-2,-10
11920,-16,-6,11930,-9,-15
11940,-20,6,11950,-10,-6
11960,-6,-2,11970,2,-9
11980,-18,-3,11990,-7,-1
12000,-6,2,12010,-13,-2
12020,-3,-5,12030,-4,-9
12040,-8,-12,12050,-4,-9
12060,-2,-10,12070,-5,-7
12080,-2,1,12090,-3,-3
12100,-4,-14,12110,-7,-1
12120,-4,-6,12130,-4,-2
12140,-9,-5,12150,-6,2
12160,-7,1,12170,4,-6
12180,-16,-3,12190,-2,-2
12200,-5,-1,12210,-5,-5
12220,-13,1,12230,0,-11
12240,-5,-8,12250,-4,0
12260,-13,2,12270,-6,-7
12280,-14,-13,12290,-11,2
12300,-5,-15,12310,-10,1
12320,-2,-8,12330,-14,-18
12340,-3,3,12350,-13,-2
12360,2,-9,12370,-1,-8
12380,-6,0,12390,3,-1
12400,-1,-6,12410,-5,-11
12420,-9,6,12430,-4,5
12440,-7,6,12450,0,-5
12460,10,2,12470,-8,5
12480,0,7,12490,3,-13
12500,-8,6,12510,-14,0
12520,-11,-7,12530,-7,-3
12540,-5,3,12550,-3,3
12560,-4,-8,12570,-3,-6
12580,-10,-9,12590,7,-4
12600,2,-8,12610,4,1
12620,-3,0,12630,0,-3
12640,-5,2,12650,-8,5
12660,1,2,12670,-10,-11
12680,5,4,12690,-1,-2
12700,-8,2,12710,3,-6
12720,-5,7,12730,-3,-1
12740,1,7,12750,2,4
12760,-10,-11,12770,-1,-8
12780,4,-8,12790,4,-6
12800,-6,-5,12810,6,-1
12820,-3,5,12830,-8,-11
12840,8,-4,12850,-2,-4
12860,5,-3,12870,-5,1
12880,-6,-13,12890,-3,2
12900,-1,-5,12910,0,0
12920,9,5,12930,-7,1
12940,-8,-7,12950,-9,-3
12960,3,-1,12970,-6,0
12980,1,-2,12990,-6,6
13000,-4,8,13010,-3,-2
13020,0,-8,13030,4,2
13040,4,5,13050,-2,-7
13060,0,-8,13070,4,-6
13080,-3,2,13090,0,7
13100,9,1,13110,5,-2
13120,-4,-2,13130,-10,-1
13140,5,-1,13150,-10,0
13160,-3,-4,13170,-4,-12
13180,1,9,13190,1,7
13200,10,0,13210,5,0
13220,5,11,13230,-6,-5
13240,4,-3,13250,4,0
13260,8,3,13270,1,-2
13280,-4,2,13290,1,0
13300,3,6,13310,-5,-2
13320,2,-2,13330,1,-5
13340,4,-10,13350,1,5
13360,-15,0,13370,-1,-1
13380,-5,0,13390,-14,5
13400,-6,-3,13410,1,-11
13420,2,-2,13430,0,-4
13440,5,-2,13450,-1,-3
13460,-1,8,13470,4,5
13480,5,-4,13490,0,6
13500,7,6,13510,1,2
13520,-7,-15,13530,1,-17
13540,-12,0,13550,2,1
13560,-5,-9,13570,3,-6
13580,-4,0,13590,-1,11
13600,7,6,13610,5,2
13620,2,1,13630,7,10
13640,7,9,13650,-4,4
13660,-9,-2,13670,0,-14
13680,14,1,13690,5,8
13700,2,6,13710,0,1
13720,11,9,13730,2,3
13740,6,7,13750,6,14
13760,2,-1,13770,-1,0
13780,10,-3,13790,3,1
13800,-2,-2,13810,5,1
13820,-1,-5,13830,-3,-4
13840,7,-1,13850,6,7
13860,12,-4,13870,0,-2
13880,6,3,13890,-2,1
13900,6,-8,13910,1,5
13920,5,1,13930,-3,-6
13940,2,-10,13950,5,1
13960,3,4,13970,6,5
13980,1,7,13990,9,4
14000,13,4,14010,4,12
14020,9,-4,14030,6,1
14040,-5,3,14050,5,2
14060,5,-4,14070,-6,2
14080,-3,-2,14090,1,6
14100,4,-9,14110,8,14
14120,-3,17,14130,-2,3
14140,6,-1,14150,-3,-2
14160,6,4,14170,8,-8
14180,2,3,14190,2,2
14200,6,1,14210,-1,-3
14220,8,11,14230,2,6
14240,1,-3,14250,-2,16
14260,0,4,14270,6,11
14280,2,2,14290,-1,-8
14300,-5,1,14310,4,4
14320,11,6,14330,-11,-1
14340,-9,1,14350,-8,7
14360,-5,10,14370,7,7
14380,1,0,14390,-6,-3
14400,-9,17,14410,14,4
14420,4,4,14430,-3,2
14440,-4,-2,14450,2,4
14460,3,2,14470,11,0
14480,-4,5,14490,1,0
14500,11,-2,14510,8,-1
14520,10,0,14530,0,-1
14540,2,1,14550,7,0
14560,5,-2,14570,2,7
14580,13,6,14590,11,-9
14600,13,7,14610,2,8
14620,-1,-3,14630,2,3
14640,5,7,14650,6,11
14660,-4,7,14670,8,6
14680,0,-5,14690,2,9
14700,6,8,14710,5,-3
14720,2,1,14730,-4,-5
14740,1,5,14750,4,10
14760,4,2,14770,0,-6
14780,6,6,14790,1,6
14800,7,7,14810,2,1
14820,3,11,14830,3,11
14840,0,15,14850,7,13
14860,8,8,14870,-1,19
14880,4,5,14890,2,10
14900,4,8,14910,0,4
14920,7,-7,14930,6,3
14940,0,4,14950,0,5
14960,1,10,14970,10,10
14980,12,3,14990,7,11
15000,6,7,15010,-1,4
15020,-9,12,15030,2,4
15040,3,9,15050,6,-5
15060,-15,3,15070,8,3
15080,3,6,15090,-7,3
15100,3,2,15110,7,8
15120,-4,-1,15130,1,14
15140,3,9,15150,1,-1
15160,-4,-2,15170,11,-15
15180,7,5,15190,11,10
15200,1,10,15210,2,7
15220,8,4,15230,5,13
15240,-1,6,15250,4,9
15260,8,2,15270,6,9
15280,-4,9,15290,10,6
15300,7,14,15310,3,14
15320,12,9,15330,6,2
15340,1,6,15350,-4,-3
15360,4,4,15370,10,2
15380,-7,13,15390,5,10
15400,6,6,15410,10,10
15420,10,15,15430,7,11
15440,16,8,15450,8,4
15460,11,3,15470,9,-3
15480,7,0,15490,16,8
15500,7,14,15510,6,13
15520,-1,9,15530,-2,12
15540,-6,5,15550,12,1
15560,5,1,15570,5,0
15580,1,4,15590,-1,6
15600,6,10,15610,5,9
15620,4,-5,15630,-3,9
15640,-1,3,15650,4,16
15660,11,5,15670,8,1
15680,-3,2,15690,4,11
15700,0,0,15710,17,-1
15720,8,6,15730,4,-7
15740,-1,-4,15750,-1,7
15760,-3,14,15770,16,4
15780,7,-5,15790,-7,10
15800,-1,-3,15810,4,0
15820,10,6,15830,3,9
15840,7,3,15850,2,1
15860,9,7,15870,15,8
15880,-2,1,15890,1,8
15900,2,-3,15910,-8,5
15920,-6,5,15930,8,8
15940,4,10,15950,-3,4
15960,5,11,15970,13,1
15980,12,13,15990,2,11
16000,8,5,16010,13,11
16020,5,2,16030,6,7
16040,2,12,16050,4,5
16060,-2,3,16070,6,13
16080,13,12,16090,-6,7
16100,15,9,16110,-2,6
16120,3,-2,16130,2,5
16140,-1,2,16150,4,4
16160,-6,1,16170,6,9
16180,9,4,16190,4,3
16200,11,5,16210,1,17
16220,21,10,16230,0,2
16240,18,13,16250,11,5
16260,9,7,16270,3,4
16280,7,-4,16290,-7,10
16300,4,16,16310,6,10
16320,6,12,16330,9,12
16340,9,9,16350,4,1
16360,13,6,16370,5,7
16380,7,6,16390,1,2
16400,7,2,16410,8,9
16420,-3,14,16430,9,6
16440,7,5,16450,9,5
16460,4,8,16470,-1,-2
16480,3,11,16490,-5,-2
