LED1 Timestamp (ms),LED1_PD1,LED1_PD2,LED2 Timestamp (ms),LED2_PD1,LED2_PD2
13000,13089,10097,13010,12893,10254
13020,13098,10050,13030,12895,10236
13040,13101,10117,13050,12891,10217
13060,13094,10145,13070,12891,10191
13080,13099,10136,13090,12894,10246
13100,13088,10098,13110,12892,10261
13120,13115,10066,13130,12896,10247
13140,13097,10109,13150,12898,10219
13160,13094,10138,13170,12901,10192
13180,13092,10118,13190,12876,10250
13200,13096,10115,13210,12898,10253
13220,13095,10073,13230,12895,10242
13240,13093,10113,13250,12890,10223
13260,13105,10146,13270,12901,10207
13280,13106,10113,13290,12895,10234
13300,13110,10102,13310,12901,10271
13320,13102,10075,13330,12892,10234
13340,13095,10115,13350,12886,10226
13360,13104,10141,13370,12885,10183
13380,13090,10105,13390,12889,10233
13400,13090,10095,13410,12883,10260
13420,13097,10068,13430,12896,10231
13440,13089,10104,13450,12889,10218
13460,13096,10129,13470,12892,10187
13480,13107,10113,13490,12897,10235
13500,13095,10089,13510,12897,10254
13520,13091,10062,13530,12876,10220
13540,13071,10105,13550,12850,10205
13560,13059,10120,13570,12837,10170
13580,13048,10100,13590,12848,10240
13600,13051,10081,13610,12856,10254
13620,13063,10056,13630,12876,10212
13640,13073,10099,13650,12898,10202
13660,13078,10126,13670,12898,10179
13680,13080,10099,13690,12900,10219
13700,13080,10077,13710,12898,10258
13720,13089,10074,13730,12896,10221
13740,13085,10114,13750,12892,10208
13760,13091,10121,13770,12896,10179
13780,13094,10108,13790,12884,10234
13800,13078,10079,13810,12902,10247
13820,13064,10045,13830,12899,10218
13840,13082,10105,13850,12885,10196
13860,13080,10132,13870,12895,10173
13880,13083,10094,13890,12894,10245
13900,13086,10078,13910,12893,10249
13920,13100,10045,13930,12890,10210
13940,13094,10101,13950,12888,10202
13960,13096,10131,13970,12901,10183
13980,13085,10074,13990,12891,10236
14000,13095,10078,14010,12897,10249
14020,13086,10044,14030,12884,10207
14040,13097,10094,14050,12892,10184
14060,13092,10122,14070,12902,10192
14080,13098,10107,14090,12888,10222
14100,13091,10064,14110,12889,10277
14120,13095,10046,14130,12899,10210
14140,13082,10103,14150,12884,10192
14160,13094,10127,14170,12898,10187
14180,13088,10081,14190,12906,10222
14200,13091,10060,14210,12903,10247
14220,13088,10094,14230,12890,10202
14240,13090,10092,14250,12889,10186
14260,13088,10120,14270,12886,10172
14280,13081,10068,14290,12885,10219
14300,13080,10064,14310,12895,10260
14320,13091,10061,14330,12891,10193
14340,13097,10104,14350,12896,10182
14360,13094,10147,14370,12884,10170
14380,13092,10082,14390,12899,10219
14400,13086,10065,14410,12884,10294
14420,13099,10071,14430,12883,10184
14440,13086,10099,14450,12881,10197
14460,13102,10147,14470,12881,10204
14480,13088,10067,14490,12886,10216
14500,13092,10062,14510,12892,10289
14520,13091,10061,14530,12887,10195
14540,13091,10101,14550,12881,10147
14560,13090,10153,14570,12888,10180
14580,13086,10088,14590,12891,10214
14600,13058,10012,14610,12853,10277
14620,13060,10068,14630,12852,10194
14640,13049,10098,14650,12854,10135
14660,13055,10162,14670,12859,10204
14680,13070,10071,14690,12799,10226
14700,12986,10023,14710,12798,10268
14720,13024,10073,14730,12813,10196
14740,13014,10092,14750,12868,10139
14760,13098,10140,14770,12890,10195
14780,13086,10075,14790,12890,10227
14800,13088,10020,14810,12896,10266
14820,13077,10062,14830,12893,10191
14840,13086,10105,14850,12888,10118
14860,13095,10151,14870,12890,10196
14880,13089,10068,14890,12901,10220
14900,13089,10023,14910,12891,10257
14920,13094,10067,14930,12891,10178
14940,13091,10096,14950,12892,10159
14960,13072,10132,14970,12886,10189
14980,13086,10051,14990,12891,10226
15000,13085,10006,15010,12889,10261
15020,13096,10085,15030,12896,10188
15040,13106,10103,15050,12883,10123
15060,13084,10133,15070,12892,10183
15080,13081,10069,15090,12884,10224
15100,13080,10024,15110,12892,10272
15120,13089,10059,15130,12896,10190
15140,13086,10087,15150,12878,10113
15160,13081,10128,15170,12892,10216
15180,13097,10064,15190,12894,10236
15200,13088,10005,15210,12898,10267
15220,13087,10068,15230,12889,10186
15240,13089,10109,15250,12882,10124
15260,13087,10127,15270,12897,10200
15280,13093,10069,15290,12892,10221
15300,13086,10030,15310,12888,10236
15320,13094,10072,15330,12892,10185
15340,13089,10095,15350,12889,10149
15360,13091,10116,15370,12914,10211
15380,13091,10077,15390,12901,10225
15400,13092,10021,15410,12895,10222
15420,13093,10063,15430,12895,10190
15440,13089,10103,15450,12889,10120
15460,13092,10089,15470,12896,10193
15480,13094,10062,15490,12893,10226
15500,13095,10031,15510,12892,10184
15520,13096,10064,15530,12874,10205
15540,13086,10107,15550,12897,10154
15560,13094,10088,15570,12887,10191
15580,13085,10060,15590,12885,10213
15600,13079,10016,15610,12894,10216
15620,13086,10077,15630,12884,10186
15640,13079,10103,15650,12885,10164
15660,13085,10080,15670,12885,10215
15680,13077,10070,15690,12866,10231
15700,13061,10039,15710,12858,10219
15720,13047,10090,15730,12834,10195
15740,13030,10106,15750,12843,10152
15760,13036,10096,15770,12855,10212
15780,13054,10071,15790,12878,10241
15800,13071,10050,15810,12899,10213
15820,13077,10088,15830,12898,10197
15840,13077,10129,15850,12895,10166
15860,13074,10099,15870,12886,10222
15880,13086,10074,15890,12889,10250
15900,13095,10072,15910,12897,10224
15920,13083,10083,15930,12892,10200
15940,13076,10117,15950,12887,10159
15960,13081,10085,15970,12907,10217
15980,13090,10062,15990,12890,10241
16000,13090,10062,16010,12895,10202
16020,13093,10095,16030,12908,10195
16040,13092,10122,16050,12896,10169
16060,13080,10093,16070,12889,10207
16080,13083,10069,16090,12894,10248
16100,13087,10052,16110,12893,10215
16120,13091,10080,16130,12906,10204
16140,13091,10116,16150,12895,10168
16160,13080,10098,16170,12883,10211
16180,13092,10071,16190,12879,10248
16200,13090,10053,16210,12888,10203
16220,13085,10097,16230,12896,10193
16240,13090,10114,16250,12889,10174
16260,13088,10099,16270,12890,10206
16280,13097,10068,16290,12874,10226
16300,13087,10046,16310,12893,10222
16320,13092,10084,16330,12884,10195
16340,13077,10122,16350,12887,10179
16360,13080,10082,16370,12885,10207
16380,13092,10073,16390,12891,10241
16400,13094,10060,16410,12892,10223
16420,13093,10101,16430,12882,10188
16440,13093,10116,16450,12890,10168
16460,13086,10099,16470,12884,10204
16480,13083,10058,16490,12897,10248
16500,13078,10052,16510,12883,10201
16520,13083,10098,16530,12884,10183
16540,13077,10119,16550,12887,10162
16560,13086,10077,16570,12895,10218
16580,13095,10076,16590,12887,10245
16600,13086,10073,16610,12877,10197
16620,13079,10089,16630,12896,10190
16640,13090,10111,16650,12889,10170
16660,13074,10084,16670,12891,10220
16680,13086,10064,16690,12893,10244
16700,13096,10049,16710,12895,10179
16720,13081,10088,16730,12888,10178
16740,13076,10111,16750,12871,10175
16760,13059,10057,16770,12851,10213
16780,13047,10053,16790,12816,10241
16800,13013,10063,16810,12805,10191
16820,13007,10090,16830,12796,10176
16840,12998,10102,16850,12783,10166
16860,13075,10075,16870,12893,10225
16880,13085,10066,16890,12896,10267
16900,13090,10060,16910,12895,10178
16920,13076,10087,16930,12884,10176
16940,13084,10146,16950,12892,10181
16960,13080,10062,16970,12893,10203
16980,13079,10055,16990,12904,10277
17000,13081,10057,17010,12900,10193
17020,13098,10097,17030,12895,10180
17040,13087,10152,17050,12902,10204
17060,13089,10069,17070,12903,10219
17080,13073,10068,17090,12889,10283
17100,13074,10069,17110,12907,10206
17120,13078,10095,17130,12886,10171
17140,13092,10142,17150,12899,10203
17160,13077,10060,17170,12888,10203
17180,13087,10012,17190,12891,10272
17200,13079,10067,17210,12895,10180
17220,13104,10089,17230,12897,10133
17240,13090,10137,17250,12892,10194
17260,13093,10066,17270,12894,10195
17280,13085,9988,17290,12889,10252
17300,13089,10056,17310,12896,10178
17320,13093,10079,17330,12901,10120
17340,13092,10127,17350,12902,10188
17360,13096,10053,17370,12894,10213
17380,13069,10007,17390,12891,10249
17400,13086,10056,17410,12891,10176
17420,13091,10091,17430,12885,10114
17440,13097,10118,17450,12879,10185
17460,13082,10045,17470,12876,10191
17480,13087,9996,17490,12892,10256
17500,13088,10056,17510,12891,10169
17520,13092,10077,17530,12897,10101
17540,13091,10125,17550,12886,10180
17560,13097,10045,17570,12895,10206
17580,13088,9989,17590,12882,10233
17600,13095,10043,17610,12896,10165
17620,13099,10067,17630,12890,10132
17640,13092,10114,17650,12899,10166
17660,13088,10055,17670,12901,10193
17680,13091,9982,17690,12900,10244
17700,13085,10052,17710,12892,10182
17720,13087,10064,17730,12882,10112
17740,13090,10107,17750,12894,10169
17760,13095,10048,17770,12878,10193
17780,13096,9973,17790,12889,10248
17800,13087,10033,17810,12891,10145
17820,13071,10067,17830,12862,10102
17840,13059,10111,17850,12843,10151
17860,13049,10048,17870,12842,10191
17880,13037,9983,17890,12834,10234
17900,13036,10041,17910,12869,10170
17920,13057,10071,17930,12892,10106
17940,13054,10096,17950,12893,10152
17960,13082,10034,17970,12895,10197
17980,13088,9993,17990,12900,10198
18000,13084,10034,18010,12907,10168
18020,13092,10078,18030,12901,10102
18040,13086,10086,18050,12885,10151
18060,13095,10039,18070,12909,10198
18080,13081,10001,18090,12891,10217
18100,13089,10038,18110,12905,10162
18120,13103,10078,18130,12892,10105
18140,13101,10087,18150,12889,10169
18160,13087,10036,18170,12904,10188
18180,13091,9965,18190,12893,10191
18200,13097,10062,18210,12884,10159
18220,13095,10074,18230,12893,10124
18240,13083,10047,18250,12889,10165
18260,13083,10039,18270,12895,10192
18280,13088,9986,18290,12890,10161
18300,13083,10036,18310,12892,10152
18320,13075,10070,18330,12902,10113
18340,13095,10052,18350,12891,10170
18360,13093,10038,18370,12892,10198
18380,13096,9994,18390,12894,10176
18400,13084,10048,18410,12897,10160
18420,13078,10062,18430,12897,10120
18440,13101,10046,18450,12892,10169
18460,13085,10025,18470,12892,10187
18480,13089,10019,18490,12899,10183
18500,13090,10047,18510,12886,10144
18520,13097,10084,18530,12894,10112
18540,13099,10051,18550,12901,10164
18560,13102,10001,18570,12891,10169
18580,13045,9977,18590,12885,10145
18600,13080,10014,18610,12893,10123
18620,13096,10054,18630,12888,10089
18640,13088,10012,18650,12894,10138
18660,13087,10010,18670,12887,10159
18680,13082,9986,18690,12893,10150
18700,13093,10021,18710,12898,10149
18720,13095,10053,18730,12884,10109
18740,13102,10026,18750,12886,10154
18760,13093,10011,18770,12888,10168
18780,13084,9992,18790,12886,10152
18800,13088,10029,18810,12899,10135
18820,13099,10062,18830,12893,10111
18840,13101,10035,18850,12891,10133
18860,13092,10021,18870,12892,10189
18880,12917,9983,18890,12877,10145
18900,13067,10043,18910,12854,10144
18920,13053,10049,18930,12864,10132
18940,13064,10036,18950,12867,10155
18960,13052,10005,18970,12858,10175
18980,13068,9993,18990,12892,10150
19000,13089,10030,19010,12917,10141
19020,13092,10058,19030,12891,10114
19040,13085,10021,19050,12889,10162
19060,13104,10025,19070,12891,10178
19080,13089,9986,19090,12900,10149
19100,13086,10042,19110,12904,10132
19120,13099,10064,19130,12891,10111
19140,13078,10030,19150,12894,10166
19160,13092,10019,19170,12885,10173
19180,12955,9997,19190,12894,10157
19200,13086,10027,19210,12890,10135
19220,13091,10066,19230,12892,10112
19240,13091,10031,19250,12898,10161
19260,13094,10019,19270,12887,10196
19280,13098,9986,19290,12903,10135
19300,13085,10035,19310,12882,10133
19320,13088,10075,19330,12895,10133
19340,13084,10020,19350,12895,10168
19360,13092,10022,19370,12896,10194
19380,13088,10003,19390,12891,10142
19400,13077,10031,19410,12894,10137
19420,13099,10081,19430,12899,10127
19440,13096,10019,19450,12893,10170
19460,13092,10014,19470,12888,10192
19480,12940,10000,19490,12888,10149
19500,13081,10055,19510,12878,10130
19520,13084,10072,19530,12886,10136
19540,13093,10020,19550,12901,10166
19560,13094,10014,19570,12894,10230
19580,13094,10015,19590,12891,10139
19600,13097,10048,19610,12888,10136
19620,13091,10094,19630,12909,10119
19640,13091,10011,19650,12898,10177
19660,13095,10008,19670,12891,10239
19680,13106,10012,19690,12904,10143
19700,13093,10052,19710,12892,10123
19720,13091,10108,19730,12897,10137
19740,13099,10025,19750,12900,10168
19760,13092,10025,19770,12897,10219
19780,12936,10016,19790,12889,10143
19800,13091,10047,19810,12896,10116
19820,13075,10091,19830,12892,10140
19840,13088,10007,19850,12887,10165
19860,13086,9983,19870,12886,10227
19880,13092,10018,19890,12890,10130
19900,13098,10045,19910,12889,10095
19920,13093,10097,19930,12886,10135
19940,13094,10019,19950,12878,10166
19960,13085,9961,19970,12865,10219
19980,13053,10020,19990,12847,10145
20000,13046,10029,20010,12838,10089
20020,13040,10093,20030,12846,10132
20040,13034,10013,20050,12852,10160
20060,13058,9979,20070,12878,10214
20080,12945,10024,20090,12799,10136
20100,13033,10045,20110,12810,10078
20120,13020,10103,20130,12841,10149
20140,13003,10006,20150,12914,10167
20160,13078,9953,20170,12902,10214
20180,13094,10020,20190,12894,10130
20200,13088,10047,20210,12900,10088
20220,13095,10080,20230,12906,10142
20240,13093,10022,20250,12897,10165
20260,13089,9958,20270,12898,10226
20280,13089,10028,20290,12895,10141
20300,13097,10043,20310,12885,10081
20320,13100,10075,20330,12890,10130
20340,13094,10023,20350,12890,10176
20360,13099,9952,20370,12901,10208
20380,13086,9998,20390,12892,10144
20400,13087,10038,20410,12892,10070
20420,13090,10072,20430,12904,10142
20440,13097,10006,20450,12899,10160
20460,13096,9958,20470,12906,10203
20480,13091,10011,20490,12882,10133
20500,13087,10051,20510,12884,10068
20520,13093,10077,20530,12898,10148
20540,13082,10007,20550,12886,10174
20560,13098,9977,20570,12895,10207
20580,13085,10014,20590,12886,10139
20600,13096,10059,20610,12889,10091
20620,13092,10077,20630,12888,10144
20640,13090,10026,20650,12895,10168
20660,13092,9945,20670,12896,10180
20680,12936,10014,20690,12892,10139
20700,13092,10036,20710,12900,10090
20720,13080,10060,20730,12885,10141
20740,13088,10010,20750,12893,10182
20760,13079,9969,20770,12887,10188
20780,13091,10000,20790,12892,10140
20800,13082,10053,20810,12893,10089
20820,13091,10040,20830,12896,10142
20840,13089,10009,20850,12894,10182
20860,13096,9953,20870,12900,10149
20880,13097,10022,20890,12887,10126
20900,13085,10062,20910,12901,10106
20920,13090,10024,20930,12889,10142
20940,13083,10008,20950,12896,10173
20960,13089,9976,20970,12890,10144
20980,13091,10024,20990,12889,10139
21000,13095,10061,21010,12884,10093
21020,13091,10047,21030,12879,10149
21040,13078,10021,21050,12870,10175
21060,13064,9977,21070,12860,10160
21080,13062,10034,21090,12856,10138
21100,13060,10059,21110,12868,10089
21120,13062,10041,21130,12901,10161
21140,13086,10017,21150,12894,10172
21160,13087,9989,21170,12898,10149
21180,13084,10028,21190,12896,10128
21200,13085,10057,21210,12895,10104
21220,13077,10026,21230,12897,10162
21240,13089,9999,21250,12901,10173
21260,13080,9974,21270,12900,10155
21280,13071,10022,21290,12896,10126
21300,13077,10049,21310,12897,10112
21320,13064,10017,21330,12901,10152
21340,13084,10003,21350,12893,10180
21360,13091,9995,21370,12893,10136
21380,13093,10013,21390,12904,10125
21400,13093,10037,21410,12903,10110
21420,13099,10027,21430,12894,10136
21440,13082,9994,21450,12890,10164
21460,13098,9978,21470,12899,10145
21480,13099,10019,21490,12902,10127
21500,13104,10041,21510,12903,10090
21520,13104,10026,21530,12895,10148
21540,13092,9995,21550,12894,10162
21560,13087,9980,21570,12903,10130
21580,13048,9995,21590,12889,10080
21600,13087,10002,21610,12888,10044
21620,13094,9919,21630,12892,10028
21640,13082,9867,21650,12899,10031
21660,13100,9832,21670,12901,9945
21680,13094,9767,21690,12893,9820
21700,13081,9698,21710,12905,9764
21720,13098,9621,21730,12897,9762
21740,13078,9607,21750,12890,9757
21760,13106,9546,21770,12885,9696
21780,13092,9556,21790,12891,9641
21800,13096,9523,21810,12889,9578
21820,13093,9489,21830,12890,9644
21840,13088,9482,21850,12885,9659
21860,13089,9427,21870,12896,9593
21880,13087,9439,21890,12874,9553
21900,13101,9440,21910,12898,9520
21920,13089,9385,21930,12894,9524
21940,13085,9332,21950,12900,9510
21960,13088,9258,21970,12902,9439
21980,13082,9251,21990,12903,9374
22000,13091,9201,22010,12894,9319
22020,13095,9118,22030,12896,9308
22040,13092,9015,22050,12902,9262
22060,13090,8942,22070,12887,9202
22080,13092,8987,22090,12898,9200
22100,13080,8983,22110,12883,9179
22120,13059,8882,22130,12859,9165
22140,13052,8713,22150,12853,9132
22160,13039,8578,22170,12842,9161
22180,13033,8575,22190,12763,9171
22200,12963,8546,22210,12563,9176
22220,12211,8512,22230,12744,9272
22240,11899,8449,22250,12744,9398
22260,11528,8398,22270,12404,9594
22280,11883,8412,22290,11984,9790
22300,11548,8438,22310,11521,9808
22320,10975,8378,22330,12104,9860
22340,10866,8361,22350,12126,9892
22360,10834,8346,22370,11356,9809
22380,11118,8360,22390,10899,9680
22400,11182,8387,22410,10829,9655
22420,10566,8300,22430,11628,9715
22440,10620,8289,22450,11720,9745
22460,10715,8298,22470,11210,9733
22480,11157,8314,22490,10719,9802
22500,10874,8345,22510,10399,9884
22520,10181,8254,22530,11434,9936
22540,10218,8231,22550,11759,9952
22560,10479,8235,22570,10927,9891
22580,11059,8266,22590,10519,9906
22600,11239,8323,22610,10382,9975
22620,9981,8233,22630,10996,10057
22640,9771,8148,22650,11539,10168
22660,10019,8222,22670,10435,10134
22680,10510,8269,22690,9977,10120
22700,10725,8301,22710,10105,10280
22720,9538,8223,22730,10723,10401
22740,8859,8133,22750,11268,10501
22760,9553,8222,22770,10122,10502
22780,9995,8253,22790,9116,10465
22800,10269,8305,22810,9928,10602
22820,9148,8222,22830,10586,10734
22840,8089,8132,22850,11238,10812
22860,9345,8204,22870,10053,10772
22880,9855,8259,22890,8777,10683
22900,10140,8278,22910,9930,10804
22920,9049,8219,22930,10545,10856
22940,7825,8132,22950,11130,10920
22960,9299,8202,22970,9978,10844
22980,9784,8267,22990,8600,10764
23000,10049,8285,23010,9918,10871
23020,9060,8208,23030,10562,10921
23040,7810,8118,23050,11125,10992
23060,9305,8204,23070,10028,10932
23080,9763,8271,23090,8582,10844
23100,10044,8293,23110,9963,10954
23120,9016,8215,23130,10558,10987
23140,7735,8141,23150,11147,11031
23160,9291,8235,23170,10022,10947
23180,9760,8254,23190,8577,10830
23200,10054,8300,23210,9962,10956
23220,9038,8220,23230,10521,10975
23240,7764,8142,23250,11026,11024
23260,9345,8220,23270,9994,10904
23280,9759,8261,23290,8508,10668
23300,10047,8287,23310,9908,10713
23320,9131,8212,23330,10486,10718
23340,7859,8123,23350,10972,10719
23360,9444,8213,23370,9908,10567
23380,9879,8261,23390,8452,10418
23400,10158,8282,23410,9902,10527
23420,9196,8225,23430,10424,10530
23440,7942,8133,23450,10949,10412
23460,9798,8229,23470,10063,10189
23480,10246,8261,23490,8691,10048
23500,10381,8279,23510,10019,10196
23520,9480,8223,23530,10485,10235
23540,8223,8123,23550,10879,10225
23560,9777,8230,23570,9916,10220
23580,9972,8258,23590,8353,10227
23600,9789,8231,23610,9914,10453
23620,9190,8222,23630,10365,10475
23640,7850,8122,23650,10542,10491
23660,9500,8233,23670,9841,10549
23680,9786,8243,23690,8311,10485
23700,9613,8202,23710,9992,10621
23720,9131,8221,23730,10434,10619
23740,7905,8127,23750,10521,10497
23760,9739,8256,23770,9903,10351
23780,10000,8261,23790,8660,10122
23800,10037,8251,23810,10465,10093
23820,9908,8221,23830,10845,9940
23840,9391,8188,23850,10937,9734
23860,10813,8307,23870,10869,9727
23880,11006,8359,23890,11163,9731
23900,11819,8509,23910,12889,9253
23920,13095,9034,23930,12898,9491
23940,13083,9414,23950,12897,9760
23960,13074,9643,23970,12891,9793
23980,13089,9645,23990,12896,9745
24000,13091,9673,24010,12891,9802
24020,13091,9652,24030,12881,9852
24040,13096,9651,24050,12896,9857
24060,13097,9797,24070,12897,9980
24080,13087,9931,24090,12885,10023
24100,13090,9931,24110,12905,10050
24120,13093,9917,24130,12899,10105
24140,13084,9921,24150,12896,10080
24160,13091,9953,24170,12886,10062
24180,13096,10001,24190,12882,10056
24200,13084,9976,24210,12898,10095
24220,13093,9961,24230,12891,10103
24240,13083,9935,24250,12863,10085
24260,13062,9950,24270,12848,10052
24280,13051,9959,24290,12856,10029
24300,13041,9924,24310,12843,10047
24320,13031,9898,24330,12864,10048
24340,13039,9756,24350,12876,9812
24360,13072,9622,24370,12885,9668
24380,13074,9482,24390,12903,9526
24400,13077,9361,24410,12893,9478
24420,13083,9284,24430,12908,9452
24440,13076,9197,24450,12884,9385
24460,13078,9201,24470,12905,9390
24480,13088,9195,24490,12886,9376
24500,13087,9149,24510,12895,9462
24520,13093,9114,24530,12893,9482
24540,13087,9042,24550,12890,9477
24560,13084,9010,24570,12879,9410
24580,13076,8859,24590,12889,9309
24600,13084,8688,24610,12886,9434
24620,13078,8627,24630,12904,9517
24640,13085,8534,24650,12893,9577
24660,13085,8559,24670,12902,9753
24680,13083,8512,24690,12890,9991
24700,13097,8435,24710,12893,10097
24720,13072,8366,24730,12884,9865
24740,12723,8310,24750,12872,9910
24760,13088,8375,24770,12739,10196
24780,13070,8339,24790,12348,10842
24800,12199,8279,24810,12787,11467
24820,11644,8246,24830,12702,11735
24840,11316,8216,24850,12457,11821
24860,12190,8298,24870,12267,11903
24880,11347,8281,24890,12222,11941
24900,10723,8242,24910,12568,12082
24920,10620,8237,24930,12428,12147
24940,10649,8220,24950,12078,12174
24960,11346,8288,24970,11834,12243
24980,10760,8360,24990,12095,12307
25000,10138,8254,25010,12388,12429
25020,10180,8237,25030,12311,12520
25040,10364,8254,25050,11902,12454
25060,10871,8282,25070,11712,12468
25080,10687,8315,25090,12040,12503
25100,9974,8244,25110,12305,12565
25120,10161,8215,25130,12405,12631
25140,10472,8237,25150,11903,12527
25160,10777,8284,25170,11726,12529
25180,11051,8324,25190,12110,12555
25200,10111,8258,25210,12325,12583
25220,10287,8244,25230,12533,12611
25240,10628,8259,25250,11970,12525
25260,10819,8278,25270,11787,12522
25280,11171,8314,25290,12245,12535
25300,10344,8245,25310,12399,12539
25320,10502,8204,25330,12531,12568
25340,10909,8273,25350,12051,12509
25360,10918,8280,25370,11866,12408
25380,11294,8322,25390,12240,12517
25400,10416,8247,25410,12348,12552
25420,10290,8143,25430,12563,12599
25440,10841,8264,25450,12015,12507
25460,10853,8276,25470,11460,12413
25480,11290,8303,25490,12284,12476
25500,10591,8239,25510,12389,12479
25520,10052,8165,25530,12604,12504
25540,10980,8274,25550,12124,12445
25560,10969,8268,25570,11228,12341
25580,11355,8302,25590,12299,12433
25600,10746,8240,25610,12427,12453
25620,10007,8170,25630,12559,12474
25640,11037,8248,25650,12029,12455
25660,10813,8266,25670,11147,12374
25680,11181,8297,25690,12274,12467
25700,10628,8225,25710,12386,12457
25720,9998,8178,25730,12547,12484
25740,11041,8263,25750,12032,12444
25760,10806,8273,25770,11136,12379
25780,11138,8296,25790,12209,12478
25800,10555,8232,25810,12327,12472
25820,9914,8142,25830,12551,12532
25840,10967,8247,25850,12005,12492
25860,10729,8266,25870,11160,12410
25880,11090,8292,25890,12107,12520
25900,10494,8239,25910,12278,12562
25920,9815,8190,25930,12534,12600
25940,10897,8272,25950,12025,12531
25960,10716,8278,25970,11172,12466
25980,11089,8302,25990,12056,12579
26000,10436,8255,26010,12249,12583
26020,9730,8181,26030,12556,12577
26040,10842,8255,26050,11999,12489
26060,10756,8262,26070,11135,12399
26080,11233,8286,26090,12050,12501
26100,10550,8244,26110,12297,12519
26120,9856,8147,26130,12577,12523
26140,10885,8246,26150,12006,12468
26160,10809,8268,26170,11132,12372
26180,11259,8262,26190,12077,12500
26200,10644,8244,26210,12336,12474
26220,9851,8177,26230,12535,12449
26240,10927,8267,26250,12071,12407
26260,10940,8269,26270,11117,12329
26280,11161,8214,26290,12031,12407
26300,10690,8224,26310,12336,12411
26320,9804,8202,26330,12573,12406
26340,10824,8276,26350,11995,12406
26360,10804,8268,26370,11079,12328
26380,10731,8224,26390,12078,12416
26400,10552,8253,26410,12243,12409
26420,9953,8192,26430,12169,12413
26440,11096,8274,26450,11932,12458
26460,10799,8271,26470,11145,12419
26480,10451,8243,26490,12193,12528
26500,10441,8239,26510,12253,12519
26520,9935,8176,26530,12229,12472
26540,11167,8291,26550,11899,12509
26560,10724,8276,26570,11250,12438
26580,10508,8209,26590,12199,12554
26600,10431,8242,26610,12259,12549
26620,9925,8223,26630,12051,12517
26640,11184,8297,26650,11864,12533
26660,10720,8268,26670,11300,12487
26680,10302,8237,26690,12237,12585
26700,10393,8229,26710,12219,12598
26720,10043,8218,26730,11913,12558
26740,11259,8300,26750,11894,12546
26760,10781,8275,26770,11411,12491
26780,10375,8241,26790,12292,12593
26800,10427,8242,26810,12234,12575
26820,10091,8213,26830,11897,12546
26840,11260,8279,26850,11887,12532
26860,10778,8279,26870,11413,12494
26880,10345,8234,26890,12300,12562
26900,10446,8224,26910,12238,12569
26920,10105,8216,26930,11950,12554
26940,11245,8276,26950,11882,12554
26960,10788,8279,26970,11469,12494
26980,10435,8242,26990,12297,12575
27000,10483,8240,27010,12231,12586
27020,10163,8221,27030,11937,12559
27040,11165,8289,27050,11877,12584
27060,10782,8270,27070,11529,12528
27080,10469,8254,27090,12333,12611
27100,10504,8229,27110,12266,12605
27120,10213,8218,27130,11937,12583
27140,11136,8283,27150,11844,12578
27160,10810,8260,27170,11435,12564
27180,10402,8252,27190,12294,12620
27200,10474,8237,27210,12267,12651
27220,10125,8205,27230,11909,12642
27240,11116,8270,27250,11803,12656
27260,10722,8282,27270,11406,12609
27280,10350,8237,27290,12284,12698
27300,10475,8245,27310,12257,12703
27320,10141,8233,27330,11906,12658
27340,11063,8290,27350,11843,12666
27360,10768,8286,27370,11456,12619
27380,10367,8247,27390,12290,12695
27400,10452,8241,27410,12268,12673
27420,10139,8242,27430,11935,12625
27440,11089,8278,27450,11817,12615
27460,10838,8277,27470,11455,12594
27480,10419,8252,27490,12281,12688
27500,10467,8239,27510,12263,12711
27520,10155,8229,27530,11913,12692
27540,11046,8280,27550,11806,12663
27560,10847,8276,27570,11513,12648
27580,10414,8255,27590,12277,12703
27600,10471,8236,27610,12303,12755
27620,10325,8228,27630,11930,12677
27640,11061,8274,27650,11811,12667
27660,10888,8308,27670,11571,12668
27680,10441,8253,27690,12330,12742
27700,10487,8237,27710,12320,12747
27720,10239,8260,27730,11951,12682
27740,11011,8274,27750,11783,12667
27760,10858,8278,27770,11547,12673
27780,10436,8252,27790,12322,12708
27800,10483,8246,27810,12326,12730
27820,10456,8272,27830,11916,12683
27840,10942,8281,27850,11733,12682
27860,10858,8313,27870,11713,12695
27880,10452,8225,27890,12309,12745
27900,10495,8237,27910,12338,12788
27920,10535,8263,27930,11935,12681
27940,10969,8271,27950,11726,12694
27960,11058,8304,27970,11760,12736
27980,10431,8261,27990,12313,12760
28000,10458,8239,28010,12475,12799
28020,10584,8278,28030,11916,12803
28040,10923,8280,28050,11682,12797
28060,11225,8316,28070,11815,12850
28080,10381,8242,28090,12295,12901
28100,10428,8164,28110,12584,12909
28120,10651,8250,28130,11910,12872
28140,10907,8271,28150,11493,12754
28160,11233,8290,28170,11856,12874
28180,10360,8241,28190,12295,12890
28200,9981,8186,28210,12585,12896
28220,10679,8266,28230,11905,12869
28240,10876,8268,28250,10973,12823
28260,11175,8302,28270,11853,12888
28280,10370,8243,28290,12293,12895
28300,9711,8187,28310,12598,12897
28320,10714,8263,28330,11939,12903
28340,10857,8266,28350,10858,12828
28360,11182,8306,28370,11877,12897
28380,10405,8251,28390,12287,12881
28400,9636,8184,28410,12575,12904
28420,10767,8241,28430,11912,12882
28440,10853,8270,28450,10807,12837
28460,11121,8310,28470,11888,12847
28480,10412,8240,28490,12281,12846
28500,9639,8182,28510,12573,12838
28520,10738,8278,28530,11925,12857
28540,10838,8266,28550,10819,12882
28560,11085,8282,28570,11828,12882
28580,10370,8229,28590,12263,12896
28600,9604,8190,28610,12539,12894
28620,10748,8273,28630,11921,12892
28640,10814,8273,28650,10790,12890
28660,11096,8287,28670,11867,12889
28680,10355,8234,28690,12267,12894
28700,9546,8193,28710,12544,12900
28720,10742,8268,28730,11912,12894
28740,10807,8269,28750,10767,12895
28760,11056,8285,28770,11867,12894
28780,10361,8243,28790,12291,12896
28800,9652,8174,28810,12570,12883
28820,10802,8268,28830,11906,12892
28840,10853,8261,28850,10755,12876
28860,11138,8290,28870,11856,12906
28880,10413,8253,28890,12296,12902
28900,9570,8178,28910,12575,12898
28920,10821,8265,28930,11887,12907
28940,10827,8242,28950,10875,12852
28960,10897,8254,28970,11931,12889
28980,10407,8242,28990,12265,12898
29000,9756,8189,29010,12387,12883
29020,10923,8277,29030,11896,12898
29040,10856,8266,29050,10907,12831
29060,10787,8249,29070,11971,12889
29080,10448,8246,29090,12287,12887
29100,9789,8186,29110,12270,12898
29120,10935,8273,29130,11873,12889
29140,10816,8270,29150,10833,12877
29160,10368,8235,29170,11945,12890
29180,10430,8248,29190,12316,12891
29200,9756,8177,29210,12016,12876
29220,10949,8280,29230,11856,12886
29240,10786,8273,29250,10910,12884
29260,10304,8238,29270,12011,12882
29280,10421,8237,29290,12253,12889
29300,9735,8195,29310,11989,12902
29320,11059,8270,29330,11838,12900
29340,10787,8261,29350,10900,12888
29360,10348,8213,29370,12079,12810
29380,10371,8233,29390,12284,12889
29400,9829,8210,29410,11954,12896
29420,11076,8270,29430,11846,12883
29440,10782,8269,29450,10971,12896
29460,10273,8231,29470,12089,12890
29480,10405,8225,29490,12271,12885
29500,9846,8196,29510,12023,12869
29520,11096,8284,29530,11876,12856
29540,10798,8260,29550,10987,12852
29560,10306,8251,29570,12125,12867
29580,10423,8239,29590,12264,12855
29600,9833,8230,29610,11942,12868
29620,11135,8258,29630,11823,12883
29640,10827,8258,29650,11025,12898
29660,10403,8239,29670,12152,12825
29680,10491,8241,29690,12248,12878
29700,9980,8204,29710,12033,12893
29720,11161,8280,29730,11844,12903
29740,10857,8262,29750,11033,12884
29760,10455,8240,29770,12158,12890
29780,10501,8230,29790,12295,12897
29800,9977,8216,29810,12019,12889
29820,11170,8271,29830,11854,12903
29840,10873,8270,29850,11058,12891
29860,10448,8247,29870,12191,12893
29880,10496,8229,29890,12323,12897
29900,10010,8213,29910,12014,12885
29920,11187,8283,29930,11833,12888
29940,10905,8259,29950,11101,12888
29960,10450,8237,29970,12238,12903
29980,10497,8224,29990,12312,12887
30000,10022,8224,30010,12011,12885
30020,11186,8256,30030,11818,12886
30040,10906,8278,30050,11078,12893
30060,10450,8232,30070,12237,12887
30080,10508,8237,30090,12339,12884
30100,9988,8214,30110,12013,12890
30120,11171,8270,30130,11833,12885
30140,10923,8263,30150,11125,12900
30160,10452,8245,30170,12246,12884
30180,10483,8230,30190,12349,12883
30200,9980,8224,30210,12006,12873
30220,11174,8269,30230,11803,12892
30240,10931,8276,30250,11145,12886
30260,10509,8220,30270,12206,12737
30280,10480,8229,30290,12368,12892
30300,10048,8232,30310,12020,12891
30320,11197,8264,30330,11795,12885
30340,10980,8270,30350,11229,12887
30360,10496,8232,30370,12298,12889
30380,10493,8226,30390,12401,12883
30400,10175,8221,30410,11996,12887
30420,11206,8281,30430,11769,12884
30440,10997,8287,30450,11264,12895
30460,10517,8237,30470,12320,12877
30480,10518,8241,30490,12416,12885
30500,10201,8251,30510,12038,12889
30520,11199,8254,30530,11720,12891
30540,11038,8265,30550,11325,12880
30560,10505,8229,30570,12253,12739
30580,10496,8244,30590,12423,12855
30600,10349,8255,30610,12001,12845
30620,11219,8271,30630,11684,12819
30640,11040,8282,30650,11464,12840
30660,10536,8225,30670,12353,12859
30680,10507,8226,30690,12579,12864
30700,10482,8243,30710,11974,12896
30720,11166,8263,30730,11644,12886
30740,11199,8304,30750,11524,12893
30760,10526,8245,30770,12366,12891
30780,10493,8222,30790,12526,12895
30800,10573,8267,30810,12027,12901
30820,11174,8254,30830,11670,12897
30840,11376,8300,30850,11674,12893
30860,10588,8240,30870,12380,12885
30880,10540,8172,30890,12637,12886
30900,10714,8254,30910,12021,12885
30920,11154,8262,30930,11473,12836
30940,11485,8291,30950,11718,12881
30960,10594,8242,30970,12384,12899
30980,10101,8161,30990,12682,12886
31000,10789,8270,31010,12003,12892
31020,11151,8268,31030,10870,12872
31040,11521,8291,31050,11739,12882
31060,10591,8250,31070,12376,12891
31080,9780,8172,31090,12705,12876
31100,10793,8270,31110,12007,12887
31120,11133,8258,31130,10745,12870
31140,11512,8279,31150,11769,12880
31160,10612,8242,31170,12288,12736
31180,9743,8175,31190,12673,12888
31200,10809,8253,31210,12014,12886
31220,11092,8277,31230,10646,12877
31240,11433,8288,31250,11783,12896
31260,10600,8239,31270,12368,12880
31280,9700,8189,31290,12647,12886
31300,10837,8255,31310,12013,12885
31320,11071,8271,31330,10676,12881
31340,11481,8290,31350,11807,12887
31360,10610,8235,31370,12357,12905
31380,9718,8183,31390,12671,12886
31400,10830,8254,31410,12006,12881
31420,11033,8256,31430,10635,12879
31440,11385,8287,31450,11777,12889
31460,10557,8240,31470,12341,12890
31480,9693,8191,31490,12634,12885
31500,10870,8256,31510,11996,12891
31520,11040,8272,31530,10652,12888
31540,11354,8282,31550,11793,12890
31560,10544,8235,31570,12334,12894
31580,9623,8193,31590,12623,12896
31600,10812,8271,31610,11909,12884
31620,10970,8268,31630,10756,12886
31640,11214,8288,31650,11834,12867
31660,10481,8245,31670,12326,12867
31680,9704,8177,31690,12608,12852
31700,10865,8260,31710,11911,12850
31720,10953,8275,31730,10640,12851
31740,11207,8288,31750,11814,12884
31760,10492,8244,31770,12297,12884
31780,9693,8177,31790,12537,12823
31800,10899,8242,31810,11879,12882
31820,10989,8265,31830,10689,12869
31840,11020,8258,31850,11834,12891
31860,10481,8239,31870,12326,12900
31880,9709,8175,31890,12576,12898
31900,10953,8258,31910,11944,12892
31920,10979,8264,31930,10768,12904
31940,11130,8268,31950,11888,12889
31960,10538,8244,31970,12335,12895
31980,9736,8198,31990,12516,12902
32000,10986,8290,32010,11954,12893
32020,11013,8262,32030,10700,12889
32040,11001,8248,32050,11911,12885
32060,10569,8229,32070,12347,12884
32080,9772,8192,32090,12459,12878
32100,11090,8288,32110,11957,12895
32120,10978,8253,32130,10803,12893
32140,10850,8242,32150,12012,12894
32160,10579,8242,32170,12336,12882
32180,9789,8209,32190,12288,12890
32200,11172,8275,32210,11924,12883
32220,11022,8266,32230,10852,12889
32240,10599,8238,32250,12066,12891
32260,10585,8258,32270,12356,12889
32280,9880,8218,32290,12237,12887
32300,11216,8287,32310,11949,12883
32320,10978,8272,32330,10908,12891
32340,10605,8238,32350,12088,12886
32360,10602,8239,32370,12337,12894
32380,9966,8207,32390,12118,12884
32400,11271,8276,32410,11932,12887
32420,11020,8266,32430,10889,12886
32440,10586,8237,32450,12139,12886
32460,10619,8235,32470,12351,12882
32480,9967,8204,32490,12101,12878
32500,11346,8269,32510,11904,12885
32520,11073,8265,32530,10880,12886
32540,10656,8230,32550,12146,12893
32560,10660,8242,32570,12363,12897
32580,10092,8218,32590,12136,12880
32600,11348,8261,32610,11914,12876
32620,11091,8255,32630,10927,12876
32640,10679,8249,32650,12190,12882
32660,10700,8228,32670,12370,12877
32680,10144,8204,32690,12121,12878
32700,11365,8265,32710,11878,12886
32720,11123,8261,32730,10948,12863
32740,10725,8236,32750,12235,12859
32760,10684,8239,32770,12411,12847
32780,10117,8199,32790,12109,12842
32800,11365,8265,32810,11875,12845
32820,11095,8273,32830,11021,12863
32840,10691,8242,32850,12206,12898
32860,10697,8238,32870,12383,12890
32880,10169,8209,32890,12102,12899
32900,11397,8277,32910,11866,12885
32920,11124,8270,32930,10979,12886
32940,10655,8246,32950,12282,12901
32960,10671,8235,32970,12423,12902
32980,10134,8213,32990,12057,12889
33000,11353,8275,33010,11821,12883
33020,11086,8268,33030,11002,12887
33040,10619,8261,33050,12300,12881
33060,10672,8239,33070,12421,12905
33080,10189,8195,33090,12091,12898
33100,11395,8269,33110,11799,12882
33120,11113,8292,33130,11044,12883
33140,10625,8238,33150,12313,12887
33160,10635,8247,33170,12423,12891
33180,10181,8210,33190,12056,12890
33200,11348,8264,33210,11791,12891
33220,11141,8276,33230,11148,12889
33240,10610,8227,33250,12356,12880
33260,10633,8228,33270,12437,12876
33280,10305,8219,33290,12078,12873
33300,11355,8260,33310,11758,12887
33320,11128,8280,33330,11235,12880
33340,10638,8246,33350,12388,12904
33360,10655,8236,33370,12465,12892
33380,10458,8235,33390,12057,12895
33400,11379,8266,33410,11719,12891
33420,11389,8326,33430,11360,12894
33440,10735,8261,33450,12494,12890
33460,10820,8219,33470,12535,12565
33480,10999,8082,33490,12445,10951
33500,12572,8311,33510,12458,10523
33520,12614,8371,33530,12356,10333
33540,12202,8306,33550,12714,10291
33560,12076,8288,33570,12713,10203
33580,12003,8288,33590,12515,10109
33600,12458,8341,33610,12377,10048
33620,12448,8360,33630,12356,10001
33640,12101,8321,33650,12651,10016
33660,11964,8317,33670,12655,10014
33680,11978,8322,33690,12365,9916
33700,12244,8355,33710,12142,9808
33720,12159,8384,33730,12138,9800
33740,11760,8340,33750,12346,9762
33760,11733,8331,33770,12454,9783
33780,11858,8370,33790,12200,9732
33800,11999,8377,33810,11994,9691
33820,12003,8416,33830,12640,9793
33840,13089,8481,33850,12889,9202
33860,13102,9024,33870,12891,9414
33880,13087,9289,33890,12886,9553
33900,13077,9435,33910,12869,9505
33920,13069,9442,33930,12861,9526
33940,13056,9389,33950,12859,9570
33960,13057,9356,33970,12864,9644
33980,13054,9462,33990,12883,9604
34000,13080,9518,34010,12900,9591
34020,13079,9547,34030,12900,9627
34040,13085,9475,34050,12905,9643
34060,13086,9427,34070,12890,9698
34080,13093,9497,34090,12895,9625
34100,13107,9499,34110,12906,9577
34120,13099,9501,34130,12897,9595
34140,13083,9462,34150,12888,9629
34160,13080,9412,34170,12888,9654
34180,13085,9439,34190,12905,9600
34200,13077,9465,34210,12892,9568
34220,13088,9506,34230,12899,9620
34240,13094,9432,34250,12893,9623
34260,13108,9377,34270,12904,9664
34280,13109,9434,34290,12897,9602
34300,13096,9427,34310,12891,9552
34320,13105,9441,34330,12896,9590
34340,13116,9359,34350,12884,9599
34360,13092,9286,34370,12892,9599
34380,13099,9300,34390,12898,9548
34400,13098,9275,34410,12897,9531
34420,13094,9263,34430,12890,9590
34440,13090,9163,34450,12905,9649
34460,13102,9107,34470,12895,9701
34480,13092,9119,34490,12894,9724
34500,13088,9134,34510,12898,9732
34520,13103,9125,34530,12890,9897
34540,13095,9033,34550,12895,10002
34560,13088,8910,34570,12889,10134
34580,13099,8922,34590,12902,10182
34600,13089,8858,34610,12890,10179
34620,13094,8781,34630,12890,10292
34640,13084,8616,34650,12895,10368
34660,13086,8474,34670,12891,10349
34680,13085,8493,34690,12890,10195
34700,13090,8473,34710,12897,10048
34720,13096,8456,34730,12892,10050
34740,13098,8423,34750,12899,10071
34760,13111,8382,34770,12883,10086
34780,13090,8435,34790,12885,10065
34800,13088,8447,34810,12896,10019
34820,13084,8437,34830,12899,10093
34840,13103,8426,34850,12889,10098
34860,13095,8382,34870,12897,10098
34880,13093,8439,34890,12886,10110
34900,13093,8462,34910,12893,10064
34920,13075,8445,34930,12896,10137
34940,13093,8432,34950,12887,10148
34960,13092,8373,34970,12871,10129
34980,13067,8446,34990,12852,10167
35000,13053,8439,35010,12845,10157
35020,13043,8411,35030,12845,10277
35040,13035,8438,35050,12858,10288
35060,13043,8388,35070,12879,10290
35080,12990,8463,35090,12836,10351
35100,13037,8473,35110,12823,10371
35120,13010,8419,35130,12801,10591
35140,13079,8392,35150,12902,10732
35160,13082,8330,35170,12889,10857
35180,13085,8400,35190,12889,11060
35200,13087,8392,35210,12898,11160
35220,13106,8365,35230,12893,11369
35240,13093,8326,35250,12888,11474
35260,13083,8260,35270,12897,11511
35280,13091,8372,35290,12886,11523
35300,13081,8354,35310,12885,11479
35320,13098,8310,35330,12896,11596
35340,13078,8308,35350,12888,11691
35360,13098,8262,35370,12896,11696
35380,13081,8385,35390,12889,11752
35400,13090,8341,35410,12900,11708
35420,13093,8313,35430,12899,11827
35440,13089,8300,35450,12898,11836
35460,13083,8274,35470,12884,11801
35480,13091,8369,35490,12884,11765
35500,13087,8338,35510,12880,11715
35520,13094,8299,35530,12895,11827
35540,13087,8307,35550,12887,11838
35560,13094,8264,35570,12890,11784
35580,13093,8371,35590,12884,11798
35600,13095,8363,35610,12883,11756
35620,13095,8308,35630,12891,11835
35640,13083,8305,35650,12886,11810
35660,13084,8265,35670,12886,11741
35680,13082,8376,35690,12888,11755
35700,13083,8359,35710,12888,11712
35720,13095,8313,35730,12888,11821
35740,13090,8301,35750,12891,11789
35760,13098,8283,35770,12895,11747
35780,13093,8363,35790,12893,11768
35800,13081,8362,35810,12891,11724
35820,13094,8320,35830,12892,11842
35840,13094,8306,35850,12904,11819
35860,13091,8305,35870,12887,11797
35880,13097,8361,35890,12901,11806
35900,13084,8365,35910,12898,11777
35920,13085,8309,35930,12894,11900
35940,13106,8294,35950,12896,11880
35960,13093,8291,35970,12903,11850
35980,13104,8378,35990,12896,11829
36000,13089,8362,36010,12891,11802
36020,13096,8316,36030,12880,11909
36040,13083,8296,36050,12864,11898
36060,13071,8298,36070,12865,11888
36080,13059,8381,36090,12862,11868
36100,13057,8355,36110,12855,11858
36120,13059,8288,36130,12878,11961
36140,13087,8291,36150,12896,11951
36160,13088,8311,36170,12900,11895
36180,13081,8377,36190,12897,11879
36200,13082,8363,36210,12900,11894
36220,13093,8291,36230,12899,11919
36240,13090,8292,36250,12906,11885
36260,13089,8328,36270,12890,11832
36280,13058,8361,36290,12887,11822
36300,13078,8354,36310,12899,11875
36320,13070,8314,36330,12894,11876
36340,13099,8299,36350,12898,11870
36360,13089,8376,36370,12897,11802
36380,13106,8359,36390,12889,11799
36400,13089,8425,36410,12890,11828
36420,13085,8307,36430,12901,11862
36440,13095,8320,36450,12897,11840
36460,13093,8331,36470,12903,11527
36480,13086,8380,36490,12893,11132
36500,13101,8435,36510,12894,10741
36520,13089,8369,36530,12887,10571
36540,13093,8395,36550,12885,10416
36560,13097,8435,36570,12893,10300
36580,13096,8515,36590,12889,9652
36600,13088,8704,36610,12893,9504
36620,13094,8915,36630,12882,9475
36640,13097,8920,36650,12905,9475
36660,13098,9028,36670,12903,9411
36680,13092,9095,36690,12894,9376
36700,13092,9134,36710,12891,9422
36720,13090,9076,36730,12882,9431
36740,13095,9029,36750,12889,9478
36760,13109,9089,36770,12900,9427
36780,13097,9121,36790,12894,9374
36800,13100,9152,36810,12889,9446
36820,13101,9133,36830,12894,9446
36840,13096,9063,36850,12891,9477
36860,13092,9122,36870,12891,9433
36880,13094,9153,36890,12892,9379
36900,13106,9193,36910,12900,9416
36920,13093,9161,36930,12899,9460
36940,13091,9153,36950,12895,9503
36960,13095,9202,36970,12890,9464
36980,13082,9258,36990,12900,9427
37000,13095,9302,37010,12893,9487
37020,13082,9270,37030,12897,9533
37040,13090,9246,37050,12889,9560
37060,13089,9314,37070,12885,9529
37080,13099,9401,37090,12886,9523
37100,13096,9476,37110,12875,9597
37120,13066,9438,37130,12862,9624
37140,13045,9406,37150,12852,9663
37160,13033,9464,37170,12812,9618
37180,13000,9487,37190,12797,9570
37200,12995,9515,37210,12798,9615
37220,13015,9471,37230,12890,9656
37240,13063,9426,37250,12902,9679
37260,13084,9526,37270,12900,9657
37280,13079,9569,37290,12901,9625
37300,13086,9600,37310,12909,9670
37320,13086,9523,37330,12896,9692
37340,13085,9477,37350,12888,9709
37360,13091,9523,37370,12899,9650
37380,13090,9537,37390,12904,9609
37400,13087,9565,37410,12890,9659
37420,13096,9514,37430,12889,9656
37440,13096,9455,37450,12887,9693
37460,13097,9500,37470,12886,9649
37480,13089,9532,37490,12902,9594
37500,13094,9529,37510,12896,9624
37520,13101,9471,37530,12888,9657
37540,13093,9439,37550,12891,9659
37560,13098,9454,37570,12893,9598
37580,13092,9477,37590,12890,9534
37600,13095,9479,37610,12889,9595
37620,13100,9421,37630,12893,9575
37640,13098,9333,37650,12894,9557
37660,13076,9361,37670,12887,9485
37680,13079,9354,37690,12906,9434
37700,13106,9323,37710,12890,9464
37720,13098,9274,37730,12892,9471
37740,13092,9235,37750,12884,9474
37760,13104,9281,37770,12895,9443
37780,13096,9265,37790,12900,9403
37800,13087,9230,37810,12892,9415
37820,13094,9185,37830,12893,9428
37840,13087,9114,37850,12905,9369
37860,13087,9166,37870,12897,9340
37880,13093,9161,37890,12894,9294
37900,13103,9142,37910,12894,9337
37920,13105,9136,37930,12895,9362
37940,13095,9125,37950,12900,9358
37960,13114,9194,37970,12906,9375
37980,13102,9228,37990,12906,9378
38000,13105,9232,38010,12899,9428
38020,13097,9237,38030,12902,9456
38040,13102,9206,38050,12902,9449
38060,13101,9275,38070,12892,9419
38080,13097,9290,38090,12894,9382
38100,13101,9242,38110,12895,9425
38120,13095,9226,38130,12895,9418
38140,13099,9181,38150,12894,9384
38160,13095,9192,38170,12897,9345
38180,13089,9175,38190,12880,9322
38200,13077,9151,38210,12878,9352
38220,13065,9138,38230,12865,9369
38240,13064,9146,38250,12858,9340
38260,13049,9173,38270,12871,9348
38280,13069,9195,38290,12887,9311
38300,13095,9172,38310,12901,9364
38320,13084,9152,38330,12912,9387
38340,13087,9154,38350,12899,9373
38360,13086,9194,38370,12888,9370
38380,13089,9208,38390,12896,9331
38400,13104,9181,38410,12898,9386
38420,13098,9166,38430,12895,9388
38440,13093,9139,38450,12910,9358
38460,13085,9182,38470,12896,9349
38480,13088,9183,38490,12892,9330
38500,13089,9161,38510,12891,9378
38520,13098,9161,38530,12895,9383
38540,13090,9145,38550,12901,9369
38560,13095,9179,38570,12881,9349
38580,13085,9198,38590,12893,9320
38600,13104,9171,38610,12907,9369
38620,13093,9151,38630,12900,9385
38640,13092,9134,38650,12896,9354
38660,13095,9180,38670,12891,9350
38680,13095,9182,38690,12892,9329
38700,13083,9161,38710,12892,9368
38720,13081,9167,38730,12903,9399
38740,13091,9150,38750,12897,9373
38760,13100,9188,38770,12909,9357
38780,13097,9194,38790,12890,9323
38800,13092,9152,38810,12893,9367
38820,13097,9155,38830,12891,9373
38840,13088,9120,38850,12895,9350
38860,13097,9181,38870,12913,9351
38880,13096,9196,38890,12897,9326
38900,13093,9142,38910,12901,9370
38920,13093,9126,38930,12893,9372
38940,13089,9138,38950,12893,9361
38960,13080,9171,38970,12899,9330
38980,13090,9174,38990,12892,9321
39000,13097,9140,39010,12899,9364
39020,13101,9127,39030,12898,9372
39040,13100,9123,39050,12902,9327
39060,13096,9143,39070,12899,9319
39080,13097,9164,39090,12908,9309
39100,13084,9124,39110,12892,9348
39120,13095,9108,39130,12894,9367
39140,13107,9122,39150,12893,9324
39160,13095,9146,39170,12889,9327
39180,13104,9190,39190,12886,9319
39200,13095,9125,39210,12885,9352
39220,13089,9113,39230,12892,9389
39240,13101,9143,39250,12880,9335
39260,13055,9153,39270,12854,9343
39280,13042,9190,39290,12835,9338
39300,13026,9155,39310,12814,9359
39320,13014,9144,39330,12855,9406
39340,13042,9165,39350,12875,9360
39360,13074,9177,39370,12885,9338
39380,13093,9213,39390,12899,9359
39400,13082,9154,39410,12902,9373
39420,13082,9141,39430,12902,9410
39440,13082,9161,39450,12900,9359
39460,13087,9182,39470,12900,9358
39480,13090,9218,39490,12900,9370
39500,13083,9160,39510,12901,9386
39520,13090,9119,39530,12901,9430
39540,13111,9179,39550,12891,9368
39560,13089,9190,39570,12900,9319
39580,13077,9217,39590,12907,9365
39600,13076,9168,39610,12897,9392
39620,13080,9097,39630,12904,9410
39640,13102,9178,39650,12897,9354
39660,13088,9187,39670,12896,9329
39680,13097,9214,39690,12905,9367
39700,13108,9161,39710,12900,9400
39720,13096,9107,39730,12907,9423
39740,13097,9177,39750,12883,9362
39760,13095,9183,39770,12893,9326
39780,13105,9217,39790,12897,9360
39800,13098,9169,39810,12899,9397
39820,13090,9119,39830,12897,9428
39840,13088,9165,39850,12903,9371
39860,13094,9188,39870,12897,9318
39880,13095,9211,39890,12910,9382
39900,13102,9160,39910,12894,9396
39920,13098,9119,39930,12911,9417
39940,13100,9175,39950,12891,9376
39960,13102,9191,39970,12893,9318
39980,13097,9202,39990,12913,9377
40000,13102,9176,40010,12900,9400
40020,13094,9101,40030,12894,9416
40040,13110,9157,40050,12896,9369
40060,13107,9185,40070,12901,9326
40080,13100,9206,40090,12904,9363
40100,13091,9150,40110,12904,9397
40120,13103,9121,40130,12894,9415
40140,13105,9170,40150,12896,9370
40160,13097,9191,40170,12896,9323
40180,13094,9206,40190,12896,9372
40200,13091,9155,40210,12896,9394
40220,13098,9109,40230,12898,9412
40240,13099,9168,40250,12885,9379
40260,13104,9183,40270,12896,9306
40280,13095,9214,40290,12905,9385
40300,13089,9155,40310,12882,9398
40320,13092,9122,40330,12880,9429
40340,13065,9175,40350,12854,9374
40360,13070,9184,40370,12864,9325
40380,13069,9201,40390,12863,9396
40400,13070,9171,40410,12874,9401
40420,13080,9126,40430,12900,9430
40440,13093,9188,40450,12902,9372
40460,12947,9182,40470,12900,9333
40480,13088,9171,40490,12902,9402
40500,13088,9168,40510,12902,9402
40520,13101,9127,40530,12901,9384
40540,13104,9178,40550,12893,9379
40560,13094,9197,40570,12896,9337
40580,13104,9184,40590,12900,9400
40600,13083,9170,40610,12894,9409
40620,13103,9119,40630,12899,9404
40640,13092,9171,40650,12895,9389
40660,13095,9193,40670,12892,9356
40680,13095,9181,40690,12898,9400
40700,13092,9172,40710,12896,9421
40720,13100,9129,40730,12898,9400
40740,13097,9191,40750,12890,9390
40760,12945,9191,40770,12890,9336
40780,13086,9174,40790,12903,9404
40800,13090,9160,40810,12906,9414
40820,13092,9152,40830,12906,9400
40840,13089,9180,40850,12894,9406
40860,13108,9204,40870,12895,9376
40880,13097,9175,40890,12878,9426
40900,13087,9168,40910,12894,9430
40920,13092,9155,40930,12902,9418
40940,13105,9210,40950,12903,9403
40960,13111,9220,40970,12900,9363
40980,13085,9176,40990,12895,9414
41000,13102,9184,41010,12907,9438
41020,13098,9159,41030,12890,9411
41040,13100,9206,41050,12906,9400
41060,12935,9206,41070,12893,9367
41080,13085,9197,41090,12891,9433
41100,13095,9189,41110,12905,9438
41120,13090,9163,41130,12901,9410
41140,13084,9197,41150,12894,9403
41160,13093,9204,41170,12890,9370
41180,13090,9193,41190,12908,9421
41200,13107,9197,41210,12895,9431
41220,13092,9164,41230,12903,9415
41240,13107,9213,41250,12885,9399
41260,13103,9215,41270,12896,9385
41280,13093,9195,41290,12892,9427
41300,13084,9170,41310,12881,9443
41320,13098,9166,41330,12890,9422
41340,13098,9218,41350,12901,9414
41360,13102,9224,41370,12894,9392
41380,13087,9200,41390,12887,9422
41400,13088,9187,41410,12868,9424
41420,13056,9158,41430,12853,9424
41440,13061,9207,41450,12850,9421
41460,13052,9218,41470,12851,9378
41480,13046,9194,41490,12872,9436
41500,13072,9191,41510,12904,9461
41520,13081,9168,41530,12900,9418
41540,13093,9208,41550,12903,9409
41560,13077,9210,41570,12903,9389
41580,13083,9199,41590,12907,9423
41600,13106,9178,41610,12916,9432
41620,13106,9175,41630,12905,9407
41640,13108,9202,41650,12907,9400
41660,12955,9214,41670,12920,9397
41680,13058,9171,41690,12907,9420
41700,13071,9172,41710,12904,9422
41720,13082,9139,41730,12900,9399
41740,13111,9188,41750,12902,9388
41760,13111,9202,41770,12902,9363
41780,13099,9170,41790,12886,9420
41800,13093,9157,41810,12907,9435
41820,13103,9161,41830,12908,9403
41840,13109,9191,41850,12886,9389
41860,13109,9205,41870,12893,9372
41880,13098,9167,41890,12893,9410
41900,13108,9151,41910,12902,9423
41920,13096,9148,41930,12905,9393
41940,13099,9187,41950,12906,9383
41960,13107,9207,41970,12888,9382
41980,13102,9168,41990,12905,9424
42000,13117,9181,42010,12904,9465
42020,13098,9155,42030,12897,9386
42040,13092,9173,42050,12899,9384
42060,13097,9231,42070,12889,9375
42080,13098,9167,42090,12904,9412
42100,13096,9141,42110,12898,9441
42120,13091,9154,42130,12887,9383
42140,13099,9190,42150,12880,9385
42160,13101,9220,42170,12913,9394
42180,13100,9164,42190,12887,9401
42200,13105,9144,42210,12895,9447
42220,13108,9150,42230,12881,9368
42240,13100,9180,42250,12884,9358
42260,12941,9191,42270,12892,9364
42280,13066,9144,42290,12889,9403
42300,13096,9127,42310,12883,9428
42320,13088,9142,42330,12897,9370
42340,13094,9161,42350,12889,9318
42360,13096,9197,42370,12894,9356
42380,13091,9138,42390,12899,9390
42400,13086,9081,42410,12906,9418
42420,13093,9147,42430,12882,9374
42440,13093,9148,42450,12886,9304
42460,13084,9172,42470,12878,9362
42480,13073,9136,42490,12865,9396
42500,13069,9085,42510,12866,9413
42520,13052,9145,42530,12859,9368
42540,13053,9154,42550,12872,9313
42560,12936,9183,42570,12802,9368
42580,13013,9131,42590,12802,9385
42600,13011,9095,42610,12857,9426
42620,13033,9133,42630,12888,9371
42640,13085,9165,42650,12890,9323
42660,13103,9193,42670,12906,9391
42680,13102,9144,42690,12890,9402
42700,13096,9104,42710,12901,9418
42720,13094,9167,42730,12906,9368
42740,13091,9176,42750,12899,9330
42760,13091,9191,42770,12891,9373
42780,13099,9147,42790,12901,9397
42800,13100,9113,42810,12899,9426
42820,13098,9153,42830,12889,9398
42840,13093,9185,42850,12899,9342
42860,13087,9216,42870,12890,9387
42880,13098,9162,42890,12897,9408
42900,13084,9100,42910,12890,9445
42920,13098,9171,42930,12893,9374
42940,13098,9191,42950,12888,9328
42960,13081,9216,42970,12881,9383
42980,13080,9154,42990,12896,9410
43000,13092,9118,43010,12895,9434
43020,13084,9179,43030,12876,9387
43040,13079,9186,43050,12895,9327
43060,13109,9221,43070,12898,9405
43080,13097,9175,43090,12895,9429
43100,13100,9138,43110,12882,9422
43120,13097,9178,43130,12897,9397
43140,13088,9206,43150,12898,9340
43160,13089,9219,43170,12891,9408
43180,13086,9170,43190,12895,9412
43200,13095,9115,43210,12892,9429
43220,13095,9178,43230,12903,9399
43240,13092,9195,43250,12896,9346
43260,13101,9196,43270,12896,9389
43280,13085,9167,43290,12896,9429
43300,13104,9134,43310,12884,9392
43320,13094,9192,43330,12905,9394
43340,13098,9198,43350,12892,9333
43360,13098,9189,43370,12885,9402
43380,13094,9167,43390,12897,9415
43400,13111,9120,43410,12905,9387
43420,13091,9168,43430,12894,9349
43440,13104,9153,43450,12897,9294
43460,13096,9138,43470,12891,9346
43480,13095,9101,43490,12902,9360
43500,13098,9055,43510,12897,9338
43520,13108,9117,43530,12882,9325
43540,13081,9144,43550,12877,9331
43560,13060,9152,43570,12860,9382
43580,13068,9173,43590,12845,9402
43600,13037,9157,43610,12852,9384
43620,13035,9190,43630,12862,9374
43640,13058,9189,43650,12879,9338
43660,13086,9171,43670,12893,9386
43680,13074,9166,43690,12902,9387
43700,13076,9135,43710,12904,9366
43720,13091,9161,43730,12893,9336
43740,13088,9148,43750,12907,9312
43760,13090,9101,43770,12888,9342
43780,13076,9108,43790,12908,9354
43800,13075,9095,43810,12835,9355
43820,13067,9158,43830,12902,9373
43840,13100,9187,43850,12913,9340
43860,13094,9179,43870,12896,9407
43880,13096,9185,43890,12906,9415
43900,13099,9195,43910,12896,9408
43920,13091,9242,43930,12907,9417
43940,13099,9263,43950,12901,9378
43960,13099,9248,43970,12916,9449
43980,13099,9248,43990,12903,9473
44000,13093,9239,44010,12903,9446
44020,13097,9269,44030,12903,9436
44040,13104,9282,44050,12901,9409
44060,13089,9266,44070,12898,9445
44080,13091,9245,44090,12904,9468
44100,13105,9229,44110,12895,9449
44120,13086,9277,44130,12906,9437
44140,13099,9290,44150,12901,9430
44160,13098,9277,44170,12902,9453
44180,13106,9259,44190,12888,9484
44200,13093,9241,44210,12896,9455
44220,13097,9301,44230,12899,9453
44240,13097,9301,44250,12899,9423
44260,13097,9269,44270,12897,9471
44280,13095,9271,44290,12890,9493
44300,13101,9238,44310,12902,9461
44320,13093,9275,44330,12900,9429
44340,13099,9292,44350,12902,9412
44360,13110,9262,44370,12906,9440
44380,13083,9249,44390,12901,9461
44400,13098,9220,44410,12908,9438
44420,13103,9265,44430,12901,9424
44440,13100,9274,44450,12907,9398
44460,13107,9243,44470,12893,9430
44480,13095,9208,44490,12903,9430
44500,13099,9194,44510,12901,9398
44520,13103,9237,44530,12903,9412
44540,13099,9265,44550,12908,9405
44560,13106,9228,44570,12899,9463
44580,13096,9255,44590,12915,9483
44600,13095,9251,44610,12885,9450
44620,13071,9295,44630,12870,9440
44640,13078,9310,44650,12861,9421
44660,13041,9276,44670,12812,9461
44680,13011,9274,44690,12810,9500
44700,13000,9284,44710,12804,9467
44720,13000,9328,44730,12907,9473
44740,13093,9355,44750,12892,9470
44760,13089,9323,44770,12901,9509
44780,13098,9338,44790,12891,9532
44800,13087,9337,44810,12903,9498
44820,13105,9375,44830,12899,9507
44840,13101,9392,44850,12899,9511
44860,13099,9366,44870,12897,9540
44880,13099,9347,44890,12880,9581
44900,13095,9358,44910,12907,9506
44920,13098,9383,44930,12897,9499
44940,13090,9390,44950,12904,9505
44960,13107,9358,44970,12891,9531
44980,13097,9350,44990,12909,9570
45000,13094,9364,45010,12902,9534
45020,13099,9374,45030,12900,9511
45040,13104,9430,45050,12886,9533
45060,13097,9363,45070,12893,9561
45080,13102,9362,45090,12900,9600
45100,13096,9400,45110,12898,9560
45120,13104,9427,45130,12881,9513
45140,13096,9474,45150,12884,9554
45160,13107,9405,45170,12904,9582
45180,13095,9350,45190,12895,9609
45200,13089,9399,45210,12902,9555
45220,13092,9431,45230,12898,9523
45240,13092,9471,45250,12899,9551
45260,13077,9416,45270,12897,9593
45280,13097,9373,45290,12893,9637
45300,13099,9426,45310,12892,9575
45320,13101,9443,45330,12894,9521
45340,13106,9481,45350,12897,9573
45360,13097,9415,45370,12903,9608
45380,13086,9372,45390,12891,9621
45400,13093,9422,45410,12894,9577
45420,13090,9440,45430,12904,9531
45440,13098,9465,45450,12876,9570
45460,13104,9421,45470,12880,9594
45480,13087,9368,45490,12897,9641
45500,13106,9423,45510,12902,9569
45520,13106,9445,45530,12900,9532
45540,13099,9495,45550,12902,9587
45560,13091,9451,45570,12893,9620
45580,13103,9394,45590,12818,9652
45600,13017,9464,45610,12892,9601
45620,13103,9485,45630,12900,9563
45640,13096,9512,45650,12890,9608
45660,13097,9458,45670,12899,9640
45680,13077,9413,45690,12874,9660
45700,13064,9451,45710,12851,9591
45720,13047,9473,45730,12855,9548
45740,13053,9508,45750,12850,9606
45760,13047,9457,45770,12857,9637
45780,13060,9404,45790,12888,9665
45800,13083,9468,45810,12896,9597
45820,13086,9474,45830,12909,9533
45840,13076,9497,45850,12897,9600
45860,13097,9445,45870,12903,9627
45880,13093,9415,45890,12908,9648
45900,13095,9456,45910,12907,9601
45920,13092,9474,45930,12891,9540
45940,13102,9461,45950,12899,9582
45960,13102,9427,45970,12901,9609
45980,13102,9389,45990,12893,9619
46000,13098,9446,46010,12901,9591
46020,13092,9450,46030,12907,9556
46040,13097,9480,46050,12900,9602
46060,13107,9428,46070,12911,9620
46080,13094,9392,46090,12902,9636
46100,13103,9454,46110,12887,9588
46120,13090,9451,46130,12898,9550
46140,13091,9456,46150,12894,9575
46160,13097,9416,46170,12900,9612
46180,13095,9388,46190,12901,9616
46200,13085,9442,46210,12900,9585
46220,13100,9452,46230,12905,9540
46240,13108,9433,46250,12893,9601
46260,13103,9420,46270,12904,9618
46280,13109,9409,46290,12886,9614
46300,13092,9444,46310,12894,9601
46320,13095,9463,46330,12892,9568
46340,13108,9458,46350,12897,9639
46360,13114,9434,46370,12892,9646
46380,13105,9429,46390,12893,9622
46400,13091,9448,46410,12892,9607
46420,13086,9474,46430,12886,9601
46440,13103,9449,46450,12891,9626
46460,13088,9437,46470,12885,9634
46480,13094,9418,46490,12887,9623
46500,13081,9462,46510,12897,9611
46520,13103,9477,46530,12900,9590
46540,13094,9456,46550,12904,9638
46560,13094,9436,46570,12900,9658
46580,13097,9432,46590,12890,9639
46600,13080,9471,46610,12895,9619
46620,13099,9478,46630,12903,9610
46640,13094,9467,46650,12895,9652
46660,13093,9448,46670,12901,9688
46680,13096,9427,46690,12893,9644
46700,13089,9463,46710,12895,9646
46720,13099,9497,46730,12889,9625
46740,13100,9485,46750,12880,9660
46760,13067,9449,46770,12863,9681
46780,13060,9442,46790,12851,9651
46800,13049,9463,46810,12827,9626
46820,13053,9473,46830,12861,9620
46840,13065,9446,46850,12877,9629
46860,13089,9429,46870,12892,9651
46880,13091,9406,46890,12902,9636
46900,13081,9425,46910,12901,9634
46920,13092,9442,46930,12900,9616
46940,13089,9428,46950,12902,9657
46960,13094,9424,46970,12900,9654
46980,13088,9403,46990,12904,9657
47000,13094,9465,47010,12894,9652
47020,13088,9488,47030,12904,9633
47040,13103,9473,47050,12897,9683
47060,13081,9460,47070,12901,9686
47080,13089,9444,47090,12898,9658
47100,13095,9482,47110,12895,9659
47120,13085,9504,47130,12902,9631
47140,13100,9473,47150,12891,9672
47160,13098,9455,47170,12902,9694
47180,13095,9424,47190,12908,9661
47200,13095,9448,47210,12892,9640
47220,13105,9470,47230,12886,9621
47240,13099,9437,47250,12901,9671
47260,13094,9434,47270,12903,9690
47280,13102,9421,47290,12896,9660
47300,13105,9473,47310,12902,9653
47320,13096,9504,47330,12907,9654
47340,13096,9458,47350,12881,9682
47360,13100,9468,47370,12898,9716
47380,13102,9446,47390,12895,9666
47400,13107,9495,47410,12897,9671
47420,13085,9504,47430,12901,9670
47440,13099,9471,47450,12895,9703
47460,13092,9471,47470,12890,9723
47480,13096,9459,47490,12899,9694
47500,13093,9501,47510,12887,9667
47520,13096,9512,47530,12900,9677
47540,13093,9469,47550,12901,9712
47560,13096,9469,47570,12888,9721
47580,13094,9479,47590,12899,9692
47600,13109,9509,47610,12895,9677
47620,13095,9537,47630,12890,9692
47640,13092,9480,47650,12894,9724
47660,13083,9488,47670,12884,9739
47680,13087,9482,47690,12896,9706
47700,13089,9520,47710,12880,9690
47720,13102,9526,47730,12911,9705
47740,13100,9503,47750,12906,9742
47760,13094,9483,47770,12886,9791
47780,13098,9498,47790,12905,9709
47800,13091,9499,47810,12900,9705
47820,13080,9547,47830,12882,9724
47840,13066,9480,47850,12863,9724
47860,13049,9477,47870,12844,9760
47880,13030,9470,47890,12839,9707
47900,13023,9501,47910,12848,9685
47920,13037,9537,47930,12859,9704
47940,13061,9473,47950,12894,9737
47960,13084,9423,47970,12897,9768
47980,13087,9486,47990,12897,9697
48000,13088,9498,48010,12894,9648
48020,13091,9528,48030,12908,9701
48040,13084,9480,48050,12910,9716
48060,13092,9432,48070,12891,9745
48080,13108,9471,48090,12891,9689
48100,13085,9490,48110,12908,9637
48120,13090,9519,48130,12892,9699
48140,13089,9461,48150,12891,9708
48160,13088,9409,48170,12889,9748
48180,13101,9460,48190,12895,9692
48200,13094,9480,48210,12897,9632
48220,13088,9520,48230,12896,9691
48240,13091,9457,48250,12901,9711
48260,13091,9426,48270,12890,9735
48280,13089,9474,48290,12902,9698
48300,13082,9489,48310,12900,9651
48320,13103,9527,48330,12904,9702
48340,13101,9467,48350,12902,9716
48360,13101,9417,48370,12903,9740
48380,13095,9464,48390,12889,9700
48400,13102,9485,48410,12895,9648
48420,13100,9529,48430,12890,9697
48440,13100,9484,48450,12888,9725
48460,13104,9404,48470,12910,9771
48480,13107,9465,48490,12893,9709
48500,13103,9501,48510,12894,9660
48520,13099,9541,48530,12902,9710
48540,13092,9486,48550,12905,9740
48560,13091,9446,48570,12896,9783
48580,13097,9491,48590,12898,9707
48600,13100,9513,48610,12895,9688
48620,13108,9538,48630,12906,9729
48640,13106,9484,48650,12896,9762
48660,13114,9451,48670,12898,9778
48680,13102,9487,48690,12897,9737
48700,13092,9519,48710,12904,9676
48720,13098,9555,48730,12903,9761
48740,13103,9502,48750,12891,9760
48760,13099,9456,48770,12893,9780
48780,13095,9513,48790,12906,9751
48800,13100,9534,48810,12905,9702
48820,13102,9562,48830,12898,9761
48840,13100,9503,48850,12905,9770
48860,13098,9466,48870,12901,9790
48880,13104,9509,48890,12901,9741
48900,13084,9519,48910,12876,9699
48920,13067,9541,48930,12866,9755
48940,13063,9493,48950,12868,9763
48960,13060,9457,48970,12863,9773
48980,13069,9518,48990,12870,9750
49000,13066,9533,49010,12902,9707
49020,13078,9547,49030,12897,9762
49040,13090,9500,49050,12895,9774
49060,13094,9482,49070,12901,9760
49080,13101,9531,49090,12901,9759
49100,13092,9544,49110,12903,9735
49120,13086,9521,49130,12906,9762
49140,13086,9516,49150,12888,9790
49160,13091,9497,49170,12898,9768
49180,13074,9523,49190,12906,9749
49200,13067,9548,49210,12892,9727
49220,13096,9533,49230,12912,9787
49240,13106,9538,49250,12903,9784
49260,13104,9494,49270,12907,9778
49280,13111,9543,49290,12903,9758
49300,13100,9566,49310,12915,9728
49320,13099,9541,49330,12897,9784
49340,13086,9532,49350,12898,9812
49360,13097,9521,49370,12888,9782
49380,13094,9550,49390,12899,9767
49400,13092,9571,49410,12909,9745
49420,13091,9542,49430,12888,9791
49440,13106,9529,49450,12897,9802
49460,13091,9516,49470,12899,9770
49480,13097,9547,49490,12904,9759
49500,13097,9574,49510,12901,9752
49520,13089,9550,49530,12902,9794
49540,13093,9531,49550,12889,9803
49560,13099,9515,49570,12891,9793
49580,13102,9554,49590,12908,9773
49600,13101,9582,49610,12888,9765
49620,13092,9567,49630,12892,9811
49640,13100,9545,49650,12893,9824
49660,13099,9536,49670,12906,9793
49680,13086,9574,49690,12897,9790
49700,13094,9585,49710,12899,9778
49720,13097,9566,49730,12902,9806
49740,13097,9567,49750,12883,9830
49760,13086,9543,49770,12895,9809
49780,13090,9577,49790,12906,9794
49800,13096,9597,49810,12893,9786
49820,13102,9574,49830,12899,9817
49840,13110,9567,49850,12901,9838
49860,13102,9542,49870,12903,9803
49880,13100,9570,49890,12902,9808
49900,13092,9601,49910,12901,9782
49920,13100,9569,49930,12896,9802
49940,13086,9552,49950,12895,9835
49960,13088,9540,49970,12887,9806
49980,13074,9591,49990,12868,9791
50000,13048,9611,50010,12846,9780
50020,13039,9572,50030,12845,9824
50040,13033,9551,50050,12844,9837
50060,12999,9547,50070,12790,9803
50080,13004,9576,50090,12797,9794
50100,13005,9613,50110,12854,9781
50120,13071,9570,50130,12900,9803
50140,13081,9557,50150,12904,9847
50160,13085,9551,50170,12899,9809
50180,13087,9595,50190,12896,9801
50200,13092,9616,50210,12898,9790
50220,13097,9584,50230,12899,9816
50240,13092,9559,50250,12899,9840
50260,13094,9554,50270,12894,9806
50280,13095,9591,50290,12892,9793
50300,13086,9614,50310,12904,9790
50320,13096,9570,50330,12903,9817
50340,13099,9560,50350,12896,9830
50360,13094,9578,50370,12890,9791
50380,13089,9592,50390,12890,9791
50400,13098,9613,50410,12900,9784
50420,13088,9565,50430,12898,9821
50440,13089,9562,50450,12894,9849
50460,13097,9548,50470,12899,9800
50480,13096,9598,50490,12886,9792
50500,13094,9618,50510,12879,9803
50520,13093,9566,50530,12890,9818
50540,13099,9567,50550,12891,9850
50560,13105,9560,50570,12898,9809
50580,13110,9603,50590,12906,9794
50600,13096,9637,50610,12903,9808
50620,13103,9580,50630,12890,9837
50640,13099,9580,50650,12893,9864
50660,13094,9579,50670,12893,9812
50680,13095,9605,50690,12894,9805
50700,13095,9638,50710,12905,9811
50720,13090,9589,50730,12899,9845
50740,13094,9551,50750,12894,9882
50760,13098,9601,50770,12890,9812
50780,13103,9603,50790,12903,9765
50800,13084,9644,50810,12897,9804
50820,13096,9564,50830,12893,9829
50840,13091,9515,50850,12902,9876
50860,13095,9582,50870,12896,9802
50880,13101,9616,50890,12902,9775
50900,13092,9639,50910,12885,9802
50920,13097,9577,50930,12901,9832
50940,13098,9523,50950,12885,9870
50960,13096,9573,50970,12892,9806
50980,13097,9596,50990,12889,9773
51000,13091,9627,51010,12900,9798
51020,13095,9568,51030,12892,9837
51040,13098,9524,51050,12872,9876
51060,13075,9575,51070,12863,9788
51080,13079,9585,51090,12876,9746
51100,13078,9635,51110,12874,9813
51120,13051,9563,51130,12872,9832
51140,13075,9523,51150,12897,9876
51160,13093,9578,51170,12907,9805
51180,13092,9589,51190,12913,9766
51200,13102,9624,51210,12888,9806
51220,13093,9557,51230,12897,9827
51240,13099,9534,51250,12762,9844
51260,13047,9552,51270,12898,9803
51280,13080,9583,51290,12905,9735
51300,13074,9600,51310,12881,9785
51320,13090,9555,51330,12910,9817
51340,13094,9507,51350,12906,9847
51360,13101,9556,51370,12889,9786
51380,13100,9577,51390,12904,9740
51400,13094,9613,51410,12893,9780
51420,13097,9547,51430,12889,9806
51440,13097,9500,51450,12901,9836
51460,13106,9554,51470,12906,9791
51480,13097,9585,51490,12903,9745
51500,13096,9607,51510,12900,9778
51520,13109,9550,51530,12900,9805
51540,13097,9504,51550,12757,9841
51560,13087,9558,51570,12896,9777
51580,13100,9581,51590,12893,9734
51600,13102,9594,51610,12882,9775
51620,13097,9539,51630,12894,9803
51640,13099,9504,51650,12892,9830
51660,13093,9531,51670,12893,9775
51680,13094,9577,51690,12890,9758
51700,13095,9592,51710,12892,9794
51720,13096,9550,51730,12892,9792
51740,13096,9502,51750,12891,9815
51760,13099,9569,51770,12887,9773
51780,13108,9570,51790,12895,9741
51800,13094,9587,51810,12895,9794
51820,13095,9541,51830,12899,9796
51840,13086,9506,51850,12909,9813
51860,13091,9544,51870,12889,9789
51880,13092,9587,51890,12895,9736
51900,13092,9581,51910,12901,9796
51920,13095,9551,51930,12901,9802
51940,13103,9523,51950,12884,9819
51960,13101,9565,51970,12902,9798
51980,13099,9587,51990,12893,9754
52000,13082,9560,52010,12903,9816
52020,13095,9550,52030,12909,9818
52040,13100,9522,52050,12893,9797
52060,13090,9582,52070,12878,9792
52080,13096,9586,52090,12897,9771
52100,13095,9575,52110,12888,9821
52120,13084,9570,52130,12870,9842
52140,13051,9553,52150,12700,9817
52160,13029,9577,52170,12831,9800
52180,13015,9584,52190,12804,9750
52200,12994,9549,52210,12792,9783
52220,13057,9505,52230,12891,9797
52240,13067,9468,52250,12909,9734
52260,13077,9482,52270,12907,9685
52280,13080,9510,52290,12895,9656
52300,13088,9463,52310,12908,9688
52320,13098,9475,52330,12912,9709
52340,13107,9446,52350,12900,9682
52360,13090,9487,52370,12899,9660
52380,13094,9508,52390,12903,9643
52400,13105,9499,52410,12899,9662
52420,13099,9473,52430,12900,9686
52440,13105,9463,52450,12891,9649
52460,13099,9485,52470,12905,9629
52480,13088,9517,52490,12895,9603
52500,13087,9459,52510,12893,9620
52520,13094,9437,52530,12908,9651
52540,13092,9427,52550,12892,9603
52560,13104,9451,52570,12882,9587
52580,13088,9484,52590,12903,9562
52600,13099,9447,52610,12888,9605
52620,13101,9446,52630,12902,9633
52640,13101,9434,52650,12900,9610
52660,13087,9458,52670,12901,9613
52680,13094,9481,52690,12900,9601
52700,13098,9472,52710,12899,9624
52720,13100,9444,52730,12897,9640
52740,13096,9412,52750,12753,9606
52760,13084,9459,52770,12901,9590
52780,13088,9427,52790,12900,9528
52800,13090,9350,52810,12898,9547
52820,13096,9292,52830,12903,9519
52840,13097,9242,52850,12886,9446
52860,13094,9242,52870,12896,9429
52880,13100,9238,52890,12894,9429
52900,13100,9193,52910,12899,9428
52920,13096,9114,52930,12905,9431
52940,13088,9044,52950,12903,9408
52960,13080,9044,52970,12890,9392
52980,13095,8985,52990,12903,9396
53000,13107,8890,53010,12898,9434
53020,13094,8831,53030,12894,9463
53040,13088,8765,53050,12741,9444
53060,13081,8783,53070,12884,9480
53080,13099,8739,53090,12897,9505
53100,13102,8692,53110,12893,9575
53120,13106,8608,53130,12893,9615
53140,13097,8536,53150,12894,9646
53160,13097,8531,53170,12905,9734
53180,13094,8508,53190,12841,9810
53200,13012,8460,53210,12865,9969
53220,12828,8436,53230,12863,10094
53240,12503,8403,53250,12809,10157
53260,13001,8444,53270,12749,10170
53280,12683,8430,53290,12540,10117
53300,12176,8390,53310,12785,10125
53320,11947,8369,53330,12747,10103
53340,11858,8352,53350,12566,10069
53360,12518,8383,53370,12513,10075
53380,12445,8425,53390,12435,10071
53400,12097,8361,53410,12823,10140
53420,12123,8337,53430,12825,10159
53440,12135,8347,53450,12667,10142
53460,12620,8387,53470,12553,10135
53480,12414,8401,53490,12468,10177
53500,11995,8349,53510,12734,10211
53520,11771,8328,53530,12726,10264
53540,11890,8328,53550,12532,10241
53560,12426,8357,53570,12444,10244
53580,12412,8397,53590,12425,10266
53600,11894,8325,53610,12751,10308
53620,11745,8295,53630,12837,10400
53640,11738,8303,53650,12334,10398
53660,12067,8331,53670,12025,10426
53680,12206,8373,53690,11822,10623
53700,11240,8282,53710,12471,10715
53720,10689,8189,53730,12671,10810
53740,10871,8274,53750,11789,10765
53760,11554,8316,53770,10920,10708
53780,11816,8345,53790,11367,10881
53800,10644,8269,53810,12172,11020
53820,9576,8187,53830,12559,11133
53840,10595,8257,53850,11586,11145
53860,11091,8302,53870,10350,11090
53880,11420,8338,53890,11320,11267
53900,10251,8262,53910,11851,11378
53920,9052,8181,53930,12219,11512
53940,10129,8245,53950,11290,11513
53960,10559,8292,53970,10070,11489
53980,10808,8315,53990,11118,11682
54000,9829,8247,54010,11775,11776
54020,8640,8152,54030,12187,11823
54040,9971,8273,54050,11285,11722
54060,10481,8299,54070,9955,11643
54080,10789,8318,54090,11163,11740
54100,9861,8261,54110,11774,11776
54120,8569,8176,54130,12198,11794
54140,10063,8263,54150,11292,11718
54160,10510,8292,54170,9917,11615
54180,10816,8315,54190,11183,11705
54200,9887,8240,54210,11734,11721
54220,8664,8153,54230,12140,11737
54240,10079,8265,54250,11226,11650
54260,10488,8298,54270,9901,11516
54280,10804,8321,54290,11153,11586
54300,9911,8254,54310,11707,11605
54320,8713,8169,54330,12169,11732
54340,10122,8266,54350,11236,11649
54360,10528,8288,54370,9841,11541
54380,10866,8308,54390,11238,11665
54400,9903,8248,54410,11708,11717
54420,8664,8158,54430,12187,11722
54440,10167,8275,54450,11204,11669
54460,10520,8288,54470,9873,11530
54480,10821,8322,54490,11241,11666
54500,9882,8256,54510,11742,11705
54520,8642,8168,54530,12173,11717
54540,10179,8293,54550,11230,11638
54560,10508,8293,54570,9761,11476
54580,10785,8327,54590,11237,11673
54600,9899,8241,54610,11733,11720
54620,8571,8154,54630,12078,11753
54640,10166,8271,54650,11243,11679
54660,10499,8294,54670,9821,11561
54680,10726,8283,54690,11304,11710
54700,9901,8255,54710,11755,11738
54720,8651,8159,54730,12026,11764
54740,10188,8283,54750,11255,11721
54760,10471,8291,54770,9904,11606
54780,10582,8269,54790,11384,11754
54800,9885,8253,54810,11762,11781
54820,8674,8180,54830,11907,11760
54840,10320,8281,54850,11220,11723
54860,10455,8307,54870,9822,11633
54880,10407,8284,54890,11446,11771
54900,9870,8249,54910,11699,11775
54920,8694,8176,54930,11711,11727
54940,10308,8290,54950,11222,11716
54960,10437,8296,54970,9906,11637
54980,10212,8242,54990,11480,11792
55000,9850,8236,55010,11715,11809
55020,8731,8214,55030,11269,11777
55040,10388,8290,55050,11212,11767
55060,10423,8280,55070,10016,11673
55080,9882,8268,55090,11605,11822
55100,9830,8237,55110,11716,11834
55120,8882,8175,55130,11334,11788
55140,10429,8288,55150,11205,11766
55160,10384,8289,55170,10120,11706
55180,9954,8259,55190,11625,11839
55200,9817,8236,55210,11721,11849
55220,8923,8209,55230,11330,11831
55240,10434,8292,55250,11205,11804
55260,10384,8285,55270,10133,11735
55280,9893,8258,55290,11679,11829
55300,9825,8253,55310,11781,11863
55320,8936,8187,55330,11327,11836
55340,10473,8291,55350,11194,11869
55360,10373,8282,55370,10238,11801
55380,9937,8253,55390,11688,11910
55400,9809,8244,55410,11758,11920
55420,9062,8193,55430,11377,11905
55440,10460,8281,55450,11241,11884
55460,10380,8296,55470,10307,11799
55480,9955,8242,55490,11732,11903
55500,9796,8248,55510,11805,11947
55520,9091,8169,55530,11378,11904
55540,10451,8297,55550,11203,11903
55560,10414,8301,55570,10268,11854
55580,9901,8254,55590,11757,11943
55600,9780,8237,55610,11836,11929
55620,9090,8185,55630,11361,11917
55640,10505,8293,55650,11201,11893
55660,10402,8295,55670,10359,11826
55680,9934,8258,55690,11769,11937
55700,9790,8250,55710,11820,11927
55720,9123,8202,55730,11358,11870
55740,10522,8298,55750,11176,11872
55760,10446,8310,55770,10300,11806
55780,9905,8269,55790,11771,11926
55800,9765,8231,55810,11860,11930
55820,9088,8212,55830,11319,11889
55840,10501,8306,55850,11167,11875
55860,10447,8296,55870,10285,11819
55880,9907,8257,55890,11783,11930
55900,9716,8242,55910,11861,11950
55920,9115,8193,55930,11339,11874
55940,10551,8312,55950,11122,11872
55960,10471,8311,55970,10357,11825
55980,9946,8272,55990,11793,11931
56000,9711,8246,56010,11876,11945
56020,9165,8205,56030,11341,11918
56040,10542,8306,56050,11100,11856
56060,10502,8306,56070,10403,11827
56080,9918,8245,56090,11817,11924
56100,9687,8237,56110,11918,11956
56120,9236,8230,56130,11338,11918
56140,10549,8299,56150,11075,11903
56160,10509,8312,56170,10470,11887
56180,9892,8244,56190,11829,11964
56200,9636,8236,56210,11946,12041
56220,9403,8242,56230,11289,11913
56240,10541,8303,56250,11032,11905
56260,10568,8368,56270,10719,11901
56280,9849,8273,56290,11842,11984
56300,9613,8235,56310,11960,12033
56320,9508,8240,56330,11330,11919
56340,10528,8293,56350,11042,11890
56360,10642,8376,56370,10792,11899
56380,9880,8241,56390,11828,11936
56400,9592,8240,56410,12082,12027
56420,9658,8241,56430,11299,11942
56440,10526,8298,56450,11014,11928
56460,11093,8312,56470,10924,11941
56480,9881,8243,56490,11850,11995
56500,9616,8217,56510,12359,12051
56520,9771,8249,56530,11331,11949
56540,10520,8301,56550,11026,11863
56560,11033,8336,56570,11063,11953
56580,9889,8246,56590,11862,11979
56600,9532,8165,56610,12178,12041
56620,9862,8257,56630,11340,11959
56640,10528,8306,56650,10638,11812
56660,10930,8357,56670,11091,11924
56680,9868,8246,56690,11824,11953
56700,8947,8165,56710,12301,11993
56720,9907,8268,56730,11310,11944
56740,10501,8289,56750,10134,11820
56760,10941,8341,56770,11202,11950
56780,9883,8248,56790,11838,11977
56800,8735,8167,56810,12234,12023
56820,9941,8241,56830,11329,11945
56840,10493,8293,56850,10044,11845
56860,10891,8332,56870,11203,11973
56880,9855,8245,56890,11832,12030
56900,8603,8145,56910,12225,12073
56920,9960,8242,56930,11337,11994
56940,10458,8299,56950,9977,11876
56960,10877,8348,56970,11232,11972
56980,9871,8243,56990,11853,12024
57000,8449,8167,57010,12258,12090
57020,10000,8248,57030,11353,12005
57040,10493,8276,57050,9842,11874
57060,11013,8318,57070,11303,11939
57080,9864,8266,57090,11850,12028
57100,8491,8127,57110,12260,12096
57120,9957,8273,57130,11317,12024
57140,10430,8268,57150,9815,11896
57160,10935,8328,57170,11254,12014
57180,9846,8260,57190,11826,12079
57200,8383,8146,57210,12236,12138
57220,9959,8241,57230,11323,12071
57240,10452,8289,57250,9752,11957
57260,10948,8312,57270,11289,12066
57280,9803,8231,57290,11843,12131
57300,8218,8160,57310,12327,12181
57320,9938,8269,57330,11312,12067
57340,10480,8280,57350,9762,11905
57360,10963,8292,57370,11324,12023
57380,9841,8256,57390,11885,12054
57400,8405,8137,57410,12275,12112
57420,10082,8235,57430,11351,12032
57440,10464,8270,57450,9753,11918
57460,10924,8307,57470,11363,12055
57480,9848,8251,57490,11896,12122
57500,8227,8137,57510,12234,12143
57520,9964,8279,57530,11382,12147
57540,10445,8276,57550,9587,12005
57560,10817,8252,57570,11300,12106
57580,9853,8236,57590,11881,12156
57600,8230,8128,57610,12193,12153
57620,10027,8249,57630,11366,12108
57640,10445,8269,57650,9743,11958
57660,10788,8295,57670,11457,12099
57680,9820,8231,57690,11896,12130
57700,8249,8127,57710,12106,12124
57720,10130,8247,57730,11311,12117
57740,10409,8270,57750,9573,12023
57760,10526,8255,57770,11508,12173
57780,9758,8238,57790,11865,12224
57800,8210,8134,57810,11951,12209
57820,10139,8259,57830,11362,12209
57840,10383,8262,57850,9780,12077
57860,10259,8255,57870,11592,12200
57880,9830,8229,57890,11907,12197
57900,8384,8149,57910,11863,12201
57920,10379,8243,57930,11387,12173
57940,10449,8266,57950,9853,12026
57960,10085,8234,57970,11708,12070
57980,9817,8231,57990,11916,12096
58000,8569,8126,58010,11470,12049
58020,10459,8034,58030,11253,12040
58040,10443,8212,58050,9917,11787
58060,9900,8259,58070,11751,11888
58080,9778,8235,58090,11825,12040
58100,8688,8008,58110,11346,12103
58120,10431,8129,58130,11231,12097
58140,10439,8214,58150,9881,11855
58160,9853,8279,58170,11769,11993
58180,9709,8243,58190,11873,12102
58200,8500,8060,58210,11406,12191
58220,10386,8153,58230,11243,12208
58240,10357,8237,58250,9961,12033
58260,9863,8258,58270,11822,12143
58280,9654,8246,58290,11915,12280
58300,8530,8094,58310,11501,12336
58320,10407,8202,58330,11270,12364
58340,10805,8280,58350,10081,12290
58360,9807,8244,58370,11887,12485
58380,9550,8243,58390,11991,12570
58400,8755,8150,58410,11650,12576
58420,10652,8288,58430,11319,12579
58440,10693,8302,58450,10152,12501
58460,9431,8246,58470,11948,12644
58480,9438,8251,58490,12089,12641
58500,8448,8140,58510,11556,12507
58520,10409,8232,58530,11316,12429
58540,10395,8279,58550,10069,12289
58560,9790,8235,58570,11875,12422
58580,9567,8224,58590,11963,12466
58600,8549,8096,58610,11486,12480
58620,10357,8218,58630,11226,12460
58640,10396,8251,58650,9935,12318
58660,9761,8249,58670,11869,12475
58680,9527,8211,58690,12016,12492
58700,8390,8087,58710,11484,12473
58720,10346,8215,58730,11238,12469
58740,10420,8270,58750,9859,12374
58760,9748,8252,58770,11895,12487
58780,9503,8214,58790,12021,12498
58800,8466,8145,58810,11476,12451
58820,10436,8230,58830,11198,12424
58840,10451,8256,58850,9987,12327
58860,9718,8256,58870,11918,12470
58880,9461,8214,58890,12035,12523
58900,8441,8132,58910,11479,12484
58920,10402,8237,58930,11182,12471
58940,10479,8264,58950,10032,12368
58960,9740,8229,58970,11942,12504
58980,9438,8210,58990,12077,12565
59000,8518,8122,59010,11464,12532
59020,10406,8246,59030,11162,12512
59040,10480,8269,59050,10050,12449
59060,9733,8247,59070,11953,12577
59080,9393,8211,59090,12079,12610
59100,8542,8157,59110,11449,12561
59120,10396,8236,59130,11123,12582
59140,10509,8278,59150,10336,12518
59160,9683,8226,59170,11957,12642
59180,9286,8225,59190,12117,12687
59200,8809,8161,59210,11487,12668
59220,10391,8240,59230,11133,12652
59240,10507,8282,59250,10572,12628
59260,9706,8234,59270,11982,12735
59280,9555,8224,59290,12142,12808
59300,9260,8209,59310,11610,12775
59320,10805,8290,59330,11168,12738
59340,10946,8290,59350,10718,12701
59360,9668,8241,59370,12042,12820
59380,9378,8229,59390,12349,12898
59400,9452,8206,59410,11587,12822
59420,10852,8294,59430,11131,12741
59440,10898,8319,59450,11009,12807
59460,9606,8259,59470,12076,12901
59480,9285,8147,59490,12225,12892
59500,9566,8243,59510,11625,12875
59520,10785,8305,59530,10793,12690
59540,10977,8354,59550,10939,12808
59560,9595,8249,59570,12051,12864
59580,8520,8148,59590,12571,12844
59600,9542,8251,59610,11588,12870
59620,10772,8297,59630,10009,12737
59640,11598,8334,59650,10871,12720
59660,9770,8258,59670,11962,12836
59680,8086,8129,59690,12453,12824
59700,9567,8199,59710,11588,12901
59720,10759,8286,59730,9720,12752
59740,11391,8346,59750,10977,12847
59760,9711,8275,59770,12014,12900
59780,7936,8140,59790,12502,12895
59800,9505,8197,59810,11607,12909
59820,10690,8275,59830,9568,12745
59840,11606,8342,59850,11029,12869
59860,9719,8247,59870,12018,12909
59880,7857,8147,59890,12536,12908
59900,9738,8211,59910,11622,12904
59920,10756,8283,59930,9373,12789
59940,11132,8332,59950,11230,12902
59960,9552,8264,59970,12035,12905
59980,7987,8142,59990,12617,12900
60000,9783,8212,60010,11642,12896
60020,10679,8295,60030,9478,12809
60040,10815,8371,60050,11257,12900
60060,9442,8257,60070,12027,12903
60080,8057,8135,60090,12483,12895
60100,9946,8232,60110,11606,12910
60120,10697,8293,60130,9470,12853
60140,11039,8345,60150,11288,12896
60160,9727,8261,60170,12048,12890
60180,7922,8118,60190,12574,12889
60200,9985,8237,60210,11609,12892
60220,10744,8302,60230,9478,12841
60240,10925,8327,60250,11385,12887
60260,9494,8264,60270,12074,12889
60280,7978,8134,60290,12550,12890
60300,9944,8252,60310,11614,12892
60320,10773,8297,60330,9389,12846
60340,11223,8324,60350,11338,12893
60360,9670,8259,60370,12069,12897
60380,7828,8140,60390,12565,12906
60400,9872,8221,60410,11662,12889
60420,10461,8290,60430,9424,12834
60440,10770,8247,60450,11286,12890
60460,9736,8238,60470,12005,12895
60480,7843,8101,60490,12298,12885
60500,9774,8177,60510,11603,12891
60520,10393,8249,60530,9521,12727
60540,10486,8226,60550,11472,12788
60560,9675,8235,60570,12001,12872
60580,7952,7976,60590,11987,12884
60600,9937,7985,60610,11539,12846
60620,10430,8101,60630,9692,12499
60640,10407,8214,60650,11700,12492
60660,9708,8189,60670,12038,12653
60680,7914,7914,60690,12085,12844
60700,9929,7934,60710,11507,12841
60720,10262,8105,60730,9619,12497
60740,10409,8220,60750,11583,12581
60760,9713,8188,60770,11971,12755
60780,7928,7920,60790,12039,12903
60800,10076,7964,60810,11548,12885
60820,10324,8104,60830,9751,12577
60840,10136,8239,60850,11752,12661
60860,9673,8200,60870,12040,12833
60880,8339,7950,60890,11844,12898
60900,10515,8077,60910,11559,12892
60920,10735,8233,60930,9874,12777
60940,9717,8296,60950,11814,12897
60960,9595,8283,60970,12060,12903
60980,8496,8066,60990,11877,12899
61000,10456,8203,61010,11584,12893
61020,10664,8290,61030,9953,12904
61040,9522,8291,61050,11799,12904
61060,9559,8269,61070,12111,12913
61080,8500,8127,61090,11861,12889
61100,10554,8229,61110,11593,12909
61120,10658,8293,61130,10032,12893
61140,9592,8291,61150,11871,12893
61160,9558,8271,61170,12113,12900
61180,8566,8104,61190,11876,12887
61200,10529,8214,61210,11587,12894
61220,10663,8293,61230,10064,12893
61240,9689,8281,61250,11844,12897
61260,9599,8268,61270,12124,12883
61280,8684,8127,61290,11899,12893
61300,10575,8213,61310,11633,12891
61320,10732,8291,61330,10093,12897
61340,9672,8305,61350,11870,12898
61360,9561,8264,61370,12177,12902
61380,8595,8119,61390,11886,12897
61400,10591,8222,61410,11601,12893
61420,10746,8300,61430,10058,12890
61440,9730,8305,61450,11878,12891
61460,9659,8267,61470,12113,12901
61480,8513,8037,61490,11850,12907
61500,10545,8184,61510,11605,12898
61520,10855,8282,61530,10039,12826
61540,9884,8287,61550,11903,12901
61560,9654,8267,61570,12179,12904
61580,8642,8054,61590,11856,12897
61600,10653,8233,61610,11585,12890
61620,10856,8297,61630,10040,12860
61640,9749,8303,61650,11938,12913
61660,9579,8261,61670,12216,12879
61680,8612,8081,61690,11863,12860
61700,10661,8219,61710,11547,12870
61720,10758,8309,61730,10067,12856
61740,9705,8292,61750,11946,12808
61760,9541,8260,61770,12214,12788
61780,8695,8086,61790,11832,12803
61800,10683,8227,61810,11525,12906
61820,10671,8304,61830,10081,12899
61840,9708,8328,61850,11963,12899
61860,9534,8251,61870,12281,12893
61880,8716,8065,61890,11877,12895
61900,10691,8219,61910,11526,12894
61920,10839,8303,61930,10084,12890
61940,9769,8298,61950,12005,12909
61960,9497,8261,61970,12302,12900
61980,8722,8095,61990,11858,12895
62000,10717,8242,62010,11473,12904
62020,10745,8300,62030,10221,12894
62040,9726,8299,62050,11998,12895
62060,9486,8254,62070,12321,12914
62080,8992,8104,62090,11824,12892
62100,10732,8235,62110,11473,12894
62120,10859,8338,62130,10490,12893
62140,9734,8305,62150,12032,12900
62160,9481,8235,62170,12356,12888
62180,9182,8119,62190,11824,12895
62200,10760,8241,62210,11449,12902
62220,11305,8381,62230,10559,12906
62240,9943,8297,62250,12015,12899
62260,9589,8238,62270,12379,12895
62280,9168,8031,62290,11815,12888
62300,10784,8225,62310,11396,12906
62320,11277,8361,62330,10838,12904
62340,9826,8314,62350,12064,12906
62360,9508,8174,62370,12484,12901
62380,9512,8117,62390,11852,12891
62400,10785,8251,62410,11283,12901
62420,11268,8378,62430,10930,12905
62440,9782,8304,62450,12078,12911
62460,8921,8160,62470,12560,12889
62480,9593,8119,62490,11842,12894
62500,10781,8248,62510,10536,12889
62520,11185,8333,62530,10999,12898
62540,9775,8314,62550,12064,12890
62560,8326,8148,62570,12531,12887
62580,9668,8102,62590,11841,12900
62600,10784,8245,62610,10109,12892
62620,11090,8368,62630,11087,12897
62640,9813,8285,62650,12089,12899
62660,8236,8157,62670,12532,12896
62680,9669,8110,62690,11823,12884
62700,10774,8254,62710,9924,12901
62720,11360,8343,62730,11101,12894
62740,9819,8299,62750,12068,12874
62760,8120,8138,62770,12575,12857
62780,9698,8100,62790,11844,12850
62800,10779,8249,62810,9708,12848
62820,11240,8359,62830,11198,12856
62840,9826,8308,62850,12063,12883
62860,8173,8139,62870,12577,12903
62880,9807,8106,62890,11839,12903
62900,10771,8263,62910,9717,12899
62920,11100,8404,62930,11159,12906
62940,9752,8307,62950,12013,12883
62960,8166,8116,62970,12590,12903
62980,9779,8125,62990,11806,12916
63000,10765,8266,63010,9600,12903
63020,11162,8385,63030,11195,12909
63040,9766,8307,63050,12068,12897
63060,8106,8098,63070,12651,12909
63080,9808,8111,63090,11837,12891
63100,10751,8269,63110,9643,12914
63120,11321,8388,63130,11206,12904
63140,9899,8300,63150,12077,12906
63160,8106,8056,63170,12637,12897
63180,9817,8108,63190,11827,12900
63200,10804,8266,63210,9682,12908
63220,11323,8404,63230,11232,12892
63240,9849,8290,63250,12087,12883
63260,7999,8084,63270,12571,12828
63280,9812,8115,63290,11815,12891
63300,10800,8278,63310,9520,12899
63320,11272,8404,63330,11203,12900
63340,9890,8306,63350,12086,12895
63360,7990,8058,63370,12610,12896
63380,9815,8114,63390,11813,12892
63400,10802,8291,63410,9539,12906
63420,11210,8395,63430,11199,12891
63440,9889,8293,63450,12117,12892
63460,8022,8055,63470,12591,12906
63480,9949,8135,63490,11817,12902
63500,10870,8264,63510,9457,12892
63520,10942,8374,63530,11338,12894
63540,9879,8304,63550,12117,12901
63560,7944,8053,63570,12229,12896
63580,9984,8103,63590,11813,12898
63600,10784,8298,63610,9392,12902
63620,10134,8339,63630,11401,12900
63640,9912,8288,63650,12079,12891
63660,7998,8023,63670,12026,12895
63680,10092,8122,63690,11806,12901
63700,10856,8253,63710,9514,12898
63720,10534,8348,63730,11517,12898
63740,9868,8297,63750,12136,12903
63760,8073,8023,63770,12193,12898
63780,10263,8137,63790,11799,12896
63800,10829,8290,63810,9567,12895
63820,10173,8357,63830,11611,12876
63840,9858,8294,63850,12122,12866
63860,8275,8016,63870,12144,12874
63880,10306,8152,63890,11809,12863
63900,10816,8291,63910,9588,12876
63920,10071,8347,63930,11594,12898
63940,9839,8292,63950,12126,12895
63960,8272,8025,63970,12118,12898
63980,10358,8158,63990,11809,12902
64000,10806,8295,64010,9675,12901
64020,9968,8364,64030,11716,12896
64040,9793,8293,64050,12249,12900
64060,8375,8013,64070,12143,12909
64080,10418,8175,64090,11806,12904
64100,10748,8314,64110,9740,12883
64120,10060,8358,64130,11750,12900
64140,9801,8293,64150,12230,12908
64160,8407,8041,64170,12135,12892
64180,10413,8200,64190,11780,12898
64200,10680,8309,64210,9723,12906
64220,10043,8366,64230,11799,12911
64240,9843,8291,64250,12160,12904
64260,8120,7638,64270,11924,12905
64280,10041,7771,64290,11700,12902
64300,10458,8103,64310,9922,12519
64320,10102,8327,64330,11740,12816
64340,10187,8194,64350,12167,12882
64360,8531,7709,64370,12034,12904
64380,10247,7935,64390,11749,12883
64400,10513,8195,64410,9979,12348
64420,10173,8323,64430,9290,11779
64440,10327,8269,64450,12109,11702
64460,10253,8237,64470,11792,11278
64480,11322,8339,64490,11875,11074
64500,11438,8349,64510,11524,10874
64520,11205,8337,64530,12325,10766
64540,11237,8334,64550,12314,10616
64560,10995,8314,64570,12003,10470
64580,11525,8383,64590,11839,10381
64600,11361,8401,64610,11577,10290
64620,11092,8379,64630,11902,10184
64640,10940,8408,64650,12820,9747
64660,13106,8735,64670,12914,9464
64680,13105,9221,64690,12900,9617
64700,13097,9594,64710,12903,9838
64720,13108,9690,64730,12901,9835
64740,13088,9614,64750,12895,9830
64760,13109,9607,64770,12898,9802
64780,13104,9672,64790,12884,9830
64800,13105,9763,64810,12910,9899
64820,13106,9799,64830,12897,9989
64840,13100,9819,64850,12900,10017
64860,13115,9838,64870,12904,9977
64880,13100,9866,64890,12893,9975
64900,13102,9883,64910,12904,9971
64920,13109,9845,64930,12898,9999
64940,13113,9845,64950,12900,10038
64960,13100,9845,64970,12909,10009
64980,13085,9891,64990,12870,10016
65000,13079,9960,65010,12870,10070
65020,13069,9941,65030,12855,10081
65040,13051,9925,65050,12821,10121
65060,13003,9951,65070,12801,10071
65080,13004,9959,65090,12812,10050
65100,13000,10010,65110,12895,10066
65120,13093,9921,65130,12898,10069
65140,13099,9921,65150,12901,10131
65160,13083,9929,65170,12904,10054
65180,13103,9948,65190,12908,10046
65200,13089,9989,65210,12898,10043
65220,13091,9907,65230,12906,10059
65240,13097,9902,65250,12895,10108
65260,13096,9928,65270,12908,10045
65280,13104,9947,65290,12904,10004
65300,13105,10004,65310,12901,10044
65320,13104,9937,65330,12905,10081
65340,13104,9897,65350,12915,10130
65360,13103,9929,65370,12901,10057
65380,13101,9962,65390,12908,10036
65400,13102,10008,65410,12908,10061
65420,13098,9936,65430,12902,10099
65440,13107,9923,65450,12903,10141
65460,13100,9954,65470,12914,10078
65480,13111,9982,65490,12895,10046
65500,13103,10024,65510,12904,10080
65520,13101,9952,65530,12901,10091
65540,13099,9894,65550,12908,10137
65560,13093,9965,65570,12903,10055
65580,13107,9959,65590,12899,10014
65600,13094,10014,65610,12906,10074
65620,13100,9942,65630,12883,10092
65640,13077,9910,65650,12889,10149
65660,13097,9983,65670,12894,10087
65680,13102,10008,65690,12836,10089
65700,13019,10041,65710,12899,10105
65720,13106,9991,65730,12913,10137
65740,13106,9956,65750,12910,10171
65760,13097,9984,65770,12893,10106
65780,13098,10022,65790,12921,10064
65800,13108,10039,65810,12907,10104
65820,13120,9984,65830,12900,10120
65840,13104,9936,65850,12901,10178
65860,13107,9987,65870,12900,10111
65880,13104,10035,65890,12899,10084
65900,13111,10062,65910,12913,10143
65920,13115,10023,65930,12912,10165
65940,13118,9995,65950,12896,10205
65960,13112,10041,65970,12903,10151
65980,13120,10067,65990,12898,10108
66000,13105,10087,66010,12921,10170
66020,13099,10027,66030,12908,10185
66040,13113,9988,66050,12896,10223
66060,13068,10029,66070,12886,10162
66080,13064,10057,66090,12877,10116
66100,13065,10087,66110,12867,10163
66120,13046,10047,66130,12864,10187
66140,13065,10001,66150,12886,10203
66160,13072,10031,66170,12908,10161
66180,13099,10062,66190,12902,10118
66200,13094,10080,66210,12903,10173
66220,13091,10043,66230,12912,10183
66240,13085,10023,66250,12918,10180
66260,13070,10042,66270,12913,10171
66280,13063,10069,66290,12918,10136
66300,13066,10062,66310,12904,10189
66320,13096,10045,66330,12902,10217
66340,13096,10015,66350,12908,10184
66360,13104,10058,66370,12889,10166
66380,13108,10080,66390,12897,10144
66400,13101,10070,66410,12909,10182
66420,13094,10051,66430,12902,10196
66440,13089,10026,66450,12899,10191
66460,13091,10064,66470,12898,10181
66480,13102,10092,66490,12900,10145
66500,13095,10080,66510,12904,10193
66520,13110,10052,66530,12898,10208
66540,13084,10049,66550,12900,10189
66560,13097,10063,66570,12904,10170
66580,13101,10104,66590,12896,10168
66600,13080,10081,66610,12897,10195
66620,13101,10062,66630,12917,10216
66640,13104,10053,66650,12900,10203
66660,13102,10070,66670,12913,10188
66680,13094,10082,66690,12892,10168
66700,13097,10085,66710,12904,10190
66720,13104,10064,66730,12905,10218
66740,13093,10041,66750,12903,10205
66760,13097,10070,66770,12899,10186
66780,13100,10100,66790,12907,10175
66800,13102,10093,66810,12900,10199
66820,13097,10063,66830,12896,10205
66840,13100,10051,66850,12901,10186
66860,13103,10074,66870,12895,10184
66880,13103,10086,66890,12899,10169
66900,13105,10077,66910,12907,10196
66920,13102,10060,66930,12905,10216
66940,13109,10063,66950,12897,10183
66960,13108,10067,66970,12918,10180
66980,13104,10093,66990,12913,10173
67000,13109,10077,67010,12909,10194
67020,13104,10059,67030,12898,10219
67040,13098,10053,67050,12899,10181
67060,13096,10066,67070,12913,10179
67080,13100,10091,67090,12910,10168
67100,13102,10071,67110,12910,10191
67120,13097,10048,67130,12894,10227
67140,13060,10044,67150,12875,10193
67160,13076,10075,67170,12845,10176
67180,13038,10086,67190,12809,10153
67200,13014,10066,67210,12851,10186
67220,13053,10046,67230,12877,10216
67240,13074,10054,67250,12897,10192
67260,13076,10069,67270,12908,10171
67280,13092,10101,67290,12907,10158
67300,13099,10065,67310,12898,10195
67320,13097,10062,67330,12911,10210
67340,13106,10066,67350,12896,10184
67360,13095,10082,67370,12910,10186
67380,13104,10102,67390,12899,10172
67400,13111,10076,67410,12904,10189
67420,13108,10051,67430,12915,10225
67440,13099,10063,67450,12911,10169
67460,13101,10083,67470,12892,10185
67480,13097,10102,67490,12912,10165
67500,13098,10068,67510,12901,10201
67520,13095,10051,67530,12899,10228
67540,13096,10051,67550,12910,10199
67560,13098,10093,67570,12897,10172
67580,13106,10094,67590,12902,10182
67600,13098,10060,67610,12910,10201
67620,13097,10054,67630,12903,10212
67640,13100,10039,67650,12907,10188
67660,13094,10087,67670,12896,10175
67680,13107,10105,67690,12912,10189
67700,13103,10064,67710,12911,10203
67720,13104,10068,67730,12908,10231
67740,13089,10062,67750,12896,10181
67760,13090,10083,67770,12898,10171
67780,13099,10098,67790,12904,10188
67800,13092,10068,67810,12908,10199
67820,13102,10064,67830,12908,10229
67840,13101,10058,67850,12901,10180
67860,13109,10083,67870,12899,10177
67880,13103,10118,67890,12894,10191
67900,13094,10071,67910,12897,10204
67920,13105,10057,67930,12902,10221
67940,13109,10071,67950,12906,10191
67960,13109,10088,67970,12910,10184
67980,13118,10115,67990,12917,10191
68000,13096,10075,68010,12902,10208
68020,13111,10068,68030,12911,10244
68040,13095,10067,68050,12903,10192
68060,13089,10086,68070,12907,10186
68080,13099,10112,68090,12900,10191
68100,13099,10075,68110,12912,10203
68120,13120,10070,68130,12907,10253
68140,13106,10078,68150,12898,10203
68160,13102,10087,68170,12899,10162
68180,13094,10133,68190,12896,10187
68200,13100,10071,68210,12873,10206
68220,13082,10024,68230,12869,10253
68240,13064,10064,68250,12874,10188
68260,13066,10076,68270,12861,10132
68280,13059,10115,68290,12878,10190
68300,13075,10063,68310,12902,10196
68320,13088,10043,68330,12900,10258
68340,13101,10061,68350,12911,10190
68360,13087,10084,68370,12898,10133
68380,13098,10108,68390,12899,10188
68400,13113,10055,68410,12918,10212
68420,13117,10025,68430,12916,10252
68440,13107,10058,68450,12901,10176
68460,13109,10087,68470,12900,10127
68480,13113,10124,68490,12892,10187
