LED1 Timestamp (ms),LED1_PD1,LED1_PD2,LED2 Timestamp (ms),LED2_PD1,LED2_PD2
465500,8232,923,465510,8351,9029
465520,8229,1475,465530,8422,108
465540,7789,8283,465550,8205,928
465560,8390,8991,465570,8232,1583
465580,8454,147,465590,7774,8260
465600,8276,912,465610,8405,8882
465620,8255,1511,465630,8432,142
465640,7739,8369,465650,8304,861
465660,8379,8820,465670,8258,1556
465680,8463,128,465690,7699,8376
465700,8293,927,465710,8384,8714
465720,8231,1528,465730,8479,225
465740,7769,8391,465750,8260,936
465760,8406,8587,465770,8245,1642
465780,8447,118,465790,7773,8483
465800,8286,907,465810,8402,8465
465820,8236,1557,465830,8463,236
465840,7782,8452,465850,8267,891
465860,8435,8455,465870,8241,1613
465880,8361,219,465890,7815,8577
465900,8260,901,465910,8396,8322
465920,8224,1626,465930,8369,193
465940,7863,8600,465950,8297,883
465960,8386,8265,465970,8213,1638
465980,8367,158,465990,7840,8695
466000,8297,906,466010,8425,8080
466020,8225,1668,466030,8364,116
466040,7774,8679,466050,8262,934
466060,8454,7979,466070,8211,1675
466080,8372,112,466090,7822,8717
466100,8298,746,466110,8425,7868
466120,8229,1687,466130,8378,65
466140,7870,8765,466150,8320,847
466160,8402,7768,466170,8211,1710
466180,8380,81,466190,7812,8844
466200,8301,772,466210,8402,7762
466220,8235,1718,466230,8402,39
466240,7828,8883,466250,8292,940
466260,8417,7544,466270,8227,1778
466280,8452,71,466290,7884,8918
466300,8238,921,466310,8444,7510
466320,8240,1797,466330,8438,30
466340,7874,8987,466350,8246,784
466360,8422,7396,466370,8209,1871
466380,8452,45,466390,7831,8967
466400,8258,755,466410,8440,7324
466420,8251,1833,466430,8415,66
466440,7866,9049,466450,8281,682
466460,8424,7178,466470,8247,1904
466480,8411,28,466490,7852,9094
466500,8281,712,466510,8415,7082
466520,8217,1883,466530,8432,66
466540,7833,9151,466550,8255,679
466560,8414,6915,466570,8228,1961
466580,8414,43,466590,7844,9201
466600,8281,780,466610,8425,6812
466620,8192,1940,466630,8446,73
466640,7885,9254,466650,8272,710
466660,8400,6778,466670,8231,1982
466680,8424,6,466690,7914,9333
466700,8317,696,466710,8412,6606
466720,8231,1975,466730,8434,11
466740,7926,9429,466750,8317,653
466760,8424,6511,466770,8229,2002
466780,8434,-6,466790,7918,9495
466800,8276,730,466810,8405,6413
466820,8249,2069,466830,8447,22
466840,7876,9465,466850,8249,722
466860,8441,6345,466870,8228,2067
466880,8431,20,466890,7875,9467
466900,8260,693,466910,8401,6166
466920,8231,2135,466930,8438,-20
466940,7883,9521,466950,8288,735
466960,8433,6033,466970,8165,2122
466980,8480,25,466990,7874,9575
467000,8292,732,467010,8386,5972
467020,8194,2125,467030,8466,-27
467040,7893,9631,467050,8295,766
467060,8431,5804,467070,8191,2200
467080,8500,16,467090,7890,9615
467100,8270,753,467110,8438,5792
467120,8228,2206,467130,8462,18
467140,7900,9644,467150,8284,757
467160,8450,5575,467170,8221,2249
467180,8489,29,467190,7908,9678
467200,8273,708,467210,8461,5548
467220,8238,2281,467230,8439,43
467240,7956,9802,467250,8279,743
467260,8427,5368,467270,8225,2318
467280,8486,-9,467290,7911,9779
467300,8278,739,467310,8453,5310
467320,8219,2319,467330,8469,-22
467340,7864,9792,467350,8250,774
467360,8457,5141,467370,8244,2415
467380,8469,20,467390,7848,9879
467400,8265,801,467410,8449,5011
467420,8206,2420,467430,8447,-3
467440,7922,9986,467450,8230,725
467460,8465,4898,467470,8202,2451
467480,8470,-58,467490,7897,10061
467500,8297,745,467510,8447,4823
467520,8174,2451,467530,8492,-19
467540,7863,10101,467550,8252,766
467560,8437,4699,467570,8208,2525
467580,8490,-50,467590,7823,10089
467600,8262,756,467610,8442,4524
467620,8203,2570,467630,8488,-41
467640,7866,10111,467650,8271,791
467660,8482,4412,467670,8199,2619
467680,8463,-36,467690,7898,10065
467700,8282,733,467710,8453,4328
467720,8203,2697,467730,8504,-13
467740,7883,10151,467750,8269,786
467760,8455,4239,467770,8175,2673
467780,8458,-61,467790,7953,10222
467800,8259,739,467810,8443,4070
467820,8180,2753,467830,8487,-48
467840,7900,10237,467850,8269,831
467860,8484,4023,467870,8185,2787
467880,8473,-21,467890,7974,10241
467900,8244,761,467910,8486,3882
467920,8211,2874,467930,8464,-1
467940,8000,10301,467950,8279,786
467960,8469,3737,467970,8179,2923
467980,8521,30,467990,7978,10233
468000,8282,735,468010,8477,3642
468020,8197,2992,468030,8485,44
468040,7968,10286,468050,8281,823
468060,8447,3341,468070,8194,3023
468080,8526,10,468090,7972,10265
468100,8275,806,468110,8481,3358
468120,8209,3059,468130,8483,0
468140,7921,10339,468150,8252,832
468160,8473,3146,468170,8191,3177
468180,8495,-25,468190,7948,10303
468200,8307,815,468210,8502,2999
468220,8203,3189,468230,8496,-31
468240,7988,10310,468250,8289,881
468260,8476,2788,468270,8200,3292
468280,8512,-4,468290,7971,10341
468300,8288,918,468310,8476,2675
468320,8179,3295,468330,8510,-31
468340,7927,10327,468350,8273,866
468360,8469,2478,468370,8185,3439
468380,8511,-83,468390,7943,10346
468400,8316,896,468410,8461,2400
468420,8199,3424,468430,8515,-108
468440,7902,10234,468450,8239,891
468460,8469,2254,468470,8175,3613
468480,8471,-218,468490,7961,10262
468500,8309,922,468510,8456,2126
468520,8203,3620,468530,8500,-370
468540,8066,10259,468550,8294,936
468560,8503,1975,468570,8240,3703
468580,8510,-503,468590,8066,10267
468600,8228,902,468610,8460,1876
468620,8165,3739,468630,8602,-529
468640,8074,10320,468650,8232,968
468660,8477,1690,468670,8188,3794
468680,8684,-459,468690,8067,10332
468700,8200,887,468710,8460,1580
468720,8238,3824,468730,8613,-375
468740,8101,10279,468750,8276,915
468760,8479,1385,468770,8193,3898
468780,8828,-396,468790,8085,10316
468800,8281,906,468810,8453,1353
468820,8197,3974,468830,8768,-509
468840,8142,10299,468850,8294,943
468860,8479,1126,468870,8175,4000
468880,8745,-481,468890,8128,10307
468900,8294,945,468910,8493,1011
468920,8175,4041,468930,8727,-559
468940,8128,10365,468950,8306,956
468960,8475,859,468970,8123,4061
468980,8744,-483,468990,8109,10292
469000,8285,930,469010,8477,751
469020,8137,4115,469030,8707,-514
469040,8134,10389,469050,8307,974
469060,8478,655,469070,8165,4165
469080,8788,-412,469090,8167,10416
469100,8251,983,469110,8504,573
469120,8202,4160,469130,8766,-402
469140,8152,10429,469150,8242,988
469160,8479,486,469170,8222,4224
469180,8787,-316,469190,8133,10399
469200,8230,1000,469210,8476,336
469220,8209,4316,469230,8719,-351
469240,8159,10361,469250,8261,982
469260,8475,234,469270,8231,4482
469280,8679,-416,469290,8215,10378
469300,8308,998,469310,8476,213
469320,8163,4581,469330,8679,-397
469340,8242,10431,469350,8251,999
469360,8504,145,469370,8109,4669
469380,8695,-363,469390,8238,10451
469400,8278,976,469410,8469,48
469420,7959,4793,469430,8671,-426
469440,8190,10544,469450,8248,1026
469460,8469,83,469470,7855,4937
469480,8721,-355,469490,8205,10657
469500,8250,998,469510,8446,57
469520,7732,5025,469530,8720,-387
469540,8211,10413,469550,8281,1024
469560,8468,63,469570,7733,4971
469580,8723,-354,469590,8249,10391
469600,8341,973,469610,8443,68
469620,7719,5005,469630,8721,-284
469640,8229,10329,469650,8254,1045
469660,8471,64,469670,7723,5064
469680,8632,-278,469690,8234,10440
469700,8300,1011,469710,8456,62
469720,7733,5242,469730,8590,-346
469740,8214,10450,469750,8269,1067
469760,8441,13,469770,7759,5345
469780,8615,-298,469790,8243,10497
469800,8238,1018,469810,8441,72
469820,7728,5415,469830,8608,-339
469840,8241,10469,469850,8266,1092
469860,8448,4,469870,7724,5520
469880,8707,-239,469890,8283,10457
469900,8278,1052,469910,8469,105
469920,7725,5534,469930,8687,-206
469940,8272,10477,469950,8308,1039
469960,8446,44,469970,7736,5663
469980,8674,-204,469990,8239,10483
470000,8306,1073,470010,8460,85
470020,7767,5727,470030,8579,-213
470040,8245,10369,470050,8280,1092
470060,8449,50,470070,7761,5781
470080,8609,-285,470090,8265,10310
470100,8296,1069,470110,8433,51
470120,7698,5787,470130,8576,-292
470140,8306,10270,470150,8281,1087
470160,8447,48,470170,7734,5887
470180,8589,-184,470190,8244,10344
470200,8291,1073,470210,8464,38
470220,7763,5910,470230,8585,-230
470240,8271,10303,470250,8253,1080
470260,8473,100,470270,7769,6045
470280,8583,-203,470290,8257,10331
470300,8359,1114,470310,8450,69
470320,7789,6049,470330,8641,-251
470340,8266,10229,470350,8244,1123
470360,8465,115,470370,7714,6148
470380,8598,-283,470390,8252,10337
470400,8257,1133,470410,8423,118
470420,7739,6205,470430,8624,-145
470440,8231,10252,470450,8230,1148
470460,8444,143,470470,7774,6209
470480,8602,-178,470490,8260,10314
470500,8264,1160,470510,8426,139
470520,7805,6289,470530,8550,-242
470540,8215,10215,470550,8246,1220
470560,8434,106,470570,7742,6365
470580,8562,-228,470590,8244,10236
470600,8235,1142,470610,8408,112
470620,7706,6417,470630,8610,-281
470640,8220,10204,470650,8242,1240
470660,8407,101,470670,7709,6497
470680,8644,-270,470690,8249,10191
470700,8236,1191,470710,8417,90
470720,7755,6554,470730,8598,-302
470740,8253,10149,470750,8227,1244
470760,8424,53,470770,7754,6608
470780,8604,-314,470790,8228,10204
470800,8220,1217,470810,8454,75
470820,7788,6773,470830,8621,-365
470840,8250,10281,470850,8220,1241
470860,8429,82,470870,7731,6891
470880,8652,-345,470890,8229,10273
470900,8222,1265,470910,8437,29
470920,7691,6897,470930,8656,-260
470940,8274,10305,470950,8218,1259
470960,8417,27,470970,7735,7028
470980,8693,-244,470990,8248,10283
471000,8228,1309,471010,8441,46
471020,7709,7058,471030,8619,-313
471040,8263,10299,471050,8223,1279
471060,8435,84,471070,7755,7194
471080,8642,-262,471090,8257,10304
471100,8251,1336,471110,8424,108
471120,7747,7235,471130,8703,-264
471140,8278,10173,471150,8224,1333
471160,8458,161,471170,7744,7313
471180,8571,-145,471190,8221,10168
471200,8254,1348,471210,8405,100
471220,7740,7369,471230,8606,-149
471240,8290,10072,471250,8234,1314
471260,8446,120,471270,7727,7406
471280,8515,-95,471290,8329,10173
471300,8258,1354,471310,8434,111
471320,7711,7554,471330,8583,-26
471340,8302,10093,471350,8245,1377
471360,8450,107,471370,7661,7578
471380,8503,187,471390,8261,10142
471400,8253,1322,471410,8407,83
471420,7689,7700,471430,8469,237
471440,8270,10153,471450,8270,1374
471460,8417,49,471470,7677,7764
471480,8502,173,471490,8250,10246
471500,8238,1304,471510,8430,44
471520,7774,7855,471530,8368,227
471540,8271,10183,471550,8255,1386
471560,8421,20,471570,7783,7960
471580,8304,457,471590,8291,10137
471600,8267,1368,471610,8463,143
471620,7790,8039,471630,8246,473
471640,8291,10190,471650,8255,1392
471660,8429,89,471670,7683,8063
471680,8263,515,471690,8300,10130
471700,8251,1382,471710,8424,48
471720,7650,8060,471730,8295,529
471740,8281,10187,471750,8221,1430
471760,8407,-35,471770,7699,8202
471780,8308,729,471790,8276,9992
471800,8247,1424,471810,8508,137
471820,7702,8223,471830,8219,813
471840,8332,9896,471850,8225,1439
471860,8419,50,471870,7750,8316
471880,8200,748,471890,8297,9816
471900,8253,1506,471910,8521,139
471920,7736,8342,471930,8194,872
471940,8317,9756,471950,8239,1466
471960,8477,175,471970,7749,8426
471980,8175,822,471990,8310,9743
472000,8284,1448,472010,8423,106
472020,7733,8434,472030,8165,1022
472040,8361,9524,472050,8224,1478
472060,8387,83,472070,7718,8559
472080,8122,966,472090,8314,9513
472100,8253,1484,472110,8403,13
472120,7713,8577,472130,8158,1044
472140,8344,9383,472150,8241,1509
472160,8430,38,472170,7708,8636
472180,8193,992,472190,8352,9434
472200,8228,1505,472210,8406,41
472220,7687,8728,472230,8235,962
472240,8334,9269,472250,8245,1558
472260,8471,82,472270,7723,8838
472280,8268,1026,472290,8314,9308
472300,8239,1516,472310,8464,24
472320,7795,8991,472330,8248,1034
472340,8340,9178,472350,8226,1647
472360,8452,135,472370,7810,9070
472380,8247,989,472390,8394,9100
472400,8236,1621,472410,8453,163
472420,7768,9076,472430,8264,902
472440,8393,8934,472450,8235,1649
472460,8438,208,472470,7740,9016
472480,8312,888,472490,8404,8811
472500,8220,1652,472510,8380,233
472520,7806,9068,472530,8262,985
472540,8399,8698,472550,8239,1694
472560,8352,118,472570,7744,9021
472580,8316,905,472590,8382,8525
472600,8225,1694,472610,8406,133
472620,7779,9158,472630,8264,916
472640,8404,8452,472650,8216,1730
472660,8373,107,472670,7808,9222
472680,8267,877,472690,8411,8322
472700,8221,1731,472710,8381,77
472720,7871,9303,472730,8282,896
472740,8403,8310,472750,8208,1745
472760,8401,58,472770,7878,9404
472780,8295,865,472790,8385,8175
472800,8236,1788,472810,8431,44
472820,7821,9386,472830,8257,908
472840,8414,8115,472850,8205,1810
472860,8446,54,472870,7781,9454
472880,8241,877,472890,8385,7984
472900,8244,1861,472910,8417,38
472920,7761,9344,472930,8283,934
472940,8445,7825,472950,8221,1849
472960,8478,53,472970,7816,9357
472980,8299,817,472990,8403,7687
473000,8244,1932,473010,8396,20
473020,7909,9385,473030,8302,889
473040,8421,7510,473050,8230,1974
473060,8449,57,473070,7941,9383
473080,8288,820,473090,8430,7376
473100,8221,1940,473110,8419,28
473120,7917,9362,473130,8288,791
473140,8415,7107,473150,8209,2026
473160,8451,41,473170,7874,9356
473180,8267,803,473190,8403,7075
473200,8213,1986,473210,8433,101
473220,7936,9382,473230,8300,819
473240,8450,6917,473250,8221,2117
473260,8457,58,473270,7891,9410
473280,8317,819,473290,8411,6883
473300,8212,2026,473310,8396,12
473320,7916,9449,473330,8281,810
473340,8396,6660,473350,8233,2121
473360,8455,9,473370,7905,9483
473380,8288,869,473390,8414,6594
473400,8227,2131,473410,8461,47
473420,7936,9521,473430,8199,777
473440,8418,6506,473450,8228,2219
473460,8415,-24,473470,7956,9628
473480,8277,845,473490,8419,6374
473500,8196,2208,473510,8456,20
473520,7925,9668,473530,8291,809
473540,8430,6312,473550,8199,2241
473560,8444,-47,473570,7931,9736
473580,8306,843,473590,8417,6192
473600,8190,2276,473610,8463,-27
473620,7867,9709,473630,8268,844
473640,8429,6069,473650,8197,2284
473660,8449,-9,473670,7887,9754
473680,8248,808,473690,8403,5868
473700,8221,2395,473710,8427,-10
473720,7874,9702,473730,8271,815
473740,8449,5707,473750,8218,2374
473760,8438,10,473770,7955,9805
473780,8274,736,473790,8426,5628
473800,8214,2276,473810,8425,-37
473820,7985,9788,473830,8303,781
473840,8452,5423,473850,8202,2312
473860,8456,49,473870,7963,9804
473880,8267,733,473890,8462,5263
473900,8240,2352,473910,8453,-23
473920,7949,9742,473930,8234,774
473940,8447,5093,473950,8195,2381
473960,8446,16,473970,7901,9777
473980,8233,803,473990,8432,4994
474000,8228,2437,474010,8437,12
474020,7895,9857,474030,8262,725
474040,8445,4837,474050,8185,2550
474060,8464,-17,474070,7872,9939
474080,8278,778,474090,8461,4775
474100,8189,2432,474110,8466,-20
474120,7893,10050,474130,8282,761
474140,8432,4579,474150,8211,2535
474160,8468,-25,474170,7828,10076
474180,8285,837,474190,8463,4517
474200,8189,2640,474210,8460,12
474220,7870,10145,474230,8239,797
474240,8456,4313,474250,8201,2668
474260,8466,-64,474270,7854,10181
474280,8224,841,474290,8445,4195
474300,8179,2725,474310,8477,-11
474320,7854,10209,474330,8235,763
474340,8447,4177,474350,8173,2763
474360,8470,-60,474370,7901,10232
474380,8325,882,474390,8454,3947
474400,8184,2862,474410,8502,-24
474420,7857,10221,474430,8243,901
474440,8460,3792,474450,8208,2785
474460,8455,-64,474470,7851,10265
474480,8273,869,474490,8452,3669
474500,8191,2850,474510,8462,2
474520,7870,10212,474530,8292,841
474540,8483,3534,474550,8168,2889
474560,8454,-32,474570,7931,10310
474580,8222,869,474590,8448,3440
474600,8186,3083,474610,8457,-56
474620,7967,10379,474630,8248,956
474640,8470,3333,474650,8166,3067
474660,8476,-50,474670,7938,10511
474680,8276,835,474690,8451,3227
474700,8185,3034,474710,8487,-66
474720,7900,10430,474730,8279,894
474740,8469,2957,474750,8161,3082
474760,8495,-6,474770,7876,10472
474780,8268,795,474790,8463,2876
474800,8183,3158,474810,8462,-63
474820,7919,10530,474830,8258,960
474840,8465,2757,474850,8159,3296
474860,8509,-63,474870,7936,10468
474880,8232,940,474890,8476,2644
474900,8185,3315,474910,8480,-84
474920,8017,10559,474930,8275,887
474940,8470,2400,474950,8157,3338
474960,8484,-61,474970,7944,10483
474980,8251,874,474990,8487,2356
475000,8207,3467,475010,8462,-71
475020,7999,10522,475030,8258,909
475040,8460,2247,475050,8135,3558
475060,8478,-122,475070,8019,10438
475080,8205,911,475090,8486,2082
475100,8151,3600,475110,8491,-106
475120,8089,10389,475130,8180,899
475140,8451,1907,475150,8180,3721
475160,8492,-83,475170,8063,10520
475180,8283,966,475190,8478,1813
475200,8150,3653,475210,8514,-71
475220,8068,10531,475230,8264,903
475240,8476,1659,475250,8139,3778
475260,8499,-87,475270,8080,10509
475280,8252,962,475290,8451,1513
475300,8151,3821,475310,8512,-60
475320,8065,10429,475330,8277,864
475340,8489,1402,475350,8150,3900
475360,8467,-191,475370,8177,10474
475380,8340,855,475390,8482,1181
475400,8139,3987,475410,8480,-268
475420,8127,10407,475430,8264,918
475440,8500,1095,475450,8110,3980
475460,8503,-444,475470,8098,10452
475480,8256,889,475490,8462,909
475500,8103,4056,475510,8838,-499
475520,8060,10393,475530,8282,1023
475540,8478,756,475550,8107,4055
475560,8768,-434,475570,8137,10322
475580,8231,921,475590,8468,630
475600,8142,4068,475610,8732,-455
475620,8185,10257,475630,8286,983
475640,8469,442,475650,8116,4094
475660,8779,-467,475670,8187,10192
475680,8216,934,475690,8473,437
475700,8177,4086,475710,8722,-509
475720,8190,10243,475730,8246,1019
475740,8465,243,475750,8193,4205
475760,8757,-444,475770,8208,10164
475780,8217,978,475790,8485,225
475800,8203,4315,475810,8705,-486
475820,8214,10202,475830,8259,918
475840,8457,94,475850,8161,4362
475860,8754,-458,475870,8187,10118
475880,8278,923,475890,8481,58
475900,8121,4375,475910,8771,-433
475920,8228,10142,475930,8276,910
475940,8475,32,475950,7965,4503
475960,8762,-427,475970,8208,10125
475980,8272,1026,475990,8476,78
476000,7848,4519,476010,8696,-341
476020,8266,10116,476030,8289,937
476040,8480,70,476050,7724,4610
476060,8655,-451,476070,8185,10093
476080,8281,929,476090,8458,40
476100,7673,4679,476110,8600,-340
476120,8238,10113,476130,8278,989
476140,8468,85,476150,7708,4765
476160,8688,-433,476170,8242,10049
476180,8240,964,476190,8445,23
476200,7716,4752,476210,8700,-318
476220,8211,9997,476230,8277,949
476240,8459,61,476250,7679,4844
476260,8635,-316,476270,8249,10096
476280,8248,976,476290,8439,30
476300,7790,4896,476310,8655,-287
476320,8190,10024,476330,8293,950
476340,8458,21,476350,7800,4973
476360,8619,-346,476370,8206,10072
476380,8282,950,476390,8438,30
476400,7774,5072,476410,8655,-253
476420,8259,9961,476430,8300,1071
476440,8481,72,476450,7745,5092
476460,8637,-227,476470,8243,9994
476480,8273,962,476490,8460,104
476500,7740,5150,476510,8582,-241
476520,8261,10064,476530,8289,958
476540,8436,50,476550,7749,5234
476560,8589,-236,476570,8210,10120
476580,8242,949,476590,8435,79
476600,7784,5352,476610,8609,-200
476620,8221,10019,476630,8249,1004
476640,8432,25,476650,7743,5358
476660,8596,-200,476670,8208,9921
476680,8249,1003,476690,8453,62
476700,7719,5399,476710,8583,-167
476720,8209,9984,476730,8260,987
476740,8427,40,476750,7788,5434
476760,8576,-222,476770,8279,9936
476780,8274,977,476790,8458,56
476800,7778,5518,476810,8564,-200
476820,8213,10000,476830,8267,1017
476840,8455,43,476850,7792,5708
476860,8574,-218,476870,8205,10016
476880,8267,1070,476890,8443,52
476900,7713,5797,476910,8596,-238
476920,8270,10101,476930,8235,1052
476940,8455,73,476950,7697,5896
476960,8603,-271,476970,8253,10093
476980,8251,1096,476990,8408,65
477000,7721,5921,477010,8615,-201
477020,8249,9997,477030,8219,1113
477040,8427,83,477050,7799,5970
477060,8577,-219,477070,8232,9987
477080,8211,1097,477090,8413,86
477100,7835,6008,477110,8586,-188
477120,8227,9957,477130,8230,1155
477140,8436,105,477150,7798,6092
477160,8587,-380,477170,8214,9965
477180,8244,1128,477190,8411,60
477200,7716,6136,477210,8640,-262
477220,8236,9843,477230,8214,1162
477240,8418,76,477250,7720,6171
477260,8675,-300,477270,8295,9931
477280,8257,1136,477290,8410,62
477300,7758,6226,477310,8607,-293
477320,8257,9937,477330,8262,1119
477340,8443,44,477350,7721,6276
477360,8595,-300,477370,8260,9909
477380,8230,1077,477390,8448,61
477400,7751,6371,477410,8636,-319
477420,8171,9860,477430,8240,1128
477440,8458,52,477450,7747,6408
477460,8626,-363,477470,8258,9838
477480,8282,1106,477490,8447,100
477500,7723,6548,477510,8691,-302
477520,8284,9815,477530,8236,1183
477540,8434,46,477550,7711,6559
477560,8625,-328,477570,8277,9752
477580,8212,1254,477590,8469,105
477600,7754,6580,477610,8599,-323
477620,8246,9749,477630,8257,1265
477640,8445,55,477650,7706,6710
477660,8604,-322,477670,8220,9699
477680,8264,1153,477690,8441,123
477700,7662,6710,477710,8669,-306
477720,8276,9765,477730,8222,1220
477740,8418,111,477750,7717,6917
477760,8596,69,477770,8228,9769
477780,8265,1348,477790,8449,119
477800,7726,7061,477810,8590,-116
477820,8277,9796,477830,8267,1379
477840,8442,76,477850,7744,7086
477860,8537,54,477870,8260,9792
477880,8252,1315,477890,8446,92
477900,7693,7143,477910,8434,333
477920,8305,9769,477930,8248,1285
477940,8473,146,477950,7617,7269
477960,8369,337,477970,8279,9788
477980,8266,1341,477990,8451,90
478000,7635,7333,478010,8355,389
478020,8240,9760,478030,8244,1324
478040,8440,114,478050,7681,7468
478060,8302,500,478070,8300,9944
478080,8267,1328,478090,8456,69
478100,7707,7610,478110,8274,572
478120,8282,9804,478130,8243,1325
478140,8471,166,478150,7716,7644
478160,8276,518,478170,8343,9776
478180,8243,1315,478190,8453,150
478200,7758,7828,478210,8335,532
478220,8313,9789,478230,8226,1334
478240,8456,108,478250,7674,7790
478260,8536,170,478270,8280,9671
478280,8209,1210,478290,8425,153
478300,7683,7833,478310,8479,262
478320,8275,9549,478330,8232,1287
478340,8457,24,478350,7671,7828
478360,8481,342,478370,8289,9394
478380,8204,1290,478390,8539,108
478400,7744,7874,478410,8353,343
478420,8319,9302,478430,8228,1355
478440,8524,111,478450,7728,7924
478460,8129,811,478470,8309,9218
478480,8214,1397,478490,8567,209
478500,7750,8060,478510,8190,854
478520,8333,9315,478530,8239,1415
478540,8404,192,478550,7727,8202
478560,8215,833,478570,8292,9319
478580,8259,1436,478590,8365,114
478600,7739,8245,478610,8276,691
478620,8354,9231,478630,8237,1356
478640,8365,16,478650,7725,8318
478660,8194,648,478670,8350,9147
478680,8221,1372,478690,8389,39
478700,7713,8405,478710,8198,696
478720,8420,9103,478730,8237,1416
478740,8435,140,478750,7705,8451
478760,8186,718,478770,8337,9113
478780,8223,1411,478790,8436,72
478800,7779,8565,478810,8258,922
478820,8407,8934,478830,8223,1515
478840,8418,138,478850,7839,8649
478860,8235,977,478870,8365,8856
478880,8227,1452,478890,8434,65
478900,7848,8760,478910,8264,951
478920,8391,8727,478930,8215,1594
478940,8414,116,478950,7785,8691
478960,8248,817,478970,8392,8578
478980,8220,1595,478990,8449,188
479000,7743,8648,479010,8253,785
479020,8392,8481,479030,8225,1605
479040,8399,214,479050,7730,8670
479060,8286,783,479070,8387,8402
479080,8241,1615,479090,8365,260
479100,7792,8736,479110,8310,770
479120,8386,8243,479130,8274,1724
479140,8336,202,479150,7836,8865
479160,8274,763,479170,8396,8180
479180,8226,1679,479190,8395,154
479200,7841,8945,479210,8252,735
479220,8405,8089,479230,8237,1746
479240,8417,125,479250,7839,8991
479260,8342,884,479270,8446,8042
479280,8206,1706,479290,8419,141
479300,7879,8952,479310,8260,831
479320,8445,7913,479330,8218,1762
479340,8414,65,479350,7850,8962
479360,8326,782,479370,8405,7748
479380,8233,1788,479390,8452,127
479400,7814,8935,479410,8285,812
479420,8425,7638,479430,8233,1795
479440,8418,69,479450,7734,9003
479460,8307,888,479470,8417,7591
479480,8213,1714,479490,8446,68
479500,7830,9050,479510,8251,862
479520,8442,7550,479530,8217,1738
479540,8410,34,479550,7880,9152
479560,8299,740,479570,8419,7407
479580,8230,1772,479590,8432,67
479600,7935,9188,479610,8310,807
479620,8440,7267,479630,8225,1753
479640,8421,41,479650,7975,9220
479660,8302,749,479670,8400,7141
479680,8259,1850,479690,8410,28
479700,7892,9315,479710,8304,783
479720,8430,7062,479730,8208,1845
479740,8426,66,479750,7927,9305
479760,8218,722,479770,8433,7013
479780,8217,1824,479790,8419,65
479800,7906,9276,479810,8300,682
479820,8430,6826,479830,8209,1955
479840,8443,37,479850,7904,9396
479860,8286,754,479870,8417,6805
479880,8256,2013,479890,8446,28
479900,7931,9422,479910,8336,794
479920,8430,6647,479930,8213,2048
479940,8464,36,479950,7923,9444
479960,8299,845,479970,8479,6644
479980,8224,2067,479990,8468,86
480000,7969,9572,480010,8277,774
480020,8452,6478,480030,8231,2153
480040,8464,35,480050,7891,9524
480060,8242,802,480070,8436,6438
480080,8209,2143,480090,8481,53
480100,7933,9544,480110,8297,761
480120,8464,6388,480130,8230,2275
480140,8431,-47,480150,7936,9678
480160,8285,838,480170,8422,6278
480180,8204,2214,480190,8468,25
480200,7918,9680,480210,8260,860
480220,8419,6128,480230,8194,2283
480240,8461,-22,480250,7866,9562
480260,8235,821,480270,8413,5957
480280,8190,2291,480290,8472,26
480300,7909,9495,480310,8260,822
480320,8442,5833,480330,8203,2280
480340,8459,0,480350,7957,9621
480360,8309,803,480370,8448,5727
480380,8228,2291,480390,8459,18
480400,7979,9719,480410,8305,839
480420,8467,5671,480430,8198,2224
480440,8432,-28,480450,7961,9880
480460,8313,745,480470,8452,5569
480480,8255,2322,480490,8473,61
480500,7859,9849,480510,8261,826
480520,8475,5425,480530,8227,2298
480540,8468,34,480550,7888,9882
480560,8276,772,480570,8465,5356
480580,8231,2412,480590,8464,17
480600,7909,9946,480610,8271,798
480620,8468,5120,480630,8199,2460
480640,8484,57,480650,7924,10018
480660,8272,738,480670,8463,5140
480680,8239,2554,480690,8449,-11
480700,7913,10088,480710,8269,790
480720,8433,4973,480730,8198,2560
480740,8452,-10,480750,7842,10123
480760,8238,778,480770,8457,4892
480780,8224,2458,480790,8458,-11
480800,7854,10233,480810,8236,793
480820,8456,4694,480830,8218,2550
480840,8492,48,480850,7857,10170
480860,8255,767,480870,8453,4536
480880,8193,2508,480890,8458,-35
480900,7890,10226,480910,8268,754
480920,8444,4394,480930,8192,2593
480940,8479,-9,480950,7867,10268
480960,8307,774,480970,8471,4338
480980,8176,2593,480990,8488,22
481000,7888,10335,481010,8253,763
481020,8453,4207,481030,8203,2704
481040,8489,-14,481050,7826,10343
481060,8249,857,481070,8492,4098
481080,8197,2729,481090,8494,6
481100,7904,10389,481110,8268,822
481120,8482,3957,481130,8187,2833
481140,8457,-37,481150,7948,10433
481160,8258,876,481170,8474,3843
481180,8193,2885,481190,8471,-26
481200,7983,10411,481210,8271,920
481220,8470,3762,481230,8221,2985
481240,8469,-77,481250,7870,10403
481260,8274,825,481270,8442,3591
481280,8206,2903,481290,8484,-14
481300,7849,10443,481310,8237,838
481320,8439,3425,481330,8194,2914
481340,8501,-44,481350,7847,10445
481360,8255,837,481370,8455,3346
481380,8163,3017,481390,8490,-50
481400,7905,10486,481410,8303,908
481420,8451,3157,481430,8166,3121
481440,8486,-69,481450,8009,10552
481460,8262,867,481470,8459,3110
481480,8192,3174,481490,8491,-102
481500,7933,10550,481510,8297,934
481520,8458,2992,481530,8171,3207
481540,8517,-36,481550,7974,10597
481560,8273,846,481570,8466,2857
481580,8207,3265,481590,8479,-59
481600,7902,10561,481610,8307,907
481620,8447,2654,481630,8184,3248
481640,8483,-57,481650,7922,10497
481660,8229,869,481670,8478,2631
481680,8174,3408,481690,8478,-69
481700,7932,10541,481710,8238,870
481720,8475,2430,481730,8176,3471
481740,8507,-53,481750,7920,10509
481760,8241,895,481770,8494,2325
481780,8161,3461,481790,8485,-61
481800,8008,10510,481810,8297,898
481820,8463,2073,481830,8245,3551
481840,8521,-46,481850,7938,10363
481860,8289,893,481870,8465,1986
481880,8201,3557,481890,8496,-31
481900,8032,10276,481910,8257,957
481920,8461,1869,481930,8190,3716
481940,8675,-519,481950,8044,10237
481960,8310,969,481970,8463,1695
481980,8216,3746,481990,8790,-463
482000,8070,10234,482010,8254,921
482020,8460,1545,482030,8225,3837
482040,8818,-620,482050,8056,10333
482060,8242,962,482070,8439,1446
482080,8198,3878,482090,8856,-534
482100,8078,10311,482110,8260,951
482120,8465,1316,482130,8186,3939
482140,8847,-567,482150,8097,10343
482160,8263,954,482170,8440,1233
482180,8138,3976,482190,8810,-544
482200,8082,10314,482210,8214,975
482220,8478,1132,482230,8108,3988
482240,8779,-592,482250,8126,10345
482260,8232,945,482270,8456,970
482280,8132,4060,482290,8873,-529
482300,8080,10323,482310,8272,1027
482320,8478,798,482330,8107,4068
482340,8840,-542,482350,8080,10437
482360,8207,908,482370,8436,751
482380,8142,4161,482390,8861,-507
482400,8100,10387,482410,8246,1020
482420,8474,607,482430,8136,4181
482440,8813,-463,482450,8138,10381
482460,8259,917,482470,8489,520
482480,8145,4136,482490,8793,-444
482500,8186,10412,482510,8264,966
482520,8477,279,482530,8181,4192
482540,8782,-467,482550,8173,10235
482560,8253,958,482570,8478,294
482580,8220,4147,482590,8749,-454
482600,8170,10177,482610,8266,976
482620,8457,88,482630,8205,4237
482640,8763,-536,482650,8163,10149
482660,8234,941,482670,8474,112
482680,8183,4363,482690,8751,-464
482700,8175,10228,482710,8251,974
482720,8450,43,482730,8061,4519
482740,8827,-439,482750,8185,10227
482760,8276,969,482770,8477,84
482780,7908,4566,482790,8793,-461
482800,8206,10245,482810,8311,957
482820,8467,66,482830,7773,4700
482840,8799,-496,482850,8231,10302
482860,8331,995,482870,8467,62
482880,7647,4777,482890,8719,-444
482900,8184,10195,482910,8276,926
482920,8446,93,482930,7708,4865
482940,8701,-491,482950,8183,10184
482960,8277,1012,482970,8431,19
482980,7617,4913,482990,8694,-412
483000,8257,10075,483010,8234,995
483020,8446,72,483030,7674,4914
483040,8694,-349,483050,8222,10039
483060,8261,959,483070,8429,35
483080,7702,4934,483090,8721,-280
483100,8227,9952,483110,8225,991
483120,8455,51,483130,7746,4998
483140,8703,-269,483150,8215,9951
483160,8251,982,483170,8446,46
483180,7783,5037,483190,8658,-324
483200,8204,9907,483210,8257,1064
483220,8474,77,483230,7681,5099
483240,8642,-358,483250,8254,9908
483260,8247,960,483270,8456,73
483280,7676,5224,483290,8664,-315
483300,8266,9938,483310,8264,1020
483320,8461,44,483330,7692,5258
483340,8647,-212,483350,8221,9933
483360,8263,909,483370,8432,71
483380,7686,5321,483390,8570,-283
483400,8217,9909,483410,8282,1001
483420,8413,-10,483430,7750,5474
483440,8605,-196,483450,8223,9838
483460,8256,1017,483470,8470,75
483480,7749,5492,483490,8635,-235
483500,8234,9804,483510,8269,1069
483520,8431,54,483530,7703,5560
483540,8630,-200,483550,8256,9810
483560,8286,1039,483570,8496,103
483580,7696,5633,483590,8554,-186
483600,8269,9810,483610,8243,1058
483620,8445,83,483630,7728,5728
483640,8570,-238,483650,8258,9843
483660,8277,1054,483670,8455,76
483680,7706,5793,483690,8525,-137
483700,8265,9845,483710,8230,1024
483720,8441,73,483730,7704,5908
483740,8549,-164,483750,8261,9869
483760,8279,1024,483770,8454,67
483780,7723,6012,483790,8577,-149
483800,8259,9905,483810,8284,1030
483820,8439,76,483830,7761,6107
483840,8604,-139,483850,8202,9970
483860,8282,1039,483870,8436,40
483880,7764,6223,483890,8535,-194
483900,8233,9978,483910,8250,1077
483920,8461,67,483930,7738,6293
483940,8534,-197,483950,8269,10021
483960,8204,1079,483970,8424,28
483980,7787,6445,483990,8565,-259
484000,8229,9871,484010,8203,1165
484020,8446,47,484030,7691,6413
484040,8561,-225,484050,8234,9848
484060,8236,1126,484070,8440,101
484080,7709,6483,484090,8617,-168
484100,8227,9796,484110,8217,1237
484120,8451,58,484130,7787,6540
484140,8600,-224,484150,8237,9762
484160,8195,1165,484170,8456,105
484180,7817,6619,484190,8544,-98
484200,8255,9728,484210,8244,1280
484220,8458,110,484230,7761,6692
484240,8498,-69,484250,8206,9793
484260,8215,1237,484270,8467,156
484280,7713,6780,484290,8522,-141
484300,8263,9817,484310,8248,1309
484320,8433,72,484330,7690,6910
484340,8560,26,484350,8268,9804
484360,8222,1288,484370,8438,108
484380,7765,6935,484390,8587,22
484400,8236,9764,484410,8233,1333
484420,8440,84,484430,7764,7064
484440,8521,132,484450,8257,9672
484460,8263,1327,484470,8433,83
484480,7733,7095,484490,8493,93
484500,8279,9627,484510,8243,1332
484520,8459,71,484530,7723,7161
484540,8361,294,484550,8321,9644
484560,8261,1343,484570,8420,82
484580,7705,7199,484590,8373,391
484600,8245,9724,484610,8242,1299
484620,8437,49,484630,7682,7360
484640,8310,418,484650,8270,9816
484660,8256,1324,484670,8433,52
484680,7712,7483,484690,8258,488
484700,8285,9736,484710,8230,1348
484720,8464,155,484730,7744,7593
484740,8263,469,484750,8256,9727
484760,8246,1356,484770,8451,115
484780,7740,7725,484790,8266,488
484800,8243,9790,484810,8251,1415
484820,8456,91,484830,7700,7791
484840,8300,536,484850,8316,9709
484860,8255,1353,484870,8439,51
484880,7722,7905,484890,8300,662
484900,8334,9678,484910,8261,1393
484920,8515,206,484930,7709,7915
484940,8268,725,484950,8285,9598
484960,8250,1350,484970,8538,199
484980,7721,8082,484990,8213,784
485000,8405,9478,485010,8241,1461
485020,8526,159,485030,7695,8128
485040,8177,805,485050,8352,9439
485060,8241,1397,485070,8477,167
485080,7764,8197,485090,8179,820
485100,8317,9339,485110,8243,1446
485120,8372,93,485130,7694,8269
485140,8218,847,485150,8322,9339
485160,8248,1409,485170,8353,104
485180,7740,8365,485190,8230,830
485200,8338,9238,485210,8233,1485
485220,8405,105,485230,7716,8401
485240,8226,918,485250,8379,9110
485260,8244,1504,485270,8464,108
485280,7684,8487,485290,8213,896
485300,8398,9066,485310,8243,1425
485320,8470,163,485330,7632,8577
485340,8231,920,485350,8389,9023
485360,8257,1485,485370,8450,213
485380,7725,8632,485390,8228,899
485400,8381,8853,485410,8247,1434
485420,8454,204,485430,7788,8728
485440,8231,818,485450,8359,8687
485460,8251,1474,485470,8405,182
485480,7780,8714,485490,8194,894
485500,8407,8549,485510,8228,1484
485520,8392,188,485530,7746,8785
485540,8148,831,485550,8396,8476
485560,8255,1554,485570,8382,157
485580,7704,8786,485590,8214,938
485600,8435,8298,485610,8203,1555
485620,8351,227,485630,7796,8845
485640,8190,849,485650,8409,8113
485660,8240,1598,485670,8295,177
485680,7803,8956,485690,8312,811
485700,8417,8065,485710,8218,1700
485720,8320,112,485730,7811,8964
485740,8306,717,485750,8390,8012
485760,8218,1679,485770,8362,89
485780,7763,9078,485790,8238,837
485800,8374,7902,485810,8169,1707
485820,8425,121,485830,7747,9041
485840,8219,853,485850,8437,7798
485860,8215,1639,485870,8427,94
485880,7765,9121,485890,8308,890
485900,8406,7616,485910,8240,1718
485920,8463,95,485930,7806,9111
485940,8303,853,485950,8419,7501
485960,8212,1704,485970,8467,91
485980,7799,9204,485990,8270,884
486000,8392,7428,486010,8224,1841
486020,8453,11,486030,7806,9314
486040,8218,895,486050,8438,7281
486060,8216,1806,486070,8449,87
486080,7892,9295,486090,8260,808
486100,8432,7150,486110,8218,1856
486120,8378,2,486130,7851,9275
486140,8269,800,486150,8389,7030
486160,8214,1840,486170,8397,60
486180,7866,9336,486190,8281,781
486200,8429,6968,486210,8204,1939
486220,8443,73,486230,7802,9468
486240,8278,795,486250,8412,6875
486260,8197,2034,486270,8453,107
486280,7840,9425,486290,8262,809
486300,8440,6605,486310,8213,1997
486320,8454,73,486330,7871,9600
486340,8258,801,486350,8422,6474
486360,8237,2069,486370,8475,58
486380,7913,9561,486390,8256,823
486400,8463,6361,486410,8187,2096
486420,8441,-7,486430,7961,9691
486440,8296,795,486450,8402,6287
486460,8199,2155,486470,8437,-19
486480,7889,9712,486490,8275,837
486500,8422,6171,486510,8203,2260
486520,8468,62,486530,7859,9735
486540,8259,787,486550,8425,6096
486560,8202,2345,486570,8467,28
486580,7896,9796,486590,8268,822
486600,8427,5913,486610,8195,2364
486620,8466,55,486630,7949,9897
486640,8225,772,486650,8459,5833
486660,8234,2299,486670,8448,-4
486680,8013,9979,486690,8296,822
486700,8406,5629,486710,8209,2367
486720,8472,-13,486730,7950,9960
486740,8252,755,486750,8400,5590
486760,8208,2417,486770,8427,24
486780,7967,10005,486790,8290,785
486800,8448,5305,486810,8231,2481
486820,8484,56,486830,7882,10009
486840,8262,791,486850,8452,5181
486860,8206,2418,486870,8476,35
486880,7894,10046,486890,8261,755
486900,8445,4990,486910,8207,2534
486920,8475,-16,486930,7920,10221
486940,8250,788,486950,8463,4831
486960,8192,2553,486970,8465,13
486980,7890,10266,486990,8270,761
487000,8436,4651,487010,8220,2696
487020,8454,-69,487030,7874,10340
487040,8330,815,487050,8455,4526
487060,8229,2748,487070,8457,69
487080,7847,10311,487090,8239,860
487100,8490,4406,487110,8201,2820
487120,8454,36,487130,7911,10245
487140,8263,839,487150,8470,4196
487160,8179,2829,487170,8471,-23
487180,7971,10312,487190,8234,822
487200,8489,4074,487210,8168,2900
487220,8479,-24,487230,7952,10434
487240,8236,835,487250,8456,3940
487260,8217,3014,487270,8499,-51
487280,7941,10532,487290,8231,848
487300,8478,3852,487310,8197,3050
487320,8494,-49,487330,7940,10653
487340,8280,807,487350,8478,3623
487360,8229,3139,487370,8489,-64
487380,7937,10563,487390,8292,831
487400,8472,3351,487410,8179,3176
487420,8482,-10,487430,7996,10479
487440,8290,834,487450,8469,3185
487460,8173,3257,487470,8482,-96
487480,7982,10522,487490,8283,900
487500,8475,2971,487510,8147,3385
487520,8502,-109,487530,7982,10510
487540,8240,875,487550,8479,2824
487560,8188,3463,487570,8494,-38
487580,7961,10389,487590,8306,850
487600,8472,2559,487610,8175,3559
487620,8523,-63,487630,7952,10452
487640,8258,893,487650,8486,2424
487660,8172,3609,487670,8490,-156
487680,8032,10471,487690,8284,943
487700,8471,2286,487710,8231,3742
487720,8626,-504,487730,8097,10447
487740,8249,963,487750,8493,2101
487760,8187,3765,487770,8561,-545
487780,8115,10517,487790,8253,899
487800,8498,1915,487810,8166,3835
487820,8599,-486,487830,8063,10486
487840,8262,873,487850,8485,1755
487860,8177,3785,487870,8505,-55
487880,8072,10519,487890,8241,867
487900,8469,1567,487910,8226,3898
487920,8509,-79,487930,8107,10413
487940,8282,895,487950,8469,1356
487960,8183,3952,487970,8510,-143
487980,8155,10274,487990,8268,898
488000,8518,1169,488010,8169,4062
488020,8726,-523,488030,8116,10311
488040,8281,942,488050,8470,940
488060,8134,4069,488070,8800,-549
488080,8114,10340,488090,8234,958
488100,8493,764,488110,8103,4131
488120,8801,-509,488130,8095,10476
488140,8249,931,488150,8448,662
488160,8161,4178,488170,8822,-454
488180,8133,10459,488190,8269,1005
488200,8487,459,488210,8176,4242
488220,8787,-429,488230,8167,10428
488240,8246,927,488250,8481,359
488260,8220,4372,488270,8725,-402
488280,8185,10362,488290,8276,1004
488300,8500,172,488310,8185,4439
488320,8694,-445,488330,8218,10426
488340,8257,923,488350,8475,120
488360,8141,4552,488370,8659,-440
488380,8158,10410,488390,8284,881
488400,8461,12,488410,7973,4609
488420,8713,-357,488430,8205,10457
488440,8266,920,488450,8479,72
488460,7885,4691,488470,8753,-413
488480,8183,10336,488490,8299,947
488500,8459,18,488510,7768,4771
488520,8732,-381,488530,8195,10245
488540,8267,957,488550,8462,101
488560,7721,4784,488570,8670,-392
488580,8227,10271,488590,8270,985
488600,8449,76,488610,7739,4884
488620,8670,-389,488630,8203,10266
488640,8274,1031,488650,8440,43
488660,7739,4964,488670,8657,-337
488680,8224,10231,488690,8277,1008
488700,8422,33,488710,7741,5102
488720,8688,-413,488730,8169,10240
488740,8259,1025,488750,8444,39
488760,7775,5178,488770,8670,-327
488780,8220,10238,488790,8285,940
488800,8461,104,488810,7708,5224
488820,8683,-337,488830,8206,10297
488840,8281,953,488850,8455,48
488860,7689,5264,488870,8618,-257
488880,8214,10189,488890,8230,987
488900,8450,73,488910,7718,5365
488920,8561,-322,488930,8211,10205
488940,8251,950,488950,8409,38
488960,7748,5460,488970,8601,-374
488980,8201,10119,488990,8230,934
489000,8462,34,489010,7776,5507
489020,8581,-375,489030,8276,10083
489040,8256,983,489050,8427,28
489060,7724,5674,489070,8644,-323
489080,8209,10132,489090,8256,1060
489100,8469,103,489110,7719,5701
489120,8661,-254,489130,8222,10219
489140,8226,1032,489150,8426,24
489160,7743,5807,489170,8617,-316
489180,8223,10079,489190,8245,1129
489200,8450,97,489210,7716,5861
489220,8641,-286,489230,8236,10072
489240,8252,1065,489250,8434,117
489260,7713,6002,489270,8617,-317
489280,8185,10059,489290,8252,1104
489300,8436,91,489310,7693,6075
489320,8674,-310,489330,8285,10024
489340,8262,1089,489350,8414,88
489360,7724,6163,489370,8633,-295
489380,8224,10089,489390,8236,1103
489400,8408,50,489410,7731,6358
489420,8619,-357,489430,8234,10101
489440,8262,1093,489450,8425,49
489460,7707,6453,489470,8618,-354
489480,8238,10042,489490,8240,1181
489500,8435,71,489510,7687,6544
489520,8649,-304,489530,8244,10059
489540,8264,1189,489550,8436,85
489560,7653,6626,489570,8687,-222
489580,8272,10048,489590,8230,1161
489600,8436,24,489610,7717,6733
489620,8680,-339,489630,8241,10050
489640,8232,1122,489650,8432,-5
489660,7758,6777,489670,8668,-256
489680,8273,10031,489690,8226,1155
489700,8483,144,489710,7696,6859
489720,8576,-316,489730,8244,10010
489740,8258,1175,489750,8461,67
489760,7724,6905,489770,8645,-257
489780,8318,9922,489790,8231,1175
489800,8455,79,489810,7681,6956
489820,8639,-243,489830,8231,9817
489840,8253,1185,489850,8394,42
489860,7697,6978,489870,8661,-171
489880,8301,9689,489890,8250,1240
489900,8435,72,489910,7719,7023
489920,8551,84,489930,8315,9631
489940,8255,1274,489950,8439,78
489960,7708,7207,489970,8367,373
489980,8256,9775,489990,8235,1355
490000,8464,107,490010,7673,7312
490020,8350,389,490030,8291,9789
490040,8255,1324,490050,8442,47
490060,7658,7458,490070,8474,109
490080,8278,9820,490090,8267,1334
490100,8436,58,490110,7645,7599
490120,8272,560,490130,8281,9880
490140,8244,1308,490150,8421,113
490160,7749,7736,490170,8262,607
490180,8323,9823,490190,8266,1370
490200,8446,58,490210,7727,7854
490220,8254,681,490230,8373,9753
490240,8266,1377,490250,8471,132
490260,7731,7951,490270,8245,687
490280,8313,9783,490290,8228,1388
490300,8411,-22,490310,7681,8067
490320,8237,753,490330,8311,9750
490340,8223,1388,490350,8536,168
490360,7667,8100,490370,8186,845
490380,8308,9641,490390,8242,1408
490400,8555,137,490410,7694,8208
490420,8217,883,490430,8290,9561
490440,8252,1437,490450,8515,167
490460,7755,8245,490470,8141,869
490480,8343,9419,490490,8232,1351
490500,8401,131,490510,7780,8345
490520,8240,658,490530,8347,9260
490540,8269,1394,490550,8378,59
490560,7714,8338,490570,8231,694
490580,8402,9074,490590,8220,1369
490600,8405,131,490610,7671,8293
490620,8163,827,490630,8388,8964
490640,8236,1461,490650,8450,111
490660,7729,8378,490670,8267,978
490680,8336,8809,490690,8234,1566
490700,8460,135,490710,7758,8451
490720,8313,798,490730,8382,8712
490740,8238,1552,490750,8432,145
490760,7827,8592,490770,8283,870
490780,8358,8560,490790,8201,1623
490800,8451,173,490810,7777,8625
490820,8302,792,490830,8459,8555
490840,8231,1575,490850,8427,241
490860,7771,8812,490870,8306,842
490880,8439,8403,490890,8222,1621
490900,8412,285,490910,7756,8828
490920,8270,897,490930,8432,8331
490940,8238,1541,490950,8347,215
490960,7842,8987,490970,8226,858
490980,8406,8148,490990,8211,1615
491000,8337,154,491010,7860,9056
491020,8252,802,491030,8428,8079
491040,8209,1549,491050,8316,134
491060,7899,9032,491070,8232,800
491080,8443,7886,491090,8209,1630
491100,8442,93,491110,7832,9052
491120,8281,865,491130,8431,7693
491140,8238,1616,491150,8431,127
491160,7831,9095,491170,8287,757
491180,8438,7695,491190,8253,1754
491200,8411,-6,491210,7796,9156
491220,8317,745,491230,8411,7475
491240,8223,1769,491250,8428,83
491260,7845,9199,491270,8280,821
491280,8459,7359,491290,8235,1843
491300,8420,120,491310,7846,9294
491320,8280,730,491330,8416,7206
491340,8231,1928,491350,8462,141
491360,7862,9248,491370,8265,836
491380,8418,7073,491390,8211,1764
491400,8417,72,491410,7886,9346
491420,8273,727,491430,8420,6891
491440,8220,1853,491450,8385,-2
491460,7851,9389,491470,8309,757
491480,8415,6760,491490,8200,1887
491500,8421,40,491510,7888,9507
491520,8260,727,491530,8378,6629
491540,8237,1928,491550,8446,11
491560,7871,9575,491570,8255,717
491580,8417,6401,491590,8232,1980
491600,8449,46,491610,7913,9554
491620,8263,698,491630,8441,6312
491640,8226,1968,491650,8411,27
491660,7909,9622,491670,8262,751
491680,8428,6116,491690,8205,2094
491700,8473,41,491710,7850,9664
491720,8253,745,491730,8442,6031
491740,8220,2040,491750,8466,-10
491760,7885,9759,491770,8281,742
491780,8422,5899,491790,8214,2091
491800,8457,-26,491810,7857,9722
491820,8257,718,491830,8448,5735
491840,8214,2074,491850,8470,29
491860,7911,9851,491870,8295,698
491880,8438,5576,491890,8233,2158
491900,8450,-34,491910,7927,9905
491920,8262,745,491930,8432,5417
491940,8237,2250,491950,8443,15
491960,7928,9955,491970,8296,769
491980,8438,5254,491990,8215,2400
492000,8482,-19,492010,7895,10009
492020,8262,739,492030,8430,5116
492040,8203,2401,492050,8490,37
492060,7904,10070,492070,8303,777
492080,8430,4917,492090,8217,2430
492100,8456,-26,492110,7892,10154
492120,8281,756,492130,8436,4765
492140,8206,2580,492150,8493,51
492160,7900,10255,492170,8257,768
492180,8475,4654,492190,8195,2567
492200,8494,-32,492210,7890,10291
492220,8295,790,492230,8445,4431
492240,8203,2689,492250,8470,-25
492260,7926,10244,492270,8282,789
492280,8499,4245,492290,8173,2683
492300,8483,-51,492310,7921,10314
492320,8315,766,492330,8461,4036
492340,8196,2758,492350,8498,-8
492360,7983,10289,492370,8249,864
492380,8488,3905,492390,8185,2847
492400,8489,-23,492410,7988,10311
492420,8267,757,492430,8444,3815
492440,8204,2943,492450,8469,-79
492460,7964,10356,492470,8240,819
492480,8471,3562,492490,8193,3030
492500,8500,32,492510,8008,10400
492520,8253,863,492530,8470,3427
492540,8198,2967,492550,8500,-39
492560,7980,10463,492570,8244,842
492580,8441,3249,492590,8137,3153
492600,8497,-95,492610,7979,10487
492620,8256,883,492630,8462,3132
492640,8175,3309,492650,8495,27
492660,8023,10486,492670,8247,830
492680,8460,2906,492690,8165,3297
492700,8531,-15,492710,7909,10446
492720,8263,875,492730,8474,2735
492740,8137,3276,492750,8459,-59
492760,7979,10497,492770,8267,873
492780,8444,2446,492790,8156,3429
492800,8490,-34,492810,7986,10594
492820,8316,919,492830,8494,2309
492840,8194,3610,492850,8502,11
492860,7984,10552,492870,8267,882
492880,8494,2157,492890,8252,3647
492900,8481,-64,492910,8012,10518
492920,8229,850,492930,8461,1907
492940,8192,3681,492950,8463,-26
492960,8053,10383,492970,8243,908
492980,8468,1760,492990,8154,3842
