LED1 Timestamp (ms),LED1_PD1,LED1_PD2,LED2 Timestamp (ms),LED2_PD1,LED2_PD2
LED1 Timestamp (ms),LED1_PD1,LED1_PD2,LED2 Timestamp (ms),LED2_PD1,LED2_PD2
LED1 Timestamp (ms),LED1_PD1,LED1_PD2,LED2 Timestamp (ms),LED2_PD1,LED2_PD2
6500,8200,4846,6510,8196,4587
6520,8198,4729,6530,8192,4846
6540,8196,4548,6550,8213,4866
6560,8209,4572,6570,8199,4759
6580,8208,4831,6590,8200,4571
6600,8204,4844,6610,8208,4596
6620,8206,4738,6630,8197,4867
6640,8205,4568,6650,8205,4864
6660,8208,4586,6670,8201,4762
6680,8205,4838,6690,8206,4583
6700,8201,4831,6710,8201,4610
6720,8204,4730,6730,8205,4871
6740,8200,4551,6750,8205,4858
6760,8199,4582,6770,8206,4762
6780,8201,4847,6790,8192,4577
6800,8192,4832,6810,8197,4605
6820,8205,4735,6830,8197,4865
6840,8203,4551,6850,8193,4856
6860,8199,4581,6870,8192,4748
6880,8195,4850,6890,8204,4575
6900,8201,4830,6910,8191,4611
6920,8203,4721,6930,8195,4881
6940,8202,4548,6950,8202,4849
6960,8202,4579,6970,8200,4749
6980,8200,4855,6990,8188,4572
7000,8205,4827,7010,8203,4611
7020,8203,4715,7030,8209,4879
7040,8203,4554,7050,8203,4856
7060,8199,4588,7070,8196,4735
7080,8204,4863,7090,8198,4569
7100,8209,4826,7110,8201,4611
7120,8202,4721,7130,8195,4886
7140,8196,4542,7150,8212,4841
7160,8204,4585,7170,8203,4746
7180,8200,4863,7190,8198,4571
7200,8199,4817,7210,8194,4617
7220,8200,4714,7230,8207,4888
7240,8205,4534,7250,8196,4841
7260,8202,4589,7270,8201,4731
7280,8203,4867,7290,8200,4576
7300,8205,4816,7310,8197,4613
7320,8209,4711,7330,8196,4888
7340,8205,4546,7350,8201,4832
7360,8192,4588,7370,8194,4731
7380,8203,4872,7390,8204,4571
7400,8204,4818,7410,8208,4624
7420,8204,4707,7430,8209,4897
7440,8195,4549,7450,8194,4832
7460,8200,4592,7470,8198,4732
7480,8195,4874,7490,8197,4579
7500,8192,4813,7510,8197,4620
7520,8207,4702,7530,8210,4891
7540,8207,4549,7550,8194,4827
7560,8201,4599,7570,8205,4723
7580,8201,4868,7590,8201,4567
7600,8203,4803,7610,8206,4622
7620,8204,4692,7630,8198,4898
7640,8206,4544,7650,8201,4823
7660,8201,4607,7670,8189,4697
7680,8198,4885,7690,8202,4576
7700,8209,4816,7710,8198,4650
7720,8199,4676,7730,8199,4909
7740,8202,4555,7750,8195,4826
7760,8194,4626,7770,8206,4703
7780,8206,4887,7790,8201,4576
7800,8198,4802,7810,8202,4646
7820,8217,4672,7830,8206,4908
7840,8195,4556,7850,8200,4829
7860,8195,4628,7870,8204,4698
7880,8206,4887,7890,8200,4574
7900,8198,4793,7910,8197,4651
7920,8197,4651,7930,8202,4906
7940,8207,4557,7950,8188,4825
7960,8203,4631,7970,8209,4677
7980,8197,4883,7990,8202,4586
8000,8204,4797,8010,8191,4668
8020,8207,4667,8030,8197,4914
8040,8202,4551,8050,8195,4826
8060,8197,4650,8070,8201,4684
8080,8204,4886,8090,8207,4581
8100,8205,4794,8110,8202,4683
8120,8203,4664,8130,8192,4908
8140,8201,4554,8150,8200,4824
8160,8203,4650,8170,8209,4674
8180,8192,4885,8190,8206,4573
8200,8212,4794,8210,8188,4683
8220,8195,4647,8230,8204,4907
8240,8210,4552,8250,8193,4811
8260,8192,4659,8270,8202,4669
8280,8199,4876,8290,8201,4578
8300,8210,4795,8310,8198,4691
8320,8203,4643,8330,8191,4914
8340,8197,4547,8350,8204,4814
8360,8206,4675,8370,8195,4655
8380,8199,4888,8390,8206,4583
8400,8202,4786,8410,8198,4700
8420,8196,4631,8430,8191,4904
8440,8194,4544,8450,8204,4804
8460,8204,4680,8470,8195,4662
8480,8206,4897,8490,8196,4571
8500,8188,4787,8510,8197,4710
8520,8200,4640,8530,8191,4917
8540,8214,4553,8550,8201,4807
8560,8192,4686,8570,8206,4643
8580,8200,4891,8590,8204,4576
8600,8205,4782,8610,8200,4716
8620,8198,4625,8630,8205,4915
8640,8206,4558,8650,8210,4800
8660,8194,4690,8670,8211,4636
8680,8195,4879,8690,8197,4578
8700,8195,4774,8710,8214,4720
8720,8207,4610,8730,8194,4905
8740,8195,4558,8750,8200,4801
8760,8198,4722,8770,8204,4641
8780,8195,4896,8790,8204,4582
8800,8203,4772,8810,8208,4735
8820,8205,4610,8830,8196,4915
8840,8199,4564,8850,8204,4803
8860,8200,4723,8870,8204,4624
8880,8200,4887,8890,8200,4579
8900,8205,4779,8910,8201,4745
8920,8193,4595,8930,8196,4915
8940,8193,4565,8950,8203,4799
8960,8206,4732,8970,8200,4622
8980,8201,4891,8990,8200,4583
9000,8206,4770,9010,8209,4756
9020,8204,4593,9030,8195,4910
9040,8210,4574,9050,8192,4791
9060,8200,4736,9070,8198,4615
9080,8199,4883,9090,8198,4576
9100,8207,4766,9110,8205,4764
9120,8205,4599,9130,8204,4909
9140,8208,4547,9150,8202,4797
9160,8208,4737,9170,8203,4612
9180,8204,4880,9190,8207,4589
9200,8213,4779,9210,8200,4779
9220,8198,4591,9230,8202,4912
9240,8197,4557,9250,8196,4800
9260,8195,4753,9270,8198,4603
9280,8210,4889,9290,8211,4581
9300,8198,4760,9310,8198,4769
9320,8202,4578,9330,8211,4895
9340,8199,4562,9350,8208,4787
9360,8201,4760,9370,8199,4597
9380,8201,4883,9390,8208,4591
9400,8199,4762,9410,8198,4786
9420,8198,4583,9430,8204,4894
9440,8202,4560,9450,8210,4790
9460,8197,4764,9470,8206,4597
9480,8202,4876,9490,8199,4590
9500,8195,4757,9510,8202,4790
9520,8205,4574,9530,8200,4902
9540,8207,4567,9550,8194,4788
9560,8203,4774,9570,8206,4603
9580,8206,4871,9590,8204,4585
9600,8212,4766,9610,8200,4804
9620,8199,4576,9630,8200,4897
9640,8207,4564,9650,8213,4785
9660,8207,4789,9670,8206,4587
9680,8196,4862,9690,8197,4584
9700,8204,4756,9710,8196,4816
9720,8201,4569,9730,8197,4887
9740,8207,4559,9750,8206,4772
9760,8192,4776,9770,8191,4589
9780,8203,4854,9790,8199,4588
9800,8194,4750,9810,8194,4813
9820,8194,4581,9830,8197,4895
9840,8198,4570,9850,8202,4776
9860,8198,4792,9870,8198,4590
9880,8205,4869,9890,8209,4594
9900,8198,4748,9910,8189,4811
9920,8205,4573,9930,8203,4887
9940,8205,4566,9950,8206,4779
9960,8195,4797,9970,8205,4589
9980,8203,4850,9990,8204,4589
10000,8197,4747,10010,8201,4823
10020,8200,4569,10030,8203,4880
10040,8201,4573,10050,8199,4774
10060,8198,4802,10070,8194,4590
10080,8202,4849,10090,8197,4593
10100,8198,4751,10110,8197,4828
10120,8198,4555,10130,8202,4881
10140,8200,4569,10150,8205,4769
10160,8204,4803,10170,8200,4578
10180,8194,4852,10190,8205,4600
10200,8213,4755,10210,8200,4841
10220,8207,4564,10230,8212,4878
10240,8193,4575,10250,8200,4764
10260,8193,4817,10270,8196,4585
10280,8201,4845,10290,8204,4596
10300,8201,4748,10310,8200,4845
10320,8211,4551,10330,8197,4870
10340,8206,4572,10350,8209,4767
10360,8207,4827,10370,8201,4582
10380,8201,4844,10390,8214,4599
10400,8205,4738,10410,8204,4858
10420,8205,4556,10430,8193,4867
10440,8200,4577,10450,8206,4758
10460,8204,4833,10470,8200,4580
10480,8209,4847,10490,8202,4596
10500,8202,4738,10510,8207,4867
10520,8209,4553,10530,8200,4869
10540,8209,4574,10550,8201,4766
10560,8212,4831,10570,8213,4589
10580,8199,4844,10590,8201,4598
10600,8199,4731,10610,8200,4860
10620,8196,4551,10630,8203,4860
10640,8210,4575,10650,8196,4760
10660,8194,4836,10670,8196,4585
10680,8197,4836,10690,8200,4589
10700,8199,4731,10710,8204,4866
10720,8198,4548,10730,8219,4863
10740,8206,4589,10750,8202,4758
10760,8200,4852,10770,8200,4579
10780,8214,4837,10790,8205,4604
10800,8200,4721,10810,8211,4864
10820,8205,4542,10830,8196,4853
10840,8206,4571,10850,8201,4738
10860,8199,4846,10870,8204,4574
10880,8200,4831,10890,8197,4614
10900,8201,4734,10910,8201,4893
10920,8210,4552,10930,8204,4852
10940,8209,4597,10950,8209,4753
10960,8204,4853,10970,8195,4580
10980,8203,4835,10990,8203,4607
11000,8198,4728,11010,8205,4884
11020,8205,4554,11030,8207,4853
11040,8209,4587,11050,8205,4750
11060,8202,4857,11070,8201,4567
11080,8206,4825,11090,8210,4612
11100,8198,4720,11110,8197,4885
11120,8206,4552,11130,8199,4842
11140,8200,4588,11150,8199,4742
11160,8200,4863,11170,8201,4569
11180,8202,4823,11190,8210,4620
11200,8212,4726,11210,8201,4889
11220,8203,4552,11230,8196,4843
11240,8203,4588,11250,8201,4737
11260,8201,4871,11270,8202,4576
11280,8198,4821,11290,8207,4620
11300,8201,4713,11310,8187,4891
11320,8202,4557,11330,8197,4839
11340,8200,4593,11350,8206,4743
11360,8202,4875,11370,8195,4572
11380,8208,4822,11390,8191,4623
11400,8201,4712,11410,8198,4891
11420,8207,4552,11430,8202,4836
11440,8201,4596,11450,8206,4735
11460,8204,4869,11470,8209,4586
11480,8201,4817,11490,8201,4632
11500,8206,4713,11510,8199,4901
11520,8212,4558,11530,8208,4847
11540,8202,4602,11550,8197,4728
11560,8196,4877,11570,8201,4567
11580,8200,4809,11590,8200,4635
11600,8204,4709,11610,8201,4903
11620,8206,4546,11630,8194,4833
11640,8205,4608,11650,8208,4710
11660,8197,4887,11670,8195,4578
11680,8198,4809,11690,8189,4637
11700,8195,4688,11710,8196,4910
11720,8199,4540,11730,8194,4832
11740,8194,4618,11750,8197,4716
11760,8205,4872,11770,8195,4578
11780,8201,4813,11790,8205,4650
11800,8204,4685,11810,8198,4917
11820,8209,4558,11830,8196,4827
11840,8193,4622,11850,8209,4694
11860,8193,4881,11870,8201,4574
11880,8204,4790,11890,8204,4644
11900,8201,4666,11910,8195,4902
11920,8202,4554,11930,8199,4822
11940,8204,4624,11950,8204,4710
11960,8208,4893,11970,8209,4587
11980,8202,4806,11990,8201,4660
12000,8207,4673,12010,8190,4906
12020,8192,4553,12030,8196,4822
12040,8198,4645,12050,8198,4696
12060,8199,4875,12070,8195,4570
12080,8195,4802,12090,8196,4662
12100,8188,4664,12110,8198,4910
12120,8199,4553,12130,8196,4814
12140,8194,4648,12150,8204,4686
12160,8200,4883,12170,8198,4573
12180,8205,4800,12190,8210,4666
12200,8206,4658,12210,8194,4906
12220,8199,4552,12230,8191,4815
12240,8197,4653,12250,8201,4664
12260,8203,4892,12270,8202,4574
12280,8208,4790,12290,8199,4680
12300,8196,4638,12310,8202,4910
12320,8204,4555,12330,8198,4822
12340,8196,4665,12350,8208,4672
12360,8206,4888,12370,8197,4573
12380,8196,4792,12390,8203,4698
12400,8208,4644,12410,8201,4916
12420,8200,4557,12430,8207,4812
12440,8202,4683,12450,8203,4667
12460,8204,4885,12470,8199,4571
12480,8203,4793,12490,8197,4702
12500,8198,4635,12510,8199,4890
12520,8199,4557,12530,8193,4806
12540,8193,4673,12550,8200,4648
12560,8198,4890,12570,8199,4577
12580,8191,4787,12590,8199,4709
12600,8207,4623,12610,8195,4908
12620,8198,4558,12630,8198,4812
12640,8196,4687,12650,8192,4649
12660,8200,4887,12670,8200,4576
12680,8202,4785,12690,8197,4713
12700,8202,4620,12710,8195,4918
12720,8207,4560,12730,8193,4800
12740,8199,4698,12750,8198,4635
12760,8195,4887,12770,8202,4576
12780,8205,4778,12790,8206,4729
12800,8202,4615,12810,8197,4900
12820,8207,4554,12830,8206,4804
12840,8202,4706,12850,8206,4638
12860,8206,4879,12870,8203,4583
12880,8204,4785,12890,8211,4741
12900,8198,4599,12910,8202,4913
12920,8201,4550,12930,8207,4793
12940,8198,4700,12950,8200,4613
12960,8200,4884,12970,8208,4583
12980,8210,4775,12990,8200,4737
13000,8216,4593,13010,8202,4905
13020,8205,4569,13030,8201,4807
13040,8204,4733,13050,8204,4632
13060,8219,4898,13070,8198,4586
13080,8193,4780,13090,8202,4755
13100,8201,4601,13110,8199,4903
13120,8205,4557,13130,8208,4797
13140,8201,4737,13150,8201,4611
13160,8206,4891,13170,8198,4584
13180,8199,4779,13190,8189,4762
13200,8200,4584,13210,8204,4918
13220,8207,4560,13230,8207,4794
13240,8197,4741,13250,8200,4610
13260,8200,4879,13270,8199,4589
13280,8199,4769,13290,8202,4773
13300,8206,4582,13310,8199,4912
13320,8201,4556,13330,8201,4792
13340,8201,4754,13350,8200,4616
13360,8201,4889,13370,8200,4587
13380,8203,4764,13390,8204,4780
13400,8208,4584,13410,8208,4918
13420,8195,4560,13430,8202,4797
13440,8202,4756,13450,8209,4611
13460,8202,4878,13470,8202,4575
13480,8205,4773,13490,8201,4780
13500,8195,4575,13510,8201,4900
13520,8202,4570,13530,8208,4794
13540,8205,4771,13550,8199,4603
13560,8200,4879,13570,8207,4591
13580,8208,4769,13590,8199,4790
13600,8190,4570,13610,8196,4903
13620,8202,4560,13630,8202,4789
13640,8202,4767,13650,8205,4599
13660,8198,4874,13670,8203,4582
13680,8205,4765,13690,8205,4802
13700,8213,4579,13710,8197,4875
13720,8203,4568,13730,8202,4794
13740,8207,4781,13750,8197,4601
13760,8206,4867,13770,8195,4594
13780,8214,4769,13790,8214,4806
13800,8206,4581,13810,8209,4893
13820,8203,4559,13830,8201,4789
13840,8195,4782,13850,8197,4596
13860,8198,4868,13870,8199,4586
13880,8198,4753,13890,8203,4817
13900,8208,4577,13910,8208,4897
13920,8201,4566,13930,8210,4787
13940,8206,4795,13950,8206,4601
13960,8207,4879,13970,8207,4592
13980,8199,4760,13990,8199,4821
14000,8205,4557,14010,8201,4865
14020,8195,4554,14030,8202,4763
14040,8210,4786,14050,8208,4575
14060,8200,4835,14070,8204,4588
14080,8199,4741,14090,8205,4826
14100,8198,4578,14110,8208,4896
14120,8197,4564,14130,8200,4771
14140,8204,4807,14150,8193,4582
14160,8202,4857,14170,8193,4589
14180,8199,4739,14190,8207,4835
14200,8209,4556,14210,8196,4886
14220,8194,4570,14230,8196,4769
14240,8205,4811,14250,8208,4593
14260,8217,4860,14270,8193,4585
14280,8196,4748,14290,8200,4827
14300,8202,4557,14310,8201,4875
14320,8194,4569,14330,8203,4765
14340,8197,4828,14350,8196,4588
14360,8209,4853,14370,8209,4597
14380,8208,4755,14390,8201,4836
14400,8202,4565,14410,8196,4886
14420,8209,4572,14430,8198,4772
14440,8199,4817,14450,8205,4591
14460,8211,4851,14470,8203,4601
14480,8206,4752,14490,8212,4843
14500,8212,4567,14510,8209,4877
14520,8201,4576,14530,8201,4767
14540,8192,4819,14550,8207,4581
14560,8209,4853,14570,8206,4602
14580,8199,4746,14590,8199,4852
14600,8213,4561,14610,8203,4842
14620,8200,4574,14630,8203,4763
14640,8209,4831,14650,8201,4591
14660,8207,4847,14670,8213,4604
14680,8217,4738,14690,8199,4862
14700,8210,4557,14710,8208,4865
14720,8207,4587,14730,8196,4765
14740,8199,4834,14750,8200,4586
14760,8207,4849,14770,8196,4603
14780,8205,4728,14790,8197,4853
14800,8202,4558,14810,8207,4866
14820,8216,4581,14830,8201,4756
14840,8200,4840,14850,8210,4584
14860,8197,4838,14870,8201,4608
14880,8210,4726,14890,8203,4875
14900,8203,4562,14910,8204,4866
14920,8199,4586,14930,8206,4761
14940,8205,4849,14950,8208,4591
14960,8217,4837,14970,8205,4603
14980,8200,4729,14990,8198,4881
15000,8203,4553,15010,8203,4864
15020,8206,4577,15030,8204,4747
15040,8204,4853,15050,8203,4580
15060,8205,4819,15070,8198,4606
15080,8205,4720,15090,8196,4867
15100,8199,4542,15110,8197,4843
15120,8198,4566,15130,8204,4743
15140,8206,4837,15150,8192,4569
15160,8206,4831,15170,8198,4621
15180,8205,4732,15190,8197,4888
15200,8203,4552,15210,8203,4853
15220,8196,4581,15230,8201,4747
15240,8201,4868,15250,8205,4574
15260,8197,4833,15270,8207,4619
15280,8204,4721,15290,8193,4886
15300,8199,4549,15310,8210,4843
15320,8203,4588,15330,8198,4744
15340,8205,4862,15350,8205,4582
15360,8205,4835,15370,8202,4622
15380,8200,4713,15390,8199,4894
15400,8202,4551,15410,8203,4854
15420,8205,4597,15430,8215,4749
15440,8195,4874,15450,8205,4574
15460,8207,4811,15470,8201,4621
15480,8195,4718,15490,8196,4899
15500,8200,4550,15510,8196,4839
15520,8196,4600,15530,8202,4739
15540,8198,4867,15550,8198,4573
15560,8203,4818,15570,8194,4615
15580,8197,4714,15590,8206,4894
15600,8201,4552,15610,8207,4845
15620,8194,4594,15630,8208,4739
15640,8203,4871,15650,8202,4582
15660,8209,4825,15670,8207,4618
15680,8202,4712,15690,8201,4909
15700,8202,4558,15710,8208,4839
15720,8209,4598,15730,8199,4720
15740,8210,4869,15750,8198,4573
15760,8197,4812,15770,8207,4618
15780,8197,4698,15790,8198,4904
15800,8209,4551,15810,8198,4838
15820,8196,4611,15830,8200,4728
15840,8201,4884,15850,8209,4581
15860,8204,4818,15870,8202,4634
15880,8208,4694,15890,8209,4901
15900,8208,4556,15910,8198,4846
15920,8195,4624,15930,8200,4726
15940,8198,4880,15950,8202,4581
15960,8200,4807,15970,8209,4643
15980,8198,4697,15990,8193,4901
16000,8205,4556,16010,8206,4841
16020,8214,4623,16030,8204,4702
16040,8205,4884,16050,8203,4580
16060,8199,4804,16070,8197,4653
16080,8212,4684,16090,8193,4898
16100,8207,4564,16110,8215,4825
16120,8195,4626,16130,8200,4710
16140,8195,4882,16150,8197,4566
16160,8207,4792,16170,8199,4641
16180,8200,4671,16190,8201,4890
16200,8206,4550,16210,8199,4819
16220,8193,4630,16230,8200,4701
16240,8201,4889,16250,8196,4580
16260,8204,4805,16270,8202,4665
16280,8204,4673,16290,8207,4901
16300,8202,4563,16310,8200,4828
16320,8203,4648,16330,8195,4693
16340,8204,4884,16350,8205,4587
16360,8198,4813,16370,8199,4667
16380,8200,4664,16390,8201,4906
16400,8197,4570,16410,8203,4822
16420,8205,4646,16430,8198,4687
16440,8201,4882,16450,8203,4582
16460,8208,4803,16470,8207,4674
16480,8216,4660,16490,8200,4908
16500,8201,4567,16510,8203,4821
16520,8200,4645,16530,8188,4686
16540,8199,4874,16550,8205,4581
16560,8200,4793,16570,8189,4691
16580,8208,4650,16590,8202,4911
16600,8192,4560,16610,8201,4821
16620,8207,4670,16630,8209,4671
16640,8205,4883,16650,8207,4591
16660,8203,4790,16670,8194,4691
16680,8207,4654,16690,8207,4912
16700,8207,4561,16710,8207,4813
16720,8198,4664,16730,8194,4657
16740,8209,4883,16750,8201,4598
16760,8206,4789,16770,8202,4699
16780,8200,4644,16790,8196,4909
16800,8200,4557,16810,8200,4813
16820,8208,4686,16830,8200,4657
16840,8199,4890,16850,8201,4596
16860,8208,4798,16870,8191,4718
16880,8202,4633,16890,8205,4911
16900,8199,4562,16910,8202,4809
16920,8193,4693,16930,8193,4647
16940,8195,4881,16950,8200,4591
16960,8207,4788,16970,8195,4714
16980,8203,4625,16990,8200,4906
17000,8201,4560,17010,8208,4804
17020,8207,4693,17030,8195,4654
17040,8201,4882,17050,8204,4578
17060,8208,4786,17070,8207,4729
17080,8203,4618,17090,8198,4902
17100,8203,4563,17110,8215,4808
17120,8201,4707,17130,8195,4635
17140,8198,4886,17150,8197,4588
17160,8202,4783,17170,8202,4734
17180,8200,4607,17190,8201,4912
17200,8194,4559,17210,8190,4801
17220,8193,4706,17230,8201,4621
17240,8200,4875,17250,8195,4582
17260,8198,4770,17270,8190,4733
17280,8193,4598,17290,8199,4900
17300,8203,4566,17310,8190,4816
17320,8189,4715,17330,8205,4624
17340,8199,4884,17350,8197,4587
17360,8208,4778,17370,8195,4750
17380,8209,4602,17390,8200,4912
17400,8205,4564,17410,8201,4806
17420,8198,4736,17430,8193,4631
17440,8194,4885,17450,8197,4574
17460,8203,4775,17470,8196,4759
17480,8204,4601,17490,8191,4913
17500,8195,4568,17510,8192,4802
17520,8194,4736,17530,8199,4613
17540,8210,4881,17550,8200,4589
17560,8209,4770,17570,8196,4773
17580,8203,4594,17590,8199,4905
17600,8201,4574,17610,8193,4794
17620,8191,4738,17630,8195,4605
17640,8196,4890,17650,8198,4588
17660,8201,4775,17670,8199,4776
17680,8200,4583,17690,8199,4891
17700,8203,4564,17710,8201,4792
17720,8197,4753,17730,8200,4609
17740,8198,4875,17750,8200,4594
17760,8206,4771,17770,8194,4781
17780,8204,4587,17790,8205,4909
17800,8202,4553,17810,8196,4790
17820,8197,4761,17830,8206,4607
17840,8206,4874,17850,8198,4591
17860,8194,4770,17870,8195,4791
17880,8199,4582,17890,8196,4887
17900,8200,4566,17910,8201,4794
17920,8200,4762,17930,8191,4614
17940,8197,4876,17950,8197,4587
17960,8196,4768,17970,8182,4792
17980,8202,4580,17990,8196,4882
18000,8190,4556,18010,8198,4786
18020,8199,4772,18030,8196,4598
18040,8192,4853,18050,8201,4596
18060,8197,4762,18070,8191,4800
18080,8198,4572,18090,8198,4889
18100,8194,4564,18110,8199,4786
18120,8201,4777,18130,8196,4601
18140,8202,4866,18150,8194,4592
18160,8204,4760,18170,8194,4805
18180,8200,4574,18190,8199,4886
18200,8191,4580,18210,8204,4786
18220,8193,4787,18230,8198,4599
18240,8209,4857,18250,8191,4588
18260,8208,4754,18270,8191,4803
18280,8200,4560,18290,8200,4873
18300,8197,4563,18310,8205,4779
18320,8203,4789,18330,8194,4584
18340,8200,4846,18350,8198,4579
18360,8195,4758,18370,8192,4832
18380,8200,4586,18390,8198,4884
18400,8200,4573,18410,8209,4787
18420,8195,4797,18430,8209,4599
18440,8197,4866,18450,8197,4590
18460,8204,4758,18470,8205,4825
18480,8202,4572,18490,8192,4879
18500,8200,4574,18510,8195,4781
18520,8210,4809,18530,8199,4587
18540,8199,4862,18550,8200,4588
18560,8196,4762,18570,8189,4833
18580,8195,4569,18590,8200,4878
18600,8193,4573,18610,8203,4777
18620,8201,4798,18630,8200,4597
18640,8206,4850,18650,8190,4597
18660,8203,4753,18670,8195,4833
18680,8199,4566,18690,8193,4871
18700,8203,4573,18710,8207,4770
18720,8196,4815,18730,8198,4594
18740,8204,4847,18750,8200,4594
18760,8198,4752,18770,8204,4842
18780,8198,4568,18790,8200,4876
18800,8202,4576,18810,8201,4772
18820,8202,4817,18830,8200,4593
18840,8194,4838,18850,8191,4596
18860,8206,4743,18870,8193,4847
18880,8200,4560,18890,8209,4863
18900,8193,4578,18910,8194,4762
18920,8197,4818,18930,8197,4591
18940,8197,4842,18950,8194,4595
18960,8192,4743,18970,8198,4850
18980,8206,4576,18990,8191,4867
19000,8203,4590,19010,8195,4762
19020,8190,4822,19030,8201,4588
19040,8195,4845,19050,8197,4600
19060,8204,4737,19070,8203,4856
19080,8195,4557,19090,8197,4872
19100,8199,4582,19110,8194,4765
19120,8207,4837,19130,8202,4591
19140,8202,4842,19150,8206,4604
19160,8203,4739,19170,8200,4865
19180,8209,4555,19190,8196,4860
19200,8204,4575,19210,8208,4771
19220,8201,4834,19230,8195,4585
19240,8206,4828,19250,8210,4604
19260,8196,4736,19270,8197,4862
19280,8194,4555,19290,8197,4853
19300,8197,4582,19310,8199,4755
19320,8199,4839,19330,8191,4589
19340,8186,4827,19350,8192,4592
19360,8202,4723,19370,8190,4858
19380,8195,4544,19390,8196,4845
19400,8200,4573,19410,8197,4759
19420,8200,4832,19430,8199,4585
19440,8203,4833,19450,8199,4614
19460,8201,4740,19470,8195,4887
19480,8205,4576,19490,8197,4846
19500,8201,4596,19510,8204,4756
19520,8199,4847,19530,8200,4584
19540,8205,4831,19550,8198,4615
19560,8194,4730,19570,8196,4877
19580,8186,4558,19590,8204,4850
19600,8190,4578,19610,8193,4748
19620,8194,4851,19630,8204,4582
19640,8199,4823,19650,8193,4612
19660,8192,4722,19670,8197,4873
19680,8198,4565,19690,8183,4846
19700,8201,4588,19710,8193,4745
19720,8199,4866,19730,8190,4579
19740,8198,4827,19750,8193,4613
19760,8202,4724,19770,8195,4887
19780,8200,4560,19790,8202,4846
19800,8198,4589,19810,8191,4745
19820,8193,4866,19830,8193,4578
19840,8201,4813,19850,8196,4614
19860,8192,4718,19870,8193,4890
19880,8192,4563,19890,8196,4834
19900,8197,4596,19910,8197,4737
19920,8197,4864,19930,8204,4591
19940,8199,4820,19950,8204,4619
19960,8197,4712,19970,8190,4883
19980,8197,4548,19990,8191,4835
20000,8190,4594,20010,8202,4734
20020,8204,4876,20030,8198,4586
20040,8204,4812,20050,8205,4616
20060,8199,4713,20070,8194,4895
20080,8200,4548,20090,8193,4830
20100,8194,4600,20110,8190,4734
20120,8192,4874,20130,8201,4584
20140,8194,4813,20150,8202,4625
20160,8196,4709,20170,8204,4901
20180,8195,4563,20190,8199,4826
20200,8200,4615,20210,8195,4721
20220,8198,4871,20230,8192,4581
20240,8199,4816,20250,8196,4640
20260,8202,4696,20270,8199,4895
20280,8199,4551,20290,8201,4842
20300,8206,4623,20310,8202,4720
20320,8199,4877,20330,8197,4586
20340,8206,4796,20350,8201,4641
20360,8208,4699,20370,8189,4894
20380,8194,4568,20390,8199,4824
20400,8193,4615,20410,8185,4709
20420,8189,4869,20430,8199,4570
20440,8196,4796,20450,8200,4641
20460,8196,4672,20470,8198,4895
20480,8203,4544,20490,8195,4812
20500,8199,4627,20510,8203,4708
20520,8206,4878,20530,8202,4590
20540,8192,4806,20550,8186,4654
20560,8198,4682,20570,8196,4905
20580,8202,4558,20590,8198,4826
20600,8201,4649,20610,8197,4696
20620,8202,4896,20630,8200,4583
20640,8198,4807,20650,8196,4670
20660,8198,4668,20670,8195,4910
20680,8199,4563,20690,8200,4827
20700,8204,4648,20710,8200,4685
20720,8203,4887,20730,8199,4592
20740,8201,4805,20750,8195,4682
20760,8198,4666,20770,8204,4909
20780,8194,4565,20790,8202,4819
20800,8202,4656,20810,8209,4680
20820,8202,4882,20830,8189,4584
20840,8205,4801,20850,8192,4684
20860,8204,4663,20870,8205,4903
20880,8199,4560,20890,8200,4815
20900,8189,4665,20910,8192,4674
20920,8201,4880,20930,8189,4586
20940,8193,4799,20950,8194,4689
20960,8198,4645,20970,8194,4913
20980,8197,4566,20990,8195,4817
21000,8195,4665,21010,8199,4672
21020,8194,4882,21030,8198,4586
21040,8199,4793,21050,8201,4702
21060,8199,4648,21070,8198,4909
21080,8195,4561,21090,8186,4808
21100,8196,4681,21110,8199,4661
21120,8193,4881,21130,8191,4581
21140,8203,4783,21150,8204,4708
21160,8190,4634,21170,8193,4916
21180,8196,4556,21190,8195,4807
21200,8188,4681,21210,8190,4654
21220,8196,4882,21230,8199,4583
21240,8193,4781,21250,8198,4722
21260,8187,4633,21270,8200,4909
21280,8198,4557,21290,8191,4813
21300,8197,4692,21310,8191,4645
21320,8192,4879,21330,8187,4588
21340,8194,4785,21350,8197,4716
21360,8193,4620,21370,8198,4910
21380,8191,4568,21390,8207,4813
21400,8192,4703,21410,8201,4645
21420,8200,4889,21430,8191,4587
21440,8192,4786,21450,8201,4734
21460,8205,4619,21470,8199,4911
21480,8202,4563,21490,8198,4794
21500,8199,4706,21510,8193,4630
21520,8193,4875,21530,8204,4580
21540,8202,4762,21550,8187,4716
21560,8190,4578,21570,8199,4892
21580,8198,4553,21590,8200,4810
21600,8207,4708,21610,8197,4613
21620,8201,4897,21630,8197,4587
21640,8202,4780,21650,8198,4746
21660,8199,4604,21670,8202,4914
21680,8203,4561,21690,8196,4802
21700,8191,4730,21710,8191,4629
21720,8199,4887,21730,8195,4584
21740,8205,4781,21750,8195,4757
21760,8193,4588,21770,8190,4913
21780,8192,4561,21790,8189,4797
21800,8194,4736,21810,8203,4622
21820,8198,4883,21830,8201,4577
21840,8200,4774,21850,8197,4767
21860,8194,4585,21870,8188,4902
21880,8190,4563,21890,8197,4795
21900,8198,4747,21910,8187,4617
21920,8196,4882,21930,8189,4586
21940,8202,4782,21950,8191,4760
21960,8199,4581,21970,8195,4895
21980,8201,4570,21990,8188,4799
22000,8185,4742,22010,8195,4614
22020,8194,4872,22030,8200,4581
22040,8192,4778,22050,8204,4783
22060,8200,4589,22070,8203,4903
22080,8199,4566,22090,8191,4798
22100,8201,4757,22110,8202,4611
22120,8197,4872,22130,8195,4591
22140,8195,4780,22150,8200,4773
22160,8205,4589,22170,8196,4897
22180,8198,4565,22190,8191,4793
22200,8196,4758,22210,8193,4602
22220,8191,4876,22230,8200,4588
22240,8199,4769,22250,8196,4785
22260,8196,4586,22270,8197,4890
22280,8184,4567,22290,8193,4789
22300,8196,4756,22310,8190,4609
22320,8199,4866,22330,8198,4591
22340,8195,4764,22350,8198,4791
22360,8195,4569,22370,8191,4900
22380,8190,4567,22390,8194,4776
22400,8194,4783,22410,8203,4597
22420,8198,4874,22430,8193,4585
22440,8193,4752,22450,8191,4805
22460,8191,4574,22470,8205,4889
22480,8197,4567,22490,8192,4794
22500,8193,4788,22510,8197,4594
22520,8197,4866,22530,8200,4591
22540,8196,4764,22550,8200,4814
22560,8205,4572,22570,8198,4881
22580,8206,4558,22590,8191,4763
22600,8200,4788,22610,8199,4593
22620,8199,4855,22630,8200,4590
22640,8198,4762,22650,8197,4816
22660,8200,4576,22670,8199,4888
22680,8200,4565,22690,8197,4776
22700,8197,4806,22710,8205,4591
22720,8201,4875,22730,8199,4594
22740,8198,4757,22750,8201,4831
22760,8193,4573,22770,8211,4893
22780,8206,4575,22790,8199,4784
22800,8200,4813,22810,8199,4587
22820,8207,4857,22830,8196,4593
22840,8198,4755,22850,8196,4837
22860,8200,4559,22870,8196,4887
22880,8196,4568,22890,8201,4776
22900,8192,4822,22910,8200,4581
22920,8204,4867,22930,8208,4598
22940,8201,4751,22950,8204,4842
22960,8194,4562,22970,8189,4887
22980,8203,4583,22990,8201,4779
23000,8189,4816,23010,8198,4594
23020,8196,4862,23030,8201,4594
23040,8208,4749,23050,8193,4851
23060,8207,4563,23070,8199,4880
23080,8200,4578,23090,8191,4770
23100,8199,4819,23110,8199,4590
23120,8195,4846,23130,8202,4602
23140,8196,4740,23150,8190,4852
23160,8198,4561,23170,8206,4876
23180,8206,4574,23190,8199,4763
23200,8203,4837,23210,8186,4583
23220,8191,4855,23230,8199,4599
23240,8198,4740,23250,8193,4858
23260,8196,4548,23270,8193,4869
23280,8201,4574,23290,8199,4761
23300,8195,4824,23310,8201,4580
23320,8196,4846,23330,8200,4603
23340,8199,4738,23350,8199,4852
23360,8196,4561,23370,8191,4867
23380,8197,4584,23390,8201,4762
23400,8201,4838,23410,8200,4577
23420,8196,4835,23430,8203,4617
23440,8202,4738,23450,8192,4857
23460,8210,4561,23470,8200,4864
23480,8205,4586,23490,8193,4758
23500,8196,4850,23510,8204,4581
23520,8201,4839,23530,8194,4612
23540,8206,4742,23550,8206,4861
23560,8201,4563,23570,8198,4864
23580,8199,4582,23590,8197,4762
23600,8205,4844,23610,8197,4577
23620,8204,4832,23630,8197,4606
23640,8212,4725,23650,8205,4872
23660,8201,4544,23670,8202,4856
23680,8203,4574,23690,8198,4747
23700,8201,4840,23710,8199,4564
23720,8198,4846,23730,8189,4621
23740,8204,4743,23750,8209,4897
23760,8209,4558,23770,8199,4862
23780,8204,4599,23790,8200,4757
23800,8207,4863,23810,8196,4586
23820,8202,4835,23830,8206,4609
23840,8202,4728,23850,8195,4879
23860,8208,4556,23870,8202,4847
23880,8200,4594,23890,8202,4750
23900,8209,4860,23910,8210,4583
23920,8205,4827,23930,8203,4621
23940,8205,4723,23950,8205,4889
23960,8211,4558,23970,8201,4859
23980,8208,4594,23990,8206,4745
24000,8212,4871,24010,8195,4581
24020,8207,4823,24030,8200,4626
24040,8190,4724,24050,8197,4885
24060,8199,4553,24070,8207,4847
24080,8199,4603,24090,8197,4738
24100,8192,4873,24110,8197,4576
24120,8199,4828,24130,8206,4618
24140,8202,4714,24150,8197,4895
24160,8199,4549,24170,8204,4842
24180,8195,4590,24190,8205,4741
24200,8202,4848,24210,8196,4579
24220,8201,4818,24230,8205,4637
24240,8207,4707,24250,8197,4903
24260,8197,4553,24270,8209,4847
24280,8194,4600,24290,8201,4734
24300,8202,4881,24310,8205,4582
24320,8211,4826,24330,8199,4631
24340,8197,4718,24350,8202,4899
24360,8196,4553,24370,8200,4835
24380,8203,4601,24390,8199,4731
24400,8207,4881,24410,8203,4584
24420,8208,4817,24430,8209,4630
24440,8203,4694,24450,8201,4905
24460,8193,4552,24470,8198,4830
24480,8203,4608,24490,8212,4742
24500,8192,4861,24510,8197,4571
24520,8202,4821,24530,8202,4646
24540,8202,4698,24550,8198,4908
24560,8195,4559,24570,8201,4831
24580,8200,4623,24590,8202,4723
24600,8199,4885,24610,8197,4581
24620,8204,4816,24630,8196,4646
24640,8199,4687,24650,8195,4913
24660,8197,4563,24670,8199,4836
24680,8195,4625,24690,8209,4702
24700,8192,4879,24710,8200,4569
24720,8212,4803,24730,8202,4655
24740,8201,4672,24750,8204,4909
24760,8207,4549,24770,8203,4822
24780,8202,4634,24790,8195,4706
24800,8208,4892,24810,8209,4582
24820,8209,4807,24830,8197,4663
24840,8205,4682,24850,8199,4911
24860,8199,4552,24870,8198,4827
24880,8206,4643,24890,8212,4693
24900,8209,4895,24910,8205,4576
24920,8199,4801,24930,8203,4667
24940,8204,4674,24950,8201,4917
24960,8201,4561,24970,8209,4834
24980,8199,4658,24990,8199,4694
25000,8204,4890,25010,8196,4579
25020,8200,4798,25030,8195,4684
25040,8198,4663,25050,8192,4907
25060,8196,4562,25070,8202,4822
25080,8189,4656,25090,8204,4680
25100,8206,4874,25110,8204,4582
25120,8200,4803,25130,8191,4687
25140,8207,4664,25150,8196,4914
25160,8201,4559,25170,8203,4828
25180,8203,4669,25190,8199,4678
25200,8201,4893,25210,8201,4586
25220,8202,4800,25230,8204,4701
25240,8209,4649,25250,8200,4919
25260,8203,4556,25270,8191,4823
25280,8203,4677,25290,8207,4668
25300,8199,4890,25310,8212,4585
25320,8200,4794,25330,8205,4700
25340,8198,4641,25350,8199,4912
25360,8211,4554,25370,8198,4814
25380,8203,4691,25390,8208,4662
25400,8208,4893,25410,8202,4576
25420,8209,4796,25430,8205,4705
25440,8204,4639,25450,8202,4922
25460,8207,4564,25470,8200,4810
25480,8204,4703,25490,8202,4647
25500,8209,4888,25510,8196,4590
25520,8197,4789,25530,8206,4729
25540,8207,4615,25550,8191,4924
25560,8204,4554,25570,8201,4814
25580,8199,4710,25590,8189,4651
25600,8200,4895,25610,8199,4588
25620,8216,4794,25630,8197,4733
25640,8201,4624,25650,8201,4916
25660,8204,4559,25670,8200,4810
25680,8203,4727,25690,8202,4649
25700,8205,4871,25710,8194,4590
25720,8203,4778,25730,8202,4736
25740,8202,4602,25750,8205,4920
25760,8197,4565,25770,8201,4802
25780,8192,4707,25790,8202,4612
25800,8200,4883,25810,8193,4583
25820,8208,4770,25830,8198,4745
25840,8209,4594,25850,8193,4920
25860,8205,4577,25870,8206,4807
25880,8204,4752,25890,8199,4638
25900,8207,4893,25910,8195,4586
25920,8198,4779,25930,8201,4757
25940,8202,4596,25950,8201,4912
25960,8212,4562,25970,8198,4799
25980,8202,4733,25990,8194,4616
26000,8202,4891,26010,8209,4585
26020,8195,4781,26030,8205,4769
26040,8197,4587,26050,8204,4914
26060,8199,4563,26070,8198,4798
26080,8201,4757,26090,8202,4612
26100,8201,4888,26110,8199,4595
26120,8202,4779,26130,8194,4775
26140,8203,4586,26150,8198,4908
26160,8201,4573,26170,8199,4793
26180,8204,4748,26190,8198,4608
26200,8196,4881,26210,8204,4590
26220,8195,4768,26230,8205,4784
26240,8196,4583,26250,8195,4906
26260,8203,4569,26270,8206,4799
26280,8204,4760,26290,8207,4607
26300,8198,4874,26310,8198,4596
26320,8205,4778,26330,8200,4781
26340,8204,4581,26350,8195,4905
26360,8212,4565,26370,8193,4796
26380,8202,4777,26390,8201,4601
26400,8196,4873,26410,8194,4592
26420,8209,4768,26430,8201,4800
26440,8204,4580,26450,8201,4902
26460,8207,4569,26470,8208,4795
26480,8206,4766,26490,8207,4607
26500,8203,4887,26510,8200,4596
26520,8206,4773,26530,8196,4804
26540,8198,4583,26550,8204,4906
26560,8203,4565,26570,8197,4787
26580,8201,4780,26590,8204,4602
26600,8203,4871,26610,8194,4587
26620,8196,4763,26630,8203,4804
26640,8205,4577,26650,8195,4893
26660,8200,4570,26670,8204,4776
26680,8198,4783,26690,8197,4600
26700,8199,4870,26710,8194,4596
26720,8192,4765,26730,8194,4803
26740,8194,4580,26750,8202,4901
26760,8207,4572,26770,8197,4786
26780,8205,4795,26790,8193,4592
26800,8212,4870,26810,8207,4593
26820,8212,4761,26830,8206,4815
26840,8201,4575,26850,8199,4882
26860,8198,4575,26870,8212,4772
26880,8200,4789,26890,8200,4590
26900,8205,4861,26910,8202,4592
26920,8208,4758,26930,8201,4831
26940,8201,4574,26950,8206,4897
26960,8212,4580,26970,8200,4793
26980,8199,4812,26990,8203,4599
27000,8216,4859,27010,8209,4602
27020,8196,4756,27030,8203,4831
27040,8204,4572,27050,8204,4880
27060,8200,4573,27070,8205,4776
27080,8197,4817,27090,8199,4604
27100,8201,4855,27110,8194,4594
27120,8196,4759,27130,8198,4838
27140,8195,4570,27150,8197,4875
27160,8203,4579,27170,8198,4779
27180,8206,4817,27190,8191,4589
27200,8197,4853,27210,8199,4601
27220,8204,4756,27230,8193,4842
27240,8212,4572,27250,8203,4883
27260,8201,4583,27270,8199,4778
27280,8202,4822,27290,8200,4589
27300,8205,4857,27310,8205,4606
27320,8207,4751,27330,8212,4844
27340,8200,4568,27350,8193,4871
27360,8203,4576,27370,8206,4773
27380,8205,4826,27390,8208,4588
27400,8202,4851,27410,8196,4602
27420,8208,4743,27430,8211,4855
27440,8197,4565,27450,8193,4873
27460,8204,4584,27470,8199,4763
27480,8195,4836,27490,8211,4588
27500,8210,4850,27510,8203,4605
27520,8199,4749,27530,8197,4860
27540,8204,4560,27550,8205,4880
27560,8197,4583,27570,8204,4771
27580,8201,4844,27590,8200,4574
27600,8205,4847,27610,8200,4607
27620,8197,4734,27630,8202,4867
27640,8203,4557,27650,8203,4872
27660,8205,4578,27670,8201,4763
27680,8206,4846,27690,8206,4588
27700,8203,4839,27710,8203,4601
27720,8204,4734,27730,8193,4876
27740,8202,4563,27750,8210,4872
27760,8207,4593,27770,8214,4764
27780,8213,4852,27790,8197,4579
27800,8202,4835,27810,8199,4608
27820,8194,4735,27830,8199,4878
27840,8200,4559,27850,8195,4853
27860,8202,4587,27870,8203,4760
27880,8196,4847,27890,8199,4571
27900,8204,4836,27910,8192,4594
27920,8201,4724,27930,8195,4864
27940,8215,4541,27950,8203,4845
27960,8196,4577,27970,8207,4745
27980,8205,4849,27990,8199,4570
28000,8214,4839,28010,8208,4632
28020,8204,4744,28030,8214,4891
28040,8202,4562,28050,8200,4847
28060,8207,4595,28070,8207,4748
28080,8203,4861,28090,8208,4577
28100,8211,4835,28110,8207,4619
28120,8213,4724,28130,8195,4888
28140,8205,4555,28150,8213,4859
28160,8204,4602,28170,8213,4743
28180,8196,4870,28190,8200,4584
28200,8199,4825,28210,8196,4624
28220,8197,4718,28230,8204,4900
28240,8202,4565,28250,8205,4852
28260,8201,4605,28270,8203,4742
28280,8202,4890,28290,8211,4583
28300,8202,4820,28310,8207,4625
28320,8201,4712,28330,8202,4893
28340,8203,4553,28350,8204,4852
28360,8198,4604,28370,8191,4746
28380,8197,4875,28390,8196,4569
28400,8200,4822,28410,8200,4628
28420,8196,4715,28430,8197,4903
28440,8203,4566,28450,8198,4841
28460,8200,4600,28470,8201,4740
28480,8197,4885,28490,8203,4578
28500,8203,4818,28510,8197,4625
28520,8204,4714,28530,8206,4902
28540,8195,4548,28550,8200,4832
28560,8198,4607,28570,8194,4729
28580,8204,4873,28590,8201,4578
28600,8205,4818,28610,8193,4632
28620,8207,4702,28630,8207,4903
28640,8200,4556,28650,8192,4839
28660,8198,4610,28670,8194,4721
28680,8201,4890,28690,8201,4579
28700,8201,4816,28710,8191,4639
28720,8214,4694,28730,8208,4911
28740,8207,4559,28750,8210,4836
28760,8200,4625,28770,8213,4712
28780,8207,4892,28790,8200,4584
28800,8211,4815,28810,8210,4649
28820,8214,4695,28830,8195,4906
28840,8213,4562,28850,8197,4828
28860,8200,4640,28870,8202,4710
28880,8198,4880,28890,8201,4586
28900,8204,4806,28910,8202,4661
28920,8205,4678,28930,8196,4901
28940,8202,4559,28950,8201,4839
28960,8197,4641,28970,8202,4698
28980,8203,4884,28990,8196,4578
29000,8204,4803,29010,8203,4664
29020,8203,4661,29030,8196,4892
29040,8204,4538,29050,8201,4819
29060,8202,4656,29070,8206,4695
29080,8203,4906,29090,8207,4599
29100,8201,4812,29110,8196,4686
29120,8204,4671,29130,8202,4914
29140,8203,4557,29150,8206,4828
29160,8206,4651,29170,8191,4682
29180,8201,4891,29190,8208,4579
29200,8204,4799,29210,8193,4687
29220,8211,4664,29230,8194,4913
29240,8205,4559,29250,8213,4826
29260,8207,4662,29270,8207,4678
29280,8207,4887,29290,8196,4595
29300,8204,4801,29310,8202,4691
29320,8208,4648,29330,8195,4905
29340,8195,4562,29350,8199,4817
29360,8199,4677,29370,8208,4676
29380,8195,4891,29390,8202,4583
29400,8200,4790,29410,8204,4717
29420,8206,4649,29430,8207,4926
29440,8209,4559,29450,8211,4815
29460,8206,4681,29470,8201,4665
29480,8202,4901,29490,8196,4591
29500,8199,4788,29510,8209,4716
29520,8204,4645,29530,8206,4918
29540,8204,4569,29550,8202,4814
29560,8202,4688,29570,8209,4663
29580,8204,4891,29590,8204,4581
29600,8206,4783,29610,8203,4717
29620,8200,4634,29630,8202,4918
29640,8206,4563,29650,8193,4817
29660,8204,4705,29670,8206,4638
29680,8212,4899,29690,8203,4583
29700,8199,4789,29710,8206,4735
29720,8199,4614,29730,8197,4927
29740,8196,4574,29750,8202,4816
29760,8211,4708,29770,8198,4650
29780,8205,4901,29790,8202,4598
29800,8199,4789,29810,8199,4742
29820,8210,4614,29830,8204,4910
29840,8201,4559,29850,8201,4808
29860,8197,4729,29870,8201,4636
29880,8195,4897,29890,8206,4587
29900,8200,4780,29910,8197,4742
29920,8206,4593,29930,8205,4918
29940,8197,4563,29950,8192,4804
29960,8195,4726,29970,8196,4628
29980,8198,4898,29990,8201,4591
30000,8205,4780,30010,8208,4763
30020,8200,4597,30030,8195,4917
30040,8206,4558,30050,8212,4798
30060,8207,4724,30070,8216,4622
30080,8201,4876,30090,8194,4570
30100,8201,4765,30110,8198,4765
30120,8194,4585,30130,8204,4915
30140,8194,4567,30150,8204,4805
30160,8196,4763,30170,8198,4622
30180,8207,4894,30190,8195,4587
30200,8196,4766,30210,8198,4764
30220,8205,4591,30230,8202,4906
30240,8206,4560,30250,8206,4789
30260,8201,4760,30270,8194,4611
30280,8204,4884,30290,8194,4597
30300,8208,4773,30310,8195,4780
30320,8198,4587,30330,8197,4914
30340,8191,4556,30350,8204,4789
30360,8202,4765,30370,8199,4607
30380,8205,4894,30390,8200,4585
30400,8202,4770,30410,8192,4779
30420,8204,4598,30430,8205,4904
30440,8204,4571,30450,8200,4795
30460,8190,4760,30470,8208,4608
30480,8204,4883,30490,8206,4591
30500,8200,4771,30510,8204,4790
30520,8203,4578,30530,8191,4901
30540,8204,4563,30550,8202,4792
30560,8199,4780,30570,8199,4602
30580,8197,4877,30590,8197,4587
30600,8195,4777,30610,8202,4804
30620,8210,4575,30630,8207,4898
30640,8197,4569,30650,8201,4791
30660,8195,4782,30670,8214,4613
30680,8206,4882,30690,8201,4591
30700,8194,4777,30710,8206,4808
30720,8206,4573,30730,8204,4896
30740,8206,4574,30750,8205,4781
30760,8201,4782,30770,8209,4590
30780,8210,4873,30790,8198,4601
30800,8199,4769,30810,8203,4810
30820,8203,4581,30830,8197,4895
30840,8203,4574,30850,8201,4795
30860,8204,4790,30870,8208,4598
30880,8189,4855,30890,8199,4600
30900,8205,4762,30910,8201,4820
30920,8200,4572,30930,8200,4885
30940,8200,4576,30950,8191,4788
30960,8196,4795,30970,8195,4598
30980,8196,4865,30990,8198,4594
31000,8206,4764,31010,8193,4826
31020,8202,4570,31030,8206,4888
31040,8199,4567,31050,8194,4779
31060,8210,4806,31070,8201,4596
31080,8203,4871,31090,8206,4603
31100,8206,4750,31110,8198,4825
31120,8199,4559,31130,8197,4874
31140,8204,4559,31150,8200,4761
31160,8206,4794,31170,8199,4581
31180,8198,4854,31190,8204,4597
31200,8202,4757,31210,8204,4843
31220,8210,4578,31230,8207,4889
31240,8197,4575,31250,8204,4783
31260,8203,4813,31270,8202,4591
31280,8206,4857,31290,8206,4589
31300,8200,4751,31310,8203,4837
31320,8203,4570,31330,8197,4885
31340,8195,4574,31350,8202,4772
31360,8196,4822,31370,8203,4589
31380,8209,4856,31390,8201,4609
31400,8198,4748,31410,8203,4851
31420,8203,4565,31430,8210,4877
31440,8203,4578,31450,8192,4767
31460,8207,4831,31470,8201,4589
31480,8195,4849,31490,8200,4606
31500,8205,4737,31510,8197,4849
31520,8203,4574,31530,8204,4871
31540,8200,4579,31550,8193,4763
31560,8191,4832,31570,8195,4585
31580,8196,4839,31590,8202,4601
31600,8201,4742,31610,8196,4869
31620,8203,4565,31630,8199,4869
31640,8201,4579,31650,8193,4768
31660,8211,4846,31670,8201,4583
31680,8193,4837,31690,8204,4606
31700,8198,4742,31710,8195,4866
31720,8204,4561,31730,8195,4864
31740,8197,4579,31750,8191,4756
31760,8201,4852,31770,8187,4573
31780,8196,4835,31790,8203,4608
31800,8210,4735,31810,8196,4877
31820,8198,4564,31830,8195,4858
31840,8202,4584,31850,8197,4753
31860,8199,4852,31870,8199,4586
31880,8202,4832,31890,8200,4606
31900,8197,4735,31910,8195,4873
31920,8204,4558,31930,8201,4850
31940,8207,4590,31950,8187,4753
31960,8205,4864,31970,8200,4579
31980,8193,4831,31990,8195,4611
32000,8202,4722,32010,8198,4875
32020,8211,4552,32030,8204,4850
32040,8205,4584,32050,8209,4755
32060,8198,4862,32070,8206,4584
32080,8206,4830,32090,8199,4619
32100,8206,4726,32110,8202,4893
32120,8205,4565,32130,8195,4858
32140,8195,4585,32150,8208,4746
32160,8194,4861,32170,8200,4582
32180,8203,4823,32190,8193,4611
32200,8197,4710,32210,8200,4882
32220,8203,4538,32230,8200,4841
32240,8203,4588,32250,8202,4743
32260,8205,4862,32270,8194,4577
32280,8198,4818,32290,8192,4616
32300,8203,4736,32310,8198,4895
32320,8203,4561,32330,8197,4847
32340,8201,4606,32350,8209,4732
32360,8197,4864,32370,8194,4570
32380,8203,4818,32390,8194,4621
32400,8196,4716,32410,8200,4900
32420,8199,4554,32430,8192,4843
32440,8195,4598,32450,8204,4742
32460,8201,4873,32470,8197,4576
32480,8203,4814,32490,8196,4619
32500,8208,4720,32510,8199,4900
32520,8198,4557,32530,8208,4842
32540,8201,4605,32550,8198,4744
32560,8198,4883,32570,8195,4576
32580,8202,4826,32590,8200,4621
32600,8209,4720,32610,8208,4901
32620,8204,4560,32630,8205,4845
32640,8197,4614,32650,8195,4726
32660,8196,4881,32670,8204,4581
32680,8201,4827,32690,8200,4638
32700,8204,4707,32710,8195,4916
32720,8202,4560,32730,8205,4840
32740,8204,4616,32750,8201,4723
32760,8198,4888,32770,8210,4584
32780,8207,4813,32790,8205,4643
32800,8202,4697,32810,8204,4898
32820,8196,4557,32830,8195,4834
32840,8202,4615,32850,8204,4716
32860,8197,4885,32870,8211,4579
32880,8206,4806,32890,8199,4646
32900,8194,4687,32910,8190,4905
32920,8207,4560,32930,8204,4829
32940,8199,4634,32950,8208,4700
32960,8199,4886,32970,8207,4586
32980,8199,4801,32990,8197,4663
33000,8192,4675,33010,8205,4909
33020,8209,4556,33030,8202,4828
33040,8208,4649,33050,8204,4707
33060,8202,4876,33070,8199,4582
33080,8205,4806,33090,8200,4669
33100,8202,4673,33110,8196,4911
33120,8199,4552,33130,8195,4822
33140,8205,4652,33150,8195,4690
33160,8201,4892,33170,8198,4581
33180,8205,4798,33190,8195,4677
33200,8200,4662,33210,8197,4914
33220,8190,4559,33230,8195,4816
33240,8204,4659,33250,8205,4690
33260,8201,4880,33270,8205,4569
33280,8210,4797,33290,8199,4684
33300,8204,4649,33310,8198,4909
33320,8198,4542,33330,8202,4814
33340,8203,4666,33350,8194,4682
33360,8208,4899,33370,8205,4571
33380,8199,4803,33390,8200,4697
33400,8198,4651,33410,8199,4912
33420,8196,4555,33430,8211,4826
33440,8199,4677,33450,8207,4667
33460,8195,4887,33470,8202,4582
33480,8198,4794,33490,8203,4697
33500,8203,4645,33510,8198,4916
33520,8197,4552,33530,8196,4819
33540,8196,4677,33550,8201,4664
33560,8206,4892,33570,8199,4584
33580,8202,4795,33590,8185,4706
33600,8200,4634,33610,8196,4910
33620,8200,4560,33630,8197,4816
33640,8196,4684,33650,8192,4648
33660,8201,4886,33670,8207,4576
33680,8199,4782,33690,8201,4721
33700,8200,4624,33710,8190,4922
33720,8204,4565,33730,8201,4810
33740,8206,4701,33750,8203,4657
33760,8205,4899,33770,8200,4589
33780,8197,4780,33790,8201,4718
33800,8211,4627,33810,8203,4910
33820,8203,4556,33830,8197,4810
33840,8203,4712,33850,8196,4639
33860,8196,4898,33870,8190,4589
33880,8204,4779,33890,8192,4729
33900,8206,4628,33910,8202,4920
33920,8197,4557,33930,8198,4816
33940,8205,4716,33950,8204,4647
33960,8198,4897,33970,8196,4578
33980,8202,4786,33990,8200,4747
34000,8198,4601,34010,8195,4911
34020,8201,4564,34030,8198,4807
34040,8198,4728,34050,8203,4641
34060,8204,4901,34070,8211,4597
34080,8198,4795,34090,8197,4756
34100,8205,4610,34110,8195,4905
34120,8207,4571,34130,8202,4809
34140,8204,4730,34150,8202,4627
34160,8197,4884,34170,8206,4591
34180,8202,4775,34190,8193,4755
34200,8199,4596,34210,8205,4917
34220,8206,4571,34230,8201,4799
34240,8202,4741,34250,8196,4623
34260,8217,4893,34270,8192,4592
34280,8197,4774,34290,8196,4768
34300,8201,4589,34310,8199,4899
34320,8207,4567,34330,8198,4789
34340,8200,4738,34350,8202,4605
34360,8191,4875,34370,8202,4577
34380,8198,4761,34390,8198,4763
34400,8202,4580,34410,8194,4901
34420,8205,4577,34430,8203,4805
34440,8196,4757,34450,8203,4613
34460,8196,4876,34470,8198,4595
34480,8196,4768,34490,8200,4769
34500,8190,4591,34510,8202,4900
34520,8206,4561,34530,8203,4798
34540,8196,4756,34550,8204,4608
34560,8202,4875,34570,8199,4595
34580,8199,4762,34590,8192,4776
34600,8202,4579,34610,8197,4897
34620,8204,4568,34630,8197,4788
34640,8200,4766,34650,8192,4606
34660,8205,4871,34670,8194,4591
34680,8200,4765,34690,8199,4775
34700,8198,4588,34710,8196,4891
34720,8205,4569,34730,8200,4789
34740,8194,4777,34750,8203,4608
34760,8200,4874,34770,8196,4592
34780,8204,4768,34790,8194,4808
34800,8189,4582,34810,8200,4892
34820,8209,4569,34830,8197,4781
34840,8203,4787,34850,8191,4611
34860,8201,4864,34870,8208,4593
34880,8198,4753,34890,8202,4808
34900,8202,4580,34910,8194,4894
34920,8197,4566,34930,8200,4801
34940,8198,4786,34950,8195,4604
34960,8205,4863,34970,8198,4597
34980,8197,4764,34990,8196,4810
35000,8194,4580,35010,8200,4886
35020,8199,4571,35030,8195,4777
35040,8195,4782,35050,8190,4600
35060,8196,4863,35070,8208,4600
35080,8203,4763,35090,8197,4817
35100,8201,4571,35110,8191,4877
35120,8204,4576,35130,8195,4778
35140,8204,4795,35150,8196,4596
35160,8204,4858,35170,8199,4597
35180,8204,4756,35190,8195,4824
35200,8195,4570,35210,8198,4877
35220,8203,4577,35230,8201,4787
35240,8209,4807,35250,8194,4599
35260,8205,4860,35270,8204,4599
35280,8203,4751,35290,8192,4813
35300,8202,4567,35310,8201,4879
35320,8199,4575,35330,8199,4775
35340,8200,4811,35350,8197,4593
35360,8203,4854,35370,8202,4613
35380,8195,4750,35390,8192,4829
35400,8196,4562,35410,8202,4866
35420,8200,4564,35430,8201,4773
35440,8205,4815,35450,8194,4592
35460,8192,4835,35470,8193,4594
35480,8193,4744,35490,8200,4851
35500,8202,4580,35510,8196,4871
35520,8205,4575,35530,8204,4778
35540,8199,4820,35550,8200,4591
35560,8201,4843,35570,8201,4597
35580,8200,4748,35590,8202,4837
35600,8201,4570,35610,8205,4870
35620,8205,4583,35630,8207,4768
35640,8207,4836,35650,8200,4584
35660,8211,4844,35670,8195,4607
35680,8201,4752,35690,8201,4847
35700,8202,4570,35710,8201,4865
35720,8194,4581,35730,8196,4776
35740,8200,4829,35750,8196,4592
35760,8204,4835,35770,8203,4598
35780,8201,4750,35790,8195,4847
35800,8206,4563,35810,8200,4859
35820,8210,4582,35830,8203,4767
35840,8198,4839,35850,8204,4593
35860,8198,4851,35870,8203,4610
35880,8200,4748,35890,8204,4865
35900,8196,4565,35910,8204,4876
35920,8201,4588,35930,8201,4765
35940,8194,4848,35950,8192,4588
35960,8200,4834,35970,8198,4607
35980,8205,4745,35990,8202,4866
36000,8212,4570,36010,8193,4853
36020,8202,4594,36030,8203,4759
36040,8206,4850,36050,8201,4582
36060,8200,4835,36070,8202,4609
36080,8204,4737,36090,8198,4870
36100,8200,4572,36110,8202,4862
36120,8207,4591,36130,8203,4755
36140,8204,4852,36150,8198,4588
36160,8206,4826,36170,8198,4621
36180,8201,4731,36190,8202,4849
36200,8207,4558,36210,8199,4849
36220,8205,4591,36230,8198,4754
36240,8209,4856,36250,8202,4587
36260,8209,4828,36270,8214,4617
36280,8201,4732,36290,8205,4892
36300,8195,4565,36310,8204,4842
36320,8201,4589,36330,8200,4751
36340,8197,4869,36350,8202,4574
36360,8201,4818,36370,8208,4621
36380,8198,4725,36390,8196,4890
36400,8198,4559,36410,8200,4841
36420,8204,4597,36430,8196,4742
36440,8200,4851,36450,8206,4576
36460,8197,4816,36470,8198,4611
36480,8202,4710,36490,8192,4871
36500,8202,4545,36510,8196,4832
36520,8203,4580,36530,8200,4733
36540,8200,4859,36550,8196,4577
36560,8204,4823,36570,8212,4637
36580,8203,4740,36590,8196,4896
36600,8204,4568,36610,8198,4849
36620,8212,4605,36630,8202,4737
36640,8200,4873,36650,8199,4590
36660,8208,4823,36670,8198,4625
36680,8210,4719,36690,8203,4897
36700,8201,4567,36710,8199,4840
36720,8200,4600,36730,8206,4732
36740,8204,4882,36750,8192,4581
36760,8203,4815,36770,8195,4631
36780,8204,4714,36790,8201,4876
36800,8208,4561,36810,8213,4840
36820,8205,4624,36830,8201,4733
36840,8200,4890,36850,8198,4584
36860,8208,4817,36870,8202,4642
36880,8194,4713,36890,8193,4904
36900,8199,4565,36910,8205,4833
36920,8201,4620,36930,8196,4721
36940,8205,4876,36950,8196,4586
36960,8208,4815,36970,8198,4649
36980,8203,4690,36990,8197,4905
37000,8210,4573,37010,8206,4845
37020,8204,4629,37030,8207,4716
37040,8203,4889,37050,8208,4578
37060,8198,4808,37070,8200,4650
37080,8199,4690,37090,8199,4907
37100,8208,4562,37110,8203,4835
37120,8203,4636,37130,8202,4704
37140,8206,4891,37150,8189,4584
37160,8201,4812,37170,8200,4665
37180,8196,4664,37190,8193,4908
37200,8211,4559,37210,8190,4832
37220,8198,4645,37230,8202,4703
37240,8202,4902,37250,8199,4580
37260,8208,4802,37270,8209,4675
37280,8204,4685,37290,8202,4915
37300,8210,4553,37310,8195,4833
37320,8208,4656,37330,8207,4694
37340,8197,4888,37350,8204,4590
37360,8206,4810,37370,8194,4668
37380,8198,4672,37390,8196,4916
37400,8201,4563,37410,8195,4817
37420,8210,4653,37430,8197,4687
37440,8200,4890,37450,8200,4573
37460,8204,4797,37470,8207,4684
37480,8206,4665,37490,8197,4918
37500,8206,4559,37510,8194,4827
37520,8199,4659,37530,8206,4681
37540,8203,4875,37550,8197,4576
37560,8195,4792,37570,8203,4679
37580,8206,4645,37590,8204,4911
37600,8195,4558,37610,8200,4819
37620,8196,4669,37630,8195,4685
37640,8201,4911,37650,8204,4584
37660,8186,4801,37670,8210,4708
37680,8209,4644,37690,8207,4912
37700,8200,4570,37710,8207,4813
37720,8201,4683,37730,8199,4661
37740,8199,4896,37750,8210,4590
37760,8207,4793,37770,8196,4714
37780,8206,4630,37790,8200,4919
37800,8191,4562,37810,8199,4816
37820,8197,4698,37830,8191,4665
37840,8207,4890,37850,8204,4575
37860,8201,4796,37870,8194,4729
37880,8205,4630,37890,8194,4912
37900,8200,4560,37910,8201,4819
37920,8200,4698,37930,8197,4647
37940,8194,4894,37950,8203,4586
37960,8193,4779,37970,8198,4725
37980,8205,4630,37990,8198,4916
38000,8193,4554,38010,8206,4812
38020,8193,4706,38030,8188,4632
38040,8197,4898,38050,8197,4576
38060,8203,4777,38070,8189,4736
38080,8198,4613,38090,8201,4913
38100,8207,4558,38110,8190,4810
38120,8200,4715,38130,8202,4635
38140,8209,4891,38150,8195,4583
38160,8199,4776,38170,8201,4746
38180,8201,4609,38190,8200,4913
38200,8196,4563,38210,8196,4799
38220,8206,4721,38230,8195,4626
38240,8201,4892,38250,8201,4589
38260,8198,4777,38270,8195,4749
38280,8203,4593,38290,8192,4921
38300,8195,4562,38310,8200,4809
38320,8203,4747,38330,8204,4619
38340,8200,4893,38350,8207,4591
38360,8201,4781,38370,8194,4769
38380,8204,4583,38390,8197,4908
38400,8199,4559,38410,8196,4799
38420,8205,4749,38430,8200,4620
38440,8209,4892,38450,8203,4589
38460,8200,4773,38470,8203,4774
38480,8199,4591,38490,8197,4906
38500,8205,4568,38510,8204,4800
38520,8206,4757,38530,8201,4608
38540,8201,4890,38550,8201,4585
38560,8206,4776,38570,8205,4784
38580,8210,4599,38590,8198,4895
38600,8201,4565,38610,8215,4787
38620,8194,4751,38630,8196,4600
38640,8200,4871,38650,8195,4576
38660,8202,4770,38670,8202,4784
38680,8205,4578,38690,8202,4911
38700,8198,4568,38710,8197,4809
38720,8201,4782,38730,8205,4612
38740,8199,4877,38750,8203,4601
38760,8205,4781,38770,8203,4800
38780,8205,4589,38790,8195,4902
38800,8205,4563,38810,8205,4794
38820,8207,4773,38830,8202,4607
38840,8204,4876,38850,8198,4582
38860,8202,4777,38870,8208,4809
38880,8204,4581,38890,8196,4882
38900,8195,4571,38910,8210,4788
38920,8201,4782,38930,8192,4611
38940,8210,4875,38950,8203,4602
38960,8201,4762,38970,8202,4794
38980,8199,4573,38990,8196,4896
39000,8198,4571,39010,8195,4790
39020,8195,4788,39030,8196,4604
39040,8196,4865,39050,8209,4597
39060,8204,4760,39070,8203,4813
39080,8210,4581,39090,8208,4884
39100,8201,4572,39110,8205,4795
39120,8211,4795,39130,8200,4597
39140,8200,4875,39150,8206,4603
39160,8195,4762,39170,8203,4823
39180,8200,4576,39190,8197,4883
39200,8208,4573,39210,8193,4782
39220,8192,4803,39230,8203,4599
39240,8197,4852,39250,8194,4597
39260,8193,4758,39270,8199,4822
39280,8197,4574,39290,8199,4898
39300,8205,4573,39310,8194,4775
39320,8206,4807,39330,8196,4597
39340,8200,4858,39350,8201,4611
39360,8201,4760,39370,8193,4831
39380,8201,4573,39390,8201,4885
39400,8199,4571,39410,8201,4781
39420,8201,4813,39430,8205,4595
39440,8204,4862,39450,8203,4606
39460,8199,4763,39470,8200,4834
39480,8197,4573,39490,8194,4891
39500,8195,4575,39510,8194,4781
39520,8201,4806,39530,8197,4589
39540,8201,4859,39550,8203,4604
39560,8203,4752,39570,8198,4842
39580,8196,4568,39590,8205,4884
39600,8204,4583,39610,8202,4780
39620,8201,4824,39630,8200,4588
39640,8209,4858,39650,8197,4597
39660,8197,4752,39670,8205,4843
39680,8196,4558,39690,8209,4866
39700,8196,4572,39710,8198,4768
39720,8205,4822,39730,8201,4579
39740,8204,4846,39750,8195,4592
39760,8191,4748,39770,8196,4855
39780,8196,4578,39790,8198,4861
39800,8202,4571,39810,8215,4769
39820,8201,4840,39830,8202,4589
39840,8199,4854,39850,8199,4610
39860,8205,4750,39870,8201,4858
39880,8202,4562,39890,8203,4868
39900,8198,4586,39910,8205,4767
39920,8198,4842,39930,8200,4588
39940,8203,4843,39950,8201,4613
39960,8202,4740,39970,8192,4865
39980,8193,4556,39990,8194,4856
40000,8201,4589,40010,8198,4763
40020,8202,4849,40030,8203,4581
40040,8205,4843,40050,8203,4611
40060,8194,4735,40070,8192,4878
40080,8203,4560,40090,8192,4857
40100,8198,4582,40110,8203,4755
40120,8199,4858,40130,8195,4588
40140,8195,4840,40150,8202,4614
40160,8195,4726,40170,8201,4869
40180,8202,4559,40190,8204,4858
40200,8196,4584,40210,8198,4756
40220,8208,4860,40230,8204,4581
40240,8209,4839,40250,8189,4605
40260,8194,4728,40270,8188,4885
40280,8207,4556,40290,8197,4868
40300,8202,4587,40310,8196,4750
40320,8204,4873,40330,8198,4581
40340,8204,4831,40350,8193,4610
40360,8204,4731,40370,8199,4889
40380,8200,4567,40390,8202,4856
40400,8204,4595,40410,8202,4752
40420,8200,4865,40430,8200,4586
40440,8194,4827,40450,8204,4615
40460,8210,4722,40470,8205,4896
40480,8199,4554,40490,8206,4850
40500,8198,4591,40510,8200,4739
40520,8203,4866,40530,8208,4581
40540,8195,4835,40550,8202,4620
40560,8201,4722,40570,8204,4895
40580,8205,4569,40590,8194,4849
40600,8202,4609,40610,8205,4739
40620,8207,4875,40630,8208,4577
40640,8213,4817,40650,8195,4625
40660,8207,4724,40670,8206,4891
40680,8202,4552,40690,8198,4840
40700,8197,4601,40710,8198,4742
40720,8197,4885,40730,8195,4587
40740,8200,4814,40750,8204,4623
40760,8206,4708,40770,8198,4888
40780,8204,4547,40790,8197,4828
40800,8201,4594,40810,8201,4735
40820,8208,4874,40830,8207,4583
40840,8204,4820,40850,8205,4630
40860,8201,4722,40870,8209,4909
40880,8206,4560,40890,8192,4840
40900,8208,4610,40910,8200,4733
40920,8209,4890,40930,8206,4580
40940,8203,4816,40950,8201,4632
40960,8195,4707,40970,8201,4906
40980,8192,4549,40990,8202,4838
41000,8206,4612,41010,8201,4720
41020,8207,4885,41030,8211,4596
41040,8203,4817,41050,8197,4646
41060,8197,4690,41070,8203,4918
41080,8205,4557,41090,8198,4836
41100,8200,4622,41110,8197,4716
41120,8213,4890,41130,8199,4578
41140,8201,4812,41150,8209,4658
41160,8202,4691,41170,8204,4909
41180,8202,4562,41190,8196,4829
41200,8205,4635,41210,8196,4700
41220,8199,4885,41230,8204,4589
41240,8197,4815,41250,8203,4668
41260,8208,4684,41270,8194,4903
41280,8200,4559,41290,8207,4826
41300,8198,4640,41310,8197,4693
41320,8204,4885,41330,8195,4582
41340,8199,4807,41350,8188,4665
41360,8204,4672,41370,8196,4909
41380,8203,4563,41390,8208,4828
41400,8210,4657,41410,8203,4701
41420,8198,4886,41430,8201,4584
41440,8206,4799,41450,8193,4685
41460,8201,4671,41470,8213,4896
41480,8197,4556,41490,8199,4822
41500,8198,4648,41510,8204,4689
41520,8207,4894,41530,8199,4592
41540,8202,4802,41550,8195,4687
41560,8198,4664,41570,8210,4916
41580,8197,4566,41590,8208,4825
41600,8198,4657,41610,8195,4675
41620,8201,4893,41630,8205,4578
41640,8199,4799,41650,8196,4699
41660,8206,4653,41670,8200,4907
41680,8205,4561,41690,8199,4815
41700,8201,4675,41710,8204,4671
41720,8192,4891,41730,8206,4582
41740,8204,4797,41750,8198,4707
41760,8198,4639,41770,8196,4925
41780,8202,4557,41790,8203,4810
41800,8202,4682,41810,8191,4665
41820,8200,4893,41830,8199,4570
41840,8211,4778,41850,8209,4705
41860,8201,4640,41870,8189,4912
41880,8200,4555,41890,8193,4814
41900,8206,4702,41910,8202,4668
41920,8196,4900,41930,8201,4586
41940,8204,4790,41950,8194,4718
41960,8206,4634,41970,8196,4918
41980,8202,4563,41990,8199,4807
42000,8207,4687,42010,8202,4647
42020,8199,4896,42030,8196,4583
42040,8197,4784,42050,8194,4727
42060,8189,4614,42070,8199,4917
42080,8198,4567,42090,8202,4810
42100,8196,4714,42110,8198,4637
42120,8202,4896,42130,8200,4581
42140,8200,4789,42150,8195,4737
42160,8206,4614,42170,8204,4915
42180,8198,4562,42190,8205,4811
42200,8206,4723,42210,8196,4634
42220,8204,4891,42230,8205,4590
42240,8212,4792,42250,8194,4753
42260,8209,4609,42270,8198,4918
42280,8200,4567,42290,8200,4804
42300,8208,4720,42310,8203,4629
42320,8203,4899,42330,8205,4584
42340,8199,4781,42350,8199,4758
42360,8195,4596,42370,8193,4915
42380,8196,4556,42390,8203,4807
42400,8200,4745,42410,8198,4616
42420,8199,4893,42430,8194,4589
42440,8191,4769,42450,8197,4768
42460,8203,4598,42470,8199,4911
42480,8205,4562,42490,8197,4804
42500,8208,4737,42510,8211,4614
42520,8203,4888,42530,8206,4593
42540,8201,4771,42550,8193,4768
42560,8199,4581,42570,8194,4907
42580,8200,4565,42590,8197,4799
42600,8202,4754,42610,8208,4605
42620,8203,4881,42630,8192,4588
42640,8199,4768,42650,8198,4775
42660,8201,4589,42670,8199,4910
42680,8202,4566,42690,8198,4802
42700,8199,4756,42710,8196,4608
42720,8197,4881,42730,8194,4588
42740,8196,4771,42750,8195,4793
42760,8198,4583,42770,8201,4895
42780,8191,4555,42790,8204,4795
42800,8186,4758,42810,8202,4603
42820,8189,4880,42830,8198,4591
42840,8194,4774,42850,8193,4790
42860,8200,4576,42870,8193,4905
42880,8201,4564,42890,8194,4782
42900,8197,4756,42910,8198,4592
42920,8206,4859,42930,8197,4576
42940,8194,4749,42950,8201,4794
42960,8196,4575,42970,8195,4897
42980,8194,4576,42990,8199,4790
43000,8193,4795,43010,8199,4607
43020,8200,4873,43030,8201,4590
43040,8200,4768,43050,8205,4799
43060,8194,4578,43070,8196,4894
43080,8198,4561,43090,8190,4783
43100,8198,4784,43110,8198,4598
43120,8200,4878,43130,8199,4591
43140,8207,4765,43150,8202,4809
43160,8197,4576,43170,8214,4900
43180,8200,4582,43190,8198,4785
43200,8202,4792,43210,8205,4597
43220,8206,4867,43230,8207,4593
43240,8202,4758,43250,8201,4819
43260,8203,4571,43270,8197,4890
43280,8204,4571,43290,8197,4773
43300,8197,4796,43310,8203,4598
43320,8196,4864,43330,8188,4597
43340,8201,4758,43350,8195,4834
43360,8200,4569,43370,8191,4893
43380,8201,4573,43390,8205,4782
43400,8193,4802,43410,8204,4588
43420,8193,4867,43430,8202,4596
43440,8200,4767,43450,8191,4829
43460,8194,4574,43470,8196,4883
43480,8205,4580,43490,8198,4772
43500,8199,4811,43510,8199,4588
43520,8208,4855,43530,8202,4598
43540,8198,4757,43550,8196,4830
43560,8201,4572,43570,8191,4886
43580,8200,4573,43590,8203,4772
43600,8190,4818,43610,8195,4596
43620,8194,4860,43630,8196,4600
43640,8198,4746,43650,8197,4838
43660,8204,4569,43670,8190,4875
43680,8191,4569,43690,8201,4777
43700,8201,4818,43710,8201,4587
43720,8198,4851,43730,8198,4594
43740,8208,4759,43750,8193,4849
43760,8197,4570,43770,8200,4879
43780,8197,4579,43790,8197,4776
43800,8199,4824,43810,8195,4584
43820,8201,4858,43830,8203,4611
43840,8204,4753,43850,8190,4844
43860,8201,4568,43870,8197,4871
43880,8210,4575,43890,8200,4779
43900,8198,4833,43910,8188,4587
43920,8198,4845,43930,8198,4596
43940,8200,4742,43950,8204,4856
43960,8205,4554,43970,8190,4860
43980,8195,4578,43990,8195,4761
44000,8199,4836,44010,8194,4575
44020,8207,4840,44030,8202,4591
44040,8197,4737,44050,8205,4884
44060,8200,4578,44070,8196,4865
44080,8202,4581,44090,8205,4768
44100,8203,4852,44110,8197,4574
44120,8211,4835,44130,8205,4601
44140,8195,4738,44150,8198,4869
44160,8206,4568,44170,8196,4863
44180,8205,4588,44190,8199,4765
44200,8198,4841,44210,8198,4590
44220,8209,4840,44230,8198,4609
44240,8205,4742,44250,8195,4878
44260,8199,4561,44270,8200,4858
44280,8201,4583,44290,8206,4761
44300,8201,4857,44310,8200,4589
44320,8206,4832,44330,8199,4604
44340,8199,4737,44350,8195,4888
44360,8200,4551,44370,8194,4855
44380,8201,4597,44390,8197,4751
44400,8189,4860,44410,8196,4579
44420,8201,4836,44430,8192,4608
44440,8207,4725,44450,8197,4890
44460,8196,4557,44470,8198,4846
44480,8207,4592,44490,8186,4750
44500,8202,4865,44510,8196,4587
44520,8208,4828,44530,8196,4622
44540,8206,4731,44550,8189,4893
44560,8203,4558,44570,8201,4848
44580,8198,4602,44590,8197,4750
44600,8201,4867,44610,8213,4585
44620,8206,4831,44630,8200,4624
44640,8192,4729,44650,8198,4896
44660,8203,4559,44670,8199,4847
44680,8200,4598,44690,8201,4751
44700,8208,4873,44710,8200,4572
44720,8206,4831,44730,8190,4621
44740,8193,4721,44750,8200,4897
44760,8200,4551,44770,8199,4844
44780,8197,4597,44790,8203,4738
44800,8204,4878,44810,8194,4574
44820,8210,4821,44830,8199,4634
44840,8211,4724,44850,8197,4905
44860,8197,4554,44870,8203,4839
44880,8197,4597,44890,8203,4738
44900,8210,4886,44910,8208,4582
44920,8203,4821,44930,8196,4622
44940,8202,4721,44950,8193,4900
44960,8197,4555,44970,8208,4843
44980,8200,4609,44990,8206,4737
45000,8196,4883,45010,8201,4575
45020,8201,4813,45030,8205,4630
45040,8203,4707,45050,8201,4884
45060,8209,4550,45070,8204,4833
45080,8203,4608,45090,8196,4722
45100,8198,4877,45110,8200,4587
45120,8205,4815,45130,8197,4645
45140,8210,4719,45150,8208,4914
45160,8203,4560,45170,8202,4838
45180,8203,4623,45190,8198,4720
45200,8203,4898,45210,8209,4581
45220,8197,4821,45230,8198,4651
45240,8202,4690,45250,8207,4923
45260,8208,4576,45270,8205,4843
45280,8207,4635,45290,8209,4718
45300,8203,4889,45310,8195,4583
45320,8209,4810,45330,8198,4664
45340,8206,4690,45350,8202,4914
45360,8196,4564,45370,8203,4830
45380,8200,4654,45390,8202,4707
45400,8202,4887,45410,8203,4585
45420,8196,4807,45430,8196,4666
45440,8202,4666,45450,8202,4912
45460,8199,4566,45470,8208,4829
45480,8203,4651,45490,8202,4710
45500,8211,4890,45510,8205,4579
45520,8197,4818,45530,8208,4679
45540,8205,4678,45550,8200,4917
45560,8197,4553,45570,8203,4819
45580,8204,4652,45590,8217,4695
45600,8205,4883,45610,8199,4589
45620,8211,4813,45630,8204,4691
45640,8209,4662,45650,8203,4917
45660,8200,4561,45670,8205,4824
45680,8202,4664,45690,8198,4689
45700,8206,4892,45710,8202,4585
45720,8205,4806,45730,8197,4698
45740,8206,4665,45750,8207,4921
45760,8204,4565,45770,8205,4824
45780,8210,4654,45790,8213,4675
45800,8203,4896,45810,8204,4581
45820,8196,4806,45830,8202,4703
45840,8202,4641,45850,8208,4927
45860,8212,4558,45870,8197,4827
45880,8203,4682,45890,8198,4659
45900,8202,4899,45910,8204,4587
45920,8205,4804,45930,8205,4719
45940,8202,4647,45950,8212,4921
45960,8206,4557,45970,8201,4820
45980,8207,4697,45990,8202,4673
46000,8207,4896,46010,8202,4584
46020,8206,4792,46030,8200,4713
46040,8207,4634,46050,8203,4921
46060,8192,4560,46070,8199,4820
46080,8201,4675,46090,8213,4645
46100,8199,4888,46110,8197,4580
46120,8207,4785,46130,8208,4708
46140,8209,4624,46150,8207,4916
46160,8197,4559,46170,8202,4809
46180,8203,4716,46190,8203,4656
46200,8213,4904,46210,8201,4588
46220,8200,4792,46230,8200,4744
46240,8193,4628,46250,8208,4921
46260,8209,4560,46270,8205,4810
46280,8203,4714,46290,8201,4632
46300,8192,4893,46310,8199,4592
46320,8200,4794,46330,8195,4735
46340,8206,4615,46350,8207,4913
46360,8203,4566,46370,8199,4808
46380,8201,4723,46390,8212,4628
46400,8208,4888,46410,8206,4585
46420,8199,4784,46430,8187,4748
46440,8195,4607,46450,8205,4924
46460,8200,4568,46470,8200,4813
46480,8201,4729,46490,8200,4628
46500,8199,4897,46510,8197,4584
46520,8209,4783,46530,8197,4766
46540,8199,4599,46550,8192,4916
46560,8200,4561,46570,8206,4804
46580,8193,4739,46590,8200,4630
46600,8205,4898,46610,8201,4595
46620,8209,4792,46630,8201,4767
46640,8212,4594,46650,8202,4916
46660,8198,4567,46670,8203,4794
46680,8201,4736,46690,8201,4620
46700,8203,4878,46710,8201,4591
46720,8202,4792,46730,8204,4786
46740,8200,4583,46750,8195,4918
46760,8198,4567,46770,8212,4804
46780,8202,4758,46790,8196,4614
46800,8202,4895,46810,8204,4583
46820,8204,4769,46830,8203,4786
46840,8211,4597,46850,8202,4904
46860,8200,4566,46870,8200,4802
46880,8195,4764,46890,8214,4602
46900,8202,4890,46910,8203,4595
46920,8201,4765,46930,8194,4783
46940,8201,4581,46950,8198,4909
46960,8202,4560,46970,8200,4797
46980,8203,4778,46990,8203,4607
47000,8200,4884,47010,8196,4601
47020,8205,4769,47030,8204,4793
47040,8204,4583,47050,8198,4902
47060,8202,4576,47070,8212,4792
47080,8199,4778,47090,8194,4605
47100,8204,4882,47110,8205,4593
47120,8199,4772,47130,8199,4809
47140,8200,4580,47150,8200,4902
47160,8204,4565,47170,8202,4789
47180,8203,4776,47190,8200,4596
47200,8205,4867,47210,8195,4583
47220,8201,4762,47230,8193,4799
47240,8214,4571,47250,8205,4895
47260,8206,4585,47270,8211,4802
47280,8206,4790,47290,8208,4612
47300,8204,4869,47310,8202,4596
47320,8192,4774,47330,8207,4820
47340,8206,4577,47350,8201,4897
47360,8197,4580,47370,8197,4780
47380,8201,4798,47390,8199,4598
47400,8197,4866,47410,8197,4588
47420,8195,4751,47430,8191,4817
47440,8209,4574,47450,8202,4886
47460,8204,4579,47470,8202,4794
47480,8209,4796,47490,8194,4595
47500,8204,4860,47510,8200,4600
47520,8201,4755,47530,8198,4830
47540,8203,4568,47550,8198,4891
47560,8199,4566,47570,8201,4779
47580,8197,4781,47590,8198,4591
47600,8210,4872,47610,8199,4598
47620,8202,4762,47630,8200,4828
47640,8207,4564,47650,8204,4887
47660,8199,4575,47670,8201,4784
47680,8203,4809,47690,8202,4598
47700,8201,4858,47710,8192,4595
47720,8208,4751,47730,8195,4836
47740,8205,4566,47750,8205,4886
47760,8205,4580,47770,8193,4771
47780,8213,4816,47790,8208,4592
47800,8200,4861,47810,8196,4601
47820,8209,4755,47830,8199,4839
47840,8204,4565,47850,8200,4879
47860,8215,4590,47870,8205,4776
47880,8206,4826,47890,8202,4589
47900,8201,4850,47910,8201,4607
47920,8209,4754,47930,8204,4847
47940,8205,4570,47950,8204,4879
47960,8197,4581,47970,8213,4770
47980,8204,4822,47990,8210,4601
48000,8207,4851,48010,8198,4607
48020,8200,4744,48030,8205,4853
48040,8207,4574,48050,8199,4875
48060,8212,4594,48070,8205,4785
48080,8202,4842,48090,8199,4592
48100,8208,4853,48110,8199,4614
48120,8209,4749,48130,8202,4870
48140,8213,4572,48150,8208,4869
48160,8211,4581,48170,8201,4774
48180,8211,4838,48190,8201,4593
48200,8212,4849,48210,8198,4603
48220,8210,4742,48230,8196,4861
48240,8197,4564,48250,8204,4856
48260,8212,4579,48270,8208,4772
48280,8201,4841,48290,8201,4579
48300,8212,4843,48310,8202,4608
48320,8215,4751,48330,8203,4882
48340,8206,4566,48350,8205,4870
48360,8200,4596,48370,8208,4767
48380,8207,4855,48390,8199,4592
48400,8213,4841,48410,8204,4612
48420,8206,4749,48430,8205,4880
48440,8201,4560,48450,8204,4854
48460,8192,4591,48470,8207,4754
48480,8206,4864,48490,8210,4580
48500,8200,4831,48510,8196,4615
48520,8210,4742,48530,8200,4882
48540,8198,4552,48550,8191,4857
48560,8200,4599,48570,8203,4763
48580,8203,4870,48590,8202,4583
48600,8200,4834,48610,8204,4615
48620,8203,4735,48630,8203,4889
48640,8203,4566,48650,8203,4862
48660,8204,4606,48670,8203,4746
48680,8212,4864,48690,8204,4583
48700,8203,4831,48710,8202,4625
48720,8206,4731,48730,8210,4900
48740,8199,4566,48750,8205,4859
48760,8205,4599,48770,8203,4754
48780,8212,4876,48790,8211,4578
48800,8204,4830,48810,8199,4625
48820,8209,4723,48830,8205,4892
48840,8198,4564,48850,8210,4856
48860,8214,4611,48870,8204,4749
48880,8200,4880,48890,8196,4583
48900,8195,4827,48910,8207,4626
48920,8195,4715,48930,8204,4901
48940,8207,4556,48950,8201,4843
48960,8208,4605,48970,8198,4737
48980,8210,4882,48990,8193,4587
49000,8199,4811,49010,8192,4615
49020,8207,4711,49030,8188,4903
49040,8206,4558,49050,8201,4844
49060,8195,4599,49070,8207,4741
49080,8204,4857,49090,8200,4574
49100,8203,4821,49110,8208,4621
49120,8199,4702,49130,8199,4912
49140,8191,4564,49150,8206,4846
49160,8209,4598,49170,8203,4736
49180,8201,4891,49190,8188,4575
49200,8202,4824,49210,8196,4634
49220,8203,4710,49230,8199,4899
49240,8211,4560,49250,8199,4841
49260,8199,4615,49270,8197,4729
49280,8204,4880,49290,8199,4578
49300,8206,4809,49310,8200,4627
49320,8210,4686,49330,8207,4908
49340,8209,4557,49350,8201,4830
49360,8197,4609,49370,8199,4709
49380,8199,4878,49390,8196,4580
49400,8197,4812,49410,8207,4665
49420,8210,4701,49430,8199,4907
49440,8200,4560,49450,8201,4834
49460,8197,4629,49470,8211,4718
49480,8200,4889,49490,8199,4578
49500,8208,4813,49510,8200,4660
49520,8207,4693,49530,8199,4910
49540,8201,4554,49550,8199,4831
49560,8199,4636,49570,8199,4705
49580,8202,4893,49590,8195,4581
49600,8203,4808,49610,8198,4667
49620,8196,4677,49630,8200,4913
49640,8205,4562,49650,8208,4836
49660,8210,4654,49670,8203,4709
49680,8208,4883,49690,8207,4583
49700,8207,4805,49710,8197,4671
49720,8200,4676,49730,8203,4919
49740,8205,4560,49750,8209,4835
49760,8206,4660,49770,8212,4685
49780,8210,4887,49790,8196,4585
49800,8210,4800,49810,8204,4687
49820,8204,4669,49830,8197,4920
49840,8204,4567,49850,8199,4827
49860,8199,4665,49870,8213,4685
49880,8210,4891,49890,8197,4589
49900,8200,4808,49910,8205,4693
49920,8207,4660,49930,8206,4923
49940,8212,4568,49950,8201,4824
49960,8202,4681,49970,8201,4675
49980,8198,4903,49990,8201,4587
50000,8198,4801,50010,8200,4695
50020,8198,4643,50030,8208,4912
50040,8203,4557,50050,8207,4820
50060,8199,4677,50070,8210,4660
50080,8197,4895,50090,8196,4582
50100,8206,4799,50110,8197,4701
50120,8211,4646,50130,8197,4917
50140,8204,4563,50150,8200,4820
50160,8200,4697,50170,8201,4666
50180,8200,4896,50190,8203,4585
50200,8203,4792,50210,8200,4719
50220,8202,4633,50230,8200,4913
50240,8205,4564,50250,8200,4817
50260,8196,4687,50270,8206,4662
50280,8208,4890,50290,8197,4595
50300,8212,4794,50310,8197,4726
50320,8208,4633,50330,8204,4921
50340,8205,4572,50350,8197,4809
50360,8209,4702,50370,8199,4643
50380,8207,4892,50390,8203,4583
50400,8197,4789,50410,8198,4734
50420,8209,4618,50430,8209,4918
50440,8202,4567,50450,8200,4805
50460,8200,4729,50470,8201,4643
50480,8202,4913,50490,8206,4593
50500,8198,4778,50510,8192,4747
50520,8206,4617,50530,8203,4922
50540,8204,4565,50550,8207,4799
50560,8199,4723,50570,8205,4634
50580,8198,4894,50590,8204,4585
50600,8200,4788,50610,8201,4745
50620,8204,4610,50630,8201,4923
50640,8204,4568,50650,8202,4812
50660,8194,4724,50670,8200,4623
50680,8204,4894,50690,8201,4583
50700,8209,4777,50710,8204,4756
50720,8208,4600,50730,8198,4919
50740,8200,4566,50750,8206,4813
50760,8200,4746,50770,8196,4625
50780,8205,4904,50790,8201,4592
50800,8203,4781,50810,8194,4772
50820,8201,4592,50830,8202,4917
50840,8194,4567,50850,8201,4799
50860,8206,4753,50870,8201,4628
50880,8208,4891,50890,8207,4585
50900,8199,4774,50910,8207,4776
50920,8207,4587,50930,8191,4912
50940,8199,4578,50950,8201,4810
50960,8195,4758,50970,8200,4606
50980,8202,4889,50990,8196,4597
51000,8209,4781,51010,8197,4775
51020,8201,4592,51030,8202,4909
51040,8207,4568,51050,8212,4794
51060,8201,4766,51070,8203,4609
51080,8200,4888,51090,8203,4595
51100,8203,4773,51110,8197,4787
51120,8194,4584,51130,8188,4904
51140,8204,4561,51150,8201,4797
51160,8206,4779,51170,8194,4605
51180,8202,4884,51190,8201,4589
51200,8204,4777,51210,8204,4795
51220,8195,4583,51230,8198,4906
51240,8202,4569,51250,8205,4784
51260,8200,4772,51270,8215,4610
51280,8199,4886,51290,8197,4591
51300,8203,4775,51310,8192,4804
51320,8206,4588,51330,8209,4906
51340,8193,4561,51350,8205,4792
51360,8203,4787,51370,8210,4604
51380,8208,4878,51390,8207,4592
51400,8205,4769,51410,8197,4813
51420,8201,4577,51430,8202,4898
51440,8206,4571,51450,8197,4786
51460,8203,4779,51470,8200,4597
51480,8211,4860,51490,8206,4585
51500,8199,4744,51510,8210,4809
51520,8198,4558,51530,8213,4890
51540,8201,4579,51550,8212,4792
51560,8200,4804,51570,8211,4603
51580,8218,4883,51590,8205,4601
51600,8204,4773,51610,8202,4830
51620,8219,4570,51630,8204,4896
51640,8202,4574,51650,8205,4796
51660,8204,4803,51670,8211,4598
51680,8203,4869,51690,8217,4606
51700,8210,4755,51710,8193,4833
51720,8200,4574,51730,8204,4887
51740,8200,4575,51750,8196,4783
51760,8197,4806,51770,8201,4596
51780,8209,4860,51790,8195,4595
51800,8195,4755,51810,8195,4839
51820,8200,4572,51830,8192,4893
51840,8207,4578,51850,8201,4781
51860,8203,4815,51870,8212,4595
51880,8199,4872,51890,8207,4607
51900,8199,4753,51910,8193,4841
51920,8200,4570,51930,8205,4892
51940,8208,4577,51950,8203,4782
51960,8200,4818,51970,8201,4595
51980,8205,4856,51990,8199,4598
52000,8200,4746,52010,8200,4845
52020,8204,4555,52030,8189,4872
52040,8196,4576,52050,8197,4777
52060,8204,4832,52070,8197,4591
52080,8199,4860,52090,8202,4607
52100,8204,4752,52110,8196,4853
52120,8212,4563,52130,8200,4882
52140,8204,4577,52150,8205,4778
52160,8209,4835,52170,8197,4599
52180,8206,4858,52190,8196,4606
52200,8198,4744,52210,8207,4855
52220,8208,4567,52230,8202,4873
52240,8205,4590,52250,8207,4780
52260,8200,4841,52270,8197,4598
52280,8205,4849,52290,8199,4609
52300,8202,4742,52310,8193,4861
52320,8207,4569,52330,8197,4878
52340,8204,4585,52350,8202,4770
52360,8209,4836,52370,8207,4590
52380,8206,4848,52390,8201,4614
52400,8206,4736,52410,8196,4873
52420,8203,4560,52430,8203,4876
52440,8200,4587,52450,8209,4770
52460,8195,4844,52470,8200,4584
52480,8196,4843,52490,8196,4607
52500,8206,4735,52510,8197,4866
52520,8200,4556,52530,8192,4845
52540,8202,4581,52550,8196,4756
52560,8197,4841,52570,8203,4582
52580,8196,4832,52590,8206,4597
52600,8205,4742,52610,8204,4888
52620,8204,4574,52630,8198,4862
52640,8201,4598,52650,8200,4756
52660,8202,4860,52670,8201,4587
52680,8204,4837,52690,8199,4620
52700,8200,4748,52710,8196,4884
52720,8199,4563,52730,8196,4857
52740,8205,4600,52750,8197,4761
52760,8197,4861,52770,8204,4586
52780,8197,4826,52790,8200,4610
52800,8212,4727,52810,8198,4890
52820,8194,4555,52830,8194,4855
52840,8192,4592,52850,8194,4750
52860,8199,4866,52870,8203,4580
52880,8198,4827,52890,8203,4627
52900,8205,4737,52910,8197,4887
52920,8203,4554,52930,8204,4853
52940,8196,4587,52950,8199,4743
52960,8205,4870,52970,8200,4580
52980,8205,4823,52990,8196,4619
53000,8200,4719,53010,8200,4893
53020,8194,4559,53030,8199,4849
53040,8198,4602,53050,8206,4747
53060,8196,4862,53070,8200,4582
53080,8198,4824,53090,8198,4624
53100,8192,4723,53110,8215,4900
53120,8198,4563,53130,8205,4842
53140,8205,4596,53150,8201,4752
53160,8208,4879,53170,8205,4581
53180,8201,4824,53190,8193,4624
53200,8195,4717,53210,8191,4902
53220,8203,4551,53230,8201,4844
53240,8201,4606,53250,8199,4738
53260,8209,4878,53270,8203,4575
53280,8206,4820,53290,8195,4631
53300,8200,4714,53310,8197,4894
53320,8195,4551,53330,8202,4843
53340,8193,4605,53350,8196,4721
53360,8206,4877,53370,8194,4584
53380,8209,4814,53390,8197,4629
53400,8202,4708,53410,8199,4906
53420,8196,4558,53430,8199,4832
53440,8203,4624,53450,8198,4724
53460,8212,4878,53470,8204,4594
53480,8204,4810,53490,8196,4642
53500,8197,4706,53510,8214,4906
53520,8194,4564,53530,8198,4839
53540,8211,4622,53550,8194,4727
53560,8200,4876,53570,8203,4590
53580,8200,4813,53590,8197,4651
53600,8205,4685,53610,8202,4899
53620,8202,4549,53630,8201,4824
53640,8207,4615,53650,8206,4703
53660,8203,4877,53670,8191,4582
53680,8210,4821,53690,8202,4660
53700,8204,4702,53710,8193,4906
53720,8204,4562,53730,8204,4828
53740,8201,4646,53750,8199,4704
53760,8212,4885,53770,8209,4589
53780,8196,4801,53790,8195,4664
53800,8202,4682,53810,8198,4912
53820,8195,4571,53830,8205,4828
53840,8204,4646,53850,8208,4707
53860,8207,4897,53870,8203,4598
53880,8208,4804,53890,8196,4682
53900,8199,4668,53910,8208,4914
53920,8203,4565,53930,8199,4825
53940,8199,4655,53950,8194,4690
53960,8201,4890,53970,8194,4586
53980,8202,4796,53990,8191,4677
54000,8197,4661,54010,8206,4910
54020,8193,4561,54030,8193,4821
54040,8196,4664,54050,8197,4690
54060,8205,4890,54070,8197,4590
54080,8211,4803,54090,8198,4691
54100,8210,4661,54110,8205,4910
54120,8200,4564,54130,8195,4818
54140,8200,4661,54150,8198,4680
54160,8199,4876,54170,8202,4590
54180,8207,4801,54190,8199,4699
54200,8209,4645,54210,8197,4910
54220,8197,4564,54230,8197,4819
54240,8203,4676,54250,8205,4669
54260,8196,4893,54270,8193,4586
54280,8206,4792,54290,8189,4704
54300,8200,4646,54310,8205,4919
54320,8208,4565,54330,8202,4822
54340,8200,4691,54350,8201,4656
54360,8201,4882,54370,8204,4585
54380,8192,4788,54390,8198,4718
54400,8203,4635,54410,8195,4911
54420,8209,4556,54430,8203,4817
54440,8203,4694,54450,8194,4663
54460,8200,4893,54470,8203,4583
54480,8199,4791,54490,8192,4727
54500,8214,4637,54510,8197,4925
54520,8198,4566,54530,8198,4813
54540,8192,4698,54550,8204,4658
54560,8197,4894,54570,8205,4593
54580,8202,4783,54590,8198,4724
54600,8203,4622,54610,8194,4904
54620,8200,4563,54630,8200,4805
54640,8201,4708,54650,8193,4629
54660,8195,4873,54670,8195,4576
54680,8204,4766,54690,8198,4730
54700,8194,4610,54710,8193,4901
54720,8205,4556,54730,8194,4800
54740,8193,4717,54750,8193,4644
54760,8193,4902,54770,8196,4583
54780,8195,4771,54790,8189,4737
54800,8202,4604,54810,8190,4908
54820,8204,4569,54830,8203,4811
54840,8198,4731,54850,8201,4633
54860,8198,4889,54870,8208,4604
54880,8203,4775,54890,8206,4761
54900,8203,4602,54910,8193,4912
54920,8199,4564,54930,8196,4800
54940,8207,4722,54950,8196,4632
54960,8206,4892,54970,8195,4588
54980,8191,4784,54990,8195,4762
55000,8202,4594,55010,8200,4905
55020,8197,4563,55030,8210,4807
55040,8192,4748,55050,8198,4625
55060,8203,4886,55070,8195,4592
55080,8208,4779,55090,8196,4770
55100,8198,4594,55110,8197,4906
55120,8202,4577,55130,8200,4797
55140,8204,4756,55150,8193,4623
55160,8191,4879,55170,8194,4595
55180,8199,4780,55190,8197,4780
55200,8195,4587,55210,8201,4901
55220,8196,4559,55230,8194,4799
55240,8200,4764,55250,8198,4611
55260,8206,4873,55270,8188,4589
55280,8206,4774,55290,8197,4795
55300,8192,4592,55