LED1 Timestamp (ms),LED1_PD1,LED1_PD2,LED2 Timestamp (ms),LED2_PD1,LED2_PD2
LED1 Timestamp (ms),LED1_PD1,LED1_PD2,LED2 Timestamp (ms),LED2_PD1,LED2_PD2
7000,10777,9567,7010,9640,9487
7020,10755,9560,7030,9637,9483
7040,10774,9581,7050,9655,9496
7060,10765,9567,7070,9643,9490
7080,10761,9563,7090,9655,9515
7100,10781,9579,7110,9653,9499
7120,10761,9562,7130,9632,9494
7140,10792,9581,7150,9653,9499
7160,10771,9569,7170,9634,9487
7180,10761,9560,7190,9651,9509
7200,10767,9567,7210,9640,9500
7220,10762,9550,7230,9639,9491
7240,10774,9575,7250,9647,9499
7260,10765,9573,7270,9628,9483
7280,10752,9559,7290,9640,9504
7300,10761,9563,7310,9630,9487
7320,10753,9550,7330,9641,9478
7340,10781,9577,7350,9653,9494
7360,10764,9566,7370,9637,9489
7380,10764,9559,7390,9646,9504
7400,10762,9573,7410,9632,9490
7420,10762,9560,7430,9639,9489
7440,10775,9575,7450,9638,9501
7460,10753,9565,7470,9633,9477
7480,10761,9568,7490,9646,9504
7500,10763,9563,7510,9635,9498
7520,10769,9558,7530,9630,9489
7540,10777,9575,7550,9648,9490
7560,10752,9563,7570,9636,9490
7580,10752,9554,7590,9645,9509
7600,10762,9563,7610,9641,9488
7620,10756,9564,7630,9631,9492
7640,10764,9576,7650,9643,9499
7660,10751,9556,7670,9634,9494
7680,10757,9564,7690,9657,9504
7700,10768,9567,7710,9636,9492
7720,10758,9569,7730,9638,9497
7740,10778,9586,7750,9634,9497
7760,10764,9571,7770,9637,9495
7780,10756,9572,7790,9652,9511
7800,10769,9583,7810,9642,9489
7820,10758,9566,7830,9640,9502
7840,10781,9590,7850,9651,9492
7860,10773,9560,7870,9645,9488
7880,10760,9585,7890,9660,9517
7900,10763,9567,7910,9639,9484
7920,10758,9559,7930,9654,9506
7940,10778,9583,7950,9642,9492
7960,10760,9558,7970,9643,9500
7980,10760,9556,7990,9653,9523
8000,10766,9573,8010,9637,9483
8020,10756,9564,8030,9633,9488
8040,10780,9572,8050,9638,9497
8060,10753,9550,8070,9638,9489
8080,10759,9571,8090,9651,9509
8100,10763,9567,8110,9632,9488
8120,10745,9566,8130,9632,9499
8140,10768,9584,8150,9644,9492
8160,10752,9565,8170,9629,9497
8180,10769,9581,8190,9654,9500
8200,10770,9556,8210,9617,9477
8220,10751,9556,8230,9634,9506
8240,10781,9576,8250,9646,9492
8260,10762,9560,8270,9636,9489
8280,10766,9574,8290,9650,9513
8300,10762,9561,8310,9625,9487
8320,10761,9552,8330,9643,9498
8340,10780,9575,8350,9650,9501
8360,10765,9564,8370,9639,9492
8380,10769,9571,8390,9648,9505
8400,10763,9561,8410,9642,9483
8420,10766,9564,8430,9641,9491
8440,10770,9566,8450,9637,9485
8460,10762,9541,8470,9627,9492
8480,10764,9574,8490,9655,9509
8500,10762,9559,8510,9623,9496
8520,10760,9562,8530,9639,9492
8540,10772,9576,8550,9639,9498
8560,10757,9574,8570,9644,9505
8580,10773,9566,8590,9647,9507
8600,10755,9558,8610,9635,9487
8620,10761,9566,8630,9641,9504
8640,10767,9575,8650,9636,9490
8660,10761,9566,8670,9635,9498
8680,10780,9574,8690,9644,9514
8700,10763,9571,8710,9635,9495
8720,10772,9561,8730,9655,9499
8740,10778,9576,8750,9639,9493
8760,10759,9555,8770,9636,9506
8780,10775,9578,8790,9648,9512
8800,10759,9567,8810,9645,9499
8820,10759,9566,8830,9652,9510
8840,10768,9567,8850,9643,9487
8860,10762,9566,8870,9645,9499
8880,10772,9570,8890,9659,9511
8900,10762,9555,8910,9640,9485
8920,10765,9569,8930,9664,9497
8940,10771,9564,8950,9634,9493
8960,10760,9548,8970,9642,9496
8980,10780,9564,8990,9653,9504
9000,10765,9561,9010,9619,9486
9020,10764,9578,9030,9651,9502
9040,10769,9573,9050,9638,9480
9060,10752,9547,9070,9650,9502
9080,10763,9573,9090,9655,9515
9100,10760,9558,9110,9628,9481
9120,10766,9572,9130,9645,9492
9140,10771,9580,9150,9633,9494
9160,10762,9563,9170,9641,9503
9180,10768,9566,9190,9638,9493
9200,10747,9554,9210,9631,9481
9220,10762,9572,9230,9658,9515
9240,10741,9563,9250,9635,9488
9260,10730,9558,9270,9646,9497
9280,10745,9572,9290,9640,9497
9300,10758,9558,9310,9630,9489
9320,10766,9565,9330,9636,9495
9340,10755,9566,9350,9631,9483
9360,10756,9559,9370,9646,9492
9380,10773,9569,9390,9645,9498
9400,10764,9572,9410,9627,9490
9420,10763,9572,9430,9656,9504
9440,10762,9574,9450,9634,9491
9460,10755,9555,9470,9641,9506
9480,10768,9572,9490,9637,9484
9500,10756,9566,9510,9626,9494
9520,10769,9567,9530,9656,9512
9540,10763,9570,9550,9634,9485
9560,10754,9562,9570,9647,9514
9580,10771,9576,9590,9633,9483
9600,10753,9551,9610,9630,9489
9620,10780,9578,9630,9670,9497
9640,10777,9565,9650,9637,9482
9660,10762,9557,9670,9652,9510
9680,10781,9571,9690,9643,9496
9700,10763,9564,9710,9633,9486
9720,10780,9575,9730,9652,9496
9740,10766,9564,9750,9640,9485
9760,10761,9562,9770,9649,9508
9780,10774,9565,9790,9645,9508
9800,10762,9559,9810,9635,9482
9820,10775,9566,9830,9651,9504
9840,10764,9567,9850,9634,9489
9860,10757,9546,9870,9649,9511
9880,10772,9567,9890,9641,9488
9900,10757,9553,9910,9637,9488
9920,10765,9563,9930,9644,9500
9940,10759,9559,9950,9633,9482
9960,10754,9554,9970,9632,9495
9980,10767,9570,9990,9644,9502
10000,10749,9549,10010,9639,9489
10020,10785,9581,10030,9643,9505
10040,10763,9564,10050,9643,9491
10060,10756,9553,10070,9652,9513
10080,10766,9571,10090,9638,9498
10100,10759,9560,10110,9650,9506
10120,10779,9587,10130,9660,9514
10140,10769,9566,10150,9639,9489
10160,10765,9566,10170,9647,9507
10180,10764,9564,10190,9633,9496
10200,10758,9551,10210,9636,9487
10220,10780,9583,10230,9644,9498
10240,10758,9570,10250,9629,9496
10260,10752,9563,10270,9655,9513
10280,10758,9564,10290,9631,9488
10300,10751,9557,10310,9652,9495
10320,10761,9575,10330,9648,9503
10340,10756,9564,10350,9639,9486
10360,10758,9560,10370,9658,9510
10380,10768,9576,10390,9645,9501
10400,10755,9556,10410,9637,9496
10420,10773,9583,10430,9651,9504
10440,10765,9563,10450,9636,9481
10460,10766,9559,10470,9638,9509
10480,10769,9572,10490,9623,9487
10500,10761,9557,10510,9628,9486
10520,10775,9582,10530,9641,9489
10540,10759,9555,10550,9637,9495
10560,10759,9565,10570,9649,9505
10580,10763,9562,10590,9630,9491
10600,10744,9553,10610,9640,9490
10620,10780,9587,10630,9643,9497
10640,10769,9561,10650,9626,9491
10660,10760,9560,10670,9652,9516
10680,10765,9561,10690,9636,9485
10700,10757,9558,10710,9646,9496
10720,10771,9563,10730,9633,9490
10740,10769,9545,10750,9634,9491
10760,10757,9548,10770,9646,9504
10780,10770,9564,10790,9630,9488
10800,10755,9548,10810,9629,9494
10820,10775,9570,10830,9633,9489
10840,10755,9555,10850,9628,9498
10860,10757,9574,10870,9651,9508
10880,10755,9558,10890,9635,9485
10900,10754,9557,10910,9635,9502
10920,10770,9579,10930,9634,9481
10940,10747,9561,10950,9631,9483
10960,10761,9556,10970,9654,9514
10980,10769,9564,10990,9633,9490
11000,10748,9559,11010,9625,9490
11020,10778,9577,11030,9640,9489
11040,10753,9561,11050,9627,9484
11060,10773,9559,11070,9648,9514
11080,10775,9573,11090,9632,9494
11100,10759,9556,11110,9645,9494
11120,10778,9570,11130,9639,9490
11140,10755,9562,11150,9635,9488
11160,10771,9568,11170,9648,9507
11180,10762,9567,11190,9630,9494
11200,10757,9555,11210,9653,9491
11220,10776,9574,11230,9645,9494
11240,10757,9570,11250,9641,9489
11260,10772,9584,11270,9658,9514
11280,10766,9565,11290,9636,9479
11300,10760,9561,11310,9646,9494
11320,10770,9578,11330,9632,9490
11340,10762,9561,11350,9634,9488
11360,10775,9561,11370,9653,9504
11380,10760,9563,11390,9635,9484
11400,10748,9562,11410,9648,9506
11420,10748,9564,11430,9631,9482
11440,10741,9563,11450,9633,9486
11460,10764,9566,11470,9657,9498
11480,10750,9559,11490,9630,9474
11500,10756,9561,11510,9635,9486
11520,10783,9579,11530,9633,9492
11540,10752,9551,11550,9631,9486
11560,10767,9555,11570,9644,9504
11580,10752,9553,11590,9631,9484
11600,10757,9552,11610,9638,9498
11620,10772,9564,11630,9639,9488
11640,10749,9558,11650,9631,9495
11660,10777,9570,11670,9647,9491
11680,10760,9550,11690,9626,9483
11700,10754,9560,11710,9644,9497
11720,10770,9579,11730,9640,9479
11740,10751,9554,11750,9622,9485
11760,10764,9573,11770,9647,9500
11780,10758,9567,11790,9636,9500
11800,10764,9575,11810,9655,9499
11820,10772,9568,11830,9636,9492
11840,10758,9567,11850,9637,9508
11860,10775,9581,11870,9653,9497
11880,10758,9564,11890,9640,9494
11900,10766,9572,11910,9650,9498
11920,10757,9572,11930,9636,9495
11940,10759,9559,11950,9655,9513
11960,10789,9584,11970,9659,9508
11980,10773,9564,11990,9638,9496
12000,10768,9568,12010,9648,9518
12020,10777,9589,12030,9642,9499
12040,10767,9570,12050,9655,9509
12060,10790,9584,12070,9648,9507
12080,10762,9567,12090,9639,9494
12100,10770,9575,12110,9657,9520
12120,10784,9572,12130,9648,9489
12140,10771,9569,12150,9644,9497
12160,10768,9577,12170,9645,9504
12180,10763,9557,12190,9641,9483
12200,10777,9561,12210,9655,9503
12220,10771,9566,12230,9639,9498
12240,10756,9551,12250,9643,9502
12260,10773,9576,12270,9642,9501
12280,10753,9558,12290,9639,9495
12300,10780,9568,12310,9658,9504
12320,10771,9567,12330,9643,9489
12340,10755,9564,12350,9648,9500
12360,10775,9573,12370,9649,9491
12380,10755,9569,12390,9624,9487
12400,10767,9569,12410,9647,9498
12420,10758,9558,12430,9637,9493
12440,10735,9561,12450,9642,9490
12460,10765,9573,12470,9642,9494
12480,10739,9558,12490,9636,9489
12500,10745,9574,12510,9649,9514
12520,10770,9574,12530,9632,9489
12540,10737,9552,12550,9653,9503
12560,10744,9561,12570,9640,9496
12580,10748,9566,12590,9633,9497
12600,10773,9577,12610,9654,9497
12620,10772,9568,12630,9633,9486
12640,10755,9557,12650,9646,9494
12660,10769,9573,12670,9638,9493
12680,10750,9560,12690,9630,9492
12700,10773,9574,12710,9642,9504
12720,10761,9571,12730,9640,9496
12740,10747,9563,12750,9649,9502
12760,10776,9567,12770,9628,9482
12780,10758,9554,12790,9641,9492
12800,10781,9579,12810,9665,9507
12820,10774,9574,12830,9634,9478
12840,10765,9558,12850,9651,9501
12860,10780,9574,12870,9639,9500
12880,10761,9566,12890,9631,9490
12900,10772,9575,12910,9652,9500
12920,10767,9571,12930,9636,9482
12940,10752,9544,12950,9653,9504
12960,10770,9574,12970,9641,9500
12980,10757,9556,12990,9636,9486
13000,10782,9576,13010,9649,9496
13020,10772,9564,13030,9634,9473
13040,10760,9558,13050,9642,9506
13060,10776,9574,13070,9636,9484
13080,10765,9567,13090,9642,9492
13100,10768,9580,13110,9643,9500
13120,10765,9557,13130,9635,9495
13140,10753,9558,13150,9652,9516
13160,10771,9584,13170,9637,9493
13180,10753,9565,13190,9627,9487
13200,10775,9567,13210,9642,9494
13220,10766,9563,13230,9638,9491
13240,10770,9568,13250,9652,9502
13260,10774,9569,13270,9645,9500
13280,10756,9549,13290,9645,9490
13300,10779,9581,13310,9658,9507
13320,10765,9563,13330,9637,9490
13340,10768,9562,13350,9655,9515
13360,10767,9575,13370,9639,9500
13380,10758,9559,13390,9632,9492
13400,10781,9584,13410,9658,9503
13420,10769,9563,13430,9646,9491
13440,10771,9562,13450,9650,9506
13460,10778,9570,13470,9632,9494
13480,10766,9567,13490,9636,9486
13500,10787,9577,13510,9645,9496
13520,10750,9566,13530,9636,9494
13540,10764,9563,13550,9657,9522
13560,10770,9584,13570,9645,9500
13580,10764,9576,13590,9651,9506
13600,10774,9583,13610,9639,9490
13620,10764,9564,13630,9637,9482
13640,10762,9565,13650,9662,9514
13660,10781,9565,13670,9648,9503
13680,10762,9566,13690,9639,9504
13700,10794,9587,13710,9649,9507
13720,10774,9572,13730,9644,9509
13740,10766,9559,13750,9668,9517
13760,10782,9580,13770,9639,9499
13780,10775,9579,13790,9647,9498
13800,10782,9589,13810,9646,9497
13820,10771,9556,13830,9640,9497
13840,10760,9566,13850,9649,9505
13860,10767,9565,13870,9645,9495
13880,10767,9568,13890,9637,9495
13900,10772,9573,13910,9648,9500
13920,10769,9572,13930,9632,9485
13940,10759,9565,13950,9651,9503
13960,10752,9564,13970,9637,9490
13980,10750,9558,13990,9647,9495
14000,10771,9577,14010,9640,9494
14020,10766,9560,14030,9630,9489
14040,10756,9566,14050,9654,9503
14060,10761,9576,14070,9638,9493
14080,10756,9566,14090,9651,9507
14100,10777,9573,14110,9645,9500
14120,10766,9559,14130,9637,9493
14140,10769,9568,14150,9663,9508
14160,10771,9568,14170,9635,9494
14180,10760,9555,14190,9640,9499
14200,10777,9583,14210,9657,9497
14220,10767,9562,14230,9640,9494
14240,10769,9580,14250,9647,9504
14260,10771,9561,14270,9652,9495
14280,10763,9556,14290,9661,9500
14300,10773,9574,14310,9655,9504
14320,10757,9563,14330,9645,9490
14340,10777,9566,14350,9658,9509
14360,10761,9564,14370,9635,9483
14380,10763,9563,14390,9643,9499
14400,10777,9574,14410,9644,9488
14420,10766,9567,14430,9641,9493
14440,10779,9575,14450,9642,9499
14460,10763,9566,14470,9636,9491
14480,10755,9554,14490,9644,9497
14500,10776,9568,14510,9640,9496
14520,10757,9561,14530,9641,9498
14540,10772,9570,14550,9651,9509
14560,10764,9564,14570,9631,9491
14580,10761,9559,14590,9646,9500
14600,10765,9575,14610,9639,9495
14620,10748,9555,14630,9643,9497
14640,10754,9570,14650,9646,9498
14660,10751,9555,14670,9642,9490
14680,10748,9562,14690,9650,9511
14700,10775,9580,14710,9638,9483
14720,10753,9558,14730,9633,9495
14740,10768,9570,14750,9659,9507
14760,10766,9567,14770,9638,9485
14780,10763,9556,14790,9651,9500
14800,10766,9573,14810,9648,9498
14820,10762,9556,14830,9638,9495
14840,10784,9581,14850,9653,9512
14860,10762,9563,14870,9629,9484
14880,10766,9578,14890,9649,9504
14900,10771,9576,14910,9639,9495
14920,10765,9575,14930,9640,9497
14940,10769,9569,14950,9646,9513
14960,10778,9569,14970,9626,9492
14980,10766,9566,14990,9654,9504
15000,10781,9568,15010,9645,9498
15020,10762,9563,15030,9637,9488
15040,10769,9574,15050,9645,9495
15060,10775,9564,15070,9635,9484
15080,10765,9564,15090,9658,9505
15100,10766,9563,15110,9627,9484
15120,10766,9568,15130,9649,9502
15140,10776,9579,15150,9647,9499
15160,10767,9561,15170,9642,9485
15180,10765,9560,15190,9646,9503
15200,10764,9571,15210,9644,9495
15220,10767,9562,15230,9646,9501
15240,10782,9564,15250,9644,9503
15260,10762,9565,15270,9630,9481
15280,10764,9578,15290,9654,9517
15300,10780,9577,15310,9639,9491
15320,10768,9565,15330,9646,9495
15340,10783,9577,15350,9645,9506
15360,10764,9570,15370,9618,9480
15380,10758,9574,15390,9652,9500
15400,10774,9576,15410,9637,9491
15420,10753,9553,15430,9645,9499
15440,10774,9578,15450,9642,9505
15460,10755,9568,15470,9621,9485
15480,10762,9571,15490,9654,9507
15500,10771,9577,15510,9642,9497
15520,10758,9563,15530,9641,9504
15540,10785,9591,15550,9645,9510
15560,10759,9568,15570,9625,9497
15580,10771,9572,15590,9649,9506
15600,10766,9569,15610,9642,9493
15620,10761,9563,15630,9654,9511
15640,10791,9589,15650,9645,9509
15660,10767,9572,15670,9630,9497
15680,10767,9577,15690,9664,9513
15700,10772,9566,15710,9634,9492
15720,10759,9557,15730,9648,9502
15740,10773,9573,15750,9633,9501
15760,10743,9564,15770,9622,9479
15780,10770,9577,15790,9655,9512
15800,10757,9563,15810,9638,9486
15820,10757,9552,15830,9644,9502
15840,10774,9567,15850,9642,9494
15860,10759,9552,15870,9630,9483
15880,10767,9577,15890,9646,9509
15900,10772,9570,15910,9630,9482
15920,10760,9555,15930,9641,9507
15940,10787,9583,15950,9644,9506
15960,10756,9563,15970,9638,9487
15980,10776,9581,15990,9660,9502
16000,10765,9566,16010,9624,9489
16020,10754,9561,16030,9649,9510
16040,10770,9566,16050,9635,9489
16060,10759,9552,16070,9634,9478
16080,10776,9577,16090,9647,9500
16100,10757,9562,16110,9639,9491
16120,10759,9562,16130,9641,9510
16140,10768,9560,16150,9642,9492
16160,10756,9567,16170,9639,9492
16180,10774,9575,16190,9650,9506
16200,10761,9574,16210,9631,9493
16220,10756,9568,16230,9661,9521
16240,10760,9570,16250,9637,9504
16260,10763,9564,16270,9639,9494
16280,10774,9570,16290,9653,9508
16300,10759,9568,16310,9644,9487
16320,10775,9565,16330,9644,9505
16340,10769,9577,16350,9638,9492
16360,10761,9558,16370,9641,9495
16380,10777,9579,16390,9640,9491
16400,10763,9561,16410,9637,9477
16420,10751,9557,16430,9648,9504
16440,10772,9568,16450,9638,9492
16460,10770,9558,16470,9642,9486
16480,10777,9567,16490,9655,9498
16500,10771,9566,16510,9639,9480
16520,10773,9564,16530,9657,9504
16540,10764,9559,16550,9639,9492
16560,10763,9556,16570,9631,9488
16580,10765,9572,16590,9648,9503
16600,10758,9568,16610,9630,9488
16620,10746,9557,16630,9646,9512
16640,10781,9573,16650,9638,9498
16660,10758,9550,16670,9639,9491
16680,10785,9578,16690,9637,9499
16700,10761,9558,16710,9633,9494
16720,10759,9563,16730,9648,9506
16740,10765,9563,16750,9642,9487
16760,10766,9566,16770,9639,9485
16780,10774,9586,16790,9645,9504
16800,10763,9562,16810,9642,9493
16820,10757,9561,16830,9649,9510
16840,10744,9569,16850,9630,9480
16860,10740,9557,16870,9643,9495
16880,10773,9583,16890,9648,9503
16900,10763,9561,16910,9632,9486
16920,10757,9562,16930,9654,9510
16940,10770,9577,16950,9637,9487
16960,10761,9562,16970,9643,9503
16980,10786,9578,16990,9644,9491
17000,10755,9562,17010,9626,9488
17020,10763,9564,17030,9651,9512
17040,10760,9559,17050,9626,9483
17060,10749,9556,17070,9636,9496
17080,10774,9573,17090,9643,9492
17100,10749,9563,17110,9633,9483
17120,10764,9564,17130,9650,9501
17140,10772,9582,17150,9652,9496
17160,10768,9565,17170,9646,9493
17180,10786,9587,17190,9647,9500
17200,10765,9556,17210,9640,9495
17220,10775,9573,17230,9649,9513
17240,10776,9573,17250,9645,9486
17260,10767,9556,17270,9663,9502
17280,10789,9584,17290,9652,9500
17300,10773,9569,17310,9644,9493
17320,10772,9576,17330,9665,9515
17340,10770,9574,17350,9640,9493
17360,10770,9570,17370,9647,9500
17380,10783,9586,17390,9645,9490
17400,10765,9561,17410,9637,9491
17420,10780,9567,17430,9657,9501
17440,10767,9564,17450,9630,9483
17460,10769,9570,17470,9644,9503
17480,10783,9577,17490,9651,9496
17500,10773,9569,17510,9647,9497
17520,10777,9578,17530,9661,9505
17540,10770,9570,17550,9643,9490
17560,10757,9556,17570,9642,9510
17580,10780,9577,17590,9646,9499
17600,10761,9568,17610,9645,9489
17620,10789,9581,17630,9658,9507
17640,10761,9569,17650,9638,9489
17660,10756,9577,17670,9651,9503
17680,10780,9583,17690,9633,9508
17700,10765,9567,17710,9647,9508
17720,10780,9573,17730,9658,9520
17740,10763,9563,17750,9644,9489
17760,10768,9562,17770,9654,9492
17780,10775,9584,17790,9640,9501
17800,10773,9559,17810,9642,9501
17820,10770,9577,17830,9640,9505
17840,10768,9576,17850,9639,9488
17860,10773,9576,17870,9645,9505
17880,10777,9584,17890,9638,9499
17900,10758,9568,17910,9645,9493
17920,10764,9573,17930,9649,9506
17940,10756,9564,17950,9634,9496
17960,10752,9560,17970,9649,9497
17980,10767,9581,17990,9638,9495
18000,10765,9558,18010,9654,9510
18020,10780,9578,18030,9653,9519
18040,10768,9569,18050,9644,9500
18060,10771,9580,18070,9653,9504
18080,10787,9587,18090,9631,9491
18100,10776,9575,18110,9636,9486
18120,10780,9572,18130,9649,9511
18140,10766,9573,18150,9645,9502
18160,10777,9572,18170,9653,9514
18180,10784,9588,18190,9648,9497
18200,10768,9565,18210,9645,9496
18220,10778,9578,18230,9654,9503
18240,10760,9555,18250,9634,9479
18260,10774,9568,18270,9656,9504
18280,10783,9571,18290,9649,9493
18300,10781,9565,18310,9643,9497
18320,10778,9581,18330,9639,9502
18340,10762,9569,18350,9637,9497
18360,10765,9569,18370,9659,9501
18380,10769,9567,18390,9637,9488
18400,10757,9555,18410,9640,9505
18420,10775,9578,18430,9640,9496
18440,10772,9565,18450,9630,9493
18460,10772,9575,18470,9665,9500
18480,10783,9575,18490,9638,9499
18500,10761,9557,18510,9644,9508
18520,10770,9573,18530,9648,9510
18540,10756,9561,18550,9628,9488
18560,10768,9573,18570,9659,9510
18580,10781,9576,18590,9641,9502
18600,10761,9561,18610,9649,9510
18620,10790,9593,18630,9649,9512
18640,10761,9566,18650,9641,9491
18660,10771,9571,18670,9651,9504
18680,10773,9572,18690,9645,9495
18700,10762,9566,18710,9647,9506
18720,10765,9572,18730,9652,9513
18740,10764,9561,18750,9643,9496
18760,10774,9574,18770,9658,9513
18780,10771,9578,18790,9635,9493
18800,10767,9562,18810,9641,9512
18820,10785,9583,18830,9665,9521
18840,10780,9575,18850,9641,9510
18860,10784,9591,18870,9665,9514
18880,10774,9578,18890,9637,9493
18900,10764,9566,18910,9653,9521
18920,10784,9584,18930,9649,9512
18940,10767,9575,18950,9642,9506
18960,10782,9581,18970,9654,9514
18980,10779,9580,18990,9641,9504
19000,10758,9560,19010,9663,9513
19020,10778,9583,19030,9641,9502
19040,10751,9574,19050,9642,9496
19060,10764,9578,19070,9659,9502
19080,10777,9583,19090,9655,9490
19100,10774,9571,19110,9655,9506
19120,10787,9581,19130,9645,9503
19140,10748,9555,19150,9637,9492
19160,10773,9576,19170,9664,9511
19180,10764,9559,19190,9637,9486
19200,10765,9554,19210,9655,9501
19220,10759,9567,19230,9647,9507
19240,10779,9572,19250,9636,9491
19260,10786,9591,19270,9650,9506
19280,10773,9579,19290,9641,9494
19300,10764,9563,19310,9654,9512
19320,10764,9578,19330,9644,9507
19340,10763,9566,19350,9627,9499
19360,10778,9585,19370,9654,9516
19380,10782,9570,19390,9643,9508
19400,10774,9565,19410,9659,9512
19420,10780,9574,19430,9653,9508
19440,10763,9567,19450,9637,9502
19460,10782,9591,19470,9655,9509
19480,10772,9568,19490,9651,9505
19500,10769,9568,19510,9659,9510
19520,10782,9583,19530,9659,9504
19540,10774,9574,19550,9631,9492
19560,10777,9582,19570,9656,9504
19580,10771,9574,19590,9641,9493
19600,10763,9566,19610,9650,9508
19620,10788,9584,19630,9642,9503
19640,10766,9569,19650,9645,9487
19660,10794,9586,19670,9658,9494
19680,10775,9573,19690,9635,9492
19700,10773,9570,19710,9661,9518
19720,10778,9566,19730,9655,9504
19740,10775,9562,19750,9645,9507
19760,10771,9571,19770,9654,9508
19780,10770,9574,19790,9639,9505
19800,10765,9566,19810,9657,9507
19820,10783,9577,19830,9640,9495
19840,10765,9567,19850,9645,9500
19860,10779,9580,19870,9653,9510
19880,10775,9571,19890,9643,9500
19900,10768,9573,19910,9662,9502
19920,10777,9574,19930,9643,9511
19940,10771,9562,19950,9645,9487
19960,10792,9594,19970,9664,9513
19980,10782,9579,19990,9644,9489
20000,10765,9575,20010,9660,9519
20020,10767,9566,20030,9642,9491
20040,10773,9560,20050,9644,9502
20060,10780,9578,20070,9658,9513
20080,10773,9572,20090,9650,9491
20100,10760,9570,20110,9653,9512
20120,10755,9575,20130,9644,9501
20140,10748,9562,20150,9642,9495
20160,10765,9580,20170,9649,9500
20180,10754,9571,20190,9630,9490
20200,10770,9565,20210,9652,9509
20220,10770,9581,20230,9636,9501
20240,10765,9573,20250,9648,9504
20260,10785,9594,20270,9642,9515
20280,10774,9575,20290,9635,9503
20300,10776,9583,20310,9653,9529
20320,10788,9572,20330,9659,9508
20340,10765,9571,20350,9642,9500
20360,10794,9599,20370,9650,9505
20380,10770,9572,20390,9649,9506
20400,10781,9572,20410,9664,9518
20420,10782,9582,20430,9643,9500
20440,10776,9569,20450,9662,9509
20460,10790,9589,20470,9644,9511
20480,10773,9566,20490,9645,9507
20500,10775,9580,20510,9665,9515
20520,10779,9579,20530,9646,9503
20540,10773,9567,20550,9653,9500
20560,10791,9587,20570,9662,9508
20580,10760,9557,20590,9628,9482
20600,10767,9563,20610,9650,9514
20620,10770,9571,20630,9636,9499
20640,10761,9565,20650,9659,9508
20660,10781,9583,20670,9650,9492
20680,10764,9565,20690,9642,9507
20700,10776,9580,20710,9666,9514
20720,10773,9582,20730,9633,9492
20740,10762,9550,20750,9648,9498
20760,10783,9582,20770,9653,9505
20780,10761,9567,20790,9632,9489
20800,10773,9563,20810,9663,9516
20820,10773,9575,20830,9639,9491
20840,10757,9557,20850,9645,9510
20860,10788,9591,20870,9644,9491
20880,10756,9569,20890,9643,9497
20900,10776,9573,20910,9652,9514
20920,10764,9577,20930,9647,9496
20940,10758,9564,20950,9655,9502
20960,10781,9589,20970,9649,9502
20980,10752,9575,20990,9634,9493
21000,10770,9576,21010,9657,9516
21020,10763,9571,21030,9642,9489
21040,10766,9564,21050,9656,9499
21060,10776,9576,21070,9642,9505
21080,10756,9557,21090,9632,9486
21100,10769,9566,21110,9662,9517
21120,10774,9570,21130,9633,9491
21140,10758,9561,21150,9651,9506
21160,10780,9581,21170,9636,9494
21180,10755,9554,21190,9648,9491
21200,10758,9578,21210,9652,9515
21220,10758,9574,21230,9654,9509
21240,10735,9569,21250,9650,9505
21260,10751,9582,21270,9653,9495
21280,10741,9565,21290,9652,9497
21300,10785,9573,21310,9646,9520
21320,10774,9567,21330,9647,9488
21340,10766,9573,21350,9652,9511
21360,10774,9576,21370,9644,9497
21380,10755,9556,21390,9644,9487
21400,10779,9582,21410,9657,9509
21420,10768,9559,21430,9635,9491
21440,10764,9563,21450,9649,9494
21460,10773,9564,21470,9651,9490
21480,10768,9564,21490,9635,9495
21500,10773,9578,21510,9669,9515
21520,10768,9563,21530,9639,9488
21540,10756,9561,21550,9648,9503
21560,10773,9581,21570,9639,9489
21580,10760,9554,21590,9654,9509
21600,10777,9571,21610,9647,9509
21620,10768,9563,21630,9637,9495
21640,10765,9575,21650,9647,9504
21660,10772,9579,21670,9637,9488
21680,10765,9562,21690,9637,9494
21700,10770,9572,21710,9647,9500
21720,10761,9574,21730,9624,9483
21740,10771,9584,21750,9646,9501
21760,10785,9597,21770,9644,9502
21780,10761,9569,21790,9653,9505
21800,10781,9584,21810,9653,9512
21820,10750,9581,21830,9649,9495
21840,10773,9584,21850,9662,9507
21860,10777,9587,21870,9636,9491
21880,10762,9571,21890,9655,9502
21900,10780,9585,21910,9654,9509
21920,10765,9568,21930,9640,9497
21940,10774,9580,21950,9658,9514
21960,10785,9585,21970,9654,9507
21980,10774,9565,21990,9660,9501
22000,10775,9585,22010,9657,9504
22020,10764,9563,22030,9646,9496
22040,10779,9553,22050,9664,9511
22060,10768,9582,22070,9644,9498
22080,10762,9560,22090,9663,9495
22100,10781,9576,22110,9657,9507
22120,10732,9575,22130,9650,9492
22140,10767,9575,22150,9656,9504
22160,10781,9584,22170,9657,9500
22180,10765,9553,22190,9651,9499
22200,10784,9573,22210,9654,9499
22220,10760,9567,22230,9654,9497
22240,10778,9581,22250,9650,9506
22260,10769,9566,22270,9633,9500
22280,10758,9564,22290,9649,9507
22300,10775,9578,22310,9642,9505
22320,10763,9568,22330,9641,9487
22340,10770,9585,22350,9652,9508
22360,10770,9561,22370,9639,9492
22380,10759,9555,22390,9651,9509
22400,10779,9581,22410,9653,9497
22420,10776,9567,22430,9642,9505
22440,10776,9575,22450,9666,9513
22460,10775,9578,22470,9641,9495
22480,10771,9567,22490,9648,9502
22500,10782,9577,22510,9651,9509
22520,10768,9570,22530,9644,9485
22540,10775,9574,22550,9653,9504
22560,10786,9589,22570,9645,9499
22580,10764,9563,22590,9656,9498
22600,10782,9570,22610,9648,9509
22620,10761,9554,22630,9637,9494
22640,10781,9569,22650,9659,9509
22660,10780,9579,22670,9636,9496
22680,10764,9559,22690,9659,9517
22700,10783,9584,22710,9647,9497
22720,10733,9567,22730,9646,9499
22740,10781,9575,22750,9661,9518
22760,10773,9576,22770,9652,9501
22780,10763,9561,22790,9649,9518
22800,10770,9572,22810,9638,9498
22820,10769,9564,22830,9634,9490
22840,10776,9579,22850,9655,9503
22860,10764,9560,22870,9637,9491
22880,10758,9552,22890,9655,9509
22900,10781,9572,22910,9658,9509
22920,10768,9563,22930,9647,9504
22940,10789,9582,22950,9659,9509
22960,10775,9572,22970,9648,9491
22980,10766,9566,22990,9662,9508
23000,10778,9585,23010,9646,9505
23020,10739,9562,23030,9646,9495
23040,10780,9593,23050,9655,9503
23060,10766,9566,23070,9648,9502
23080,10767,9561,23090,9657,9506
23100,10776,9566,23110,9660,9503
23120,10763,9566,23130,9638,9500
23140,10781,9580,23150,9660,9509
23160,10781,9570,23170,9638,9484
23180,10760,9562,23190,9661,9516
23200,10788,9585,23210,9642,9499
23220,10759,9564,23230,9650,9507
23240,10779,9581,23250,9647,9509
23260,10770,9567,23270,9650,9507
23280,10773,9574,23290,9657,9517
23300,10780,9578,23310,9652,9497
23320,10770,9567,23330,9648,9490
23340,10784,9586,23350,9663,9515
23360,10772,9573,23370,9640,9495
23380,10744,9567,23390,9658,9515
23400,10765,9576,23410,9654,9486
23420,10755,9568,23430,9649,9497
23440,10772,9586,23450,9671,9510
23460,10778,9571,23470,9642,9505
23480,10773,9583,23490,9666,9518
23500,10778,9573,23510,9648,9510
23520,10774,9575,23530,9644,9499
23540,10784,9591,23550,9654,9501
23560,10776,9574,23570,9655,9499
23580,10786,9579,23590,9663,9512
23600,10780,9590,23610,9647,9500
23620,10740,9573,23630,9641,9490
23640,10792,9588,23650,9655,9501
23660,10782,9572,23670,9649,9492
23680,10777,9578,23690,9659,9510
23700,10781,9564,23710,9647,9511
23720,10770,9562,23730,9645,9501
23740,10781,9590,23750,9656,9510
23760,10775,9564,23770,9647,9495
23780,10771,9562,23790,9660,9506
23800,10782,9568,23810,9639,9496
23820,10768,9557,23830,9642,9495
23840,10774,9576,23850,9654,9496
23860,10769,9566,23870,9636,9491
23880,10769,9568,23890,9656,9504
23900,10772,9564,23910,9640,9497
23920,10751,9572,23930,9653,9493
23940,10780,9577,23950,9646,9501
23960,10755,9561,23970,9638,9481
23980,10765,9565,23990,9652,9510
24000,10770,9574,24010,9634,9499
24020,10762,9555,24030,9642,9487
24040,10765,9573,24050,9655,9514
24060,10770,9563,24070,9643,9494
24080,10763,9572,24090,9659,9513
24100,10763,9575,24110,9645,9497
24120,10766,9566,24130,9639,9490
24140,10779,9593,24150,9643,9507
24160,10768,9573,24170,9652,9494
24180,10785,9570,24190,9654,9512
24200,10768,9565,24210,9640,9505
24220,10758,9562,24230,9651,9497
24240,10790,9591,24250,9662,9501
24260,10765,9569,24270,9643,9496
24280,10770,9576,24290,9662,9510
24300,10777,9571,24310,9631,9492
24320,10780,9561,24330,9652,9502
24340,10791,9582,24350,9652,9498
24360,10766,9566,24370,9640,9499
24380,10776,9570,24390,9658,9510
24400,10766,9562,24410,9641,9499
24420,10762,9554,24430,9645,9491
24440,10776,9575,24450,9653,9496
24460,10765,9566,24470,9631,9489
24480,10757,9563,24490,9657,9514
24500,10764,9562,24510,9636,9499
24520,10759,9561,24530,9653,9498
24540,10755,9584,24550,9645,9501
24560,10743,9563,24570,9633,9491
24580,10766,9570,24590,9648,9509
24600,10755,9565,24610,9646,9493
24620,10765,9567,24630,9650,9503
24640,10779,9584,24650,9649,9497
24660,10764,9563,24670,9640,9503
24680,10772,9577,24690,9645,9508
24700,10770,9575,24710,9640,9486
24720,10759,9560,24730,9638,9502
24740,10783,9576,24750,9649,9500
24760,10766,9570,24770,9638,9497
24780,10775,9572,24790,9671,9522
24800,10776,9571,24810,9623,9495
24820,10764,9557,24830,9641,9493
24840,10782,9582,24850,9653,9495
24860,10763,9567,24870,9642,9486
24880,10771,9567,24890,9653,9516
24900,10760,9566,24910,9646,9502
24920,10760,9558,24930,9653,9514
24940,10784,9596,24950,9657,9508
24960,10765,9570,24970,9646,9494
24980,10774,9583,24990,9655,9506
25000,10763,9570,25010,9632,9498
25020,10766,9578,25030,9643,9509
25040,10783,9579,25050,9644,9485
25060,10764,9560,25070,9641,9503
25080,10777,9578,25090,9663,9513
25100,10760,9570,25110,9647,9488
25120,10776,9575,25130,9662,9506
25140,10779,9577,25150,9653,9503
25160,10767,9564,25170,9644,9492
25180,10787,9584,25190,9654,9506
25200,10770,9572,25210,9639,9489
25220,10772,9569,25230,9651,9491
25240,10782,9574,25250,9647,9494
25260,10773,9558,25270,9653,9496
25280,10785,9572,25290,9648,9498
25300,10766,9573,25310,9647,9494
25320,10777,9568,25330,9657,9496
25340,10778,9578,25350,9651,9499
25360,10757,9562,25370,9642,9493
25380,10773,9578,25390,9648,9512
25400,10764,9570,25410,9632,9491
25420,10765,9567,25430,9648,9501
25440,10778,9576,25450,9633,9492
25460,10765,9569,25470,9645,9507
25480,10788,9586,25490,9655,9515
25500,10764,9575,25510,9633,9507
25520,10772,9582,25530,9653,9511
25540,10762,9578,25550,9648,9499
25560,10748,9559,25570,9653,9511
25580,10770,9581,25590,9650,9512
25600,10748,9568,25610,9648,9504
25620,10760,9574,25630,9656,9503
25640,10784,9580,25650,9648,9499
25660,10767,9569,25670,9642,9504
25680,10784,9584,25690,9657,9506
25700,10757,9576,25710,9643,9492
25720,10774,9584,25730,9658,9505
25740,10781,9574,25750,9643,9498
25760,10756,9550,25770,9653,9500
25780,10781,9579,25790,9650,9507
25800,10777,9563,25810,9644,9494
25820,10771,9567,25830,9653,9501
25840,10779,9567,25850,9641,9484
25860,10764,9561,25870,9631,9497
25880,10776,9582,25890,9643,9498
25900,10757,9561,25910,9644,9483
25920,10770,9573,25930,9653,9497
25940,10758,9575,25950,9634,9485
25960,10758,9552,25970,9649,9503
25980,10773,9582,25990,9637,9503
26000,10768,9558,26010,9634,9492
26020,10765,9573,26030,9656,9513
26040,10768,9564,26050,9632,9488
26060,10763,9562,26070,9657,9508
26080,10778,9575,26090,9646,9508
26100,10774,9563,26110,9641,9497
26120,10779,9584,26130,9659,9507
26140,10777,9572,26150,9640,9500
26160,10758,9566,26170,9657,9510
26180,10797,9588,26190,9653,9497
26200,10762,9567,26210,9650,9503
26220,10772,9578,26230,9654,9511
26240,10759,9566,26250,9638,9486
26260,10764,9552,26270,9647,9504
26280,10781,9577,26290,9647,9510
26300,10763,9566,26310,9655,9498
26320,10769,9575,26330,9653,9510
26340,10766,9575,26350,9631,9503
26360,10759,9555,26370,9646,9506
26380,10782,9581,26390,9648,9502
26400,10765,9562,26410,9639,9497
26420,10765,9575,26430,9655,9516
26440,10773,9575,26450,9641,9507
26460,10763,9558,26470,9650,9499
26480,10780,9582,26490,9643,9493
26500,10767,9571,26510,9640,9493
26520,10771,9584,26530,9655,9503
26540,10783,9574,26550,9644,9497
26560,10763,9556,26570,9657,9503
26580,10783,9574,26590,9645,9500
26600,10763,9561,26610,9637,9496
26620,10765,9571,26630,9649,9505
26640,10766,9569,26650,9647,9490
26660,10745,9566,26670,9650,9503
26680,10766,9568,26690,9645,9491
26700,10745,9551,26710,9634,9477
26720,10774,9571,26730,9659,9508
26740,10779,9566,26750,9638,9490
26760,10761,9557,26770,9652,9490
26780,10773,9572,26790,9639,9498
26800,10761,9559,26810,9627,9490
26820,10789,9585,26830,9653,9508
26840,10775,9575,26850,9633,9494
26860,10757,9563,26870,9645,9512
26880,10781,9589,26890,9644,9503
26900,10765,9568,26910,9629,9491
26920,10776,9574,26930,9650,9505
26940,10771,9570,26950,9637,9488
26960,10757,9572,26970,9657,9517
26980,10773,9571,26990,9643,9497
27000,10753,9559,27010,9641,9493
27020,10787,9583,27030,9649,9512
27040,10768,9571,27050,9634,9491
27060,10764,9558,27070,9652,9512
27080,10776,9573,27090,9638,9495
27100,10765,9562,27110,9639,9484
27120,10771,9569,27130,9652,9487
27140,10755,9565,27150,9630,9483
27160,10752,9549,27170,9652,9514
27180,10769,9569,27190,9650,9495
27200,10768,9575,27210,9635,9485
27220,10766,9575,27230,9644,9500
27240,10767,9568,27250,9641,9493
27260,10757,9557,27270,9652,9509
27280,10777,9573,27290,9639,9485
27300,10760,9560,27310,9638,9486
27320,10764,9571,27330,9640,9498
27340,10758,9557,27350,9638,9491
27360,10760,9559,27370,9649,9501
27380,10782,9567,27390,9640,9504
27400,10767,9566,27410,9640,9488
27420,10787,9578,27430,9662,9510
27440,10772,9566,27450,9643,9496
27460,10767,9568,27470,9662,9507
27480,10768,9563,27490,9648,9492
27500,10769,9563,27510,9640,9483
27520,10776,9591,27530,9639,9509
27540,10766,9564,27550,9651,9493
27560,10765,9567,27570,9642,9498
27580,10776,9566,27590,9644,9494
27600,10758,9557,27610,9641,9489
27620,10772,9585,27630,9645,9500
27640,10757,9569,27650,9634,9490
27660,10763,9563,27670,9644,9503
27680,10776,9566,27690,9632,9485
27700,10759,9565,27710,9634,9487
27720,10766,9581,27730,9651,9501
27740,10760,9564,27750,9633,9488
27760,10737,9555,27770,9644,9512
27780,10747,9565,27790,9633,9494
27800,10745,9559,27810,9638,9498
27820,10779,9578,27830,9650,9502
27840,10750,9570,27850,9645,9490
27860,10768,9564,27870,9649,9505
27880,10769,9571,27890,9647,9500
27900,10755,9562,27910,9652,9506
27920,10779,9593,27930,9649,9506
27940,10762,9561,27950,9634,9493
27960,10775,9568,27970,9653,9513
27980,10768,9568,27990,9647,9490
28000,10765,9574,28010,9644,9491
28020,10787,9581,28030,9663,9509
28040,10769,9561,28050,9642,9491
28060,10767,9563,28070,9659,9506
28080,10771,9574,28090,9638,9488
28100,10765,9565,28110,9641,9494
28120,10781,9575,28130,9637,9500
28140,10767,9562,28150,9636,9494
28160,10766,9571,28170,9653,9506
28180,10780,9563,28190,9644,9492
28200,10767,9570,28210,9642,9505
28220,10792,9591,28230,9644,9490
28240,10767,9569,28250,9640,9496
28260,10766,9572,28270,9655,9513
28280,10773,9575,28290,9643,9496
28300,10769,9572,28310,9650,9502
28320,10785,9586,28330,9648,9492
28340,10759,9565,28350,9653,9496
28360,10783,9581,28370,9658,9521
28380,10781,9573,28390,9640,9479
28400,10765,9574,28410,9648,9505
28420,10781,9583,28430,9642,9512
28440,10771,9572,28450,9641,9500
28460,10774,9575,28470,9662,9524
28480,10778,9580,28490,9649,9492
28500,10768,9575,28510,9664,9506
28520,10791,9590,28530,9660,9511
28540,10768,9564,28550,9644,9503
28560,10783,9581,28570,9667,9518
28580,10774,9573,28590,9645,9496
28600,10778,9580,28610,9649,9496
28620,10782,9594,28630,9658,9503
28640,10779,9562,28650,9638,9496
28660,10777,9588,28670,9665,9517
28680,10772,9578,28690,9658,9511
28700,10770,9569,28710,9652,9511
28720,10780,9583,28730,9664,9507
28740,10771,9571,28750,9648,9499
28760,10779,9585,28770,9667,9519
28780,10773,9581,28790,9640,9498
28800,10761,9578,28810,9649,9507
28820,10787,9593,28830,9654,9506
28840,10765,9565,28850,9652,9497
28860,10783,9589,28870,9666,9519
28880,10766,9589,28890,9648,9498
28900,10777,9569,28910,9659,9508
28920,10791,9585,28930,9656,9502
28940,10770,9574,28950,9644,9502
28960,10784,9582,28970,9664,9511
28980,10773,9576,28990,9636,9501
29000,10766,9564,29010,9650,9500
29020,10779,9581,29030,9649,9490
29040,10754,9568,29050,9649,9497
29060,10777,9567,29070,9653,9514
29080,10766,9566,29090,9641,9501
29100,10773,9567,29110,9658,9501
29120,10783,9587,29130,9644,9504
29140,10756,9563,29150,9637,9500
29160,10774,9576,29170,9655,9506
29180,10769,9574,29190,9635,9496
29200,10774,9569,29210,9651,9511
29220,10768,9574,29230,9655,9502
29240,10762,9561,29250,9647,9508
29260,10783,9576,29270,9652,9513
29280,10766,9564,29290,9646,9500
29300,10773,9569,29310,9664,9513
29320,10781,9586,29330,9650,9500
29340,10763,9570,29350,9643,9494
29360,10774,9580,29370,9655,9515
29380,10776,9576,29390,9636,9492
29400,10767,9568,29410,9651,9516
29420,10780,9581,29430,9644,9504
29440,10773,9567,29450,9647,9495
29460,10779,9581,29470,9649,9500
29480,10770,9565,29490,9647,9498
29500,10767,9567,29510,9655,9502
29520,10786,9576,29530,9638,9495
29540,10754,9563,29550,9645,9499
29560,10778,9575,29570,9652,9504
29580,10771,9571,29590,9632,9489
29600,10774,9571,29610,9654,9517
29620,10769,9575,29630,9645,9490
29640,10761,9556,29650,9649,9503
29660,10770,9582,29670,9654,9507
29680,10756,9563,29690,9631,9493
29700,10764,9578,29710,9657,9516
29720,10780,9586,29730,9638,9489
29740,10766,9569,29750,9648,9497
29760,10785,9587,29770,9652,9507
29780,10783,9573,29790,9643,9498
29800,10772,9568,29810,9662,9512
29820,10779,9575,29830,9641,9497
29840,10764,9571,29850,9651,9504
29860,10780,9580,29870,9656,9506
29880,10761,9571,29890,9640,9495
29900,10765,9573,29910,9653,9516
29920,10773,9577,29930,9648,9493
29940,10746,9555,29950,9647,9491
29960,10760,9587,29970,9653,9492
29980,10760,9561,29990,9633,9480
30000,10766,9567,30010,9651,9509
30020,10786,9576,30030,9639,9489
30040,10760,9555,30050,9644,9495
30060,10780,9569,30070,9653,9497
30080,10762,9573,30090,9629,9489
30100,10769,9573,30110,9666,9514
30120,10761,9566,30130,9633,9486
30140,10762,9561,30150,9640,9499
30160,10781,9583,30170,9647,9504
30180,10761,9572,30190,9632,9482
30200,10760,9564,30210,9646,9495
30220,10768,9581,30230,9641,9497
30240,10760,9562,30250,9643,9502
30260,10775,9573,30270,9648,9510
30280,10765,9564,30290,9632,9491
30300,10763,9573,30310,9660,9510
30320,10779,9583,30330,9641,9499
30340,10763,9564,30350,9649,9499
30360,10770,9581,30370,9648,9502
30380,10765,9565,30390,9625,9484
30400,10770,9567,30410,9654,9503
30420,10784,9586,30430,9644,9501
30440,10755,9560,30450,9649,9511
30460,10779,9582,30470,9645,9499
30480,10764,9568,30490,9641,9498
30500,10763,9565,30510,9650,9500
30520,10775,9566,30530,9637,9499
30540,10767,9559,30550,9654,9501
30560,10784,9575,30570,9646,9512
30580,10755,9567,30590,9640,9479
30600,10770,9565,30610,9663,9504
30620,10764,9563,30630,9630,9490
30640,10759,9558,30650,9644,9502
30660,10774,9571,30670,9643,9500
30680,10755,9554,30690,9628,9485
30700,10772,9567,30710,9639,9502
30720,10769,9569,30730,9639,9492
30740,10757,9567,30750,9640,9502
30760,10780,9575,30770,9651,9507
30780,10756,9558,30790,9636,9495
30800,10772,9577,30810,9653,9498
30820,10761,9566,30830,9636,9488
30840,10747,9545,30850,9637,9499
30860,10779,9576,30870,9647,9495
30880,10752,9554,30890,9629,9487
30900,10767,9570,30910,9652,9495
30920,10775,9571,30930,9640,9483
30940,10770,9561,30950,9654,9510
30960,10770,9575,30970,9636,9495
30980,10754,9554,30990,9640,9492
31000,10759,9578,31010,9644,9507
31020,10746,9561,31030,9633,9498
31040,10751,9564,31050,9644,9505
31060,10764,9586,31070,9636,9487
31080,10753,9568,31090,9642,9495
31100,10778,9586,31110,9657,9503
31120,10737,9571,31130,9636,9503
31140,10756,9560,31150,9640,9490
31160,10760,9579,31170,9638,9505
31180,10769,9569,31190,9642,9492
31200,10773,9571,31210,9647,9507
31220,10761,9566,31230,9637,9483
31240,10762,9561,31250,9651,9500
31260,10772,9580,31270,9648,9499
31280,10767,9559,31290,9632,9496
31300,10779,9572,31310,9658,9511
31320,10773,9572,31330,9636,9490
31340,10770,9571,31350,9644,9504
31360,10774,9575,31370,9641,9506
31380,10764,9565,31390,9647,9502
31400,10772,9571,31410,9653,9506
31420,10774,9568,31430,9639,9493
31440,10754,9564,31450,9654,9514
31460,10775,9574,31470,9639,9494
31480,10769,9560,31490,9629,9489
31500,10783,9579,31510,9657,9513
31520,10769,9561,31530,9638,9492
31540,10773,9563,31550,9648,9508
31560,10786,9577,31570,9646,9502
31580,10770,9554,31590,9643,9496
31600,10780,9582,31610,9656,9502
31620,10769,9562,31630,9645,9498
31640,10760,9559,31650,9657,9515
31660,10780,9566,31670,9640,9494
31680,10769,9566,31690,9629,9488
31700,10789,9577,31710,9651,9517
31720,10775,9567,31730,9639,9490
31740,10757,9547,31750,9663,9500
31760,10772,9569,31770,9636,9494
31780,10764,9555,31790,9631,9493
31800,10778,9584,31810,9640,9504
31820,10771,9568,31830,9651,9495
31840,10756,9553,31850,9645,9511
31860,10774,9564,31870,9625,9495
31880,10756,9569,31890,9623,9483
31900,10778,9584,31910,9642,9499
31920,10766,9567,31930,9634,9487
31940,10759,9559,31950,9654,9522
31960,10762,9564,31970,9650,9495
31980,10760,9566,31990,9631,9493
32000,10770,9578,32010,9645,9507
32020,10761,9560,32030,9645,9499
32040,10763,9556,32050,9653,9516
32060,10773,9577,32070,9634,9501
32080,10746,9564,32090,9642,9496
32100,10756,9581,32110,9649,9505
32120,10759,9565,32130,9639,9499
32140,10751,9560,32150,9654,9512
32160,10758,9577,32170,9636,9500
32180,10758,9563,32190,9641,9493
32200,10780,9579,32210,9641,9489
32220,10760,9561,32230,9632,9495
32240,10762,9563,32250,9647,9515
32260,10769,9571,32270,9641,9485
32280,10771,9564,32290,9633,9490
32300,10786,9582,32310,9639,9499
32320,10759,9565,32330,9629,9495
32340,10766,9562,32350,9658,9507
32360,10767,9564,32370,9643,9498
32380,10753,9553,32390,9633,9501
32400,10776,9574,32410,9641,9495
32420,10757,9560,32430,9639,9489
32440,10758,9556,32450,9652,9510
32460,10763,9556,32470,9642,9486
32480,10771,9555,32490,9646,9500
32500,10772,9582,32510,9643,9495
32520,10759,9566,32530,9632,9482
32540,10766,9554,32550,9661,9503
32560,10787,9571,32570,9633,9484
32580,10765,9555,32590,9639,9497
32600,10789,9580,32610,9647,9503
32620,10764,9561,32630,9646,9498
32640,10767,9557,32650,9653,9502
32660,10756,9567,32670,9626,9504
32680,10767,9565,32690,9645,9497
32700,10780,9583,32710,9645,9495
32720,10761,9566,32730,9637,9480
32740,10770,9575,32750,9654,9510
32760,10767,9565,32770,9631,9499
32780,10761,9567,32790,9643,9497
32800,10777,9580,32810,9637,9501
32820,10751,9550,32830,9637,9489
32840,10772,9570,32850,9648,9510
32860,10757,9576,32870,9645,9496
32880,10759,9562,32890,9637,9497
32900,10774,9580,32910,9642,9484
32920,10758,9560,32930,9637,9494
32940,10767,9558,32950,9652,9504
32960,10759,9563,32970,9634,9494
32980,10767,9562,32990,9636,9495
33000,10778,9577,33010,9646,9495
33020,10754,9550,33030,9642,9494
33040,10764,9562,33050,9651,9513
33060,10771,9575,33070,9634,9488
33080,10768,9561,33090,9647,9499
33100,10777,9581,33110,9632,9475
33120,10752,9551,33130,9644,9488
33140,10767,9563,33150,9641,9502
33160,10760,9563,33170,9629,9491
33180,10757,9557,33190,9656,9505
33200,10758,9575,33210,9640,9503
33220,10746,9571,33230,9635,9487
33240,10734,9567,33250,9653,9504
33260,10742,9558,33270,9634,9483
33280,10765,9572,33290,9639,9490
33300,10777,9584,33310,9644,9493
33320,10759,9567,33330,9637,9492
33340,10773,9564,33350,9664,9515
33360,10765,9564,33370,9641,9485
33380,10755,9554,33390,9651,9502
33400,10786,9578,33410,9647,9493
33420,10770,9563,33430,9633,9484
33440,10775,9572,33450,9655,9502
33460,10773,9565,33470,9640,9479
33480,10759,9560,33490,9639,9496
33500,10774,9572,33510,9639,9498
33520,10761,9557,33530,9635,9495
33540,10767,9565,33550,9644,9500
33560,10758,9564,33570,9636,9487
33580,10760,9563,33590,9650,9502
33600,10781,9579,33610,9642,9492
33620,10762,9562,33630,9632,9489
33640,10772,9573,33650,9647,9501
33660,10759,9562,33670,9617,9484
33680,10760,9558,33690,9638,9494
33700,10761,9568,33710,9632,9484
33720,10770,9563,33730,9631,9493
33740,10770,9572,33750,9643,9502
33760,10761,9563,33770,9637,9496
33780,10770,9572,33790,9654,9506
33800,10766,9574,33810,9640,9486
33820,10757,9561,33830,9634,9484
33840,10775,9581,33850,9643,9506
33860,10754,9560,33870,9641,9491
33880,10769,9568,33890,9654,9509
33900,10774,9578,33910,9641,9505
33920,10770,9563,33930,9639,9495
33940,10782,9569,33950,9647,9494
33960,10764,9569,33970,9639,9498
33980,10768,9561,33990,9646,9498
34000,10778,9587,34010,9636,9491
34020,10758,9546,34030,9631,9495
34040,10774,9571,34050,9653,9500
34060,10766,9555,34070,9628,9484
34080,10765,9556,34090,9651,9501
34100,10781,9571,34110,9644,9491
34120,10753,9561,34130,9643,9498
34140,10777,9575,34150,9651,9502
34160,10773,9570,34170,9638,9486
34180,10751,9565,34190,9645,9503
34200,10768,9565,34210,9639,9492
34220,10761,9564,34230,9637,9489
34240,10776,9572,34250,9642,9504
34260,10749,9561,34270,9629,9474
34280,10751,9567,34290,9651,9497
34300,10757,9575,34310,9634,9485
34320,10737,9559,34330,9644,9502
34340,10766,9569,34350,9650,9495
34360,10747,9565,34370,9636,9483
34380,10767,9569,34390,9642,9498
34400,10767,9580,34410,9638,9496
34420,10758,9564,34430,9647,9501
34440,10771,9570,34450,9660,9504
34460,10748,9556,34470,9633,9483
34480,10763,9559,34490,9643,9497
34500,10764,9556,34510,9626,9485
34520,10751,9549,34530,9636,9487
34540,10756,9566,34550,9634,9495
34560,10763,9555,34570,9632,9479
34580,10767,9568,34590,9645,9501
34600,10768,9563,34610,9630,9496
34620,10755,9555,34630,9632,9494
34640,10769,9570,34650,9642,9493
34660,10756,9558,34670,9627,9475
34680,10758,9566,34690,9659,9507
34700,10767,9574,34710,9631,9490
34720,10755,9554,34730,9644,9492
34740,10776,9583,34750,9654,9509
34760,10755,9556,34770,9636,9488
34780,10772,9580,34790,9666,9499
34800,10772,9563,34810,9634,9486
34820,10760,9552,34830,9643,9498
34840,10778,9576,34850,9663,9507
34860,10763,9563,34870,9631,9488
34880,10772,9579,34890,9647,9500
34900,10775,9572,34910,9639,9488
34920,10763,9558,34930,9641,9504
34940,10774,9579,34950,9633,9489
34960,10765,9560,34970,9632,9482
34980,10763,9567,34990,9654,9507
35000,10765,9567,35010,9641,9481
35020,10770,9556,35030,9647,9505
35040,10773,9568,35050,9633,9496
35060,10754,9552,35070,9627,9475
35080,10766,9571,35090,9641,9506
35100,10767,9551,35110,9626,9484
35120,10748,9554,35130,9634,9496
35140,10776,9570,35150,9642,9494
35160,10765,9553,35170,9622,9477
35180,10769,9561,35190,9654,9501
35200,10772,9564,35210,9640,9489
35220,10764,9548,35230,9640,9502
35240,10762,9564,35250,9637,9491
35260,10759,9554,35270,9626,9476
35280,10758,9576,35290,9651,9497
35300,10761,9565,35310,9631,9484
35320,10759,9553,35330,9642,9506
35340,10777,9564,35350,9643,9495
35360,10747,9556,35370,9634,9484
35380,10769,9570,35390,9653,9509
35400,10756,9577,35410,9632,9487
35420,10746,9553,35430,9650,9494
35440,10768,9570,35450,9634,9495
35460,10757,9557,35470,9622,9486
35480,10767,9563,35490,9648,9498
35500,10768,9565,35510,9631,9495
35520,10765,9550,35530,9642,9507
35540,10770,9573,35550,9641,9501
35560,10759,9572,35570,9643,9486
35580,10775,9582,35590,9658,9515
35600,10767,9572,35610,9637,9492
35620,10761,9564,35630,9646,9516
35640,10777,9574,35650,9638,9505
35660,10751,9565,35670,9639,9491
35680,10770,9570,35690,9649,9507
35700,10765,9578,35710,9630,9495
35720,10753,9569,35730,9642,9503
35740,10772,9564,35750,9645,9499
35760,10759,9553,35770,9632,9488
35780,10779,9580,35790,9641,9497
35800,10765,9568,35810,9640,9492
35820,10765,9564,35830,9648,9507
35840,10770,9575,35850,9645,9495
35860,10769,9564,35870,9635,9480
35880,10772,9577,35890,9646,9502
35900,10771,9560,35910,9631,9491
35920,10757,9545,35930,9655,9511
35940,10770,9579,35950,9642,9498
35960,10757,9570,35970,9635,9485
35980,10772,9570,35990,9648,9505
36000,10768,9577,36010,9638,9483
36020,10751,9560,36030,9661,9515
36040,10759,9572,36050,9636,9498
36060,10766,9565,36070,9637,9492
36080,10776,9580,36090,9651,9496
36100,10770,9560,36110,9633,9482
36120,10774,9571,36130,9654,9513
36140,10785,9561,36150,9643,9502
36160,10763,9571,36170,9645,9506
36180,10778,9584,36190,9655,9497
36200,10767,9567,36210,9630,9491
36220,10761,9562,36230,9657,9513
36240,10778,9572,36250,9645,9504
36260,10761,9574,36270,9641,9497
36280,10776,9571,36290,9650,9493
36300,10768,9569,36310,9634,9497
36320,10756,9552,36330,9651,9505
36340,10772,9570,36350,9642,9493
36360,10773,9568,36370,9637,9491
36380,10786,9579,36390,9664,9501
36400,10752,9560,36410,9627,9490
36420,10761,9566,36430,9642,9507
36440,10769,9577,36450,9640,9502
36460,10752,9563,36470,9637,9490
36480,10766,9581,36490,9653,9502
36500,10754,9573,36510,9651,9494
36520,10733,9574,36530,9649,9507
36540,10740,9577,36550,9634,9490
36560,10741,9569,36570,9644,9506
36580,10785,9591,36590,9652,9503
36600,10770,9570,36610,9634,9495
36620,10766,9563,36630,9664,9513
36640,10774,9572,36650,9642,9502
36660,10751,9562,36670,9648,9493
36680,10776,9592,36690,9653,9502
36700,10764,9565,36710,9648,9497
36720,10773,9562,36730,9662,9518
36740,10773,9571,36750,9649,9499
36760,10760,9559,36770,9639,9502
36780,10783,9570,36790,9651,9502
36800,10767,9553,36810,9636,9497
36820,10761,9575,36830,9651,9495
36840,10762,9560,36850,9637,9497
36860,10757,9559,36870,9641,9497
36880,10776,9578,36890,9648,9500
36900,10755,9552,36910,9631,9493
36920,10772,9551,36930,9658,9505
36940,10759,9573,36950,9644,9486
36960,10760,9560,36970,9651,9493
36980,10772,9580,36990,9652,9514
37000,10763,9567,37010,9632,9490
37020,10765,9566,37030,9657,9505
37040,10768,9572,37050,9641,9481
37060,10759,9569,37070,9646,9499
37080,10778,9585,37090,9644,9502
37100,10767,9571,37110,9636,9493
37120,10766,9566,37130,9655,9509
37140,10781,9568,37150,9634,9494
37160,10758,9565,37170,9645,9494
37180,10765,9581,37190,9650,9506
37200,10763,9562,37210,9634,9479
37220,10754,9567,37230,9655,9516
37240,10763,9565,37250,9633,9489
37260,10752,9554,37270,9631,9490
37280,10777,9578,37290,9638,9499
37300,10764,9559,37310,9638,9490
37320,10756,9561,37330,9657,9514
37340,10761,9574,37350,9635,9491
37360,10741,9563,37370,9638,9496
37380,10770,9572,37390,9646,9494
37400,10760,9556,37410,9636,9496
37420,10774,9559,37430,9654,9503
37440,10774,9570,37450,9635,9489
37460,10753,9558,37470,9646,9511
37480,10784,9582,37490,9640,9494
37500,10761,9568,37510,9631,9494
37520,10771,9574,37530,9654,9514
37540,10766,9554,37550,9641,9495
37560,10756,9561,37570,9651,9505
37580,10773,9579,37590,9647,9492
37600,10746,9559,37610,9641,9496
37620,10766,9560,37630,9663,9516
37640,10773,9562,37650,9644,9486
37660,10758,9570,37670,9642,9487
37680,10786,9574,37690,9648,9493
37700,10755,9552,37710,9630,9480
37720,10765,9570,37730,9656,9516
37740,10767,9561,37750,9627,9479
37760,10758,9560,37770,9641,9491
37780,10777,9574,37790,9647,9492
37800,10768,9566,37810,9633,9500
37820,10774,9563,37830,9648,9506
37840,10768,9560,37850,9643,9496
37860,10763,9559,37870,9651,9494
37880,10781,9569,37890,9638,9492
37900,10767,9563,37910,9629,9496
37920,10780,9575,37930,9661,9509
37940,10769,9566,37950,9641,9497
37960,10764,9557,37970,9653,9501
37980,10774,9581,37990,9646,9485
38000,10764,9562,38010,9639,9497
38020,10788,9584,38030,9653,9511
38040,10761,9567,38050,9632,9496
38060,10773,9567,38070,9654,9507
38080,10777,9578,38090,9632,9496
38100,10759,9564,38110,9631,9502
38120,10777,9579,38130,9653,9512
38140,10764,9570,38150,9631,9493
38160,10762,9565,38170,9646,9495
38180,10775,9568,38190,9639,9492
38200,10766,9562,38210,9641,9504
38220,10775,9574,38230,9664,9509
38240,10773,9572,38250,9642,9499
38260,10763,9574,38270,9659,9504
38280,10781,9583,38290,9641,9493
38300,10761,9559,38310,9647,9498
38320,10777,9571,38330,9655,9508
38340,10771,9561,38350,9633,9502
38360,10769,9574,38370,9654,9509
38380,10775,9580,38390,9638,9487
38400,10763,9568,38410,9647,9505
38420,10781,9578,38430,9636,9508
38440,10762,9553,38450,9642,9496
38460,10766,9565,38470,9660,9506
38480,10774,9580,38490,9635,9498
38500,10758,9551,38510,9635,9492
38520,10777,9574,38530,9655,9498
38540,10760,9558,38550,9644,9492
38560,10759,9562,38570,9645,9503
38580,10770,9573,38590,9641,9484
38600,10754,9561,38610,9643,9492
38620,10772,9571,38630,9651,9497
38640,10751,9567,38650,9625,9481
38660,10746,9558,38670,9639,9502
38680,10759,9577,38690,9634,9492
38700,10747,9564,38710,9643,9493
38720,10781,9577,38730,9639,9510
38740,10770,9568,38750,9646,9495
38760,10772,9561,38770,9656,9513
38780,10772,9572,38790,9636,9497
38800,10767,9567,38810,9637,9504
38820,10781,9573,38830,9654,9511
38840,10767,9564,38850,9637,9485
38860,10778,9572,38870,9661,9503
38880,10777,9584,38890,9641,9505
38900,10765,9561,38910,9642,9501
38920,10779,9573,38930,9651,9509
38940,10758,9566,38950,9638,9476
38960,10774,9569,38970,9651,9516
38980,10784,9568,38990,9644,9500
39000,10766,9562,39010,9651,9511
39020,10787,9582,39030,9646,9505
39040,10763,9564,39050,9639,9488
39060,10775,9575,39070,9663,9509
39080,10773,9580,39090,9639,9498
39100,10752,9559,39110,9646,9520
39120,10770,9586,39130,9643,9504
39140,10774,9566,39150,9635,9507
39160,10767,9574,39170,9652,9500
39180,10778,9576,39190,9642,9506
39200,10763,9566,39210,9658,9512
39220,10781,9589,39230,9651,9507
39240,10760,9566,39250,9639,9497
39260,10779,9573,39270,9662,9517
39280,10770,9570,39290,9643,9491
39300,10758,9556,39310,9656,9498
39320,10788,9581,39330,9651,9504
39340,10767,9564,39350,9643,9498
39360,10778,9577,39370,9662,9507
39380,10783,9571,39390,9639,9489
39400,10772,9556,39410,9652,9505
39420,10774,9578,39430,9646,9503
39440,10755,9560,39450,9641,9497
39460,10762,9576,39470,9659,9511
39480,10762,9568,39490,9632,9492
39500,10755,9562,39510,9644,9511
39520,10766,9576,39530,9652,9502
39540,10764,9557,39550,9632,9496
39560,10765,9569,39570,9654,9516
39580,10773,9573,39590,9632,9493
39600,10769,9560,39610,9650,9501
39620,10782,9574,39630,9646,9504
39640,10758,9569,39650,9630,9485
39660,10779,9575,39670,9663,9508
39680,10774,9565,39690,9648,9497
39700,10752,9558,39710,9657,9503
39720,10782,9567,39730,9645,9511
39740,10755,9569,39750,9644,9500
39760,10757,9573,39770,9663,9517
39780,10758,9569,39790,9643,9502
39800,10760,9564,39810,9659,9516
39820,10784,9585,39830,9648,9505
39840,10762,9569,39850,9646,9490
39860,10771,9574,39870,9658,9513
39880,10774,9570,39890,9643,9495
39900,10763,9571,39910,9643,9509
39920,10772,9571,39930,9643,9495
39940,10760,9569,39950,9633,9490
39960,10776,9584,39970,9656,9513
39980,10774,9585,39990,9642,9493
40000,10748,9570,40010,9653,9512
40020,10770,9576,40030,9647,9500
40040,10755,9563,40050,9639,9496
40060,10777,9573,40070,9655,9505
40080,10767,9576,40090,9632,9498
40100,10762,9559,40110,9661,9518
40120,10776,9568,40130,9650,9505
40140,10765,9577,40150,9635,9498
40160,10771,9586,40170,9653,9500
40180,10771,9580,40190,9638,9487
40200,10758,9550,40210,9639,9507
40220,10786,9575,40230,9652,9497
40240,10768,9565,40250,9637,9484
40260,10767,9569,40270,9653,9501
40280,10763,9569,40290,9628,9492
40300,10753,9560,40310,9654,9514
40320,10782,9575,40330,9648,9497
40340,10764,9566,40350,9634,9493
40360,10774,9585,40370,9653,9503
40380,10768,9574,40390,9650,9503
40400,10769,9569,40410,9656,9508
40420,10771,9574,40430,9638,9494
40440,10751,9562,40450,9626,9492
40460,10782,9584,40470,9648,9504
40480,10762,9574,40490,9645,9490
40500,10767,9569,40510,9648,9513
40520,10771,9576,40530,9646,9504
40540,10757,9566,40550,9640,9491
40560,10776,9581,40570,9646,9503
40580,10761,9572,40590,9640,9495
40600,10755,9556,40610,9652,9506
40620,10780,9570,40630,9647,9497
40640,10760,9566,40650,9646,9501
40660,10776,9578,40670,9647,9506
40680,10764,9568,40690,9643,9493
40700,10757,9564,40710,9662,9521
40720,10783,9565,40730,9645,9496
40740,10751,9567,40750,9635,9484
40760,10772,9585,40770,9658,9497
40780,10766,9583,40790,9633,9493
40800,10758,9574,40810,9658,9514
40820,10767,9568,40830,9639,9497
40840,10737,9550,40850,9646,9490
40860,10767,9582,40870,9654,9485
40880,10754,9553,40890,9640,9487
40900,10760,9561,40910,9644,9506
40920,10769,9577,40930,9640,9485
40940,10760,9559,40950,9639,9492
40960,10786,9581,40970,9653,9505
40980,10767,9570,40990,9639,9481
41000,10768,9557,41010,9659,9503
41020,10761,9549,41030,9640,9487
41040,10765,9560,41050,9635,9483
41060,10788,9575,41070,9652,9496
41080,10762,9570,41090,9636,9499
41100,10758,9553,41110,9647,9507
41120,10776,9569,41130,9627,9476
41140,10756,9557,41150,9639,9491
41160,10773,9582,41170,9648,9496
41180,10763,9572,41190,9637,9494
41200,10773,9560,41210,9653,9509
41220,10766,9571,41230,9634,9497
41240,10760,9571,41250,9636,9490
41260,10777,9575,41270,9635,9503
41280,10760,9557,41290,9637,9490
41300,10770,9563,41310,9648,9510
41320,10776,9565,41330,9641,9497
41340,10760,9552,41350,9637,9492
41360,10772,9579,41370,9646,9505
41380,10755,9563,41390,9637,9496
41400,10767,9568,41410,9659,9516
41420,10776,9578,41430,9643,9498
41440,10762,9557,41450,9652,9497
41460,10786,9586,41470,9647,9496
41480,10769,9568,41490,9635,9486
41500,10765,9565,41510,9657,9508
41520,10779,9566,41530,9637,9491
41540,10774,9556,41550,9643,9495
41560,10777,9578,41570,9656,9507
41580,10771,9568,41590,9637,9494
41600,10765,9566,41610,9661,9503
41620,10770,9563,41630,9635,9495
41640,10763,9554,41650,9628,9492
41660,10763,9581,41670,9645,9488
41680,10759,9563,41690,9632,9483
41700,10762,9563,41710,9651,9509
41720,10765,9569,41730,9646,9490
41740,10753,9561,41750,9634,9493
41760,10781,9582,41770,9644,9501
41780,10761,9555,41790,9636,9487
41800,10760,9568,41810,9672,9515
41820,10769,9569,41830,9642,9485
41840,10760,9558,41850,9644,9502
41860,10793,9578,41870,9644,9500
41880,10758,9552,41890,9640,9494
41900,10760,9558,41910,9671,9511
41920,10758,9569,41930,9638,9490
41940,10751,9555,41950,9634,9489
41960,10764,9578,41970,9642,9497
41980,10745,9554,41990,9633,9487
42000,10768,9570,42010,9658,9509
42020,10766,9564,42030,9640,9490
42040,10765,9561,42050,9650,9499
42060,10776,9588,42070,9646,9498
42080,10761,9554,42090,9640,9494
42100,10780,9570,42110,9649,9517
42120,10761,9556,42130,9642,9483
42140,10758,9554,42150,9639,9492
42160,10772,9577,42170,9645,9489
42180,10759,9559,42190,9628,9489
42200,10755,9566,42210,9657,9511
42220,10764,9566,42230,9628,9493
42240,10769,9558,42250,9645,9506
42260,10788,9589,42270,9645,9491
42280,10759,9565,42290,9640,9494
42300,10782,9573,42310,9661,9519
42320,10781,9573,42330,9629,9495
42340,10763,9567,42350,9644,9498
42360,10791,9595,42370,9649,9501
42380,10760,9564,42390,9641,9501
42400,10773,9579,42410,9660,9521
42420,10773,9568,42430,9637,9496
42440,10764,9565,42450,9646,9505
42460,10776,9570,42470,9652,9496
42480,10758,9569,42490,9635,9496
42500,10761,9573,42510,9663,9509
42520,10766,9567,42530,9637,9501
42540,10771,9577,42550,9646,9506
42560,10791,9571,42570,9638,9497
42580,10768,9554,42590,9641,9489
42600,10779,9574,42610,9654,9504
42620,10768,9556,42630,9637,9489
42640,10754,9560,42650,9666,9505
42660,10778,9570,42670,9644,9494
42680,10761,9557,42690,9628,9483
42700,10770,9570,42710,9652,9514
42720,10777,9571,42730,9632,9488
42740,10763,9570,42750,9651,9513
42760,10774,9584,42770,9645,9499
42780,10766,9566,42790,9635,9489
42800,10779,9579,42810,9662,9520
42820,10763,9563,42830,9630,9496
42840,10762,9570,42850,9652,9515
42860,10784,9576,42870,9637,9497
42880,10759,9560,42890,9648,9504
42900,10775,9583,42910,9658,9510
42920,10770,9574,42930,9645,9505
42940,10773,9571,42950,9659,9522
42960,10782,9585,42970,9647,9495
42980,10761,9563,42990,9641,9490
43000,10768,9575,43010,9661,9511
43020,10758,9568,43030,9632,9493
43040,10758,9564,43050,9657,9506
43060,10760,9584,43070,9639,9495
43080,10757,9563,43090,9645,9486
43100,10773,9585,43110,9663,9516
43120,10748,9572,43130,9635,9491
43140,10751,9567,43150,9652,9509
43160,10782,9575,43170,9643,9494
43180,10749,9560,43190,9646,9505
43200,10776,9573,43210,9656,9513
43220,10766,9562,43230,9627,9491
43240,10758,9583,43250,9645,9510
43260,10783,9574,43270,9647,9501
43280,10774,9574,43290,9635,9503
43300,10772,9575,43310,9649,9504
43320,10768,9579,43330,9642,9484
43340,10776,9578,43350,9650,9501
43360,10778,9585,43370,9649,9500
43380,10770,9566,43390,9654,9499
43400,10787,9580,43410,9664,9514
43420,10773,9577,43430,9647,9492
43440,10769,9572,43450,9657,9502
43460,10778,9580,43470,9643,9486
43480,10759,9555,43490,9643,9493
43500,10778,9580,43510,9652,9498
43520,10770,9563,43530,9627,9498
43540,10770,9571,43550,9656,9498
43560,10773,9571,43570,9634,9499
43580,10761,9568,43590,9645,9498
43600,10773,9573,43610,9645,9508
43620,10763,9563,43630,9636,9489
43640,10759,9567,43650,9650,9503
43660,10777,9575,43670,9635,9496
43680,10767,9554,43690,9631,9493
43700,10774,9582,43710,9645,9499
43720,10759,9569,43730,9633,9488
43740,10772,9574,43750,9656,9514
43760,10772,9570,43770,9645,9492
43780,10761,9555,43790,9644,9500
43800,10791,9580,43810,9646,9505
43820,10753,9558,43830,9626,9488
43840,10764,9571,43850,9656,9507
43860,10786,9570,43870,9639,9495
43880,10765,9561,43890,9640,9506
43900,10776,9576,43910,9646,9509
43920,10763,9553,43930,9643,9493
43940,10765,9565,43950,9663,9513
43960,10776,9577,43970,9651,9490
43980,10765,9573,43990,9652,9505
44000,10740,9583,44010,9648,9499
44020,10753,9568,44030,9644,9495
44040,10774,9573,44050,9659,9508
44060,10768,9570,44070,9624,9489
44080,10752,9562,44090,9650,9506
44100,10763,9590,44110,9662,9512
44120,10760,9574,44130,9639,9489
44140,10756,9578,44150,9659,9515
44160,10775,9575,44170,9643,9492
44180,10763,9569,44190,9648,9507
44200,10784,9588,44210,9649,9510
44220,10769,9564,44230,9641,9490
44240,10789,9578,44250,9653,9510
44260,10778,9567,44270,9641,9490
44280,10764,9559,44290,9656,9512
44300,10777,9575,44310,9648,9504
44320,10764,9558,44330,9632,9488
44340,10769,9565,44350,9652,9500
44360,10775,9567,44370,9644,9501
44380,10754,9553,44390,9644,9510
44400,10781,9579,44410,9653,9507
44420,10758,9571,44430,9633,9493
44440,10778,9569,44450,9644,9501
44460,10760,9573,44470,9629,9499
44480,10756,9554,44490,9649,9494
44500,10771,9569,44510,9642,9504
44520,10758,9563,44530,9630,9492
44540,10771,9570,44550,9654,9497
44560,10774,9580,44570,9639,9487
44580,10757,9557,44590,9644,9495
44600,10747,9580,44610,9660,9503
44620,10760,9564,44630,9636,9488
44640,10765,9573,44650,9657,9500
44660,10774,9572,44670,9644,9499
44680,10759,9567,44690,9650,9498
44700,10772,9580,44710,9639,9500
44720,10762,9570,44730,9639,9488
44740,10775,9568,44750,9655,9508
44760,10768,9572,44770,9639,9494
44780,10749,9549,44790,9650,9519
44800,10773,9576,44810,9649,9506
44820,10765,9566,44830,9641,9495
44840,10775,9581,44850,9652,9504
44860,10772,9572,44870,9648,9501
44880,10758,9558,44890,9649,9503
44900,10784,9570,44910,9642,9498
44920,10764,9567,44930,9639,9502
44940,10762,9580,44950,9657,9508
44960,10778,9573,44970,9655,9496
44980,10760,9567,44990,9649,9509
45000,10763,9575,45010,9649,9497
45020,10772,9573,45030,9642,9496
45040,10778,9579,45050,9657,9506
45060,10780,9571,45070,9649,9492
45080,10766,9560,45090,9656,9516
45100,10778,9578,45110,9648,9499
45120,10760,9553,45130,9642,9488
45140,10777,9575,45150,9643,9501
45160,10765,9559,45170,9638,9495
45180,10754,9556,45190,9650,9497
45200,10731,9561,45210,9646,9485
45220,10735,9547,45230,9636,9486
45240,10742,9568,45250,9649,9496
45260,10731,9563,45270,9633,9485
45280,10749,9550,45290,9646,9505
45300,10767,9574,45310,9642,9496
45320,10758,9559,45330,9640,9501
45340,10767,9574,45350,9650,9502
45360,10767,9565,45370,9625,9476
45380,10750,9551,45390,9656,9503
45400,10772,9560,45410,9640,9494
45420,10751,9554,45430,9633,9481
45440,10759,9573,45450,9649,9498
45460,10757,9564,45470,9619,9493
45480,10761,9559,45490,9651,9500
45500,10753,9558,45510,9632,9487
45520,10762,9562,45530,9643,9497
45540,10775,9574,45550,9655,9500
45560,10758,9562,45570,9638,9500
45580,10754,9555,45590,9650,9509
45600,10763,9561,45610,9644,9499
45620,10754,9557,45630,9630,9489
45640,10773,9573,45650,9641,9503
45660,10764,9558,45670,9632,9500
45680,10759,9548,45690,9648,9512
45700,10768,9578,45710,9648,9498
45720,10758,9565,45730,9643,9498
45740,10773,9585,45750,9654,9501
45760,10757,9573,45770,9634,9490
45780,10775,9571,45790,9659,9510
45800,10768,9569,45810,9636,9496
45820,10768,9575,45830,9646,9491
45840,10777,9571,45850,9636,9504
45860,10756,9562,45870,9633,9494
45880,10755,9551,45890,9656,9514
45900,10767,9567,45910,9637,9484
45920,10757,9561,45930,9640,9491
45940,10774,9572,45950,9650,9512
45960,10763,9574,45970,9636,9483
45980,10762,9564,45990,9659,9506
46000,10772,9559,46010,9637,9481
46020,10758,9554,46030,9640,9484
46040,10782,9572,46050,9653,9499
46060,10763,9557,46070,9631,9482
46080,10764,9554,46090,9652,9504
46100,10762,9564,46110,9648,9494
46120,10757,9563,46130,9634,9488
46140,10770,9561,46150,9638,9486
46160,10756,9558,46170,9627,9495
46180,10751,9565,46190,9651,9500
46200,10765,9557,46210,9630,9488
46220,10757,9561,46230,9632,9485
46240,10779,9576,46250,9638,9499
46260,10761,9556,46270,9641,9491
46280,10761,9567,46290,9647,9505
46300,10760,9568,46310,9630,9477
46320,10751,9570,46330,9640,9491
46340,10772,9581,46350,9658,9498
46360,10761,9559,46370,9643,9490
46380,10764,9562,46390,9647,9510
46400,10760,9573,46410,9641,9501
46420,10756,9557,46430,9642,9489
46440,10786,9595,46450,9649,9496
46460,10762,9564,46470,9643,9495
46480,10771,9572,46490,9651,9510
46500,10766,9560,46510,9640,9493
46520,10759,9577,46530,9652,9505
46540,10784,9583,46550,9635,9501
46560,10768,9559,46570,9645,9497
46580,10762,9571,46590,9662,9512
46600,10766,9564,46610,9636,9496
46620,10760,9571,46630,9640,9508
46640,10789,9576,46650,9647,9501
46660,10767,9575,46670,9639,9502
46680,10780,9570,46690,9665,9519
46700,10773,9575,46710,9650,9504
46720,10766,9559,46730,9650,9495
46740,10790,9594,46750,9653,9496
46760,10763,9572,46770,9638,9490
46780,10764,9571,46790,9666,9522
46800,10777,9570,46810,9643,9500
46820,10763,9555,46830,9648,9504
46840,10795,9587,46850,9659,9506
46860,10769,9568,46870,9638,9492
46880,10764,9572,46890,9648,9516
46900,10764,9573,46910,9627,9487
46920,10759,9564,46930,9646,9498
46940,10785,9579,46950,9644,9498
46960,10774,9574,46970,9639,9492
46980,10765,9567,46990,9659,9513
47000,10762,9558,47010,9641,9493
47020,10762,9559,47030,9644,9504
47040,10774,9573,47050,9647,9505
47060,10756,9560,47070,9642,9496
47080,10776,9578,47090,9646,9502
47100,10769,9559,47110,9629,9492
47120,10764,9560,47130,9648,9504
47140,10782,9581,47150,9649,9506
47160,10768,9563,47170,9642,9493
47180,10766,9568,47190,9660,9508
47200,10777,9574,47210,9636,9497
47220,10760,9558,47230,9635,9495
47240,10773,9576,47250,9631,9490
47260,10766,9560,47270,9636,9495
47280,10774,9564,47290,9657,9511
47300,10774,9572,47310,9644,9484
47320,10763,9560,47330,9638,9502
47340,10766,9577,47350,9644,9498
47360,10751,9557,47370,9639,9487
47380,10757,9567,47390,9659,9511
47400,10754,9552,47410,9640,9498
47420,10748,9563,47430,9647,9496
47440,10774,9581,47450,9638,9499
47460,10756,9561,47470,9629,9495
47480,10778,9579,47490,9650,9514
47500,10766,9569,47510,9640,9499
47520,10765,9567,47530,9654,9510
47540,10776,9589,47550,9643,9505
47560,10755,9563,47570,9647,9497
47580,10778,9581,47590,9655,9505
47600,10755,9565,47610,9639,9494
47620,10775,9565,47630,9648,9507
47640,10779,9575,47650,9635,9505
47660,10777,9560,47670,9645,9503
47680,10771,9577,47690,9654,9506
47700,10757,9569,47710,9642,9498
47720,10760,9568,47730,9658,9507
47740,10787,9577,47750,9650,9494
47760,10763,9553,47770,9647,9497
47780,10770,9571,47790,9653,9502
47800,10762,9570,47810,9632,9488
47820,10764,9560,47830,9657,9505
47840,10777,9580,47850,9640,9485
47860,10760,9557,47870,9647,9495
47880,10780,9570,47890,9654,9507
47900,10765,9568,47910,9631,9484
47920,10764,9565,47930,9640,9502
47940,10773,9576,47950,9635,9485
47960,10759,9551,47970,9632,9489
47980,10767,9574,47990,9646,9505
48000,10761,9559,48010,9640,9488
48020,10774,9564,48030,9646,9503
48040,10777,9582,48050,9640,9499
48060,10767,9552,48070,9649,9497
48080,10772,9580,48090,9649,9504
48100,10764,9571,48110,9631,9491
48120,10768,9575,48130,9650,9505
48140,10773,9571,48150,9638,9492
48160,10756,9567,48170,9635,9493
48180,10777,9579,48190,9649,9515
48200,10754,9556,48210,9641,9491
48220,10761,9567,48230,9650,9500
48240,10766,9571,48250,9643,9496
48260,10765,9551,48270,9638,9499
48280,10775,9579,48290,9649,9500
48300,10768,9556,48310,9627,9497
48320,10769,9578,48330,9662,9516
48340,10776,9587,48350,9640,9488
48360,10761,9557,48370,9645,9486
48380,10784,9576,48390,9643,9516
48400,10764,9571,48410,9627,9475
48420,10762,9568,48430,9645,9514
48440,10767,9574,48450,9645,9489
48460,10745,9553,48470,9644,9504
48480,10758,9577,48490,9656,9507
48500,10764,9558,48510,9638,9490
48520,10744,9575,48530,9644,9502
48540,10744,9580,48550,9649,9498
48560,10760,9572,48570,9642,9491
48580,10769,9568,48590,9646,9504
48600,10751,9546,48610,9635,9504
48620,10757,9556,48630,9654,9507
48640,10775,9572,48650,9640,9493
48660,10763,9559,48670,9648,9496
48680,10777,9577,48690,9643,9503
48700,10762,9563,48710,9635,9490
48720,10772,9574,48730,9651,9504
48740,10766,9571,48750,9634,9498
48760,10766,9561,48770,9640,9499
48780,10787,9571,48790,9652,9509
48800,10762,9559,48810,9630,9480
48820,10774,9576,48830,9647,9502
48840,10770,9569,48850,9647,9494
48860,10762,9564,48870,9645,9497
48880,10779,9580,48890,9638,9496
48900,10759,9557,48910,9632,9502
48920,10761,9577,48930,9656,9511
48940,10777,9576,48950,9628,9485
48960,10756,9561,48970,9643,9499
48980,10772,9581,48990,9637,9501
49000,10758,9548,49010,9639,9489
49020,10782,9575,49030,9653,9502
49040,10775,9568,49050,9641,9490
49060,10762,9557,49070,9656,9513
49080,10775,9575,49090,9649,9497
49100,10764,9566,49110,9638,9486
49120,10768,9585,49130,9647,9505
49140,10764,9572,49150,9647,9494
49160,10750,9556,49170,9642,9496
49180,10779,9578,49190,9646,9507
49200,10766,9561,49210,9630,9484
49220,10777,9581,49230,9641,9509
49240,10761,9568,49250,9644,9490
49260,10762,9560,49270,9658,9514
49280,10783,9581,49290,9660,9504
49300,10761,9564,49310,9641,9495
49320,10779,9573,49330,9666,9515
49340,10770,9581,49350,9638,9490
49360,10771,9568,49370,9646,9511
49380,10784,9584,49390,9642,9495
49400,10772,9560,49410,9646,9486
49420,10773,9570,49430,9647,9501
49440,10759,9571,49450,9648,9489
49460,10772,9558,49470,9654,9502
49480,10769,9576,49490,9644,9497
49500,10764,9563,49510,9635,9481
49520,10763,9571,49530,9650,9505
49540,10776,9568,49550,9626,9483
49560,10750,9557,49570,9640,9491
49580,10762,9572,49590,9643,9500
49600,10731,9556,49610,9622,9472
49620,10764,9576,49630,9653,9506
49640,10768,9562,49650,9637,9494
49660,10753,9553,49670,9630,9497
49680,10762,9568,49690,9639,9498
49700,10752,9548,49710,9630,9482
49720,10764,9575,49730,9639,9485
49740,10757,9574,49750,9630,9480
49760,10748,9562,49770,9637,9510
49780,10768,9574,49790,9630,9490
49800,10774,9561,49810,9629,9476
49820,10765,9569,49830,9655,9508
49840,10764,9571,49850,9631,9486
49860,10756,9558,49870,9644,9502
49880,10777,9580,49890,9641,9499
49900,10757,9561,49910,9625,9485
49920,10775,9573,49930,9641,9506
49940,10755,9567,49950,9637,9489
49960,10762,9577,49970,9651,9511
49980,10756,9566,49990,9637,9480
50000,10755,9564,50010,9629,9484
50020,10771,9567,50030,9646,9492
50040,10766,9557,50050,9627,9497
50060,10767,9545,50070,9641,9501
50080,10780,9575,50090,9638,9496
50100,10760,9560,50110,9627,9490
50120,10772,9569,50130,9642,9501
50140,10771,9569,50150,9643,9487
50160,10754,9551,50170,9647,9508
50180,10767,9566,50190,9641,9502
50200,10763,9573,50210,9637,9488
50220,10770,9575,50230,9651,9503
50240,10769,9564,50250,9639,9481
50260,10760,9567,50270,9658,9515
50280,10774,9570,50290,9643,9491
50300,10758,9554,50310,9638,9482
50320,10781,9574,50330,9647,9507
50340,10768,9557,50350,9638,9478
50360,10768,9551,50370,9651,9515
50380,10763,9563,50390,9640,9480
50400,10756,9558,50410,9631,9484
50420,10769,9577,50430,9653,9501
50440,10757,9555,50450,9634,9492
50460,10765,9564,50470,9655,9495
50480,10768,9575,50490,9643,9497
50500,10758,9571,50510,9643,9496
50520,10765,9575,50530,9647,9503
50540,10770,9567,50550,9633,9493
50560,10761,9564,50570,9653,9506
50580,10779,9566,50590,9636,9497
50600,10753,9560,50610,9630,9493
50620,10766,9575,50630,9642,9508
50640,10754,9562,50650,9637,9483
50660,10746,9561,50670,9648,9506
50680,10759,9568,50690,9637,9488
50700,10754,9565,50710,9643,9494
50720,10779,9593,50730,9642,9503
50740,10759,9569,50750,9637,9497
50760,10771,9571,50770,9653,9507
50780,10759,9561,50790,9638,9490
50800,10760,9574,50810,9636,9491
50820,10777,9579,50830,9652,9506
50840,10765,9563,50850,9640,9488
50860,10755,9560,50870,9650,9520
50880,10775,9573,50890,9641,9495
50900,10755,9545,50910,9636,9482
50920,10788,9587,50930,9645,9498
50940,10771,9565,50950,9638,9499
50960,10766,9569,50970,9658,9512
50980,10765,9565,50990,9629,9498
51000,10759,9557,51010,9646,9498
51020,10781,9589,51030,9659,9511
51040,10761,9559,51050,9632,9492
51060,10763,9573,51070,9665,9510
51080,10760,9570,51090,9644,9503
51100,10773,9577,51110,9650,9503
51120,10787,9590,51130,9656,9513
51140,10771,9566,51150,9646,9507
51160,10770,9572,51170,9659,9517
51180,10772,9578,51190,9650,9504
51200,10767,9568,51210,9647,9498
51220,10798,9591,51230,9663,9497
51240,10764,9566,51250,9633,9496
51260,10757,9559,51270,9662,9509
51280,10775,9557,51290,9632,9495
51300,10761,9556,51310,9640,9487
51320,10769,9579,51330,9654,9490
51340,10765,9555,51350,9647,9496
51360,10769,9562,51370,9653,9498
51380,10768,9568,51390,9648,9488
51400,10755,9547,51410,9633,9493
51420,10777,9578,51430,9655,9508
51440,10760,9562,51450,9638,9500
51460,10772,9571,51470,9652,9515
51480,10762,9572,51490,9629,9487
51500,10770,9562,51510,9636,9502
51520,10785,9585,51530,9640,9497
51540,10747,9560,51550,9643,9495
51560,10778,9566,51570,9657,9515
51580,10760,9561,51590,9638,9495
51600,10767,9565,51610,9635,9498
51620,10789,9589,51630,9650,9504
51640,10770,9564,51650,9645,9498
51660,10771,9567,51670,9647,9519
51680,10770,9565,51690,9633,9495
51700,10764,9563,51710,9644,9505
51720,10782,9586,51730,9654,9495
51740,10755,9553,51750,9641,9498
51760,10756,9570,51770,9655,9507
51780,10760,9574,51790,9634,9491
51800,10759,9572,51810,9635,9494
51820,10780,9585,51830,9648,9498
51840,10759,9560,51850,9633,9495
51860,10775,9567,51870,9652,9502
51880,10766,9567,51890,9640,9481
51900,10754,9573,51910,9640,9501
51920,10772,9570,51930,9635,9492
51940,10753,9562,51950,9628,9488
51960,10760,9565,51970,9654,9508
51980,10768,9561,51990,9636,9489
52000,10756,9562,52010,9650,9498
52020,10778,9582,52030,9646,9501
52040,10759,9553,52050,9631,9505
52060,10768,9567,52070,9637,9509
52080,10769,9564,52090,9625,9478
52100,10752,9547,52110,9632,9491
52120,10781,9579,52130,9633,9486
52140,10752,9550,52150,9640,9485
52160,10762,9556,52170,9653,9517
52180,10761,9553,52190,9625,9485
52200,10750,9555,52210,9650,9492
52220,10766,9570,52230,9633,9496
52240,10759,9559,52250,9627,9481
52260,10762,9561,52270,9641,9501
52280,10758,9559,52290,9636,9484
52300,10759,9570,52310,9638,9497
52320,10767,9571,52330,9641,9495
52340,10756,9559,52350,9638,9498
52360,10757,9558,52370,9636,9500
52380,10754,9562,52390,9627,9486
52400,10754,9560,52410,9638,9499
52420,10773,9584,52430,9644,9498
52440,10757,9561,52450,9627,9486
52460,10757,9559,52470,9635,9497
52480,10756,9563,52490,9619,9486
52500,10751,9560,52510,9647,9486
52520,10778,9575,52530,9625,9481
52540,10755,9538,52550,9643,9487
52560,10766,9556,52570,9645,9491
52580,10762,9553,52590,9636,9492
52600,10759,9563,52610,9645,9500
52620,10770,9578,52630,9627,9487
52640,10757,9548,52650,9621,9495
52660,10754,9563,52670,9645,9500
52680,10755,9551,52690,9626,9482
52700,10761,9561,52710,9638,9492
52720,10771,9574,52730,9626,9481
52740,10750,9556,52750,9629,9477
52760,10758,9561,52770,9651,9498
52780,10747,9560,52790,9620,9482
52800,10751,9558,52810,9647,9494
52820,10765,9567,52830,9639,9487
52840,10739,9552,52850,9638,9494
52860,10754,9567,52870,9639,9501
52880,10750,9557,52890,9634,9484
52900,10748,9559,52910,9659,9508
52920,10775,9576,52930,9638,9491
52940,10765,9561,52950,9639,9485
52960,10765,9562,52970,9643,9484
52980,10762,9552,52990,9631,9486
53000,10768,9559,53010,9643,9499
53020,10766,9564,53030,9637,9485
53040,10752,9544,53050,9631,9493
53060,10766,9563,53070,9642,9496
53080,10756,9565,53090,9619,9468
53100,10753,9555,53110,9639,9484
53120,10765,9571,53130,9643,9479
53140,10755,9548,53150,9625,9491
53160,10758,9568,53170,9642,9504
53180,10759,9559,53190,9619,9481
53200,10755,9559,53210,9643,9489
53220,10761,9567,53230,9628,9481
53240,10745,9545,53250,9635,9494
53260,10776,9578,53270,9645,9506
53280,10764,9559,53290,9635,9483
53300,10762,9566,53310,9636,9497
53320,10761,9561,53330,9640,9493
53340,10743,9548,53350,9640,9502
53360,10771,9565,53370,9638,9492
53380,10761,9557,53390,9632,9475
53400,10765,9561,53410,9648,9495
53420,10760,9565,53430,9630,9481
53440,10759,9560,53450,9632,9485
53460,10770,9574,53470,9644,9492
53480,10764,9562,53490,9626,9488
53500,10750,9561,53510,9648,9502
53520,10764,9564,53530,9629,9489
53540,10760,9568,53550,9635,9487
53560,10764,9577,53570,9637,9492
53580,10754,9549,53590,9629,9481
53600,10760,9568,53610,9640,9502
53620,10785,9581,53630,9641,9494
53640,10758,9568,53650,9639,9488
53660,10780,9591,53670,9642,9497
53680,10761,9559,53690,9626,9492
53700,10767,9567,53710,9651,9501
53720,10776,9570,53730,9637,9482
53740,10758,9562,53750,9648,9498
53760,10777,9571,53770,9636,9490
53780,10756,9550,53790,9635,9481
53800,10780,9577,53810,9657,9504
53820,10777,9577,53830,9627,9480
53840,10770,9555,53850,9641,9514
53860,10788,9578,53870,9649,9502
53880,10763,9545,53890,9627,9484
53900,10767,9569,53910,9645,9512
53920,10763,9565,53930,9639,9487
53940,10746,9553,53950,9642,9503
53960,10759,9573,53970,9640,9495
53980,10748,9558,53990,9644,9485
54000,10767,9570,54010,9644,9498
54020,10780,9567,54030,9636,9486
54040,10763,9550,54050,9649,9506
54060,10780,9587,54070,9644,9495
54080,10760,9559,54090,9641,9493
54100,10770,9575,54110,9664,9506
54120,10778,9571,54130,9635,9488
54140,10756,9554,54150,9641,9493
54160,10775,9573,54170,9640,9496
54180,10759,9561,54190,9628,9483
54200,10768,9574,54210,9649,9501
54220,10765,9557,54230,9634,9484
54240,10759,9560,54250,9646,9500
54260,10786,9580,54270,9646,9495
54280,10744,9554,54290,9625,9491
543