LED1 Timestamp (ms),LED1_PD1,LED1_PD2,LED2 Timestamp (ms),LED2_PD1,LED2_PD2
15500,13108,13105,15510,12936,12919
15520,13115,13094,15530,12941,12917
15540,13111,13083,15550,12943,12911
15560,13123,13094,15570,12950,12915
15580,13118,13098,15590,12932,12924
15600,13111,13077,15610,12929,12924
15620,13092,13106,15630,12914,12939
15640,13111,13107,15650,12895,12930
15660,13091,13104,15670,12908,12937
15680,13097,13103,15690,12906,12931
15700,13093,13109,15710,12928,12943
15720,13103,13099,15730,12935,12933
15740,13108,13107,15750,12950,12947
15760,13035,13082,15770,12936,12930
15780,13059,13087,15790,12948,12936
15800,13118,13107,15810,12947,12942
15820,13103,13095,15830,12933,12936
15840,13103,13106,15850,12945,12936
15860,13120,13098,15870,12923,12936
15880,13111,13111,15890,12934,12941
15900,13114,13102,15910,12940,12943
15920,13104,13105,15930,12940,12941
15940,13112,13098,15950,12944,12943
15960,13109,13105,15970,12948,12924
15980,13122,13105,15990,12944,12943
16000,13115,13110,16010,12941,12937
16020,13117,13115,16030,12943,12945
16040,13108,13106,16050,12932,12937
16060,13120,13122,16070,12933,12943
16080,13105,13102,16090,12933,12946
16100,13118,13109,16110,12943,12933
16120,13114,13107,16130,12945,12952
16140,13107,13107,16150,12933,12934
16160,13118,13101,16170,12921,12938
16180,13118,13102,16190,12936,12938
16200,13114,13111,16210,12945,12930
16220,13100,13102,16230,12933,12936
16240,13127,13104,16250,12932,12937
16260,13109,13098,16270,12927,12934
16280,13108,13105,16290,12938,12948
16300,13115,13105,16310,12939,12922
16320,13107,13095,16330,12937,12942
16340,13118,13107,16350,12936,12943
16360,13120,13107,16370,12931,12937
16380,13110,13104,16390,12935,12938
16400,13118,13101,16410,12924,12937
16420,13111,13109,16430,12938,12929
16440,13109,13094,16450,12939,12927
16460,13117,13105,16470,12942,12936
16480,13114,13115,16490,12936,12934
16500,13119,13103,16510,12932,12937
16520,13113,13103,16530,12930,12937
16540,13115,13111,16550,12927,12943
16560,13116,13103,16570,12926,12934
16580,13109,13102,16590,12943,12917
16600,13114,13087,16610,12819,12888
16620,13109,13061,16630,12927,12871
16640,13102,13052,16650,12931,12850
16660,13116,13032,16670,12934,12835
16680,13096,13023,16690,12908,12921
16700,13082,13086,16710,12888,12941
16720,13071,13082,16730,12891,12942
16740,13078,13088,16750,12877,12938
16760,13071,13104,16770,12886,12942
16780,13070,13101,16790,12921,12944
16800,13089,13095,16810,12938,12944
16820,13100,13109,16830,12943,12931
16840,13095,13096,16850,12934,12935
16860,13109,13110,16870,12929,12933
16880,13113,13109,16890,12935,12925
16900,13101,13100,16910,12889,12929
16920,13111,13106,16930,12939,12926
16940,13101,13104,16950,12942,12946
16960,13111,13100,16970,12942,12933
16980,13113,13102,16990,12934,12931
17000,13105,13111,17010,12927,12940
17020,13108,13100,17030,12932,12920
17040,13109,13103,17050,12928,12925
17060,13107,13102,17070,12922,12926
17080,13118,13114,17090,12926,12929
17100,13102,13102,17110,12945,12924
17120,13100,13109,17130,12939,12941
17140,13118,13107,17150,12929,12937
17160,13116,13107,17170,12935,12932
17180,13112,13104,17190,12942,12935
17200,13104,13108,17210,12797,12800
17220,13103,13100,17230,12935,12935
17240,13113,13098,17250,12935,12929
17260,13105,13091,17270,12930,12929
17280,13121,13105,17290,12941,12930
17300,13120,13111,17310,12933,12928
17320,13107,13103,17330,12926,12932
17340,13116,13101,17350,12927,12944
17360,13109,13121,17370,12939,12946
17380,13116,13103,17390,12935,12930
17400,13109,13113,17410,12933,12944
17420,13118,13102,17430,12924,12943
17440,13107,13104,17450,12925,12930
17460,13110,13105,17470,12929,12935
17480,13107,13102,17490,12944,12922
17500,13115,13099,17510,12794,12795
17520,13112,13107,17530,12927,12922
17540,13100,13096,17550,12926,12925
17560,13107,13089,17570,12933,12927
17580,13105,13107,17590,12938,12937
17600,13117,13104,17610,12930,12933
17620,13108,13097,17630,12936,12937
17640,13111,13119,17650,12937,12928
17660,13105,13098,17670,12935,12919
17680,13116,13095,17690,12940,12902
17700,13106,13084,17710,12940,12901
17720,13102,13074,17730,12933,12899
17740,13107,13070,17750,12931,12928
17760,13091,13084,17770,12907,12922
17780,13083,13090,17790,12888,12946
17800,13079,13101,17810,12902,12939
17820,13063,13092,17830,12904,12942
17840,13079,13092,17850,12911,12938
17860,13087,13101,17870,12953,12930
17880,13102,13106,17890,12928,12935
17900,13096,13098,17910,12931,12932
17920,13111,13116,17930,12928,12932
17940,13112,13104,17950,12933,12923
17960,13113,13107,17970,12935,12942
17980,13098,13097,17990,12935,12931
18000,13110,13108,18010,12931,12930
18020,13110,13093,18030,12939,12932
18040,13115,13110,18050,12944,12940
18060,13102,13089,18070,12945,12933
18080,13109,13100,18090,12934,12931
18100,13109,13092,18110,12795,12809
18120,13106,13100,18130,12941,12933
18140,13110,13106,18150,12935,12932
18160,13109,13109,18170,12937,12935
18180,13110,13097,18190,12940,12925
18200,13123,13108,18210,12947,12933
18220,13115,13102,18230,12933,12940
18240,13109,13119,18250,12931,12937
18260,13118,13122,18270,12935,12934
18280,13121,13102,18290,12936,12928
18300,13123,13111,18310,12942,12936
18320,13107,13113,18330,12938,12937
18340,13117,13113,18350,12937,12929
18360,13124,13111,18370,12937,12932
18380,13117,13109,18390,12936,12935
18400,13107,13096,18410,12939,12933
18420,13117,13107,18430,12928,12933
18440,13107,13098,18450,12939,12934
18460,13112,13109,18470,12940,12938
18480,13109,13102,18490,12944,12928
18500,13111,13095,18510,12928,12926
18520,13105,13099,18530,12933,12937
18540,13116,13105,18550,12933,12926
18560,13116,13105,18570,12932,12929
18580,13093,13099,18590,12922,12935
18600,13115,13107,18610,12942,12939
18620,13118,13110,18630,12939,12936
18640,13107,13113,18650,12925,12928
18660,13120,13105,18670,12935,12932
18680,13108,13098,18690,12931,12930
18700,13120,13105,18710,12812,12925
18720,13119,13096,18730,12934,12928
18740,13104,13071,18750,12930,12903
18760,13104,13063,18770,12934,12874
18780,13117,13072,18790,12932,12903
18800,13114,13059,18810,12940,12891
18820,13103,13066,18830,12919,12912
18840,13085,13077,18850,12894,12933
18860,13078,13081,18870,12892,12927
18880,13068,13095,18890,12889,12950
18900,13061,13095,18910,12889,12941
18920,13081,13106,18930,12912,12935
18940,13085,13095,18950,12936,12932
18960,13095,13099,18970,12930,12935
18980,13116,13096,18990,12939,12936
19000,13088,13095,19010,12936,12920
19020,13068,13085,19030,12843,12936
19040,13047,13079,19050,12942,12947
19060,13090,13096,19070,12937,12935
19080,13115,13112,19090,12933,12933
19100,13107,13109,19110,12936,12945
19120,13104,13101,19130,12944,12938
19140,13103,13110,19150,12944,12937
19160,13116,13119,19170,12934,12931
19180,13123,13106,19190,12936,12937
19200,13116,13107,19210,12945,12940
19220,13118,13110,19230,12941,12938
19240,13117,13113,19250,12934,12943
19260,13119,13114,19270,12933,12937
19280,13117,13097,19290,12934,12932
19300,13117,13119,19310,12928,12927
19320,13117,13097,19330,12934,12935
19340,13102,13105,19350,12927,12929
19360,13114,13105,19370,12935,12940
19380,13114,13102,19390,12938,12932
19400,13118,13100,19410,12938,12940
19420,13114,13096,19430,12929,12922
19440,13111,13103,19450,12937,12940
19460,13111,13115,19470,12936,12924
19480,13114,13094,19490,12930,12940
19500,13109,13105,19510,12936,12928
19520,13106,13103,19530,12926,12924
19540,13110,13102,19550,12939,12938
19560,13110,13108,19570,12934,12928
19580,13105,13103,19590,12932,12943
19600,13112,13102,19610,12928,12933
19620,13107,13095,19630,12936,12929
19640,13103,13102,19650,12921,12928
19660,13085,13090,19670,12932,12926
19680,13118,13102,19690,12929,12942
19700,13108,13105,19710,12928,12929
19720,13099,13105,19730,12924,12932
19740,13101,13099,19750,12918,12926
19760,13109,13101,19770,12937,12942
19780,13107,13091,19790,12920,12924
19800,13109,13099,19810,12934,12914
19820,13106,13075,19830,12918,12900
19840,13106,13068,19850,12940,12907
19860,13116,13075,19870,12929,12905
19880,13097,13058,19890,12927,12904
19900,13102,13093,19910,12910,12936
19920,13084,13088,19930,12892,12938
19940,13075,13088,19950,12900,12937
19960,13069,13088,19970,12895,12943
19980,13084,13116,19990,12920,12938
20000,13088,13102,20010,12932,12944
20020,13098,13099,20030,12937,12945
20040,13099,13105,20050,12947,12932
20060,13112,13106,20070,12933,12941
20080,13113,13096,20090,12940,12935
20100,13109,13111,20110,12935,12936
20120,13124,13095,20130,12944,12945
20140,13128,13119,20150,12946,12932
20160,13118,13099,20170,12944,12925
20180,13102,13114,20190,12935,12937
20200,13128,13106,20210,12927,12935
20220,13087,13101,20230,12940,12937
20240,13096,13097,20250,12940,12932
20260,13102,13093,20270,12946,12934
20280,13117,13107,20290,12944,12940
20300,13112,13109,20310,12932,12937
20320,13118,13116,20330,12935,12936
20340,13128,13113,20350,12935,12941
20360,13115,13101,20370,12941,12932
20380,13115,13109,20390,12942,12934
20400,13121,13107,20410,12947,12935
20420,13117,13116,20430,12941,12942
20440,13114,13103,20450,12943,12937
20460,13111,13095,20470,12947,12937
20480,13115,13113,20490,12936,12947
20500,13124,13113,20510,12924,12937
20520,13110,13106,20530,12939,12940
20540,13108,13110,20550,12935,12936
20560,13102,13102,20570,12951,12949
20580,13116,13108,20590,12936,12924
20600,13116,13108,20610,12942,12933
20620,13106,13104,20630,12937,12934
20640,13114,13113,20650,12940,12944
20660,13123,13119,20670,12929,12934
20680,13112,13107,20690,12945,12933
20700,13122,13119,20710,12933,12938
20720,13122,13120,20730,12931,12937
20740,13114,13095,20750,12932,12935
20760,13102,13099,20770,12948,12939
20780,13113,13098,20790,12925,12934
20800,13103,13101,20810,12933,12931
20820,13115,13125,20830,12945,12935
20840,13111,13113,20850,12935,12943
20860,13115,13100,20870,12941,12931
20880,13125,13083,20890,12928,12908
20900,13103,13064,20910,12934,12897
20920,13125,13078,20930,12926,12892
20940,13098,13068,20950,12933,12898
20960,13113,13053,20970,12916,12904
20980,13097,13077,20990,12908,12922
21000,13077,13089,21010,12883,12942
21020,13067,13084,21030,12889,12950
21040,13059,13088,21050,12885,12936
21060,13065,13095,21070,12904,12942
21080,13074,13086,21090,12941,12940
21100,13101,13111,21110,12937,12922
21120,13085,13098,21130,12919,12956
21140,13071,13088,21150,12887,12941
21160,13056,13078,21170,12942,12934
21180,13106,13101,21190,12935,12933
21200,13114,13104,21210,12929,12938
21220,13108,13103,21230,12931,12943
21240,13097,13099,21250,12936,12939
21260,13117,13112,21270,12940,12936
21280,13103,13105,21290,12943,12934
21300,13118,13109,21310,12937,12937
21320,13106,13121,21330,12942,12938
21340,13122,13108,21350,12946,12948
21360,13105,13105,21370,12936,12942
21380,13119,13115,21390,12936,12940
21400,13128,13114,21410,12943,12938
21420,13111,13107,21430,12940,12930
21440,13113,13101,21450,12944,12940
21460,13114,13116,21470,12943,12931
21480,13109,13106,21490,12947,12934
21500,13117,13115,21510,12937,12929
21520,13109,13111,21530,12944,12941
21540,13110,13106,21550,12940,12944
21560,13115,13108,21570,12937,12943
21580,13121,13104,21590,12929,12930
21600,13116,13107,21610,12936,12934
21620,13112,13099,21630,12937,12944
21640,13116,13102,21650,12935,12934
21660,13113,13100,21670,12931,12942
21680,13117,13102,21690,12933,12936
21700,13109,13092,21710,12917,12923
21720,13115,13115,21730,12936,12930
21740,13113,13105,21750,12926,12924
21760,13111,13101,21770,12934,12939
21780,13110,13109,21790,12939,12942
21800,13110,13107,21810,12942,12929
21820,13122,13098,21830,12939,12927
21840,13111,13103,21850,12945,12950
21860,13111,13114,21870,12930,12936
21880,13109,13109,21890,12931,12939
21900,13122,13102,21910,12936,12938
21920,13103,13105,21930,12933,12938
21940,13100,13097,21950,12934,12912
21960,13105,13079,21970,12931,12905
21980,13100,13076,21990,12933,12909
22000,13119,13081,22010,12914,12893
22020,13105,13036,22030,12928,12839
22040,13100,13019,22050,12910,12831
22060,13084,13039,22070,12875,12865
22080,13076,13087,22090,12897,12934
22100,13078,13099,22110,12900,12936
22120,13075,13100,22130,12915,12943
22140,13084,13105,22150,12923,12931
22160,13086,13099,22170,12924,12935
22180,13097,13091,22190,12944,12926
22200,13098,13094,22210,12933,12945
22220,13101,13096,22230,12940,12945
22240,13101,13103,22250,12929,12922
22260,13110,13099,22270,12936,12937
22280,13103,13100,22290,12932,12931
22300,13118,13100,22310,12916,12925
22320,13101,13112,22330,12920,12934
22340,13116,13107,22350,12931,12936
22360,13108,13109,22370,12940,12916
22380,13112,13098,22390,12924,12935
22400,13109,13102,22410,12925,12927
22420,13108,13104,22430,12929,12933
22440,13104,13104,22450,12933,12928
22460,13112,13110,22470,12929,12931
22480,13107,13099,22490,12931,12922
22500,13109,13098,22510,12933,12931
22520,13109,13096,22530,12932,12925
22540,13121,13096,22550,12939,12928
22560,13105,13105,22570,12932,12934
22580,13118,13106,22590,12937,12931
22600,13109,13105,22610,12926,12919
22620,13103,13093,22630,12942,12936
22640,13105,13101,22650,12918,12916
22660,13098,13097,22670,12930,12939
22680,13101,13096,22690,12932,12940
22700,13105,13102,22710,12926,12941
22720,13113,13108,22730,12932,12926
22740,13111,13102,22750,12931,12935
22760,13102,13099,22770,12935,12939
22780,13109,13111,22790,12934,12936
22800,13111,13115,22810,12928,12932
22820,13110,13114,22830,12940,12940
22840,13121,13119,22850,12933,12935
22860,13094,13101,22870,12932,12935
22880,13105,13110,22890,12934,12937
22900,13124,13103,22910,12937,12932
22920,13113,13107,22930,12925,12931
22940,13121,13110,22950,12933,12940
22960,13117,13102,22970,12936,12923
22980,13113,13104,22990,12937,12940
23000,13109,13101,23010,12938,12931
23020,13103,13097,23030,12930,12906
23040,13122,13076,23050,12926,12889
23060,13113,13067,23070,12935,12890
23080,13124,13065,23090,12927,12891
23100,13110,13059,23110,12923,12896
23120,13090,13067,23130,12918,12927
23140,13064,13077,23150,12885,12945
23160,13074,13092,23170,12882,12939
23180,13061,13081,23190,12877,12941
23200,13061,13102,23210,12842,12935
23220,13030,13045,23230,12851,12947
23240,13033,13068,23250,12855,12965
23260,13034,13053,23270,12913,12934
23280,13110,13101,23290,12943,12943
23300,13098,13112,23310,12943,12937
23320,13116,13117,23330,12944,12937
23340,13124,13110,23350,12952,12938
23360,13121,13112,23370,12952,12952
23380,13115,13104,23390,12945,12935
23400,13114,13094,23410,12941,12936
23420,13114,13106,23430,12941,12948
23440,13110,13114,23450,12940,12934
23460,13102,13116,23470,12942,12943
23480,13116,13106,23490,12932,12939
23500,13109,13113,23510,12940,12940
23520,13110,13113,23530,12940,12927
23540,13105,13107,23550,12939,12927
23560,13114,13111,23570,12936,12932
23580,13116,13105,23590,12936,12923
23600,13111,13101,23610,12940,12946
23620,13122,13110,23630,12934,12934
23640,13109,13108,23650,12938,12939
23660,13114,13092,23670,12940,12939
23680,13105,13103,23690,12941,12939
23700,13115,13108,23710,12931,12940
23720,13111,13101,23730,12943,12944
23740,13123,13099,23750,12949,12934
23760,13109,13109,23770,12940,12939
23780,13115,13109,23790,12936,12932
23800,13113,13106,23810,12925,12916
23820,13098,13104,23830,12924,12923
23840,13105,13109,23850,12929,12925
23860,13102,13094,23870,12923,12934
23880,13104,13099,23890,12925,12921
23900,13114,13105,23910,12926,12918
23920,13120,13116,23930,12922,12935
23940,13110,13114,23950,12940,12936
23960,13109,13106,23970,12930,12923
23980,13113,13113,23990,12943,12945
24000,13111,13102,24010,12929,12938
24020,12545,12383,24030,11186,11296
24040,10965,10817,24050,10703,10733
24060,10561,10494,24070,10573,10596
24080,10404,10272,24090,10480,10458
24100,10540,10356,24110,10405,10463
24120,10544,10392,24130,10233,10329
24140,10351,10327,24150,10435,10475
24160,10433,10340,24170,10476,10510
24180,10362,10242,24190,10391,10465
24200,10570,10356,24210,10391,10444
24220,10584,10377,24230,10247,10315
24240,10410,10365,24250,10436,10463
24260,10391,10322,24270,10501,10486
24280,10306,10266,24290,10406,10450
24300,10520,10355,24310,10378,10438
24320,10555,10361,24330,10249,10337
24340,10380,10338,24350,10428,10466
24360,10414,10317,24370,10507,10477
24380,10363,10208,24390,10392,10447
24400,10523,10362,24410,10408,10431
24420,10487,10371,24430,10249,10334
24440,10393,10335,24450,10419,10455
24460,10405,10328,24470,10480,10468
24480,10404,10216,24490,10396,10441
24500,10512,10333,24510,10353,10407
24520,10531,10359,24530,10256,10374
24540,10414,10328,24550,10422,10449
24560,10390,10309,24570,10462,10489
24580,10418,10224,24590,10410,10448
24600,10550,10357,24610,10359,10438
24620,10474,10386,24630,10262,10325
24640,10407,10316,24650,10417,10480
24660,10398,10308,24670,10471,10496
24680,10369,10235,24690,10383,10440
24700,10537,10334,24710,10383,10424
24720,10482,10368,24730,10219,10337
24740,10372,10330,24750,10397,10460
24760,10390,10297,24770,10478,10479
24780,10373,10249,24790,10403,10439
24800,10530,10358,24810,10365,10432
24820,10488,10372,24830,10288,10351
24840,10405,10318,24850,10427,10477
24860,10388,10313,24870,10430,10498
24880,10380,10213,24890,10422,10400
24900,10533,10358,24910,10381,10412
24920,10541,10367,24930,10264,10362
24940,10395,10327,24950,10453,10475
24960,10422,10318,24970,10476,10484
24980,10357,10243,24990,10372,10444
25000,10540,10358,25010,10351,10401
25020,10525,10366,25030,10235,10374
25040,10419,10311,25050,10431,10473
25060,10433,10297,25070,10461,10488
25080,10498,10252,25090,10398,10431
25100,10518,10358,25110,10347,10416
25120,10509,10384,25130,10341,10373
25140,10392,10332,25150,10430,10475
25160,10440,10297,25170,10491,10489
25180,10448,10259,25190,10434,10446
25200,10528,10363,25210,10366,10399
25220,10490,10384,25230,10244,10363
25240,10381,10319,25250,10473,10475
25260,10387,10298,25270,10488,10497
25280,10383,10287,25290,10447,10428
25300,10548,10354,25310,10396,10387
25320,10500,10383,25330,10381,10425
25340,10382,10316,25350,10451,10484
25360,10501,10301,25370,10474,10567
25380,10450,10311,25390,10401,10429
25400,10529,10355,25410,10354,10404
25420,10527,10419,25430,10330,10383
25440,10372,10326,25450,10462,10484
25460,10367,10308,25470,10450,10511
25480,10474,10306,25490,10346,10444
25500,10522,10359,25510,10364,10430
25520,10492,10413,25530,10336,10416
25540,10414,10323,25550,10476,10492
25560,10491,10269,25570,10533,10552
25580,10418,10305,25590,10394,10430
25600,10546,10364,25610,10332,10329
25620,10590,10433,25630,10369,10418
25640,10380,10340,25650,10450,10498
25660,10342,10174,25670,10596,10528
25680,10483,10279,25690,10409,10461
25700,10525,10370,25710,10210,10334
25720,10534,10409,25730,10302,10433
25740,10394,10343,25750,10440,10462
25760,10349,10202,25770,10541,10517
25780,10457,10291,25790,10379,10422
25800,10538,10359,25810,10247,10300
25820,10539,10410,25830,10352,10429
25840,10378,10305,25850,10416,10484
25860,10333,10191,25870,10492,10535
25880,10552,10323,25890,10401,10451
25900,10483,10359,25910,10185,10313
25920,10507,10422,25930,10402,10423
25940,10373,10306,25950,10464,10481
25960,10365,10197,25970,10535,10527
25980,10460,10282,25990,10366,10440
26000,10518,10358,26010,10209,10312
26020,10531,10382,26030,10365,10438
26040,10418,10314,26050,10444,10487
26060,10380,10192,26070,10469,10517
26080,10502,10304,26090,10368,10442
26100,10478,10364,26110,10204,10307
26120,10513,10415,26130,10386,10426
26140,10382,10309,26150,10451,10493
26160,10309,10189,26170,10526,10513
26180,10495,10323,26190,10399,10433
26200,10526,10361,26210,10200,10304
26220,10482,10400,26230,10391,10402
26240,10384,10313,26250,10460,10477
26260,10371,10206,26270,10529,10516
26280,10534,10333,26290,10337,10438
26300,10506,10364,26310,10223,10311
26320,10483,10382,26330,10374,10415
26340,10413,10315,26350,10443,10481
26360,10427,10193,26370,10483,10525
26380,10533,10313,26390,10398,10433
26400,10490,10372,26410,10206,10298
26420,10550,10391,26430,10382,10429
26440,10390,10315,26450,10444,10501
26460,10306,10201,26470,10552,10454
26480,10493,10350,26490,10401,10426
26500,10542,10360,26510,10185,10305
26520,10397,10313,26530,10422,10468
26540,10378,10309,26550,10483,10485
26560,10348,10213,26570,10360,10431
26580,10553,10349,26590,10377,10426
26600,10512,10376,26610,10197,10349
26620,10430,10347,26630,10444,10452
26640,10418,10318,26650,10463,10484
26660,10354,10215,26670,10458,10453
26680,10568,10350,26690,10395,10441
26700,10569,10366,26710,10227,10338
26720,10380,10317,26730,10412,10461
26740,10400,10318,26750,10460,10485
26760,10335,10223,26770,10373,10455
26780,10515,10344,26790,10374,10428
26800,10458,10377,26810,10264,10357
26820,10369,10346,26830,10419,10466
26840,10388,10320,26850,10485,10478
26860,10384,10246,26870,10410,10454
26880,10617,10362,26890,10381,10427
26900,10521,10386,26910,10256,10383
26920,10415,10341,26930,10431,10472
26940,10431,10312,26950,10443,10498
26960,10459,10215,26970,10440,10458
26980,10543,10364,26990,10375,10438
27000,10540,10386,27010,10259,10351
27020,10411,10340,27030,10457,10478
27040,10437,10331,27050,10452,10493
27060,10387,10240,27070,10433,10456
27080,10575,10352,27090,10382,10420
27100,10497,10380,27110,10238,10358
27120,10351,10314,27130,10459,10457
27140,10386,10308,27150,10448,10494
27160,10398,10265,27170,10392,10461
27180,10529,10375,27190,10400,10440
27200,10464,10392,27210,10295,10364
27220,10375,10312,27230,10443,10479
27240,10400,10307,27250,10490,10494
27260,10423,10236,27270,10404,10419
27280,10526,10366,27290,10389,10433
27300,10554,10373,27310,10251,10345
27320,10342,10329,27330,10464,10461
27340,10369,10310,27350,10483,10503
27360,10364,10258,27370,10353,10436
27380,10552,10371,27390,10381,10407
27400,10521,10370,27410,10264,10360
27420,10426,10303,27430,10448,10471
27440,10466,10295,27450,10472,10497
27460,10415,10236,27470,10360,10454
27480,10549,10363,27490,10366,10416
27500,10473,10384,27510,10262,10371
27520,10362,10314,27530,10422,10467
27540,10429,10290,27550,10482,10488
27560,10392,10253,27570,10375,10454
27580,10522,10357,27590,10315,10405
27600,10488,10372,27610,10284,10359
27620,10392,10308,27630,10437,10462
27640,10411,10275,27650,10478,10489
27660,10400,10259,27670,10434,10447
27680,10524,10361,27690,10363,10397
27700,10488,10376,27710,10275,10378
27720,10404,10298,27730,10453,10475
27740,10376,10296,27750,10452,10504
27760,10467,10268,27770,10379,10447
27780,10559,10366,27790,10343,10401
27800,10468,10380,27810,10314,10385
27820,10378,10308,27830,10444,10468
27840,10423,10280,27850,10493,10489
27860,10435,10283,27870,10374,10408
27880,10512,10340,27890,10333,10397
27900,10468,10404,27910,10291,10407
27920,10356,10301,27930,10436,10478
27940,10397,10268,27950,10519,10530
27960,10529,10279,27970,10377,10421
27980,10519,10350,27990,10343,10343
28000,10588,10427,28010,10331,10381
28020,10344,10318,28030,10449,10474
28040,10353,10198,28050,10526,10535
28060,10454,10274,28070,10374,10432
28080,10514,10351,28090,10190,10302
28100,10518,10396,28110,10351,10402
28120,10381,10325,28130,10438,10457
28140,10347,10195,28150,10526,10527
28160,10550,10319,28170,10345,10440
28180,10504,10349,28190,10225,10296
28200,10500,10426,28210,10366,10424
28220,10375,10296,28230,10426,10461
28240,10305,10182,28250,10550,10522
28260,10508,10298,28270,10419,10434
28280,10520,10354,28290,10132,10316
28300,10511,10388,28310,10357,10417
28320,10366,10320,28330,10455,10465
28340,10342,10192,28350,10497,10514
28360,10555,10298,28370,10425,10431
28380,10490,10364,28390,10210,10272
28400,10493,10400,28410,10360,10403
28420,10395,10321,28430,10450,10475
28440,10305,10196,28450,10485,10535
28460,10432,10318,28470,10387,10433
28480,10534,10362,28490,10163,10310
28500,10548,10406,28510,10402,10411
28520,10419,10317,28530,10423,10476
28540,10330,10188,28550,10533,10519
28560,10506,10321,28570,10360,10420
28580,10528,10345,28590,10193,10329
28600,10491,10414,28610,10389,10409
28620,10390,10309,28630,10455,10483
28640,10423,10179,28650,10509,10499
28660,10449,10316,28670,10355,10404
28680,10506,10354,28690,10206,10274
28700,10453,10407,28710,10394,10433
28720,10393,10329,28730,10436,10483
28740,10361,10167,28750,10481,10493
28760,10467,10329,28770,10404,10437
28780,10494,10375,28790,10197,10294
28800,10432,10392,28810,10373,10461
28820,10388,10320,28830,10457,10472
28840,10322,10202,28850,10535,10487
28860,10631,10318,28870,10389,10410
28880,10493,10408,28890,10186,10309
28900,10467,10353,28910,10377,10468
28920,10392,10320,28930,10424,10488
28940,10360,10187,28950,10438,10488
28960,10509,10332,28970,10387,10438
28980,10560,10365,28990,10145,10318
29000,10391,10321,29010,10422,10447
29020,10409,10300,29030,10450,10491
29040,10345,10204,29050,10402,10453
29060,10552,10340,29070,10366,10438
29080,10542,10357,29090,10418,10545
29100,11198,11087,29110,11963,11990
29120,12952,12801,29130,12940,12934
29140,13097,13086,29150,12936,12931
29160,13108,13110,29170,12936,12940
29180,13112,13108,29190,12935,12934
29200,12977,12981,29210,12943,12937
29220,13106,13104,29230,12924,12927
29240,13102,13096,29250,12925,12935
29260,13105,13099,29270,12924,12939
29280,13117,13109,29290,12935,12923
29300,13104,13091,29310,12940,12936
29320,13107,13100,29330,12928,12934
29340,13111,13110,29350,12923,12939
29360,13113,13107,29370,12928,12938
29380,13120,13109,29390,12941,12936
29400,13111,13103,29410,12923,12924
29420,13120,13109,29430,12934,12923
29440,13111,13112,29450,12933,12930
29460,13108,13091,29470,12937,12907
29480,13113,13070,29490,12927,12881
29500,12984,12952,29510,12932,12851
29520,13099,13033,29530,12939,12836
29540,13105,13030,29550,12931,12853
29560,13086,13026,29570,12880,12937
29580,13084,13098,29590,12878,12938
29600,13073,13094,29610,12890,12950
29620,13057,13105,29630,12899,12949
29640,13075,13099,29650,12914,12945
29660,13086,13106,29670,12935,12936
29680,13086,13101,29690,12934,12938
29700,13105,13106,29710,12939,12942
29720,13109,13103,29730,12945,12930
29740,13106,13097,29750,12946,12934
29760,13106,13100,29770,12950,12930
29780,13112,13113,29790,12936,12926
29800,13103,13111,29810,12938,12926
29820,13097,13107,29830,12945,12955
29840,13104,13112,29850,12937,12928
29860,13112,13113,29870,12945,12947
29880,13104,13104,29890,12941,12940
29900,13128,13112,29910,12935,12938
29920,13114,13121,29930,12938,12935
29940,13109,13104,29950,12945,12949
29960,13113,13105,29970,12937,12926
29980,13115,13104,29990,12933,12927
30000,13121,13116,30010,12934,12926
30020,13113,13102,30030,12932,12941
30040,13123,13112,30050,12934,12939
30060,13123,13106,30070,12938,12926
30080,13116,13106,30090,12940,12943
30100,13100,13094,30110,12937,12937
30120,13113,13112,30130,12927,12918
30140,13111,13100,30150,12923,12934
30160,13110,13108,30170,12950,12942
30180,13111,13103,30190,12932,12929
30200,13111,13102,30210,12931,12928
30220,13103,13095,30230,12921,12936
30240,13100,13108,30250,12926,12940
30260,13118,13108,30270,12933,12927
30280,13119,13107,30290,12938,12937
30300,13105,13103,30310,12934,12931
30320,13118,13098,30330,12932,12925
30340,13109,13100,30350,12928,12936
30360,13117,13109,30370,12927,12929
30380,13114,13105,30390,12948,12942
30400,13118,13103,30410,12937,12942
30420,13117,13096,30430,12935,12934
30440,13115,13123,30450,12932,12934
30460,13118,13104,30470,12932,12944
30480,13125,13116,30490,12935,12935
30500,13112,13098,30510,12939,12938
30520,13110,13108,30530,12940,12912
30540,13107,13069,30550,12935,12908
30560,13113,13077,30570,12936,12896
30580,13105,13068,30590,12932,12897
30600,13110,13083,30610,12923,12907
30620,13088,13070,30630,12910,12919
30640,13085,13087,30650,12905,12932
30660,13085,13091,30670,12904,12939
30680,13078,13094,30690,12905,12939
30700,13057,13082,30710,12833,12878
30720,13028,13061,30730,12883,12942
30740,13038,13082,30750,12845,12933
30760,13031,13053,30770,12940,12934
30780,13097,13105,30790,12938,12935
30800,13112,13110,30810,12941,12937
30820,13110,13103,30830,12937,12934
30840,13116,13109,30850,12951,12938
30860,13118,13103,30870,12930,12945
30880,13110,13103,30890,12936,12932
30900,13106,13117,30910,12945,12940
30920,13113,13108,30930,12938,12947
30940,13118,13105,30950,12935,12950
30960,13112,13104,30970,12940,12930
30980,13101,13097,30990,12943,12937
31000,13096,13097,31010,12938,12930
31020,13102,13097,31030,12945,12942
31040,13110,13109,31050,12947,12932
31060,13106,13101,31070,12931,12923
31080,13112,13096,31090,12941,12933
31100,13112,13101,31110,12935,12932
31120,13129,13113,31130,12939,12934
31140,13109,13108,31150,12934,12940
31160,13115,13108,31170,12930,12937
31180,13118,13109,31190,12928,12932
31200,13109,13099,31210,12950,12935
31220,13112,13110,31230,12938,12945
31240,13109,13102,31250,12938,12929
31260,13108,13101,31270,12934,12932
31280,13114,13102,31290,12927,12935
31300,13113,13114,31310,12938,12934
31320,13122,13112,31330,12937,12942
31340,13108,13100,31350,12943,12947
31360,13111,13104,31370,12932,12933
31380,13114,13108,31390,12933,12944
31400,13117,13106,31410,12940,12936
31420,13117,13105,31430,12936,12933
31440,13108,13102,31450,12951,12937
31460,13131,13110,31470,12940,12937
31480,13118,13109,31490,12937,12933
31500,13116,13107,31510,12935,12926
31520,13116,13101,31530,12930,12930
31540,13099,13100,31550,12930,12947
31560,13119,13109,31570,12940,12944
31580,13110,13111,31590,12938,12940
31600,13093,13078,31610,12925,12893
31620,13112,13070,31630,12938,12891
31640,13108,13054,31650,12938,12858
31660,13112,13037,31670,12942,12893
31680,13117,13071,31690,12928,12916
31700,13099,13082,31710,12909,12926
31720,13081,13092,31730,12903,12951
31740,13063,13097,31750,12898,12948
31760,13075,13101,31770,12894,12936
31780,13074,13104,31790,12917,12943
31800,13081,13103,31810,12934,12941
31820,13106,13101,31830,12945,12932
31840,13103,13103,31850,12944,12933
31860,13101,13091,31870,12948,12923
31880,13106,13103,31890,12942,12939
31900,13104,13117,31910,12931,12945
31920,13098,13103,31930,12929,12926
31940,13109,13099,31950,12943,12935
31960,13101,13097,31970,12934,12934
31980,13095,13102,31990,12936,12930
32000,13114,13110,32010,12934,12941
32020,13101,13118,32030,12932,12926
32040,13115,13098,32050,12945,12933
32060,13105,13109,32070,12939,12937
32080,13112,13114,32090,12946,12941
32100,13118,13106,32110,12946,12936
32120,13124,13118,32130,12933,12936
32140,13123,13106,32150,12931,12942
32160,13110,13104,32170,12940,12939
32180,13122,13111,32190,12944,12939
32200,13116,13101,32210,12945,12936
32220,13119,13105,32230,12942,12943
32240,13104,13090,32250,12936,12940
32260,13109,13102,32270,12946,12942
32280,13116,13095,32290,12927,12938
32300,13113,13095,32310,12939,12943
32320,13107,13100,32330,12921,12930
32340,13104,13108,32350,12926,12928
32360,13117,13101,32370,12934,12934
32380,13109,13112,32390,12939,12939
32400,13110,13099,32410,12926,12924
32420,13110,13102,32430,12925,12925
32440,13101,13094,32450,12924,12929
32460,13115,13094,32470,12930,12925
32480,13101,13110,32490,12938,12934
32500,13101,13086,32510,12932,12930
32520,13109,13111,32530,12931,12938
32540,13120,13093,32550,12928,12929
32560,13120,13103,32570,12924,12932
32580,13115,13105,32590,12940,12938
32600,13110,13100,32610,12939,12931
32620,13124,13103,32630,12939,12937
32640,13118,13111,32650,12937,12940
32660,13112,13087,32670,12940,12923
32680,13113,13082,32690,12932,12910
32700,13120,13073,32710,12926,12907
32720,13101,13081,32730,12941,12898
32740,13111,13079,32750,12928,12921
32760,13100,13087,32770,12915,12924
32780,13095,13092,32790,12897,12937
32800,13073,13090,32810,12897,12938
32820,13079,13087,32830,12897,12939
32840,13074,13088,32850,12909,12955
32860,13093,13094,32870,12926,12940
32880,13091,13085,32890,12936,12931
32900,13099,13101,32910,12944,12938
32920,13101,13099,32930,12933,12923
32940,13113,13101,32950,12937,12937
32960,13104,13101,32970,12943,12935
32980,13113,13103,32990,12940,12943
33000,13117,13111,33010,12944,12945
33020,13099,13106,33030,12940,12939
33040,13112,13100,33050,12937,12939
33060,13111,13104,33070,12940,12927
33080,13102,13109,33090,12946,12931
33100,13096,13098,33110,12940,12929
33120,13110,13099,33130,12945,12934
33140,13097,13084,33150,12925,12932
33160,13113,13099,33170,12938,12925
33180,13120,13113,33190,12931,12936
33200,13112,13113,33210,12943,12928
33220,13107,13109,33230,12929,12924
33240,13104,13110,33250,12941,12954
33260,13112,13103,33270,12940,12940
33280,13114,13102,33290,12929,12936
33300,13115,13104,33310,12934,12931
33320,13122,13118,33330,12935,12931
33340,13104,13106,33350,12934,12938
33360,13118,13104,33370,12939,12942
33380,13114,13102,33390,12947,12935
33400,13120,13113,33410,12943,12933
33420,13120,13104,33430,12938,12951
33440,13121,13110,33450,12944,12937
33460,13118,13106,33470,12941,12939
33480,13124,13117,33490,12934,12929
33500,13114,13101,33510,12949,12934
33520,13111,13119,33530,12937,12929
33540,13103,13112,33550,12945,12940
33560,13123,13110,33570,12939,12937
33580,13128,13105,33590,12924,12943
33600,13118,13118,33610,12931,12940
33620,13116,13104,33630,12946,12947
33640,13120,13108,33650,12939,12937
33660,13111,13109,33670,12932,12936
33680,13111,13118,33690,12943,12941
33700,13113,13105,33710,12932,12936
33720,13119,13100,33730,12936,12939
33740,13114,13086,33750,12925,12915
33760,13108,13066,33770,12929,12883
33780,13111,13068,33790,12934,12884
33800,13097,13054,33810,12932,12885
33820,13108,13053,33830,12925,12902
33840,13083,13061,33850,12900,12923
33860,13082,13086,33870,12897,12931
33880,13070,13077,33890,12899,12950
33900,13060,13087,33910,12900,12943
33920,13068,13109,33930,12904,12945
33940,13075,13087,33950,12919,12936
33960,13088,13094,33970,12939,12934
33980,13091,13095,33990,12934,12939
34000,13045,13080,34010,12940,12943
34020,13073,13081,34030,12905,12952
34040,13056,13084,34050,12915,12945
34060,13083,13092,34070,12944,12928
34080,13094,13091,34090,12936,12934
34100,13106,13113,34110,12940,12935
34120,13137,13124,34130,12942,12933
34140,13110,13113,34150,12942,12942
34160,13122,13101,34170,12939,12940
34180,13111,13106,34190,12931,12941
34200,13114,13105,34210,12939,12939
34220,13106,13112,34230,12935,12928
34240,13113,13106,34250,12946,12942
34260,13109,13107,34270,12930,12935
34280,13125,13107,34290,12941,12950
34300,13108,13118,34310,12939,12944
34320,13118,13112,34330,12927,12945
34340,13110,13112,34350,12930,12925
34360,13120,13125,34370,12929,12939
34380,13118,13107,34390,12932,12938
34400,13116,13103,34410,12944,12936
34420,13114,13100,34430,12944,12945
34440,13108,13108,34450,12928,12934
34460,13119,13111,34470,12943,12944
34480,13114,13111,34490,12945,12939
34500,13121,13105,34510,12934,12944
34520,13113,13109,34530,12939,12942
34540,13119,13114,34550,12939,12933
34560,13120,13104,34570,12934,12935
34580,13114,13102,34590,12929,12942
34600,13103,13094,34610,12933,12929
34620,13105,13109,34630,12923,12938
34640,13101,13103,34650,12929,12937
34660,13122,13108,34670,12935,12948
34680,13115,13110,34690,12938,12938
34700,13112,13112,34710,12926,12932
34720,13117,13100,34730,12926,12917
34740,13114,13101,34750,12935,12934
34760,13118,13101,34770,12931,12941
34780,13116,13106,34790,12930,12929
34800,13100,13103,34810,12939,12912
34820,13113,13094,34830,12944,12905
34840,13110,13084,34850,12948,12910
34860,13118,13087,34870,12940,12906
34880,13111,13078,34890,12937,12905
34900,13119,13082,34910,12911,12916
34920,13095,13102,34930,12898,12938
34940,13098,13099,34950,12908,12939
34960,13078,13088,34970,12902,12935
34980,13083,13085,34990,12907,12930
35000,13078,13100,35010,12929,12924
35020,13090,13091,35030,12938,12941
35040,13114,13095,35050,12945,12951
35060,13090,13101,35070,12937,12940
35080,13103,13114,35090,12945,12933
35100,13103,13106,35110,12934,12935
35120,13118,13111,35130,12935,12946
35140,13113,13110,35150,12945,12943
35160,13115,13105,35170,12938,12941
35180,13113,13108,35190,12941,12944
35200,13095,13092,35210,12937,12943
35220,13101,13102,35230,12947,12943
35240,13112,13113,35250,12949,12938
35260,13103,13099,35270,12944,12941
35280,13115,13115,35290,12944,12936
35300,13113,13108,35310,12934,12927
35320,13114,13113,35330,12940,12935
35340,13100,13099,35350,12932,12942
35360,13115,13103,35370,12936,12942
35380,13119,13110,35390,12938,12935
35400,13120,13103,35410,12944,12941
35420,13116,13112,35430,12945,12945
35440,13112,13106,35450,12931,12944
35460,13107,13091,35470,12946,12950
35480,13107,13100,35490,12939,12946
35500,13104,13104,35510,12936,12926
35520,13112,13103,35530,12935,12934
35540,13112,13112,35550,12946,12930
35560,13112,13104,35570,12934,12949
35580,13119,13109,35590,12939,12934
35600,13108,13106,35610,12929,12939
35620,13112,13102,35630,12949,12947
35640,13113,13107,35650,12935,12945
35660,13109,13101,35670,12942,12942
35680,13123,13108,35690,12933,12944
35700,13114,13110,35710,12938,12937
35720,13117,13105,35730,12937,12929
35740,13120,13112,35750,12947,12947
35760,13108,13106,35770,12936,12928
35780,13109,13103,35790,12928,12932
35800,13120,13103,35810,12936,12929
35820,13119,13108,35830,12937,12933
35840,13113,13099,35850,12935,12937
35860,13102,13107,35870,12931,12934
35880,13116,13095,35890,12930,12914
35900,12382,12204,35910,11667,11686
35920,11154,10998,35930,10582,10669
35940,10754,10627,35950,10516,10579
35960,10491,10434,35970,10551,10572
35980,10383,10266,35990,10621,10597
36000,10581,10374,36010,10473,10488
36020,10560,10440,36030,10271,10361
36040,10571,10481,36050,10390,10488
36060,10485,10387,36070,10533,10540
36080,10364,10259,36090,10571,10598
36100,10477,10396,36110,10464,10500
36120,10613,10430,36130,10242,10379
36140,10581,10463,36150,10475,10497
36160,10468,10389,36170,10549,10551
36180,10394,10249,36190,10559,10562
36200,10610,10359,36210,10456,10504
36220,10622,10450,36230,10266,10384
36240,10554,10445,36250,10521,10554
36260,10522,10422,36270,10526,10554
36280,10211,10047,36290,10051,10067
36300,9143,9013,36310,8825,8885
36320,8909,8753,36330,8512,8700
36340,8788,8718,36350,8815,8839
36360,8708,8706,36370,8822,8873
36380,8643,8564,36390,8715,8804
36400,8848,8721,36410,8738,8802
36420,8892,8716,36430,8552,8677
36440,8685,8675,36450,8765,8823
36460,8735,8693,36470,8787,8863
36480,8580,8572,36490,8715,8782
36500,8847,8721,36510,8756,8802
36520,8818,8737,36530,8572,8689
36540,8758,8704,36550,8757,8814
36560,8704,8679,36570,8745,8835
36580,8707,8561,36590,8739,8768
36600,8898,8690,36610,8721,8767
36620,8779,8706,36630,8539,8692
36640,8686,8667,36650,8767,8836
36660,8748,8684,36670,8813,8839
36680,8725,8598,36690,8784,8792
36700,8935,8739,36710,8755,8816
36720,8940,8763,36730,8652,8753
36740,8744,8716,36750,8817,8871
36760,8761,8708,36770,8830,8878
36780,8824,8622,36790,8758,8835
36800,8930,8750,36810,8732,8806
36820,8868,8732,36830,8643,8732
36840,8751,8694,36850,8823,8847
36860,8746,8674,36870,8818,8856
36880,8755,8620,36890,8753,8817
36900,8876,8721,36910,8730,8800
36920,8850,8716,36930,8640,8695
36940,8724,8676,36950,8781,8815
36960,8701,8642,36970,8770,8821
36980,8727,8576,36990,8726,8778
37000,8894,8694,37010,8691,8775
37020,8770,8701,37030,8578,8698
37040,8666,8640,37050,8767,8828
37060,8703,8645,37070,8788,8835
37080,8755,8593,37090,8730,8780
37100,8861,8715,37110,8709,8774
37120,8816,8713,37130,8603,8715
37140,8693,8690,37150,8815,8831
37160,8739,8663,37170,8774,8844
37180,8832,8637,37190,8732,8801
37200,8926,8727,37210,8759,8794
37220,8829,8705,37230,8667,8754
37240,8745,8684,37250,8784,8823
37260,8790,8668,37270,8796,8818
37280,8802,8593,37290,8735,8782
37300,8871,8675,37310,8701,8762
37320,8802,8667,37330,8636,8732
37340,8715,8642,37350,8756,8819
37360,8803,8658,37370,8806,8822
37380,8760,8625,37390,8736,8783
37400,8872,8702,37410,8721,8795
37420,8833,8709,37430,8688,8765
37440,8741,8677,37450,8798,8836
37460,8773,8673,37470,8787,8838
37480,8822,8655,37490,8788,8849
37500,8933,8764,37510,8790,8838
37520,8902,8778,37530,8745,8838
37540,8841,8740,37550,8896,8914
37560,8875,8746,37570,8899,8911
37580,8925,8735,37590,8853,8879
37600,8947,8789,37610,8831,8841
37620,8933,8812,37630,8798,8847
37640,8805,8752,37650,8877,8913
37660,8966,8754,37670,8905,8961
37680,8942,8755,37690,8826,8890
37700,8965,8797,37710,8801,8875
37720,8988,8835,37730,8783,8875
37740,8830,8777,37750,8896,8921
37760,8867,8744,37770,8897,8928
37780,8895,8750,37790,8821,8891
37800,8967,8806,37810,8822,8883
37820,8961,8830,37830,8833,8884
37840,8869,8767,37850,8886,8914
37860,8870,8768,37870,8918,8948
37880,8974,8770,37890,8861,8903
37900,8956,8804,37910,8830,8844
37920,8948,8839,37930,8816,8886
37940,8855,8763,37950,8892,8929
37960,8831,8691,37970,8931,8962
37980,8891,8755,37990,8851,8895
38000,8957,8798,38010,8755,8841
38020,8955,8815,38030,8863,8893
38040,8883,8771,38050,8896,8917
38060,8845,8721,38070,8914,8951
38080,8898,8765,38090,8855,8905
38100,8967,8799,38110,8750,8804
38120,8946,8827,38130,8857,8881
38140,8849,8762,38150,8893,8928
38160,8852,8706,38170,8952,8934
38180,8971,8767,38190,8847,8893
38200,8969,8802,38210,8719,8826
38220,8938,8832,38230,8830,8885
38240,8869,8778,38250,8905,8924
38260,8843,8701,38270,8934,8938
38280,8992,8764,38290,8841,8907
38300,8991,8796,38310,8755,8825
38320,8970,8821,38330,8828,8908
38340,8888,8781,38350,8899,8932
38360,8849,8705,38370,8885,8956
38380,8975,8793,38390,8831,8906
38400,8955,8801,38410,8731,8824
38420,8911,8840,38430,8869,8891
38440,8854,8786,38450,8899,8914
38460,8797,8707,38470,8937,8960
38480,8978,8778,38490,8854,8891
38500,8937,8799,38510,8760,8821
38520,8985,8837,38530,8869,8908
38540,8855,8775,38550,8904,8912
38560,8795,8698,38570,8898,8942
38580,8986,8781,38590,8846,8904
38600,8975,8811,38610,8755,8814
38620,8907,8807,38630,8863,8912
38640,8893,8772,38650,8886,8933
38660,8922,8700,38670,8897,8929
38680,9031,8748,38690,8843,8911
38700,8966,8798,38710,8725,8824
38720,8913,8797,38730,8871,8878
38740,8859,8777,38750,8874,8922
38760,8847,8705,38770,8884,8922
38780,8974,8794,38790,8860,8899
38800,8918,8796,38810,8717,8819
38820,8887,8790,38830,8857,8900
38840,8878,8765,38850,8905,8922
38860,8881,8715,38870,8878,8892
38880,8998,8793,38890,8872,8904
38900,8908,8809,38910,8736,8822
38920,8874,8802,38930,8871,8906
38940,8867,8772,38950,8896,8917
38960,8856,8717,38970,8863,8908
38980,8944,8793,38990,8840,8889
39000,8976,8798,39010,8741,8821
39020,8828,8751,39030,8877,8901
39040,8861,8772,39050,8883,8921
39060,8891,8712,39070,8829,8890
39080,9012,8803,39090,8839,8890
39100,8978,8787,39110,8744,8849
39120,8830,8781,39130,8867,8908
39140,8861,8769,39150,8888,8926
39160,8837,8707,39170,8855,8898
39180,8997,8795,39190,8831,8876
39200,8941,8795,39210,8774,8840
39220,8860,8747,39230,8884,8912
39240,8860,8768,39250,8880,8918
39260,8863,8728,39270,8861,8892
39280,8996,8799,39290,8831,8889
39300,8915,8793,39310,8780,8824
39320,8854,8772,39330,8884,8925
39340,8871,8775,39350,8859,8921
39360,8889,8723,39370,8833,8893
39380,8984,8790,39390,8840,8892
39400,8914,8802,39410,8784,8830
39420,8832,8774,39430,8885,8914
39440,8861,8777,39450,8882,8932
39460,8840,8714,39470,8827,8893
39480,8983,8799,39490,8842,8892
39500,8926,8797,39510,8791,8838
39520,8851,8763,39530,8848,8918
39540,8876,8767,39550,8907,8931
39560,8916,8716,39570,8863,8891
39580,8977,8803,39590,8835,8887
39600,8927,8803,39610,8778,8838
39620,8831,8790,39630,8884,8924
39640,8876,8765,39650,8896,8934
39660,8885,8713,39670,8841,8896
39680,8984,8809,39690,8837,8882
39700,8970,8813,39710,8774,8841
39720,8842,8777,39730,8903,8933
39740,8872,8774,39750,8894,8931
39760,8852,8731,39770,8878,8902
39780,8971,8800,39790,8852,8895
39800,8924,8808,39810,8795,8852
39820,8845,8782,39830,8900,8928
39840,8856,8780,39850,8874,8925
39860,8896,8733,39870,8890,8901
39880,8999,8807,39890,8849,8890
39900,8912,8808,39910,8777,8862
39920,8862,8768,39930,8905,8939
39940,8901,8774,39950,8892,8928
39960,8891,8749,39970,8860,8888
39980,8976,8784,39990,8805,8870
40000,8904,8802,40010,8768,8867
40020,8837,8772,40030,8878,8924
40040,8853,8746,40050,8880,8917
40060,8937,8727,40070,8827,8884
40080,8937,8781,40090,8770,8856
40100,8903,8787,40110,8823,8855
40120,8817,8761,40130,8880,8904
40140,8875,8738,40150,8882,8912
40160,8968,8742,40170,8828,8880
40180,8967,8784,40190,8826,8853
40200,8955,8818,40210,8796,8859
40220,8823,8760,40230,8874,8906
40240,8848,8733,40250,8938,8955
40260,8918,8754,40270,8859,8877
40280,8943,8784,40290,8782,8855
40300,8925,8815,40310,8801,8852
40320,8805,8717,40330,8831,8840
40340,8798,8625,40350,8856,8857
40360,8878,8683,40370,8762,8796
40380,8868,8710,40390,8707,8736
40400,8850,8740,40410,8758,8778
40420,8734,8677,40430,8781,8825
40440,8731,8603,40450,8850,8843
40460,8852,8667,40470,8766,8796
40480,8834,8701,40490,8635,8721
40500,8807,8730,40510,8730,8789
40520,8718,8663,40530,8798,8815
40540,8716,8591,40550,8839,8850
40560,8878,8651,40570,8740,8795
40580,8847,8675,40590,8655,8734
40600,8834,8706,40610,8698,8792
40620,8726,8660,40630,8752,8795
40640,8661,8572,40650,8771,8817
40660,8780,8627,40670,8699,8766
40680,8787,8636,40690,8608,8678
40700,8780,8672,40710,8668,8736
40720,8672,8616,40730,8717,8772
40740,8669,8546,40750,8790,8797
40760,8858,8621,40770,8708,8752
40780,8774,8662,40790,8593,8694
40800,8757,8696,40810,8687,8760
40820,8739,8639,40830,8761,8788
40840,8654,8567,40850,8784,8812
40860,8817,8646,40870,8702,8762
40880,8808,8652,40890,8596,8690
40900,8770,8665,40910,8719,8753
40920,8726,8630,40930,8736,8777
40940,8693,8576,40950,8822,8804
40960,8821,8637,40970,8698,8754
40980,8834,8675,40990,8625,8671
41000,8775,8697,41010,8735,8756
41020,8733,8652,41030,8757,8789
41040,8694,8573,41050,8801,8816
41060,8805,8639,41070,8704,8758
41080,8796,8682,41090,8615,8691
41100,8812,8691,41110,8707,8781
41120,8727,8656,41130,8769,8799
41140,8735,8586,41150,8788,8810
41160,8816,8662,41170,8743,8772
41180,8860,8675,41190,8639,8709
41200,8755,8669,41210,8720,8796
41220,8748,8657,41230,8787,8797
41240,8754,8576,41250,8704,8781
41260,8912,8675,41270,8720,8781
41280,8870,8679,41290,8639,8725
41300,8728,8654,41310,8764,8792
41320,8748,8663,41330,8769,8832
41340,8769,8592,41350,8723,8801
41360,8865,8679,41370,8738,8779
41380,8804,8693,41390,8637,8730
41400,8735,8669,41410,8752,8796
41420,8747,8661,41430,8775,8828
41440,8801,8623,41450,8725,8776
41460,8866,8673,41470,8731,8787
41480,8803,8693,41490,8657,8727
41500,8718,8663,41510,8775,8808
41520,8753,8665,41530,8799,8806
41540,8746,8614,41550,8751,8807
41560,8878,8686,41570,8741,8789
41580,8785,8695,41590,8668,8743
41600,8737,8660,41610,8775,8801
41620,8746,8654,41630,8762,8816
41640,8797,8608,41650,8762,8781
41660,8886,8684,41670,8737,8784
41680,8849,8685,41690,8658,8736
41700,8739,8670,41710,8769,8820
41720,8747,8652,41730,8780,8807
41740,8820,8618,41750,8770,8797
41760,8891,8693,41770,8752,8804
41780,8818,8688,41790,8629,8755
41800,8754,8667,41810,8790,8819
41820,8762,8653,41830,8776,8823
41840,8824,8614,41850,8725,8785
41860,8866,8684,41870,8755,8802
41880,8823,8712,41890,8683,8724
41900,8779,8665,41910,8786,8825
41920,8767,8662,41930,8812,8822
41940,8793,8622,41950,8763,8796
41960,8875,8694,41970,8736,8801
41980,8803,8699,41990,8673,8745
42000,8721,8664,42010,8778,8824
42020,8776,8667,42030,8783,8824
42040,8806,8640,42050,8773,8796
42060,8876,8701,42070,8753,8802
42080,8816,8706,42090,8662,8754
42100,8715,8678,42110,8801,8830
42120,8762,8679,42130,8799,8844
42140,8833,8620,42150,8755,8811
42160,8873,8700,42170,8737,8779
42180,8826,8706,42190,8682,8763
42200,8772,8654,42210,8792,8815
42220,8748,8669,42230,8784,8837
42240,8830,8617,42250,8796,8796
42260,8902,8715,42270,8751,8783
42280,8818,8710,42290,8697,8765
42300,8724,8683,42310,8787,8827
42320,8766,8665,42330,8783,8823
42340,8823,8624,42350,8735,8797
42360,8880,8703,42370,8731,8775
42380,8784,8714,42390,8675,8752
42400,8706,8686,42410,8789,8838
42420,8793,8641,42430,8803,8827
42440,8876,8651,42450,8775,8794
42460,8876,8691,42470,8776,8797
42480,8817,8704,42490,8704,8781
42500,8727,8687,42510,8804,8831
42520,8805,8652,42530,8809,8835
42540,8809,8653,42550,8738,8788
42560,8861,8696,42570,8751,8785
42580,8811,8693,42590,8735,8786
42600,8771,8665,42610,8802,8825
42620,8774,8661,42630,8801,8849
42640,8835,8657,42650,8740,8791
42660,8846,8701,42670,8736,8794
42680,8857,8716,42690,8704,8770
42700,8738,8673,42710,8800,8832
42720,8800,8651,42730,8846,8857
42740,8870,8662,42750,8769,8781
42760,8867,8710,42770,8717,8747
42780,8839,8733,42790,8748,8800
42800,8740,8667,42810,8790,8818
42820,8743,8581,42830,8847,8849
42840,8900,8650,42850,8776,8800
42860,8869,8694,42870,8652,8735
42880,8821,8732,42890,8720,8800
42900,8753,8665,42910,8783,8831
42920,8682,8611,42930,8824,8853
42940,8847,8680,42950,8747,8809
42960,8851,8688,42970,8631,8708
42980,8820,8732,42990,8754,8788
43000,8766,8666,43010,8793,8829
43020,8742,8599,43030,8824,8843
43040,8816,8673,43050,8768,8805
43060,8842,8702,43070,8665,8720
43080,8848,8738,43090,8727,8801
43100,8731,8680,43110,8800,8820
43120,8700,8590,43130,8828,8857
43140,8913,8677,43150,8769,8792
43160,8834,8698,43170,8639,8727
43180,8834,8731,43190,8768,8806
43200,8753,8680,43210,8799,8824
43220,8717,8602,43230,8827,8855
43240,8866,8657,43250,8740,8802
43260,8840,8707,43270,8645,8729
43280,8817,8729,43290,8747,8783
43300,8781,8679,43310,8782,8838
43320,8812,8606,43330,8848,8870
43340,8918,8694,43350,8759,8813
43360,8853,8705,43370,8645,8715
43380,8840,8721,43390,8759,8788
43400,8746,8679,43410,8803,8826
43420,8757,8619,43430,8849,8859
43440,8912,8653,43450,8766,8804
43460,8828,8706,43470,8638,8727
43480,8803,8691,43490,8736,8817
43500,8780,8679,43510,8790,8819
43520,8760,8600,43530,8831,8818
43540,8850,8675,43550,8760,8802
43560,8824,8710,43570,8652,8721
43580,8796,8713,43590,8799,8816
43600,8773,8676,43610,8804,8826
43620,8768,8592,43630,8811,8857
43640,8927,8686,43650,8740,8811
43660,8843,8681,43670,8636,8739
43680,8789,8697,43690,8768,8813
43700,8771,8672,43710,8757,8831
43720,8773,8603,43730,8804,8812
43740,8875,8703,43750,8773,8799
43760,8800,8696,43770,8646,8737
43780,8780,8673,43790,8766,8820
43800,8771,8679,43810,8808,8836
43820,8789,8622,43830,8742,8810
43840,8924,8706,43850,8775,8806
43860,8831,8706,43870,8660,8745
43880,8751,8687,43890,8795,8834
43900,8766,8676,43910,8804,8816
43920,8753,8628,43930,8757,8806
43940,8926,8701,43950,8756,8797
43960,8861,8711,43970,8693,8740
43980,8726,8686,43990,8800,8817
44000,8780,8687,44010,8774,8828
44020,8797,8615,44030,8772,8801
44040,8898,8704,44050,8747,8797
44060,8834,8702,44070,8638,8760
44080,8742,8667,44090,8804,8821
44100,8765,8667,44110,8770,8833
44120,8839,8629,44130,8743,8798
44140,8901,8686,44150,8762,8802
44160,8811,8711,44170,8677,8741
44180,8747,8665,44190,8784,8822
44200,8761,8669,44210,8801,8821
44220,8757,8640,44230,8792,8799
44240,8895,8696,44250,8760,8814
44260,8825,8712,44270,8714,8738
44280,8766,8675,44290,8778,8835
44300,8782,8661,44310,8820,8824
44320,8793,8626,44330,8760,8794
44340,8895,8701,44350,8765,8801
44360,8847,8696,44370,8694,8757
44380,8749,8679,44390,8809,8833
44400,8768,8684,44410,8798,8836
44420,8757,8637,44430,8742,8799
44440,8902,8707,44450,8763,8805
44460,8829,8714,44470,8718,8769
44480,8743,8674,44490,8800,8826
44500,8782,8676,44510,8815,8852
44520,8833,8631,44530,8776,8820
44540,8874,8710,44550,8744,8804
44560,8831,8732,44570,8687,8748
44580,8762,8689,44590,8800,8835
44600,8772,8668,44610,8812,8835
44620,8792,8629,44630,8780,8817
44640,8870,8711,44650,8733,8804
44660,8879,8720,44670,8689,8771
44680,8774,8676,44690,8816,8845
44700,8772,8686,44710,8805,8842
44720,8828,8653,44730,8771,8819
44740,8904,8710,44750,8763,8796
44760,8825,8727,44770,8715,8774
44780,8748,8674,44790,8802,8849
44800,8775,8675,44810,8823,8842
44820,8816,8627,44830,8807,8795
44840,8883,8705,44850,8729,8788
44860,8829,8729,44870,8723,8772
44880,8789,8685,44890,8803,8838
44900,8807,8649,44910,8828,8842
44920,8866,8649,44930,8757,8808
44940,8876,8703,44950,8797,8805
44960,8814,8708,44970,8749,8799
44980,8760,8688,44990,8817,8841
45000,8763,8665,45010,8820,8845
45020,8828,8667,45030,8741,8816
45040,8899,8720,45050,8746,8798
45060,8822,8746,45070,8747,8801
45080,8769,8696,45090,8801,8842
45100,8833,8690,45110,8823,8879
45120,8899,8662,45130,8786,8807
45140,8888,8721,45150,8750,8792
45160,8867,8727,45170,8757,8809
45180,8760,8680,45190,8801,8838
45200,8794,8629,45210,8840,8886
45220,8792,8683,45230,8758,8811
45240,8874,8728,45250,8679,8738
45260,8875,8742,45270,8745,8797
45280,8765,8676,45290,8799,8849
45300,8709,8621,45310,8885,8865
45320,8840,8672,45330,8754,8816
45340,8874,8716,45350,8681,8750
45360,8846,8737,45370,8783,8801
45380,8764,8685,45390,8819,8832
45400,8711,8620,45410,8850,8859
45420,8876,8683,45430,8748,8808
45440,8848,8692,45450,8648,8739
45460,8830,8740,45470,8742,8807
45480,8774,8676,45490,8809,8836
45500,8718,8618,45510,8826,8883
45520,8904,8693,45530,8772,8801
45540,8844,8713,45550,8643,8736
45560,8857,8732,45570,8764,8794
45580,8776,8678,45590,8801,8843
45600,8711,8591,45610,8836,8853
45620,8864,8680,45630,8759,8823
45640,8869,8716,45650,8676,8726
45660,8817,8722,45670,8742,8803
45680,8773,8676,45690,8800,8845
45700,8734,8609,45710,8867,8866
45720,8839,8689,45730,8758,8815
45740,8845,8718,45750,8649,8740
45760,8842,8734,45770,8757,8802
45780,8772,8686,45790,8808,8826
45800,8771,8597,45810,8844,8868
45820,8879,8695,45830,8771,8808
45840,8851,8713,45850,8654,8747
45860,8816,8720,45870,8804,8811
45880,8764,8688,45890,8804,8834
45900,8756,8617,45910,8826,8836
45920,8843,8699,45930,8750,8810
45940,8882,8706,45950,8645,8728
45960,8811,8728,45970,8780,8807
45980,8774,8683,45990,8804,8831
46000,8776,8619,46010,8820,8852
46020,8897,8673,46030,8756,8801
46040,8842,8682,46050,8624,8725
46060,8802,8707,46070,8751,8787
46080,8738,8649,46090,8761,8828
46100,8773,8595,46110,8798,8790
46120,8884,8671,46130,8751,8768
46140,8875,8686,46150,8666,8715
46160,8778,8692,46170,8765,8813
46180,8757,8679,46190,8816,8836
46200,8800,8608,46210,8739,8803
46220,8905,8714,46230,8789,8821
46240,8858,8736,46250,8707,8785
46260,8785,8719,46270,8818,8862
46280,8816,8734,46290,8857,8863
46300,8870,8674,46310,8808,8857
46320,8954,8748,46330,8803,8851
46340,8869,8760,46350,8738,8795
46360,8800,8722,46370,8819,8864
46380,8838,8739,46390,8832,8886
46400,8850,8664,46410,8815,8867
46420,8930,8772,46430,8812,8860
46440,8921,8764,46450,8753,8802
46460,8812,8736,46470,8870,8884
46480,8846,8733,46490,8848,8892
46500,8897,8706,46510,8791,8881
46520,8968,8785,46530,8828,8877
46540,8938,8810,46550,8780,8853
46560,8825,8778,46570,8881,8928
46580,8870,8776,46590,8875,8934
46600,8951,8723,46610,8880,8918
46620,9007,8807,46630,8880,8909
46640,8934,8805,46650,8789,8854
46660,8878,8778,46670,8898,8919
46680,8879,8768,46690,8895,8939
46700,8917,8735,46710,8844,8904
46720,8999,8787,46730,8851,8908
46740,8928,8813,46750,8800,8842
46760,8838,8783,46770,8874,8928
46780,8869,8777,46790,8919,8933
46800,8980,8739,46810,8874,8891
46820,8977,8809,46830,8843,8891
46840,8911,8801,46850,8791,8843
46860,8844,8769,46870,8897,8922
46880,8865,8768,46890,8900,8927
46900,8932,8735,46910,8876,8905
46920,8991,8811,46930,8832,8900
46940,8932,8812,46950,8798,8850
46960,8854,8793,46970,8907,8940
46980,8867,8790,46990,8901,8942
47000,8952,8750,47010,8846,8908
47020,8953,8836,47030,8850,8909
47040,8944,8825,47050,8828,8862
47060,8858,8800,47070,8906,8947
47080,8905,8792,47090,8919,8944
47100,8978,8753,47110,8884,8920
47120,8991,8835,47130,8854,8907
47140,8926,8837,47150,8787,8883
47160,8866,8815,47170,8910,8962
47180,8931,8797,47190,8919,8960
47200,8954,8747,47210,8874,8926
47220,9002,8834,47230,8869,8914
47240,8929,8824,47250,8761,8886
47260,8838,8800,47270,8916,8961
47280,8932,8790,47290,8918,8946
47300,8989,8796,47310,8891,8921
47320,8985,8825,47330,8843,8899
47340,8943,8825,47350,8809,8905
47360,8865,8806,47370,8925,8959
47380,8957,8796,47390,8914,8962
47400,8976,8789,47410,8856,8926
47420,8981,8834,47430,8826,8916
47440,8949,8830,47450,8853,8905
47460,8873,8809,47470,8921,8953
47480,8864,8799,47490,8970,9007
47500,8963,8790,47510,8863,8932
47520,9004,8839,47530,8866,8907
47540,8951,8858,47550,8866,8924
47560,8865,8817,47570,8919,8947
47580,8918,8797,47590,8948,8995
47600,9020,8810,47610,8866,8937
47620,8983,8842,47630,8871,8881
47640,9011,8868,47650,8886,8928
47660,8869,8818,47670,8913,8960
47680,8867,8747,47690,8977,8999
47700,9095,8810,47710,8893,8942
47720,8998,8841,47730,8775,8865
47740,8957,8861,47750,8872,8924
47760,8893,8813,47770,8919,8967
47780,8860,8739,47790,8933,8998
47800,8993,8793,47810,8904,8945
47820,9003,8844,47830,8812,8855
47840,8968,8872,47850,8909,8932
47860,8872,8812,47870,8939,8972
47880,8867,8763,47890,8977,8997
47900,9016,8821,47910,8909,8947
47920,9016,8861,47930,8789,8883
47940,8969,8889,47950,8873,8937
47960,8907,8839,47970,8933,8983
47980,8862,8754,47990,8983,9008
48000,9001,8811,48010,8879,8957
48020,9009,8858,48030,8798,8870
48040,8955,8860,48050,8888,8946
48060,8897,8813,48070,8929,8980
48080,8891,8745,48090,8964,9002
48100,9053,8819,48110,8895,8948
48120,8983,8850,48130,8810,8866
48140,8964,8851,48150,8907,8955
48160,8913,8820,48170,8928,8973
48180,8819,8760,48190,8989,8991
48200,9023,8803,48210,8897,8948
48220,8987,8868,48230,8786,8876
48240,8957,8886,48250,8917,8947
48260,8897,8833,48270,8936,8965
48280,8897,8769,48290,8977,8995
48300,9062,8828,48310,8913,8955
48320,8991,8845,48330,8792,8853
48340,8954,8848,48350,8872,8943
48360,8904,8828,48370,8943,8959
48380,8900,8749,48390,8967,8970
48400,9023,8807,48410,8918,8943
48420,8959,8862,48430,8785,8870
48440,8930,8868,48450,8890,8956
48460,8912,8817,48470,8921,8983
48480,8953,8759,48490,8956,8946
48500,8990,8816,48510,8898,8959
48520,9014,8864,48530,8777,8887
48540,8894,8816,48550,8948,8963
48560,8903,8836,48570,8912,8992
48580,8957,8748,48590,8858,8950
48600,9072,8841,48610,8896,8941
48620,9012,8836,48630,8776,8892
48640,8891,8829,48650,8933,8958
48660,8887,8816,48670,8924,8976
48680,8895,8767,48690,8874,8949
48700,9022,8840,48710,8900,8952
48720,8969,8856,48730,8801,8886
48740,8893,8826,48750,8893,8974
48760,8907,8818,48770,8944,8970
48780,8912,8768,48790,8865,8957
48800,9024,8843,48810,8889,8937
48820,8995,8855,48830,8780,8886
48840,8880,8818,48850,8933,8965
48860,8903,8820,48870,8939,8954
48880,8947,8772,48890,8894,8946
48900,9001,8833,48910,8876,8933
48920,8999,8860,48930,8825,8898
48940,8907,8821,48950,8904,8971
48960,8904,8816,48970,8902,8976
48980,8947,8774,48990,8897,8942
49000,9026,8841,49010,8898,8947
49020,8980,8841,49030,8821,8871
49040,8934,8798,49050,8929,8963
49060,8903,8809,49070,8951,8955
49080,8936,8771,49090,8893,8948
49100,9030,8851,49110,8889,8954
49120,8957,8859,49130,8798,8896
49140,8911,8827,49150,8916,8964
49160,8890,8809,49170,8946,8970
49180,8962,8781,49190,8888,8940
49200,9014,8845,49210,8883,8941
49220,9006,8858,49230,8825,8888
49240,8888,8841,49250,8929,8973
49260,8912,8822,49270,8925,8985
49280,8917,8763,49290,8889,8946
49300,9036,8862,49310,8903,8949
49320,8956,8841,49330,8806,8893
49340,8881,8821,49350,8930,8962
49360,8915,8812,49370,8954,8975
49380,8942,8763,49390,8879,8943
49400,9044,8860,49410,8885,8938
49420,8971,8844,49430,8815,8890
49440,8893,8813,49450,8938,8975
49460,8951,8818,49470,8959,8973
49480,8925,8772,49490,8891,8951
49500,9024,8850,49510,8867,8937
49520,8970,8866,49530,8832,8898
49540,8884,8826,49550,8932,8962
49560,8938,8806,49570,8964,8976
49580,8965,8777,49590,8899,8947
49600,9007,8842,49610,8880,8929
49620,8983,8854,49630,8828,8893
49640,8872,8820,49650,8934,8962
49660,8894,8799,49670,8925,8970
49680,8940,8787,49690,8887,8933
49700,9008,8847,49710,8891,8926
49720,8955,8851,49730,8812,8915
49740,8894,8812,49750,8927,8969
49760,8906,8807,49770,8928,8980
49780,8934,8800,49790,8874,8936
49800,9038,8859,49810,8877,8931
49820,8949,8842,49830,8873,8910
49840,8886,8831,49850,8925,8968
49860,8982,8818,49870,8934,8973
49880,8974,8797,49890,8881,8933
49900,9044,8857,49910,8884,8924
49920,8952,8854,49930,8882,8940
49940,8898,8819,49950,8938,8975
49960,8953,8802,49970,8936,8997
49980,8949,8804,49990,8911,8940
50000,9013,8869,50010,8876,8942
50020,9013,8884,50030,8909,8937
50040,8890,8822,50050,8936,8970
50060,8960,8789,50070,8974,9002
50080,9008,8810,50090,8911,8933
50100,9011,8843,50110,8852,8893
50120,8993,8882,50130,8899,8944
50140,8910,8821,50150,8915,8957
50160,8883,8749,50170,8963,9001
50180,8973,8823,50190,8900,8939
50200,9000,8851,50210,8793,8856
50220,9001,8881,50230,8907,8947
50240,8877,8823,50250,8939,8972
50260,8857,8763,50270,8960,9005
50280,8952,8814,50290,8897,8944
50300,8999,8852,50310,8783,8861
50320,8995,8874,50330,8913,8937
50340,8892,8816,50350,8946,8948
50360,8901,8761,50370,8985,8990
50380,9046,8797,50390,8877,8943
50400,8987,8852,50410,8807,8869
50420,8996,8880,50430,8868,8934
50440,8894,8824,50450,8934,8958
50460,8913,8731,50470,8975,8996
50480,8991,8825,50490,8900,8934
50500,9005,8838,50510,8806,8878
50520,8952,8864,50530,8873,8949
50540,8890,8817,50550,8933,8977
50560,8861,8739,50570,8970,8983
50580,9100,8825,50590,8887,8957
50600,8976,8854,50610,8782,8870
50620,8953,8872,50630,8885,8951
50640,8901,8826,50650,8936,8967
50660,8903,8765,50670,8964,8984
50680,8989,8815,50690,8890,8950
50700,9002,8846,50710,8779,8840
50720,8953,8864,50730,8897,8942
50740,8891,8820,50750,8927,8972
50760,8855,8757,50770,8952,8982
50780,8973,8819,50790,8893,8947
50800,9005,8840,50810,8770,8877
50820,8964,8853,50830,8878,8968
50840,8912,8824,50850,8922,8981
50860,8939,8747,50870,8957,8976
50880,9023,8844,50890,8898,8949
50900,9009,8832,50910,8794,8860
50920,8966,8859,50930,8908,8950
50940,8908,8818,50950,8916,8976
50960,8917,8737,50970,8974,8975
50980,9011,8831,50990,8891,8957
51000,8994,8827,51010,8782,8862
51020,8925,8851,51030,8911,8938
51040,8897,8815,51050,8946,8971
51060,8855,8748,51070,8954,8958
51080,8997,8813,51090,8906,8940
51100,9057,8833,51110,8790,8869
51120,8935,8827,51130,8900,8947
51140,8900,8816,51150,8886,8983
51160,8942,8769,51170,8867,8930
51180,9025,8845,51190,8881,8943
51200,8968,8843,51210,8834,8884
51220,8893,8813,51230,8900,8964
51240,8902,8826,51250,8938,8965
51260,8951,8766,51270,8879,8945
51280,9038,8843,51290,8901,8940
51300,8957,8849,51310,8792,8878
51320,8894,8824,51330,8925,8965
51340,8897,8828,51350,8920,8954
51360,8953,8743,51370,8899,8937
51380,9033,8847,51390,8875,8931
51400,8955,8852,51410,8816,8889
51420,8888,8818,51430,8931,8968
51440,8907,8807,51450,8926,8965
51460,8880,8784,51470,8892,8933
51480,9053,8840,51490,8907,8936
51500,9000,8841,51510,8818,8893
51520,8882,8838,51530,8921,8964
51540,8895,8809,51550,8945,8963
51560,8952,8779,51570,8912,8938
51580,8996,8857,51590,8889,8942
51600,8979,8842,51610,8832,8893
51620,8895,8831,51630,8922,8959
51640,8917,8811,51650,8949,8971
51660,8948,8760,51670,8862,8944
51680,9008,8860,51690,8884,8938
51700,8977,8839,51710,8807,8884
51720,8876,8818,51730,8928,8957
51740,8903,8815,51750,8919,8969
51760,8939,8778,51770,8897,8954
51780,9028,8858,51790,8887,8923
51800,8987,8841,51810,8828,8891
51820,8892,8810,51830,8937,8958
51840,8906,8807,51850,8941,8981
51860,8962,8777,51870,8897,8946
51880,9027,8852,51890,8882,8927
51900,8942,8835,51910,8835,8895
51920,8848,8822,51930,8921,8960
51940,8914,8818,51950,8948,8965
51960,8912,8767,51970,8893,8950
51980,9043,8863,51990,8889,8921
52000,8949,8847,52010,8835,8892
52020,8890,8804,52030,8945,8969
52040,8908,8824,52050,8923,8974
52060,8973,8784,52070,8906,8958
52080,9045,8858,52090,8876,8928
52100,8955,8850,52110,8840,8918
52120,8870,8832,52130,8933,8975
52140,8941,8824,52150,8939,8980
52160,8986,8769,52170,8882,8949
52180,9036,8848,52190,8893,8938
52200,8966,8854,52210,8822,8908
52220,8876,8838,52230,8916,8971
52240,8956,8805,52250,8943,8995
52260,8936,8812,52270,8897,8951
52280,9021,8855,52290,8872,8947
52300,8952,8879,52310,8885,8926
52320,8881,8805,52330,8917,8973
52340,8962,8818,52350,8936,9006
52360,8949,8799,52370,8905,8932
52380,9009,8851,52390,8862,8935
52400,8989,8897,52410,8854,8928
52420,8888,8809,52430,8922,8962
52440,8932,8806,52450,9019,9011
52460,9010,8793,52470,8893,8944
52480,9024,8851,52490,8852,8928
52500,8960,8891,52510,8876,8940
52520,8906,8817,52530,8934,8965
52540,8919,8820,52550,8966,9018
52560,8980,8826,52570,8893,8959
52580,9023,8861,52590,8891,8897
52600,8990,8888,52610,8912,8934
52620,8938,8828,52630,8931,8964
52640,8883,8761,52650,8976,9004
52660,9012,8819,52670,8878,8968
52680,9002,8847,52690,8782,8884
52700,9001,8875,52710,8884,8921
52720,8910,8827,52730,8940,8969
52740,8891,8754,52750,8972,8976
52760,8963,8810,52770,8900,8933
52780,8994,8856,52790,8788,8870
52800,8965,8872,52810,8876,8924
52820,8887,8817,52830,8924,8967
52840,8888,8742,52850,8973,8993
52860,8972,8839,52870,8896,8951
52880,8996,8844,52890,8788,8867
52900,8990,8879,52910,8896,8930
52920,8899,8845,52930,8934,8961
52940,8869,8743,52950,8983,8990
52960,9034,8821,52970,8890,8938
52980,8985,8848,52990,8800,8875
53000,8966,8868,53010,8884,8917
53020,8911,8824,53030,8934,8960
53040,8901,8754,53050,8940,8985
53060,8993,8830,53070,8909,8944
53080,8977,8855,53090,8784,8862
53100,8984,8885,53110,8914,8961
53120,8902,8826,53130,8936,8962
53140,8890,8752,53150,8954,8991
53160,9013,8840,53170,8898,8945
53180,8963,8850,53190,8779,8877
53200,8957,8877,53210,8872,8937
53220,8908,8825,53230,8936,8964
53240,8904,8746,53250,8936,8988
53260,9030,8822,53270,8906,8941
53280,8964,8847,53290,8799,8845
53300,8944,8857,53310,8870,8944
53320,8910,8820,53330,8921,8967
53340,8918,8758,53350,8956,8966
53360,8971,8828,53370,8888,8949
53380,9003,8846,53390,8770,8873
53400,8948,8846,53410,8891,8961
53420,8916,8813,53430,8916,8968
53440,8878,8762,53450,8941,8965
53460,9015,8837,53470,8883,8945
53480,8988,8834,53490,8785,8889
53500,8915,8799,53510,8889,8945
53520,8901,8811,53530,8935,8964
53540,8974,8739,53550,8883,8946
53560,9045,8851,53570,8893,8942
53580,9018,8827,53590,8784,8862
53600,8907,8831,53610,8925,8946
53620,8912,8821,53630,8919,8970
53640,8944,8741,53650,8903,8946
53660,9001,8831,53670,8884,8943
53680,8957,8850,53690,8804,8892
53700,8900,8835,53710,8893,8954
53720,8922,8823,53730,8925,8985
53740,8945,8776,53750,8899,8938
53760,8999,8857,53770,8883,8937
53780,8979,8840,53790,8814,8884
53800,8881,8817,53810,8916,8982
53820,8909,8820,53830,8914,8962
53840,8971,8761,53850,8866,8936
53860,9042,8844,53870,8885,8935
53880,8947,8843,53890,8812,8900
53900,8883,8810,53910,8928,8959
53920,8896,8817,53930,8914,8964
53940,8967,8776,53950,8920,8938
53960,9022,8842,53970,8902,8947
53980,8951,8847,53990,8828,8891
54000,8933,8814,54010,8907,8962
54020,8916,8810,54030,8920,8976
54040,8956,8765,54050,8875,8933
54060,9027,8863,54070,8889,8945
54080,8937,8847,54090,8799,8890
54100,8913,8817,54110,8926,8963
54120,8915,8820,54130,8955,8972
54140,8944,8786,54150,8891,8961
54160,9048,8851,54170,8883,8935
54180,8949,8852,54190,8831,8887
54200,8874,8812,54210,8912,8968
54220,8933,8818,54230,8951,8984
54240,8919,8768,54250,8863,8947
54260,9002,8852,54270,8887,8930
54280,8963,8852,54290,8827,8895
54300,8899,8796,54310,8919,8963
54320,8921,8828,54330,8934,8977
54340,8958,8762,54350,8896,8933
54360,9007,8852,54370,8890,8936
54380,8970,8846,54390,8823,8895
54400,8884,8831,54410,8926,8957
54420,8928,8820,54430,8923,8980
54440,8943,8776,54450,8916,8942
54460,9004,8841,54470,8870,8943
54480,8977,8859,54490,8803,8908
54500,8912,8824,54510,8952,8959
54520,8910,8821,54530,8928,8984
54540,8942,8778,54550,8905,8967
54560,9027,8845,54570,8894,8937
54580,8974,8852,54590,8820,8894
54600,8910,8829,54610,8921,8975
54620,8927,8812,54630,8944,8973
54640,8930,8795,54650,8935,8945
54660,9009,8844,54670,8865,8925
54680,8963,8859,54690,8828,8905
54700,8895,8800,54710,8926,8979
54720,8943,8816,54730,8938,8978
54740,8963,8794,54750,8902,8947
54760,9028,8856,54770,8883,8942
54780,8982,8883,54790,8865,8922
54800,8892,8828,54810,8930,8978
54820,8936,8808,54830,8940,9030
54840,8988,8792,54850,8887,8954
54860,9027,8847,54870,8865,8940
54880,8982,8888,54890,8846,8937
54900,8899,8842,54910,8931,8977
54920,8957,8798,54930,8942,8987
54940,9013,8811,54950,8918,8934
54960,9029,8858,54970,8847,8922
54980,8961,8892,54990,8896,8946
55000,8872,8825,55010,8930,8981
55020,8890,8811,55030,8971,9003
55040,8997,8821,55050,8908,8979
55060,8998,8860,55070,8872,8918
55080,8989,8871,55090,8903,8937
55100,8868,8821,55110,8930,8974
55120,8898,8770,55130,8968,8996
55140,8971,8807,55150,8868,8954
55160,9003,8834,55170,8819,8858
55180,8972,8865,55190,8862,8934
55200,8915,8827,55210,8935,8977
55220,8851,8756,55230,8990,9002
55240,8974,8842,55250,8888,8947
55260,8993,8854,55270,8807,8872
55280,8971,8873,55290,8885,8937
55300,8924,8818,55310,8936,8964
55320,8939,8760,55330,8940,8990
55340,9039,8815,55350,8875,8938
55360,8989,8854,55370,8791,8880
55380,8972,8879,55390,8874,8936
55400,8872,8821,55410,8928,8978
55420,8896,8730,55430,8908,9004
55440,8950,8819,55450,8907,8947
55460,8988,8846,55470,8806,8865
55480,8956,8880,55490,8882,8933
55500,8872,8811,55510,8924,8966
55520,8868,8754,55530,8982,8993
55540,8953,8824,55550,8896,8930
55560,8998,8839,55570,8789,8876
55580,8978,8856,55590,8927,8942
55600,8898,8810,55610,8926,8973
55620,8836,8764,55630,8961,9000
55640,9016,8812,55650,8905,8938
55660,8963,8850,55670,8811,8869
55680,8955,8888,55690,8882,8936
55700,8892,8821,55710,8933,8963
55720,8938,8742,55730,8966,8991
55740,9015,8820,55750,8901,8949
55760,8996,8844,55770,8769,8877
55780,8997,8862,55790,8901,8938
55800,8903,8818,55810,8930,8969
55820,8918,8758,55830,8940,8958
55840,9039,8842,55850,8904,8937
55860,8993,8845,55870,8806,8873
55880,8988,8860,55890,8907,8948
55900,8911,8821,55910,8936,8960
55920,8893,8756,55930,8945,8976
55940,9017,8837,55950,8871,8928
55960,9002,8836,55970,8801,8856
55980,8929,8854,55990,8875,8941
56000,8924,8825,56010,8933,8967
56020,8916,8756,56030,8935,8970
56040,9012,8846,56050,8894,8949
56060,9053,8836,56070,8808,8891
56080,8918,8836,56090,8909,8951
56100,8918,8825,56110,8953,8975
56120,8907,8759,56130,8941,8944
56140,9010,8853,56150,8867,8939
56160,8944,8840,56170,8795,8875
56180,8891,8822,56190,8937,8964
56200,8898,8819,56210,8919,8962
56220,8999,8756,56230,8898,8954
56240,9047,8850,56250,8894,8942
56260,8963,8850,56270,8758,8895
56280,8890,8831,56290,8922,8968
56300,8907,8820,56310,8924,8965
56320,8973,8779,56330,8927,8950
56340,9018,8845,56350,8888,8943
56360,8946,8851,56370,8815,8870
56380,8905,8806,56390,8907,8968
56400,8896,8821,56410,8914,8962
56420,8887,8768,56430,8876,8925
56440,9033,8851,56450,8886,8925
56460,8981,8841,56470,8788,8888
56480,8910,8824,56490,8929,8960
56500,8891,8807,56510,8919,8967
56520,8909,8787,56530,8900,8948
56540,9046,8840,56550,8871,8937
56560,8969,8849,56570,8811,8883
56580,8892,8828,56590,8915,8966
56600,8930,8826,56610,8933,8983
56620,8996,8757,56630,8918,8928
56640,9012,8853,56650,8904,8932
56660,9005,8845,56670,8829,8893
56680,8914,8824,56690,8923,8966
56700,8911,8823,56710,8944,8967
56720,8944,8771,56730,8880,8966
56740,9034,8851,56750,8879,8937
56760,8976,8842,56770,8830,8900
56780,8933,8837,56790,8946,8974
56800,8911,8823,56810,8928,8963
56820,8912,8780,56830,8909,8947
56840,9051,8853,56850,8903,8923
56860,8969,8860,56870,8857,8893
56880,8904,8821,56890,8916,8975
56900,8932,8811,56910,8938,8973
56920,8943,8772,56930,8906,8950
56940,9028,8846,56950,8876,8935
56960,8971,8852,56970,8796,8892
56980,8872,8819,56990,8934,8981
57000,8916,8821,57010,8934,8964
57020,8932,8792,57030,8879,8945
57040,9025,8851,57050,8857,8929
57060,8970,8860,57070,8850,8914
57080,8904,8823,57090,8921,8990
57100,8931,8809,57110,8925,8980
57120,8932,8765,57130,8884,8943
57140,9029,8855,57150,8870,8936
57160,8980,8862,57170,8860,8897
57180,8888,8822,57190,8923,8984
57200,8933,8801,57210,8941,8967
57220,8943,8796,57230,8888,8948
57240,9008,8854,57250,8874,8931
57260,8958,8852,57270,8815,8911
57280,8904,8821,57290,8942,8972
57300,8956,8797,57310,8930,8984
57320,9011,8807,57330,8909,8948
57340,9020,8857,57350,8900,8940
57360,8975,8854,57370,8891,8919
57380,8889,8813,57390,8933,8966
57400,8986,8807,57410,8938,8976
57420,8987,8798,57430,8878,8941
57440,9009,8850,57450,8868,8925
57460,8961,8859,57470,8881,8921
57480,8893,8821,57490,8940,8978
57500,8915,8817,57510,8945,9006
57520,8964,8825,57530,8905,8963
57540,8995,8848,57550,8858,8933
57560,8972,8882,57570,8888,8952
57580,8890,8829,57590,8945,8973
57600,8970,8768,57610,8953,9014
57620,9003,8832,57630,8901,8936
57640,9005,8852,57650,8827,8885
57660,8975,8884,57670,8870,8923
57680,8890,8832,57690,8939,8969
57700,8851,8762,57710,8953,8978
57720,8967,8830,57730,8889,8953
57740,8987,8850,57750,8810,8884
57760,8970,8872,57770,8902,8939
57780,8892,8830,57790,8940,8977
57800,8862,8747,57810,8953,8996
57820,8982,8834,57830,8899,8942
57840,8986,8837,57850,8817,8859
57860,8965,8884,57870,8879,8946
57880,8902,8836,57890,8929,8979
57900,8905,8754,57910,8960,9003
57920,9013,8827,57930,8884,8941
57940,8999,8847,57950,8799,8886
57960,8994,8855,57970,8907,8946
57980,8927,8818,57990,8931,8964
58000,8875,8740,58010,8955,8995
58020,9038,8823,58030,8883,8943
58040,8979,8857,58050,8806,8867
58060,8956,8862,58070,8880,8959
58080,8922,8832,58090,8936,8977
58100,8928,8744,58110,8971,9008
58120,9062,8825,58130,8891,8946
58140,9008,8847,58150,8773,8882
58160,8973,8879,58170,8888,8949
58180,8900,8821,58190,8920,8977
58200,8852,8757,58210,8968,8996
58220,9025,8836,58230,8885,8942
58240,8985,8848,58250,8810,8876
58260,8953,8872,58270,8899,8952
58280,8910,8810,58290,8937,8982
58300,8967,8745,58310,8948,9001
58320,9042,8832,58330,8886,8938
58340,9011,8845,58350,8792,8856
58360,8941,8853,58370,8887,8939
58380,8919,8819,58390,8928,8972
58400,8893,8749,58410,8966,9004
58420,9064,8837,58430,8886,8943
58440,9007,8851,58450,8788,8895
58460,8953,8872,58470,8882,8943
58480,8911,8836,58490,8924,8968
58500,8952,8748,58510,8945,8977
58520,9006,8836,58530,8878,8925
58540,8987,8846,58550,8810,8869
58560,8904,8846,58570,8910,8969
58580,8902,8816,58590,8958,8958
58600,8944,8755,58610,8884,8935
58620,9017,8842,58630,8874,8934
58640,8999,8848,58650,8782,8880
58660,8902,8815,58670,8916,8958
58680,8905,8827,58690,8912,8974
58700,8940,8768,58710,8901,8936
58720,9030,8836,58730,8882,8943
58740,9002,8855,58750,8798,8879
58760,8890,8810,58770,8925,8968
58780,8894,8810,58790,8912,8975
58800,8972,8773,58810,8911,8932
58820,9053,8859,58830,8891,8937
58840,8959,8857,58850,8814,8896
58860,8861,8806,58870,8942,8959
58880,8898,8809,58890,8899,8961
58900,8961,8775,58910,8926,8951
58920,9011,8853,58930,8888,8951
58940,8973,8850,58950,8822,8886
58960,8906,8829,58970,8928,8968
58980,8909,8812,58990,8914,8978
59000,9008,8766,59010,8898,8954
59020,9054,8857,59030,8899,8946
59040,8948,8850,59050,8838,8888
59060,8886,8812,59070,8926,8967
59080,8909,8823,59090,8916,8969
59100,8980,8780,59110,8925,8947
59120,9018,8848,59130,8874,8928
59140,8959,8846,59150,8829,8891
59160,8912,8832,59170,8920,8968
59180,8909,8812,59190,8929,8960
59200,8955,8764,59210,8912,8944
59220,9024,8849,59230,8873,8936
59240,8946,8861,59250,8808,8884
59260,8898,8806,59270,8915,8972
59280,8899,8814,59290,8929,8967
59300,8948,8778,59310,8889,8949
59320,9033,8862,59330,8886,8951
59340,8985,8851,59350,8809,8890
59360,8873,8829,59370,8931,8971
59380,8917,8802,59390,8943,8972
59400,8928,8780,59410,8921,8957
59420,9028,8861,59430,8900,8927
59440,8981,8854,59450,8829,8889
59460,8892,8836,59470,8939,8968
59480,8916,8809,59490,8913,8971
59500,8978,8778,59510,8950,8954
59520,9010,8855,59530,8881,8934
59540,8962,8843,59550,8819,8882
59560,8889,8823,59570,8932,8972
59580,8898,8805,59590,8947,8979
59600,8897,8791,59610,8924,8941
59620,9004,8855,59630,8888,8935
59640,8992,8852,59650,8840,8907
59660,8921,8803,59670,8945,8973
59680,8906,8822,59690,8926,8977
59700,8957,8785,59710,8902,8943
59720,9032,8844,59730,8876,8949
59740,8943,8852,59750,8827,8910
59760,8871,8837,59770,8920,8970
59780,8938,8817,59790,8930,8991
59800,9008,8793,59810,8895,8948
59820,9025,8854,59830,8871,8939
59840,8957,8856,59850,8858,8925
59860,8876,8816,59870,8924,8971
59880,8963,8809,59890,8936,8972
59900,8948,8803,59910,8885,8943
59920,9021,8862,59930,8855,8930
59940,8957,8863,59950,8848,8929
59960,8878,8820,59970,8929,8962
59980,8916,8806,59990,8941,8999
60000,9046,8815,60010,8909,8945
60020,8995,8834,60030,8870,8934
60040,8982,8877,60050,8901,8932
60060,8899,8827,60070,8932,8960
60080,8891,8786,60090,8985,8989
60100,9059,8808,60110,8903,8959
60120,9013,8842,60130,8873,8890
60140,8983,8872,60150,8879,8937
60160,8918,8825,60170,8926,8962
60180,8845,8738,60190,8962,8996
60200,8987,8821,60210,8894,8958
60220,9002,8858,60230,8792,8880
60240,8981,8867,60250,8878,8944
60260,8887,8831,60270,8931,8964
60280,8866,8745,60290,9005,8991
60300,9001,8817,60310,8900,8935
60320,8998,8864,60330,8784,8887
60340,8965,8857,60350,8868,8943
60360,8892,8835,60370,8938,8971
60380,8902,8734,60390,8943,9000
60400,8971,8821,60410,8874,8943
60420,8981,8864,60430,8814,8861
60440,8957,8891,60450,8876,8950
60460,8924,8829,60470,8930,8966
60480,8877,8753,60490,8954,9006
60500,8923,8819,60510,8882,8935
60520,9019,8856,60530,8760,8875
60540,8960,8864,60550,8873,8945
60560,8899,8818,60570,8921,8962
60580,8873,8751,60590,8967,8988
60600,9039,8805,60610,8871,8951
60620,8992,8853,60630,8791,8859
60640,8942,8868,60650,8875,8944
60660,8908,8819,60670,8917,8967
60680,8948,8725,60690,8973,9000
60700,8990,8820,60710,8867,8947
60720,9008,8850,60730,8774,8874
60740,8989,8878,60750,8886,8950
60760,8901,8823,60770,8930,8983
60780,8885,8739,60790,8957,8996
60800,9003,8827,60810,8890,8945
60820,8983,8847,60830,8797,8885
60840,8971,8864,60850,8902,8946
60860,8928,8820,60870,8917,8974
60880,8896,8742,60890,8944,8987
60900,9004,8847,60910,8877,8940
60920,8982,8854,60930,8814,8864
60940,8959,8860,60950,8921,8960
60960,8908,8832,60970,8924,8954
60980,8921,8767,60990,8939,8998
