LED1 Timestamp (ms),LED1_PD1,LED1_PD2,LED2 Timestamp (ms),LED2_PD1,LED2_PD2
287000,9200,9303,287010,9239,9248
287020,9183,9265,287030,9213,9126
287040,8923,8864,287050,8821,8744
287060,8739,8754,287070,8662,8660
287080,8568,8640,287090,8572,8561
287100,8527,8595,287110,8540,8514
287120,8520,8544,287130,8570,8493
287140,8581,8574,287150,8629,8539
287160,8639,8616,287170,8615,8598
287180,8620,8711,287190,8580,8659
287200,8624,8785,287210,8542,8674
287220,8651,8827,287230,8541,8692
287240,8669,8862,287250,8572,8735
287260,8665,8855,287270,8574,8729
287280,8641,8826,287290,8575,8722
287300,8659,8854,287310,8580,8730
287320,8687,8868,287330,8585,8749
287340,8713,8905,287350,8607,8778
287360,8761,8936,287370,8619,8799
287380,8777,8972,287390,8623,8800
287400,8764,8972,287410,8615,8782
287420,8722,8919,287430,8592,8761
287440,8681,8887,287450,8586,8759
287460,8653,8867,287470,8597,8750
287480,8637,8843,287490,8571,8728
287500,8616,8837,287510,8564,8730
287520,8594,8819,287530,8558,8715
287540,8570,8788,287550,8548,8709
287560,8584,8785,287570,8550,8699
287580,8577,8783,287590,8556,8688
287600,8586,8790,287610,8555,8689
287620,8573,8768,287630,8557,8690
287640,8575,8757,287650,8573,8688
287660,8575,8766,287670,8560,8674
287680,8569,8759,287690,8564,8678
287700,8568,8769,287710,8560,8691
287720,8579,8774,287730,8569,8706
287740,8571,8787,287750,8584,8727
287760,8579,8779,287770,8585,8712
287780,8582,8780,287790,8593,8706
287800,8588,8772,287810,8582,8679
287820,8545,8711,287830,8525,8607
287840,8481,8622,287850,8534,8540
287860,8534,8559,287870,8576,8476
287880,8583,8537,287890,8626,8494
287900,8618,8560,287910,8661,8533
287920,8623,8589,287930,8669,8604
287940,8666,8677,287950,8729,8689
287960,8701,8740,287970,8726,8738
287980,8689,8797,287990,8740,8780
288000,8731,8846,288010,8759,8799
288020,8718,8854,288030,8739,8812
288040,8695,8837,288050,8743,8803
288060,8690,8814,288070,8696,8749
288080,8635,8765,288090,8643,8669
288100,8582,8687,288110,8594,8601
288120,8556,8632,288130,8570,8557
288140,8550,8621,288150,8564,8557
288160,8530,8612,288170,8549,8556
288180,8522,8608,288190,8545,8550
288200,8535,8612,288210,8537,8531
288220,8528,8590,288230,8517,8519
288240,8515,8577,288250,8534,8521
288260,8522,8584,288270,8526,8514
288280,8528,8584,288290,8515,8501
288300,8538,8595,288310,8532,8507
288320,8538,8593,288330,8522,8508
288340,8533,8596,288350,8518,8511
288360,8545,8597,288370,8516,8506
288380,8545,8604,288390,8521,8510
288400,8557,8612,288410,8522,8512
288420,8549,8607,288430,8517,8501
288440,8549,8608,288450,8512,8512
288460,8557,8619,288470,8512,8491
288480,8567,8615,288490,8520,8503
288500,8553,8611,288510,8519,8495
288520,8541,8600,288530,8520,8505
288540,8541,8608,288550,8513,8514
288560,8560,8608,288570,8514,8493
288580,8574,8616,288590,8508,8496
288600,8603,8641,288610,8524,8505
288620,8598,8634,288630,8514,8498
288640,8602,8641,288650,8530,8508
288660,8617,8636,288670,8507,8480
288680,8609,8640,288690,8522,8506
288700,8612,8649,288710,8516,8492
288720,8618,8627,288730,8522,8486
288740,8625,8632,288750,8550,8515
288760,8633,8656,288770,8576,8549
288780,8651,8690,288790,8583,8585
288800,8655,8724,288810,8596,8597
288820,8642,8720,288830,8602,8618
288840,8648,8734,288850,8620,8640
288860,8647,8724,288870,8615,8637
288880,8641,8724,288890,8613,8631
288900,8646,8727,288910,8621,8642
288920,8645,8726,288930,8626,8646
288940,8652,8735,288950,8639,8657
288960,8662,8733,288970,8636,8639
288980,8667,8729,288990,8652,8651
289000,8691,8750,289010,8656,8661
289020,8695,8759,289030,8680,8666
289040,8714,8784,289050,8689,8714
289060,8711,8800,289070,8680,8714
289080,8711,8805,289090,8685,8719
289100,8718,8810,289110,8676,8700
289120,8701,8781,289130,8676,8704
289140,8708,8782,289150,8679,8694
289160,8703,8774,289170,8674,8685
289180,8697,8779,289190,8675,8683
289200,8715,8793,289210,8671,8690
289220,8717,8784,289230,8672,8689
289240,8712,8783,289250,8687,8705
289260,8708,8786,289270,8673,8687
289280,8709,8790,289290,8663,8687
289300,8712,8797,289310,8660,8698
289320,8718,8802,289330,8677,8715
289340,8735,8802,289350,8688,8717
289360,8742,8815,289370,8688,8719
289380,8730,8827,289390,8707,8764
289400,8781,8891,289410,8874,8863
289420,9099,9056,289430,9182,9147
289440,9181,9264,289450,9195,9208
289460,9165,9250,289470,9183,9178
289480,9146,9213,289490,9118,9079
289500,8953,9027,289510,8864,8901
289520,8768,8904,289530,8766,8838
289540,8713,8840,289550,8727,8802
289560,8670,8803,289570,8682,8745
289580,8637,8767,289590,8665,8711
289600,8615,8739,289610,8632,8672
289620,8591,8716,289630,8610,8665
289640,8584,8710,289650,8628,8683
289660,8593,8717,289670,8638,8705
289680,8627,8763,289690,8670,8734
289700,8651,8795,289710,8678,8749
289720,8654,8792,289730,8698,8761
289740,8653,8789,289750,8684,8738
289760,8619,8746,289770,8612,8644
289780,8600,8664,289790,8605,8596
289800,8592,8667,289810,8599,8590
289820,8576,8643,289830,8588,8585
289840,8595,8662,289850,8599,8592
289860,8587,8659,289870,8587,8600
289880,8620,8695,289890,8597,8610
289900,8634,8710,289910,8587,8590
289920,8654,8703,289930,8590,8583
289940,8665,8695,289950,8588,8558
289960,8664,8670,289970,8587,8547
289980,8670,8698,289990,8595,8566
290000,8674,8713,290010,8586,8540
290020,8663,8660,290030,8569,8514
290040,8715,8687,290050,8546,8515
290060,8723,8696,290070,8538,8508
290080,8710,8699,290090,8551,8519
290100,8688,8694,290110,8539,8515
290120,8726,8697,290130,8574,8542
290140,8755,8749,290150,8590,8586
290160,8765,8777,290170,8592,8602
290180,8798,8795,290190,8596,8578
290200,8887,8814,290210,8556,8520
290220,8932,8776,290230,8541,8503
290240,8947,8769,290250,8519,8505
290260,8944,8777,290270,8509,8502
290280,8935,8781,290290,8510,8490
290300,8940,8769,290310,8492,8474
290320,8965,8734,290330,8469,8451
290340,9013,8724,290350,8443,8425
290360,9079,8710,290370,8419,8393
290380,9202,8695,290390,8398,8376
290400,9284,8691,290410,8404,8369
290420,9328,8678,290430,8405,8371
290440,9370,8667,290450,8383,8368
290460,9474,8657,290470,8395,8348
290480,9603,8617,290490,8394,8340
290500,9691,8595,290510,8383,8330
290520,9739,8559,290530,8383,8325
290540,9784,8525,290550,8374,8318
290560,9753,8494,290570,8363,8312
290580,9739,8478,290590,8373,8310
290600,9739,8476,290610,8363,8312
290620,9743,8483,290630,8373,8314
290640,9742,8479,290650,8362,8326
290660,9753,8490,290670,8364,8312
290680,9753,8480,290690,8362,8303
290700,9746,8469,290710,8355,8290
290720,9807,8446,290730,8363,8290
290740,9817,8431,290750,8352,8271
290760,9729,8431,290770,8327,8247
290780,9765,8455,290790,8328,8244
290800,9886,8462,290810,8327,8241
290820,10113,8474,290830,8336,8258
290840,10374,8514,290850,8344,8243
290860,10534,8546,290870,8339,8245
290880,10635,8600,290890,8337,8234
290900,10711,8623,290910,8342,8241
290920,10792,8636,290930,8357,8253
290940,10878,8650,290950,8349,8252
290960,10974,8675,290970,8332,8235
290980,11029,8717,290990,8343,8231
291000,11068,8721,291010,8342,8233
291020,11083,8703,291030,8361,8253
291040,11098,8705,291050,8342,8251
291060,11111,8723,291070,8342,8243
291080,11128,8757,291090,8342,8225
291100,11141,8747,291110,8362,8239
291120,11144,8728,291130,8360,8260
291140,11151,8739,291150,8350,8250
291160,11157,8743,291170,8351,8231
291180,11174,8767,291190,8344,8223
291200,11170,8760,291210,8370,8245
291220,11168,8750,291230,8364,8260
291240,11161,8732,291250,8362,8249
291260,11165,8752,291270,8360,8237
291280,11178,8767,291290,8351,8228
291300,11186,8769,291310,8367,8236
291320,11181,8756,291330,8365,8249
291340,11170,8747,291350,8357,8250
291360,11193,8760,291370,8358,8228
291380,11184,8776,291390,8360,8236
291400,11199,8774,291410,8364,8232
291420,11181,8763,291430,8379,8262
291440,11179,8738,291450,8353,8260
291460,11185,8757,291470,8356,8235
291480,11190,8782,291490,8355,8226
291500,11170,8786,291510,8372,8240
291520,11139,8749,291530,8371,8260
291540,11133,8757,291550,8356,8256
291560,11122,8755,291570,8350,8225
291580,11140,8769,291590,8353,8225
291600,11206,8779,291610,8357,8236
291620,11184,8768,291630,8366,8253
291640,11188,8752,291650,8354,8255
291660,11204,8773,291670,8356,8229
291680,11209,8790,291690,8355,8227
291700,11201,8777,291710,8374,8237
291720,11203,8760,291730,8373,8259
291740,11201,8747,291750,8359,8256
291760,11202,8780,291770,8357,8223
291780,11209,8790,291790,8356,8224
291800,11230,8789,291810,8370,8238
291820,11220,8771,291830,8379,8260
291840,11221,8766,291850,8362,8252
291860,11223,8780,291870,8353,8225
291880,11245,8803,291890,8354,8230
291900,11231,8786,291910,8383,8248
291920,11236,8779,291930,8376,8253
291940,11227,8764,291950,8369,8250
291960,11231,8772,291970,8355,8233
291980,11242,8798,291990,8364,8224
292000,11233,8802,292010,8374,8236
292020,11233,8760,292030,8375,8255
292040,11222,8765,292050,8362,8252
292060,11233,8787,292070,8355,8229
292080,11242,8805,292090,8366,8219
292100,11237,8803,292110,8376,8249
292120,11218,8763,292130,8377,8255
292140,11226,8765,292150,8363,8251
292160,11228,8786,292170,8355,8230
292180,11244,8799,292190,8355,8216
292200,11232,8802,292210,8382,8250
292220,11237,8779,292230,8378,8259
292240,11229,8775,292250,8361,8251
292260,11244,8785,292270,8351,8226
292280,11247,8811,292290,8359,8223
292300,11240,8793,292310,8371,8241
292320,11223,8772,292330,8384,8266
292340,11223,8759,292350,8372,8248
292360,11235,8788,292370,8353,8227
292380,11241,8809,292390,8349,8224
292400,11237,8788,292410,8364,8249
292420,11220,8764,292430,8379,8254
292440,11228,8765,292450,8359,8243
292460,11235,8792,292470,8351,8228
292480,11233,8800,292490,8352,8226
292500,11232,8796,292510,8374,8238
292520,11215,8757,292530,8376,8257
292540,11227,8759,292550,8357,8242
292560,11209,8776,292570,8354,8212
292580,11213,8805,292590,8353,8220
292600,11197,8788,292610,8384,8244
292620,11196,8765,292630,8378,8265
292640,11222,8761,292650,8364,8234
292660,11242,8796,292670,8349,8225
292680,11239,8797,292690,8353,8227
292700,11237,8784,292710,8383,8253
292720,11224,8773,292730,8380,8251
292740,11216,8767,292750,8367,8250
292760,11237,8784,292770,8349,8223
292780,11250,8796,292790,8361,8224
292800,11226,8785,292810,8376,8251
292820,11225,8767,292830,8374,8269
292840,11234,8781,292850,8359,8245
292860,11252,8790,292870,8357,8222
292880,11249,8799,292890,8358,8226
292900,11242,8792,292910,8386,8245
292920,11237,8775,292930,8376,8257
292940,11232,8769,292950,8363,8233
292960,11258,8810,292970,8352,8223
292980,11261,8815,292990,8369,8233
293000,11262,8796,293010,8386,8252
293020,11253,8774,293030,8382,8256
293040,11245,8778,293050,8354,8249
293060,11279,8806,293070,8358,8214
293080,11262,8816,293090,8364,8230
293100,11259,8798,293110,8382,8244
293120,11254,8767,293130,8373,8263
293140,11262,8792,293150,8366,8253
293160,11275,8817,293170,8362,8231
293180,11288,8820,293190,8372,8228
293200,11287,8808,293210,8377,8251
293220,11266,8788,293230,8377,8256
293240,11276,8792,293250,8355,8239
293260,11296,8810,293270,8363,8227
293280,11298,8824,293290,8364,8230
293300,11292,8813,293310,8378,8241
293320,11294,8790,293330,8372,8254
293340,11281,8778,293350,8368,8252
293360,11310,8814,293370,8360,8232
293380,11301,8820,293390,8369,8237
293400,11292,8801,293410,8381,8253
293420,11301,8778,293430,8380,8261
293440,11296,8787,293450,8360,8248
293460,11303,8817,293470,8361,8225
293480,11313,8829,293490,8368,8228
293500,11308,8810,293510,8383,8251
293520,11293,8792,293530,8374,8258
293540,11299,8780,293550,8364,8241
293560,11321,8807,293570,8368,8233
293580,11317,8817,293590,8367,8227
293600,11320,8802,293610,8381,8248
293620,11311,8799,293630,8381,8266
293640,11289,8795,293650,8359,8240
293660,11278,8794,293670,8360,8227
293680,11269,8820,293690,8374,8225
293700,11276,8819,293710,8378,8244
293720,11304,8791,293730,8374,8255
293740,11313,8798,293750,8353,8236
293760,11318,8822,293770,8347,8222
293780,11324,8833,293790,8363,8223
293800,11319,8805,293810,8381,8247
293820,11306,8791,293830,8372,8257
293840,11308,8786,293850,8369,8241
293860,11315,8818,293870,8366,8233
293880,11318,8828,293890,8368,8239
293900,11317,8823,293910,8389,8265
293920,11315,8807,293930,8379,8267
293940,11311,8798,293950,8365,8249
293960,11315,8824,293970,8361,8222
293980,11317,8837,293990,8377,8227
294000,11311,8811,294010,8378,8251
294020,11310,8796,294030,8370,8264
294040,11305,8794,294050,8364,8250
294060,11328,8816,294070,8365,8223
294080,11324,8820,294090,8371,8212
294100,11300,8796,294110,8387,8245
294120,11296,8784,294130,8375,8258
294140,11292,8784,294150,8363,8243
294160,11307,8808,294170,8366,8223
294180,11303,8817,294190,8362,8233
294200,11292,8796,294210,8384,8253
294220,11290,8796,294230,8373,8255
294240,11288,8796,294250,8361,8240
294260,11300,8823,294270,8357,8231
294280,11303,8826,294290,8376,8226
294300,11310,8809,294310,8380,8249
294320,11296,8785,294330,8377,8264
294340,11307,8791,294350,8359,8252
294360,11306,8812,294370,8361,8223
294380,11307,8822,294390,8372,8231
294400,11303,8815,294410,8382,8242
294420,11299,8796,294430,8377,8247
294440,11290,8788,294450,8351,8226
294460,11306,8818,294470,8365,8220
294480,11301,8826,294490,8378,8224
294500,11296,8805,294510,8382,8254
294520,11290,8783,294530,8374,8253
294540,11300,8802,294550,8360,8239
294560,11315,8816,294570,8356,8221
294580,11300,8820,294590,8367,8228
294600,11296,8804,294610,8377,8246
294620,11294,8780,294630,8366,8264
294640,11304,8793,294650,8367,8236
294660,11309,8825,294670,8360,8221
294680,11298,8821,294690,8360,8228
294700,11308,8803,294710,8373,8255
294720,11282,8788,294730,8370,8252
294740,11263,8804,294750,8361,8238
294760,11277,8823,294770,8354,8217
294780,11284,8818,294790,8369,8223
294800,11306,8802,294810,8386,8253
294820,11303,8785,294830,8375,8259
294840,11307,8789,294850,8354,8240
294860,11313,8821,294870,8366,8224
294880,11318,8812,294890,8367,8227
294900,11303,8804,294910,8381,8252
294920,11276,8788,294930,8378,8251
294940,11296,8792,294950,8358,8232
294960,11308,8825,294970,8368,8226
294980,11313,8815,294990,8368,8222
295000,11299,8800,295010,8382,8251
295020,11304,8788,295030,8366,8255
295040,11309,8798,295050,8356,8236
295060,11314,8830,295070,8367,8216
295080,11321,8827,295090,8364,8227
295100,11299,8813,295110,8381,8248
295120,11301,8794,295130,8362,8247
295140,11286,8807,295150,8358,8236
295160,11307,8838,295170,8355,8224
295180,11315,8814,295190,8370,8225
295200,11299,8798,295210,8380,8255
295220,11294,8792,295230,8365,8261
295240,11298,8809,295250,8370,8238
295260,11318,8819,295270,8361,8233
295280,11308,8825,295290,8372,8226
295300,11297,8801,295310,8384,8264
295320,11296,8793,295330,8366,8254
295340,11299,8804,295350,8365,8234
295360,11310,8827,295370,8365,8222
295380,11295,8818,295390,8377,8234
295400,11292,8803,295410,8388,8270
295420,11291,8789,295430,8369,8257
295440,11313,8805,295450,8350,8223
295460,11314,8832,295470,8360,8234
295480,11313,8834,295490,8385,8246
295500,11304,8800,295510,8390,8258
295520,11294,8796,295530,8372,8258
295540,11310,8811,295550,8366,8245
295560,11322,8837,295570,8363,8220
295580,11306,8822,295590,8374,8243
295600,11302,8800,295610,8382,8267
295620,11299,8786,295630,8368,8256
295640,11313,8796,295650,8367,8240
295660,11311,8827,295670,8360,8217
295680,11300,8818,295690,8369,8240
295700,11303,8801,295710,8380,8252
295720,11290,8787,295730,8375,8264
295740,11297,8795,295750,8363,8240
295760,11316,8816,295770,8357,8230
295780,11294,8803,295790,8378,8231
295800,11277,8801,295810,8386,8266
295820,11260,8786,295830,8361,8250
295840,11262,8805,295850,8362,8244
295860,11270,8831,295870,8368,8226
295880,11301,8829,295890,8376,8233
295900,11324,8811,295910,8397,8266
295920,11315,8793,295930,8370,8250
295940,11318,8810,295950,8359,8234
295960,11328,8825,295970,8363,8233
295980,11306,8817,295990,8372,8236
296000,11301,8796,296010,8374,8260
296020,11302,8798,296030,8370,8257
296040,11314,8814,296050,8357,8242
296060,11326,8827,296070,8371,8239
296080,11323,8844,296090,8385,8237
296100,11302,8808,296110,8391,8269
296120,11300,8801,296130,8363,8258
296140,11312,8814,296150,8373,8248
296160,11321,8831,296170,8372,8233
296180,11318,8827,296190,8379,8243
296200,11295,8809,296210,8388,8257
296220,11300,8792,296230,8365,8255
296240,11307,8815,296250,8363,8233
296260,11312,8822,296270,8360,8234
296280,11304,8829,296290,8379,8245
296300,11302,8804,296310,8381,8262
296320,11300,8806,296330,8368,8255
296340,11312,8818,296350,8364,8240
296360,11327,8827,296370,8365,8227
296380,11315,8825,296390,8384,8239
296400,11304,8797,296410,8376,8260
296420,11296,8793,296430,8367,8244
296440,11294,8805,296450,8356,8230
296460,11310,8818,296470,8371,8221
296480,11303,8811,296490,8372,8245
296500,11294,8791,296510,8382,8263
296520,11283,8779,296530,8372,8262
296540,11300,8809,296550,8363,8227
296560,11310,8821,296570,8358,8219
296580,11302,8815,296590,8379,8244
296600,11295,8803,296610,8385,8260
296620,11296,8797,296630,8366,8251
296640,11295,8805,296650,8357,8234
296660,11310,8818,296670,8369,8222
296680,11309,8811,296690,8378,8244
296700,11296,8802,296710,8379,8253
296720,11297,8798,296730,8360,8249
296740,11299,8805,296750,8370,8228
296760,11298,8822,296770,8365,8219
296780,11299,8829,296790,8371,8247
296800,11291,8794,296810,8383,8262
296820,11290,8774,296830,8363,8249
296840,11306,8800,296850,8359,8228
296860,11308,8821,296870,8360,8222
296880,11289,8830,296890,8382,8235
296900,11263,8796,296910,8374,8260
296920,11256,8787,296930,8357,8260
296940,11286,8811,296950,8355,8230
296960,11308,8827,296970,8363,8226
296980,11311,8815,296990,8375,8242
297000,11303,8802,297010,8379,8258
297020,11295,8793,297030,8366,8254
297040,11313,8817,297050,8363,8225
297060,11309,8839,297070,8365,8223
297080,11304,8819,297090,8376,8244
297100,11306,8786,297110,8382,8261
297120,11287,8789,297130,8369,8259
297140,11304,8808,297150,8355,8219
297160,11312,8824,297170,8370,8223
297180,11303,8811,297190,8384,8256
297200,11291,8790,297210,8383,8260
297220,11286,8782,297230,8364,8251
297240,11309,8802,297250,8360,8221
297260,11302,8825,297270,8367,8220
297280,11294,8812,297290,8378,8239
297300,11293,8782,297310,8375,8254
297320,11285,8788,297330,8353,8256
297340,11302,8802,297350,8360,8221
297360,11296,8821,297370,8364,8221
297380,11303,8812,297390,8373,8239
297400,11291,8793,297410,8372,8258
297420,11288,8792,297430,8364,8245
297440,11298,8809,297450,8353,8230
297460,11310,8826,297470,8361,8216
297480,11303,8809,297490,8376,8245
297500,11292,8783,297510,8389,8261
297520,11284,8781,297530,8357,8249
297540,11300,8814,297550,8353,8225
297560,11292,8820,297570,8369,8220
297580,11287,8799,297590,8382,8249
297600,11275,8784,297610,8372,8249
297620,11291,8795,297630,8362,8246
297640,11289,8794,297650,8352,8221
297660,11305,8815,297670,8365,8218
297680,11305,8811,297690,8376,8249
297700,11280,8784,297710,8368,8255
297720,11292,8787,297730,8364,8242
297740,11300,8808,297750,8350,8221
297760,11301,8816,297770,8365,8220
297780,11301,8812,297790,8382,8242
297800,11284,8787,297810,8385,8261
297820,11291,8783,297830,8362,8242
297840,11305,8813,297850,8349,8215
297860,11304,8818,297870,8361,8230
297880,11291,8797,297890,8377,8247
297900,11279,8769,297910,8374,8260
297920,11270,8774,297930,8359,8244
297940,11270,8801,297950,8353,8216
297960,11252,8796,297970,8356,8225
297980,11239,8789,297990,8382,8249
298000,11217,8771,298010,8372,8251
298020,11236,8768,298030,8361,8233
298040,11272,8803,298050,8347,8223
298060,11274,8801,298070,8359,8224
298080,11244,8782,298090,8377,8240
298100,11237,8766,298110,8377,8252
298120,11226,8768,298130,8367,8246
298140,11245,8779,298150,8354,8224
298160,11247,8786,298170,8357,8236
298180,11240,8774,298190,8368,8238
298200,11207,8752,298210,8377,8258
298220,11208,8760,298230,8358,8240
298240,11205,8774,298250,8349,8222
298260,11224,8787,298270,8369,8225
298280,11204,8765,298290,8377,8244
298300,11195,8742,298310,8356,8255
298320,11205,8766,298330,8360,8250
298340,11211,8782,298350,8353,8224
298360,11202,8777,298370,8359,8230
298380,11206,8775,298390,8367,8246
298400,11189,8750,298410,8370,8247
298420,11200,8759,298430,8359,8251
298440,11207,8769,298450,8354,8226
298460,11215,8784,298470,8357,8228
298480,11212,8775,298490,8372,8242
298500,11212,8752,298510,8375,8256
298520,11204,8751,298530,8356,8245
298540,11216,8776,298550,8352,8227
298560,11219,8783,298570,8356,8224
298580,11206,8774,298590,8375,8243
298600,11209,8760,298610,8368,8255
298620,11205,8761,298630,8355,8242
298640,11220,8772,298650,8351,8221
298660,11223,8782,298670,8348,8226
298680,11205,8758,298690,8373,8238
298700,11197,8747,298710,8366,8262
298720,11210,8751,298730,8358,8241
298740,11217,8777,298750,8349,8221
298760,11229,8780,298770,8368,8232
298780,11223,8761,298790,8375,8247
298800,11214,8749,298810,8368,8260
298820,11223,8758,298830,8358,8248
298840,11229,8783,298850,8356,8217
298860,11233,8789,298870,8345,8219
298880,11223,8770,298890,8381,8247
298900,11213,8755,298910,8368,8258
298920,11222,8760,298930,8355,8243
298940,11238,8766,298950,8350,8216
298960,11233,8786,298970,8365,8231
298980,11222,8769,298990,8378,8251
299000,11225,8756,299010,8367,8256
299020,11226,8760,299030,8358,8233
299040,11221,8773,299050,8354,8218
299060,11189,8787,299070,8359,8219
299080,11181,8777,299090,8381,8246
299100,11222,8760,299110,8378,8257
299120,11250,8761,299130,8351,8239
299140,11253,8788,299150,8351,8231
299160,11248,8789,299170,8354,8231
299180,11245,8794,299190,8376,8251
299200,11235,8769,299210,8369,8253
299220,11242,8766,299230,8352,8238
299240,11252,8797,299250,8350,8217
299260,11249,8800,299270,8358,8221
299280,11245,8771,299290,8375,8255
299300,11247,8772,299310,8375,8263
299320,11250,8768,299330,8357,8239
299340,11249,8796,299350,8362,8224
299360,11252,8803,299370,8363,8228
299380,11242,8791,299390,8381,8251
299400,11236,8762,299410,8366,8250
299420,11247,8763,299430,8354,8237
299440,11252,8781,299450,8355,8223
299460,11245,8795,299470,8360,8236
299480,11225,8769,299490,8374,8256
299500,11232,8755,299510,8371,8261
299520,11242,8762,299530,8352,8242
299540,11257,8800,299550,8345,8220
299560,11246,8790,299570,8365,8222
299580,11234,8774,299590,8382,8250
299600,11233,8759,299610,8376,8254
299620,11250,8763,299630,8364,8239
299640,11252,8789,299650,8356,8219
299660,11246,8805,299670,8370,8230
299680,11247,8773,299690,8386,8254
299700,11234,8760,299710,8365,8260
299720,11241,8782,299730,8358,8242
299740,11252,8788,299750,8344,8215
299760,11264,8803,299770,8369,8240
299780,11237,8784,299790,8384,8263
299800,11232,8760,299810,8372,8262
299820,11248,8775,299830,8355,8246
299840,11261,8806,299850,8358,8222
299860,11262,8802,299870,8372,8227
299880,11253,8782,299890,8385,8257
299900,11244,8764,299910,8373,8260
299920,11252,8788,299930,8352,8235
299940,11261,8791,299950,8347,8218
299960,11257,8799,299970,8367,8235
299980,11247,8777,299990,8377,8249
300000,11242,8777,300010,8372,8252
300020,11259,8775,300030,8353,8238
300040,11264,8803,300050,8354,8225
300060,11264,8801,300070,8370,8227
300080,11243,8782,300090,8382,8262
300100,11240,8771,300110,8370,8253
300120,11230,8769,300130,8360,8220
300140,11237,8810,300150,8356,8232
300160,11228,8814,300170,8370,8235
300180,11238,8786,300190,8376,8263
300200,11255,8766,300210,8366,8261
300220,11272,8784,300230,8352,8227
300240,11277,8794,300250,8357,8226
300260,11257,8795,300270,8367,8234
300280,11248,8772,300290,8374,8253
300300,11258,8772,300310,8368,8254
300320,11254,8769,300330,8354,8235
300340,11261,8813,300350,8357,8219
300360,11270,8805,300370,8372,8222
300380,11250,8777,300390,8384,8257
300400,11254,8763,300410,8367,8246
300420,11259,8773,300430,8354,8233
300440,11267,8805,300450,8349,8223
300460,11262,8791,300470,8373,8241
300480,11255,8773,300490,8379,8266
300500,11249,8768,300510,8368,8252
300520,11259,8786,300530,8356,8233
300540,11276,8811,300550,8357,8225
300560,11268,8800,300570,8376,8237
300580,11256,8784,300590,8383,8263
300600,11249,8767,300610,8367,8249
300620,11258,8780,300630,8358,8237
300640,11268,8812,300650,8365,8232
300660,11264,8793,300670,8377,8244
300680,11259,8787,300690,8371,8259
300700,11253,8762,300710,8365,8253
300720,11264,8787,300730,8359,8227
300740,11273,8805,300750,8356,8225
300760,11254,8805,300770,8372,8230
300780,11260,8784,300790,8375,8254
300800,11243,8758,300810,8360,8250
300820,11250,8790,300830,8359,8226
300840,11264,8809,300850,8353,8225
300860,11265,8803,300870,8376,8232
300880,11258,8790,300890,8381,8263
300900,11249,8779,300910,8367,8261
300920,11256,8794,300930,8359,8240
300940,11264,8808,300950,8347,8223
300960,11270,8794,300970,8371,8239
300980,11251,8779,300990,8378,8261
301000,11253,8763,301010,8360,8244
301020,11254,8787,301030,8363,8232
301040,11268,8798,301050,8360,8223
301060,11263,8798,301070,8370,8232
301080,11249,8785,301090,8367,8259
301100,11253,8767,301110,8370,8256
301120,11263,8784,301130,8352,8240
301140,11274,8799,301150,8355,8228
301160,11265,8799,301170,8377,8240
301180,11249,8780,301190,8380,8256
301200,11241,8766,301210,8363,8245
301220,11227,8783,301230,8357,8232
301240,11240,8810,301250,8362,8223
301260,11262,8803,301270,8383,8240
301280,11279,8786,301290,8373,8255
301300,11273,8771,301310,8366,8260
301320,11264,8780,301330,8360,8226
301340,11268,8802,301350,8351,8220
301360,11277,8808,301370,8374,8247
301380,11257,8784,301390,8371,8252
301400,11251,8779,301410,8368,8254
301420,11270,8784,301430,8354,8236
301440,11271,8811,301450,8361,8221
301460,11272,8808,301470,8375,8240
301480,11249,8779,301490,8380,8254
301500,11263,8776,301510,8361,8255
301520,11258,8796,301530,8360,8231
301540,11267,8812,301550,8365,8220
301560,11272,8803,301570,8385,8235
301580,11254,8788,301590,8385,8269
301600,11269,8774,301610,8376,8258
301620,11260,8793,301630,8342,8226
301640,11272,8815,301650,8360,8224
301660,11265,8810,301670,8381,8239
301680,11252,8781,301690,8381,8256
301700,11256,8772,301710,8367,8252
301720,11269,8799,301730,8351,8227
301740,11267,8800,301750,8367,8221
301760,11260,8791,301770,8386,8245
301780,11259,8775,301790,8370,8254
301800,11251,8759,301810,8371,8248
301820,11263,8789,301830,8360,8225
301840,11265,8796,301850,8357,8211
301860,11267,8788,301870,8376,8240
301880,11252,8759,301890,8374,8254
301900,11256,8765,301910,8363,8242
301920,11243,8774,301930,8366,8227
301940,11259,8794,301950,8353,8219
301960,11246,8788,301970,8375,8230
301980,11228,8762,301990,8378,8255
302000,11234,8760,302010,8370,8244
302020,11228,8774,302030,8353,8220
302040,11237,8793,302050,8356,8219
302060,11233,8785,302070,8377,8231
302080,11232,8755,302090,8380,8255
302100,11226,8758,302110,8365,8254
302120,11239,8775,302130,8349,8228
302140,11240,8795,302150,8351,8223
302160,11234,8790,302170,8372,8239
302180,11228,8766,302190,8379,8271
302200,11247,8766,302210,8363,8251
302220,11248,8778,302230,8349,8234
302240,11253,8794,302250,8365,8219
302260,11224,8777,302270,8378,8241
302280,11193,8752,302290,8376,8255
302300,11195,8762,302310,8361,8247
302320,11211,8789,302330,8350,8222
302340,11247,8801,302350,8355,8224
302360,11257,8800,302370,8369,8237
302380,11255,8759,302390,8371,8254
302400,11246,8767,302410,8360,8247
302420,11258,8786,302430,8356,8229
302440,11270,8806,302450,8361,8227
302460,11250,8801,302470,8372,8250
302480,11246,8779,302490,8370,8262
302500,11250,8763,302510,8360,8245
302520,11265,8795,302530,8358,8223
302540,11257,8804,302550,8369,8227
302560,11252,8785,302570,8383,8250
302580,11246,8770,302590,8374,8258
302600,11248,8756,302610,8365,8251
302620,11263,8780,302630,8349,8221
302640,11254,8807,302650,8372,8226
302660,11256,8784,302670,8365,8247
302680,11245,8765,302690,8378,8258
302700,11245,8763,302710,8365,8247
302720,11258,8795,302730,8349,8226
302740,11260,8801,302750,8364,8221
302760,11263,8784,302770,8384,8249
302780,11257,8766,302790,8372,8253
302800,11261,8771,302810,8356,8239
302820,11260,8791,302830,8347,8222
302840,11263,8806,302850,8363,8230
302860,11261,8790,302870,8377,8249
302880,11254,8771,302890,8371,8253
302900,11252,8771,302910,8347,8232
302920,11270,8789,302930,8351,8227
302940,11261,8802,302950,8355,8221
302960,11254,8782,302970,8365,8246
302980,11239,8764,302990,8371,8256
303000,11254,8771,303010,8351,8241
303020,11256,8788,303030,8351,8214
303040,11267,8807,303050,8360,8224
303060,11257,8790,303070,8386,8250
303080,11253,8762,303090,8381,8251
303100,11257,8774,303110,8365,8231
303120,11262,8795,303130,8349,8219
303140,11280,8793,303150,8361,8224
303160,11261,8802,303170,8389,8254
303180,11264,8776,303190,8369,8256
303200,11254,8767,303210,8357,8250
303220,11275,8793,303230,8351,8220
303240,11268,8809,303250,8366,8227
303260,11259,8781,303270,8380,8251
303280,11263,8757,303290,8372,8256
303300,11253,8780,303310,8359,8245
303320,11275,8799,303330,8368,8231
303340,11266,8803,303350,8376,8229
303360,11240,8781,303370,8375,8241
303380,11222,8758,303390,8370,8258
303400,11233,8779,303410,8358,8242
303420,11279,8797,303430,8355,8218
303440,11283,8807,303450,8375,8237
303460,11262,8786,303470,8374,8240
303480,11257,8758,303490,8368,8259
303500,11257,8765,303510,8357,8236
303520,11270,8793,303530,8353,8219
303540,11291,8805,303550,8367,8226
303560,11262,8790,303570,8375,8245
303580,11262,8767,303590,8377,8254
303600,11267,8763,303610,8359,8239
303620,11262,8779,303630,8352,8227
303640,11267,8791,303650,8364,8222
303660,11262,8783,303670,8381,8247
303680,11244,8764,303690,8371,8255
303700,11260,8764,303710,8366,8246
303720,11273,8794,303730,8354,8227
303740,11273,8796,303750,8363,8225
303760,11269,8780,303770,8375,8242
303780,11265,8767,303790,8363,8246
303800,11278,8769,303810,8363,8241
303820,11273,8792,303830,8357,8218
303840,11283,8813,303850,8363,8221
303860,11271,8787,303870,8381,8251
303880,11273,8771,303890,8372,8261
303900,11281,8788,303910,8358,8249
303920,11286,8804,303930,8365,8222
303940,11281,8808,303950,8370,8225
303960,11274,8792,303970,8381,8252
303980,11244,8777,303990,8372,8255
304000,11237,8781,304010,8370,8245
304020,11218,8785,304030,8364,8228
304040,11198,8783,304050,8367,8234
304060,11148,8749,304070,8372,8252
304080,11113,8729,304090,8366,8260
304100,11071,8724,304110,8361,8233
304120,11041,8718,304130,8354,8226
304140,10996,8712,304150,8350,8230
304160,10968,8698,304170,8361,8253
304180,10918,8659,304190,8355,8260
304200,10904,8655,304210,8346,8244
304220,10880,8672,304230,8335,8230
304240,10866,8683,304250,8335,8239
304260,10826,8648,304270,8345,8242
304280,10750,8625,304290,8327,8241
304300,10627,8605,304310,8332,8233
304320,10526,8599,304330,8337,8238
304340,10492,8602,304350,8334,8241
304360,10457,8579,304370,8345,8254
304380,10437,8568,304390,8350,8261
304400,10397,8564,304410,8353,8267
304420,10362,8571,304430,8347,8266
304440,10316,8578,304450,8359,8282
304460,10261,8575,304470,8357,8288
304480,10243,8563,304490,8364,8295
304500,10212,8556,304510,8364,8289
304520,10228,8552,304530,8365,8312
304540,10233,8559,304550,8369,8316
304560,10212,8550,304570,8387,8330
304580,10188,8533,304590,8387,8328
304600,10145,8522,304610,8384,8322
304620,10078,8527,304630,8388,8333
304640,9977,8535,304650,8398,8339
304660,9872,8533,304670,8398,8351
304680,9756,8521,304690,8405,8354
304700,9704,8521,304710,8404,8355
304720,9681,8538,304730,8413,8350
304740,9671,8538,304750,8399,8353
304760,9538,8636,304770,8517,8469
304780,8759,8732,304790,8522,8522
304800,8553,8631,304810,8526,8526
304820,8536,8611,304830,8513,8530
304840,8523,8609,304850,8531,8529
304860,8525,8588,304870,8539,8528
304880,8521,8574,304890,8560,8530
304900,8579,8571,304910,8634,8522
304920,8667,8599,304930,8750,8585
304940,8756,8691,304950,8818,8675
304960,8827,8778,304970,8906,8778
304980,8901,8866,304990,8974,8905
305000,8982,8980,305010,9063,9002
305020,9032,9061,305030,9103,9053
305040,9057,9105,305050,9110,9072
305060,9070,9118,305070,9132,9124
305080,9085,9139,305090,9135,9138
305100,9092,9156,305110,9132,9124
305120,9082,9172,305130,9152,9157
305140,9096,9173,305150,9134,9136
305160,9088,9149,305170,9125,9124
305180,9073,9140,305190,9115,9100
305200,9065,9122,305210,9114,9064
305220,9062,9099,305230,9092,9022
305240,9017,9008,305250,9020,8922
305260,8950,8900,305270,8955,8816
305280,8901,8795,305290,8898,8686
305300,8847,8696,305310,8848,8558
305320,8789,8561,305330,8721,8457
305340,8661,8582,305350,8513,8434
305360,8569,8591,305370,8483,8431
305380,8555,8589,305390,8477,8437
305400,8542,8575,305410,8471,8442
305420,8543,8589,305430,8475,8432
305440,8565,8608,305450,8463,8420
305460,8625,8662,305470,8456,8436
305480,8797,8730,305490,8450,8414
305500,9503,8618,305510,8443,8377
305520,9720,8566,305530,8418,8372
305540,9813,8554,305550,8433,8379
305560,9749,8553,305570,8433,8377
305580,9800,8536,305590,8423,8377
305600,9802,8536,305610,8411,8364
305620,9782,8548,305630,8430,8364
305640,9820,8553,305650,8433,8389
305660,9846,8572,305670,8445,8396
305680,9867,8594,305690,8445,8396
305700,9929,8589,305710,8424,8388
305720,9857,8630,305730,8429,8381
305740,9988,8621,305750,8435,8383
305760,9994,8612,305770,8450,8408
305780,9955,8622,305790,8451,8398
305800,9986,8639,305810,8453,8407
305820,9965,8675,305830,8478,8422
305840,9913,8680,305850,8472,8404
305860,9852,8688,305870,8479,8408
305880,9814,8725,305890,8469,8416
305900,9849,8727,305910,8469,8422
305920,9831,8733,305930,8497,8425
305940,9770,8754,305950,8495,8422
305960,9770,8761,305970,8523,8446
305980,9740,8778,305990,8513,8439
306000,9796,8770,306010,8508,8437
306020,9811,8769,306030,8530,8452
306040,9800,8779,306050,8527,8445
306060,9739,8783,306070,8532,8468
306080,9713,8798,306090,8521,8470
306100,9681,8802,306110,8525,8475
306120,9712,8804,306130,8540,8471
306140,9726,8809,306150,8526,8470
306160,9651,8819,306170,8550,8493
306180,9642,8821,306190,8544,8486
306200,9632,8812,306210,8537,8482
306220,9618,8825,306230,8553,8478
306240,9600,8819,306250,8549,8483
306260,9546,8811,306270,8570,8511
306280,9549,8848,306290,8546,8489
306300,9624,8837,306310,8544,8488
306320,9593,8851,306330,8543,8494
306340,9549,8842,306350,8546,8487
306360,9463,8847,306370,8549,8498
306380,9421,8832,306390,8539,8456
306400,9342,8814,306410,8522,8440
306420,9251,8815,306430,8528,8438
306440,9225,8821,306450,8500,8421
306460,9191,8807,306470,8503,8419
306480,9048,8779,306490,8454,8389
306500,8987,8743,306510,8430,8345
306520,8950,8737,306530,8422,8341
306540,8926,8728,306550,8412,8341
306560,8861,8712,306570,8413,8337
306580,8811,8712,306590,8392,8334
306600,8785,8711,306610,8365,8295
306620,8853,8680,306630,8349,8291
306640,8907,8710,306650,8358,8321
306660,8935,8729,306670,8359,8324
306680,8918,8719,306690,8355,8311
306700,8797,8660,306710,8369,8315
306720,8613,8622,306730,8373,8341
306740,8549,8609,306750,8379,8360
306760,8528,8585,306770,8398,8365
306780,8505,8577,306790,8396,8359
306800,8496,8563,306810,8387,8358
306820,8491,8568,306830,8408,8377
306840,8507,8572,306850,8405,8371
306860,8489,8562,306870,8399,8387
306880,8499,8568,306890,8395,8380
306900,8515,8573,306910,8401,8370
306920,8510,8567,306930,8399,8375
306940,8502,8563,306950,8410,8370
306960,8510,8580,306970,8417,8397
306980,8506,8577,306990,8409,8390
