LED1 Timestamp (ms),LED1_PD1,LED1_PD2,LED2 Timestamp (ms),LED2_PD1,LED2_PD2
77000,9183,6390,77010,8259,6444
77020,9181,6383,77030,8264,6441
77040,9169,6361,77050,8266,6428
77060,9182,6356,77070,8277,6418
77080,9194,6387,77090,8262,6447
77100,9188,6358,77110,8266,6490
77120,9174,6448,77130,8279,6508
77140,9152,6436,77150,8268,6493
77160,9151,6431,77170,8280,6483
77180,9133,6439,77190,8276,6499
77200,9108,6423,77210,8269,6499
77220,9094,6427,77230,8265,6489
77240,9073,6436,77250,8268,6501
77260,9034,6429,77270,8269,6489
77280,9004,6434,77290,8262,6500
77300,8970,6430,77310,8270,6488
77320,8959,6424,77330,8268,6479
77340,8916,6423,77350,8262,6480
77360,8858,6405,77370,8256,6470
77380,8843,6394,77390,8245,6453
77400,8804,6372,77410,8247,6447
77420,8792,6446,77430,8247,6504
77440,8753,6441,77450,8246,6510
77460,8744,6458,77470,8245,6510
77480,8716,6449,77490,8249,6514
77500,8712,6438,77510,8248,6512
77520,8700,6446,77530,8244,6509
77540,8674,6449,77550,8251,6507
77560,8644,6452,77570,8260,6507
77580,8582,6455,77590,8255,6503
77600,8571,6445,77610,8267,6514
77620,8587,6449,77630,8269,6516
77640,8607,6445,77650,8266,6504
77660,8600,6454,77670,8288,6510
77680,8578,6456,77690,8281,6514
77700,8586,6462,77710,8274,6524
77720,8580,6463,77730,8276,6532
77740,8529,6453,77750,8247,6521
77760,8535,6456,77770,8247,6521
77780,8538,6461,77790,8244,6523
77800,8559,6453,77810,8244,6525
77820,8567,6461,77830,8245,6524
77840,8567,6451,77850,8227,6521
77860,8567,6456,77870,8244,6514
77880,8559,6452,77890,8245,6521
77900,8555,6447,77910,8236,6518
77920,8551,6452,77930,8241,6515
77940,8554,6449,77950,8237,6510
77960,8563,6437,77970,8246,6498
77980,8557,6437,77990,8242,6505
78000,8544,6434,78010,8246,6492
78020,8514,6437,78030,8248,6493
78040,8497,6437,78050,8235,6504
78060,8501,6432,78070,8248,6497
78080,8491,6435,78090,8240,6495
78100,8505,6436,78110,8239,6486
78120,8533,6432,78130,8233,6488
78140,8569,6429,78150,8243,6476
78160,8607,6412,78170,8241,6472
78180,8653,6403,78190,8238,6459
78200,8694,6402,78210,8247,6452
78220,8753,6372,78230,8245,6429
78240,8819,6428,78250,8244,6505
78260,8908,6450,78270,8259,6509
78280,8985,6450,78290,8267,6508
78300,9059,6445,78310,8268,6517
78320,9099,6448,78330,8271,6510
78340,9135,6448,78350,8271,6508
78360,9144,6442,78370,8285,6514
78380,9163,6448,78390,8278,6517
78400,9166,6439,78410,8270,6497
78420,9173,6441,78430,8280,6502
78440,9178,6438,78450,8276,6501
78460,9202,6457,78470,8282,6506
78480,9204,6445,78490,8270,6508
78500,9205,6438,78510,8270,6501
78520,9233,6444,78530,8277,6504
78540,9223,6442,78550,8283,6507
78560,9245,6440,78570,8277,6499
78580,9234,6447,78590,8269,6503
78600,9246,6445,78610,8271,6506
78620,9238,6437,78630,8268,6505
78640,9254,6446,78650,8274,6494
78660,9260,6434,78670,8273,6497
78680,9239,6430,78690,8267,6495
78700,9245,6436,78710,8267,6492
78720,9250,6433,78730,8271,6500
78740,9241,6429,78750,8266,6494
78760,9226,6435,78770,8262,6494
78780,9208,6429,78790,8271,6501
78800,9196,6432,78810,8262,6503
78820,9208,6425,78830,8264,6495
78840,9181,6428,78850,8261,6492
78860,9182,6433,78870,8264,6493
78880,9186,6430,78890,8276,6494
78900,9184,6436,78910,8270,6500
78920,9190,6433,78930,8264,6486
78940,9172,6424,78950,8261,6484
78960,9169,6435,78970,8256,6491
78980,9175,6423,78990,8255,6494
79000,9164,6420,79010,8253,6483
79020,9173,6420,79030,8257,6485
79040,9165,6418,79050,8252,6480
79060,9166,6415,79070,8263,6476
79080,9166,6411,79090,8248,6469
79100,9172,6402,79110,8264,6461
79120,9162,6393,79130,8249,6459
79140,9169,6390,79150,8264,6449
79160,9163,6386,79170,8264,6456
79180,9152,6396,79190,8255,6452
79200,9150,6393,79210,8257,6466
79220,9155,6409,79230,8264,6453
79240,9150,6404,79250,8259,6459
79260,9135,6409,79270,8249,6469
79280,9141,6388,79290,8256,6454
79300,9140,6393,79310,8260,6453
79320,9144,6398,79330,8248,6455
79340,9151,6393,79350,8247,6456
79360,9148,6391,79370,8247,6442
79380,9154,6380,79390,8253,6445
79400,9144,6377,79410,8251,6444
79420,9150,6382,79430,8249,6415
79440,9148,6428,79450,8255,6515
79460,9156,6450,79470,8249,6513
79480,9155,6452,79490,8257,6514
79500,9146,6448,79510,8246,6506
79520,9153,6450,79530,8251,6503
79540,9142,6457,79550,8246,6507
79560,9140,6448,79570,8259,6518
79580,9143,6450,79590,8251,6517
79600,9128,6444,79610,8246,6505
79620,9130,6444,79630,8245,6510
79640,9123,6455,79650,8251,6508
79660,9132,6451,79670,8258,6519
79680,9124,6446,79690,8254,6509
79700,9124,6449,79710,8244,6508
79720,9131,6451,79730,8239,6507
79740,9131,6440,79750,8255,6516
79760,9123,6440,79770,8246,6513
79780,9141,6446,79790,8243,6509
79800,9129,6446,79810,8257,6512
79820,9138,6456,79830,8248,6518
79840,9127,6448,79850,8246,6511
79860,9128,6437,79870,8252,6513
79880,9137,6457,79890,8241,6507
79900,9120,6437,79910,8251,6503
79920,9128,6454,79930,8245,6503
79940,9125,6445,79950,8245,6519
79960,9131,6442,79970,8245,6511
79980,9136,6457,79990,8238,6515
80000,9137,6448,80010,8239,6506
80020,9132,6442,80030,8249,6516
80040,9145,6433,80050,8243,6495
80060,9127,6437,80070,8246,6513
80080,9135,6455,80090,8248,6511
80100,9147,6434,80110,8251,6514
80120,9156,6447,80130,8245,6510
80140,9148,6445,80150,8250,6509
80160,9150,6439,80170,8239,6510
80180,9151,6443,80190,8234,6510
80200,9157,6434,80210,8243,6512
80220,9158,6434,80230,8243,6513
80240,9156,6432,80250,8249,6489
80260,9143,6430,80270,8238,6493
80280,9135,6432,80290,8239,6483
80300,9122,6428,80310,8241,6501
80320,9124,6427,80330,8245,6499
80340,9120,6437,80350,8249,6504
80360,9133,6449,80370,8247,6498
80380,9117,6439,80390,8258,6510
80400,9121,6451,80410,8246,6503
80420,9115,6443,80430,8249,6491
80440,9130,6456,80450,8251,6510
80460,9127,6449,80470,8248,6513
80480,9139,6450,80490,8251,6506
80500,9127,6445,80510,8251,6495
80520,9140,6446,80530,8248,6499
80540,9124,6454,80550,8250,6504
80560,9128,6443,80570,8246,6504
80580,9147,6441,80590,8240,6505
80600,9145,6440,80610,8246,6508
80620,9162,6452,80630,8249,6502
80640,9152,6439,80650,8246,6504
80660,9157,6444,80670,8253,6511
80680,9158,6445,80690,8250,6506
80700,9155,6445,80710,8255,6504
80720,9168,6437,80730,8243,6504
80740,9169,6446,80750,8253,6512
80760,9171,6452,80770,8245,6515
80780,9165,6441,80790,8250,6496
80800,9158,6442,80810,8246,6503
80820,9169,6452,80830,8255,6517
80840,9161,6435,80850,8248,6513
80860,9171,6444,80870,8250,6509
80880,9167,6444,80890,8260,6510
80900,9164,6449,80910,8248,6508
80920,9174,6451,80930,8261,6520
80940,9166,6448,80950,8246,6518
80960,9184,6459,80970,8261,6518
80980,9183,6442,80990,8253,6509
81000,9177,6444,81010,8254,6510
81020,9190,6449,81030,8246,6503
81040,9181,6451,81050,8255,6507
81060,9189,6450,81070,8247,6509
81080,9188,6446,81090,8258,6507
81100,9181,6433,81110,8253,6504
81120,9187,6441,81130,8249,6507
81140,9184,6442,81150,8250,6498
81160,9190,6446,81170,8248,6512
81180,9182,6436,81190,8250,6507
81200,9183,6436,81210,8259,6508
81220,9167,6437,81230,8260,6512
81240,9179,6448,81250,8256,6514
81260,9185,6452,81270,8251,6509
81280,9159,6452,81290,8255,6503
81300,9153,6447,81310,8262,6498
81320,9154,6446,81330,8260,6512
81340,9150,6429,81350,8246,6507
81360,9147,6450,81370,8249,6505
81380,9158,6446,81390,8256,6505
81400,9147,6443,81410,8263,6503
81420,9152,6426,81430,8255,6497
81440,9153,6414,81450,8253,6492
81460,9149,6422,81470,8251,6484
81480,9161,6430,81490,8258,6487
81500,9160,6435,81510,8258,6504
81520,9154,6444,81530,8260,6502
81540,9150,6455,81550,8259,6506
81560,9161,6454,81570,8257,6507
81580,9139,6436,81590,8258,6507
81600,9155,6453,81610,8254,6506
81620,9155,6459,81630,8262,6505
81640,9162,6445,81650,8263,6506
81660,9169,6453,81670,8257,6514
81680,9165,6458,81690,8257,6497
81700,9141,6465,81710,8257,6500
81720,9158,6439,81730,8245,6490
81740,9161,6453,81750,8255,6492
81760,9164,6446,81770,8255,6504
81780,9156,6438,81790,8261,6505
81800,9154,6453,81810,8255,6509
81820,9149,6447,81830,8257,6510
81840,9154,6449,81850,8252,6509
81860,9164,6444,81870,8256,6509
81880,9158,6441,81890,8258,6503
81900,9159,6449,81910,8252,6508
81920,9173,6457,81930,8255,6513
81940,9157,6457,81950,8260,6511
81960,9159,6447,81970,8254,6515
81980,9156,6447,81990,8250,6506
82000,9159,6440,82010,8257,6507
82020,9160,6434,82030,8251,6502
82040,9164,6442,82050,8254,6514
82060,9153,6446,82070,8256,6503
82080,9165,6443,82090,8254,6509
82100,9158,6449,82110,8260,6514
82120,9160,6442,82130,8255,6501
82140,9166,6440,82150,8248,6496
82160,9166,6453,82170,8255,6509
82180,9161,6447,82190,8252,6504
82200,9157,6439,82210,8261,6505
82220,9156,6433,82230,8254,6500
82240,9165,6444,82250,8245,6511
82260,9153,6437,82270,8254,6505
82280,9154,6443,82290,8249,6506
82300,9156,6434,82310,8248,6507
82320,9149,6440,82330,8252,6497
82340,9148,6451,82350,8253,6495
82360,9151,6437,82370,8260,6500
82380,9161,6439,82390,8264,6500
82400,9157,6437,82410,8243,6506
82420,9155,6434,82430,8249,6500
82440,9151,6443,82450,8267,6501
82460,9156,6444,82470,8260,6507
82480,9162,6451,82490,8252,6499
82500,9143,6440,82510,8260,6499
82520,9152,6441,82530,8253,6497
82540,9160,6443,82550,8256,6502
82560,9154,6428,82570,8245,6490
82580,9154,6419,82590,8261,6493
82600,9147,6402,82610,8261,6474
82620,9153,6400,82630,8253,6461
82640,9154,6393,82650,8263,6457
82660,9139,6434,82670,8264,6492
82680,9137,6432,82690,8261,6497
82700,9144,6442,82710,8251,6489
82720,9151,6444,82730,8258,6499
82740,9147,6443,82750,8258,6490
82760,9152,6440,82770,8256,6493
82780,9157,6431,82790,8257,6497
82800,9153,6425,82810,8256,6495
82820,9156,6432,82830,8253,6491
82840,9138,6430,82850,8256,6478
82860,9157,6434,82870,8262,6493
82880,9162,6434,82890,8255,6495
82900,9149,6429,82910,8253,6481
82920,9158,6427,82930,8255,6488
82940,9150,6431,82950,8258,6494
82960,9152,6434,82970,8256,6490
82980,9148,6429,82990,8257,6495
83000,9153,6431,83010,8260,6497
83020,9155,6434,83030,8267,6492
83040,9148,6436,83050,8265,6487
83060,9153,6429,83070,8259,6492
83080,9153,6425,83090,8250,6494
83100,9146,6418,83110,8265,6483
83120,9147,6424,83130,8265,6491
83140,9153,6430,83150,8245,6491
83160,9154,6425,83170,8258,6482
83180,9141,6416,83190,8252,6493
83200,9150,6421,83210,8248,6474
83220,9154,6405,83230,8259,6479
83240,9145,6408,83250,8249,6476
83260,9143,6405,83270,8254,6473
83280,9151,6413,83290,8261,6471
83300,9140,6401,83310,8253,6465
83320,9141,6409,83330,8260,6478
83340,9157,6409,83350,8245,6471
83360,9139,6406,83370,8253,6465
83380,9138,6404,83390,8256,6464
83400,9138,6401,83410,8258,6461
83420,9145,6393,83430,8248,6462
83440,9138,6397,83450,8256,6469
83460,9142,6393,83470,8246,6442
83480,9151,6398,83490,8261,6458
83500,9140,6386,83510,8248,6459
83520,9131,6387,83530,8250,6444
83540,9146,6388,83550,8256,6451
83560,9153,6380,83570,8256,6447
83580,9144,6380,83590,8263,6442
83600,9145,6373,83610,8251,6438
83620,9144,6373,83630,8246,6424
83640,9146,6350,83650,8251,6496
83660,9139,6442,83670,8257,6501
83680,9136,6438,83690,8247,6500
83700,9140,6434,83710,8250,6504
83720,9144,6426,83730,8255,6488
83740,9144,6420,83750,8261,6482
83760,9138,6420,83770,8261,6483
83780,9139,6413,83790,8256,6477
83800,9144,6394,83810,8253,6463
83820,9141,6386,83830,8251,6462
83840,9141,6407,83850,8246,6458
83860,9129,6438,83870,8250,6488
83880,9134,6438,83890,8248,6501
83900,9128,6444,83910,8259,6506
83920,9142,6438,83930,8254,6506
83940,9142,6450,83950,8250,6509
83960,9146,6434,83970,8252,6500
83980,9145,6443,83990,8252,6487
84000,9153,6436,84010,8255,6507
84020,9149,6439,84030,8252,6496
84040,9160,6444,84050,8248,6498
84060,9140,6441,84070,8251,6495
84080,9146,6443,84090,8256,6498
84100,9155,6427,84110,8260,6495
84120,9155,6448,84130,8249,6498
84140,9144,6438,84150,8254,6493
84160,9152,6438,84170,8264,6498
84180,9146,6436,84190,8243,6503
84200,9147,6436,84210,8252,6506
84220,9150,6441,84230,8263,6500
84240,9139,6439,84250,8251,6506
84260,9145,6450,84270,8266,6513
84280,9150,6449,84290,8251,6509
84300,9152,6432,84310,8258,6506
84320,9144,6434,84330,8267,6503
84340,9142,6428,84350,8248,6503
84360,9137,6430,84370,8253,6504
84380,9145,6442,84390,8253,6497
84400,9134,6443,84410,8251,6498
84420,9142,6440,84430,8248,6502
84440,9142,6434,84450,8248,6507
84460,9145,6437,84470,8264,6503
84480,9143,6434,84490,8263,6497
84500,9126,6436,84510,8249,6504
84520,9132,6435,84530,8255,6509
84540,9147,6441,84550,8247,6506
84560,9141,6439,84570,8251,6502
84580,9129,6441,84590,8251,6499
84600,9138,6436,84610,8248,6501
84620,9128,6435,84630,8241,6493
84640,9133,6429,84650,8249,6496
84660,9137,6435,84670,8254,6492
84680,9127,6435,84690,8256,6499
84700,9141,6427,84710,8252,6500
84720,9139,6440,84730,8248,6497
84740,9137,6437,84750,8257,6496
84760,9137,6431,84770,8258,6496
84780,9145,6434,84790,8261,6498
84800,9149,6437,84810,8244,6488
84820,9131,6434,84830,8250,6493
84840,9147,6439,84850,8253,6484
84860,9140,6429,84870,8240,6481
84880,9144,6410,84890,8256,6482
84900,9142,6408,84910,8254,6477
84920,9139,6409,84930,8246,6470
84940,9132,6408,84950,8255,6483
84960,9137,6411,84970,8258,6477
84980,9130,6426,84990,8247,6484
85000,9141,6428,85010,8249,6485
85020,9136,6431,85030,8250,6477
85040,9129,6422,85050,8258,6488
85060,9137,6425,85070,8251,6473
85080,9133,6415,85090,8255,6474
85100,9132,6431,85110,8235,6484
85120,9144,6422,85130,8249,6486
85140,9134,6423,85150,8249,6488
85160,9134,6415,85170,8248,6481
85180,9133,6425,85190,8251,6477
85200,9143,6416,85210,8247,6481
85220,9147,6411,85230,8255,6470
85240,9148,6416,85250,8256,6473
85260,9126,6409,85270,8260,6470
85280,9128,6412,85290,8245,6472
85300,9143,6407,85310,8257,6462
85320,9137,6392,85330,8258,6464
85340,9136,6400,85350,8249,6454
85360,9141,6403,85370,8251,6461
85380,9130,6387,85390,8246,6462
85400,9125,6397,85410,8258,6468
85420,9143,6400,85430,8253,6460
85440,9136,6397,85450,8248,6449
85460,9140,6381,85470,8255,6452
85480,9136,6389,85490,8264,6450
85500,9126,6391,85510,8258,6443
85520,9131,6135,85530,8249,6489
85540,9130,6444,85550,8250,6515
85560,9130,6448,85570,8249,6520
85580,9136,6447,85590,8246,6498
85600,9125,6459,85610,8258,6517
85620,9137,6444,85630,8257,6515
85640,9127,6453,85650,8253,6511
85660,9128,6438,85670,8248,6507
85680,9128,6456,85690,8252,6519
85700,9143,6448,85710,8254,6517
85720,9141,6448,85730,8247,6518
85740,9137,6449,85750,8256,6511
85760,9126,6448,85770,8255,6521
85780,9130,6452,85790,8251,6509
85800,9138,6451,85810,8246,6506
85820,9131,6443,85830,8254,6522
85840,9135,6438,85850,8247,6517
85860,9129,6447,85870,8262,6515
85880,9137,6454,85890,8252,6490
85900,9135,6447,85910,8260,6518
85920,9123,6445,85930,8250,6506
85940,9121,6440,85950,8244,6524
85960,9132,6453,85970,8248,6506
85980,9119,6440,85990,8248,6509
86000,9122,6439,86010,8255,6508
86020,9128,6443,86030,8242,6499
86040,9125,6439,86050,8244,6489
86060,9132,6421,86070,8238,6495
86080,9125,6420,86090,8245,6490
86100,9128,6409,86110,8250,6494
86120,9117,6419,86130,8251,6493
86140,9125,6432,86150,8252,6492
86160,9118,6444,86170,8260,6499
86180,9117,6449,86190,8251,6474
86200,9112,6436,86210,8251,6474
86220,9108,6421,86230,8257,6479
86240,9103,6442,86250,8255,6491
86260,9116,6456,86270,8248,6503
86280,9129,6447,86290,8254,6504
86300,9118,6448,86310,8244,6506
86320,9121,6449,86330,8245,6514
86340,9120,6446,86350,8246,6503
86360,9129,6442,86370,8259,6501
86380,9133,6453,86390,8249,6507
86400,9121,6450,86410,8244,6499
86420,9130,6441,86430,8256,6513
86440,9124,6451,86450,8252,6514
86460,9128,6448,86470,8255,6514
86480,9127,6451,86490,8252,6509
86500,9121,6448,86510,8253,6509
86520,9118,6456,86530,8248,6502
86540,9116,6438,86550,8248,6503
86560,9125,6451,86570,8262,6505
86580,9118,6447,86590,8249,6503
86600,9123,6444,86610,8248,6506
86620,9136,6445,86630,8253,6515
86640,9129,6443,86650,8252,6506
86660,9134,6449,86670,8249,6520
86680,9131,6452,86690,8261,6509
86700,9137,6451,86710,8252,6504
86720,9131,6446,86730,8249,6510
86740,9122,6443,86750,8261,6520
86760,9127,6448,86770,8255,6510
86780,9120,6441,86790,8261,6469
86800,9127,6443,86810,8262,6520
86820,9126,6443,86830,8250,6508
86840,9124,6451,86850,8248,6507
86860,9124,6444,86870,8249,6514
86880,9126,6451,86890,8252,6522
86900,9130,6459,86910,8252,6513
86920,9121,6454,86930,8258,6517
86940,9117,6449,86950,8249,6518
86960,9115,6447,86970,8261,6518
86980,9121,6443,86990,8252,6513
87000,9117,6442,87010,8253,6503
87020,9124,6454,87030,8250,6516
87040,9114,6456,87050,8257,6508
87060,9120,6452,87070,8253,6510
87080,9118,6443,87090,8244,6475
87100,9118,6443,87110,8248,6514
87120,9143,6456,87130,8250,6502
87140,9146,6444,87150,8247,6505
87160,9156,6451,87170,8250,6505
87180,9148,6444,87190,8253,6500
87200,9139,6428,87210,8245,6495
87220,9150,6435,87230,8257,6496
87240,9159,6435,87250,8249,6486
87260,9145,6425,87270,8261,6497
87280,9164,6433,87290,8258,6493
87300,9161,6453,87310,8243,6502
87320,9136,6435,87330,8259,6497
87340,9142,6443,87350,8262,6506
87360,9139,6454,87370,8252,6511
87380,9133,6445,87390,8262,6510
87400,9130,6449,87410,8249,6508
87420,9148,6448,87430,8254,6504
87440,9139,6450,87450,8255,6513
87460,9138,6453,87470,8251,6509
87480,9142,6460,87490,8257,6516
87500,9137,6431,87510,8252,6505
87520,9127,6454,87530,8256,6505
87540,9140,6453,87550,8246,6513
87560,9126,6447,87570,8257,6515
87580,9135,6456,87590,8259,6522
87600,9126,6449,87610,8251,6507
87620,9147,6450,87630,8256,6516
87640,9131,6445,87650,8259,6501
87660,9128,6445,87670,8251,6513
87680,9139,6440,87690,8243,6467
87700,9126,6446,87710,8256,6506
87720,9120,6437,87730,8250,6498
87740,9144,6451,87750,8255,6498
87760,9130,6441,87770,8249,6507
87780,9129,6444,87790,8261,6508
87800,9121,6445,87810,8250,6501
87820,9126,6446,87830,8255,6503
87840,9132,6444,87850,8256,6506
87860,9137,6448,87870,8254,6502
87880,9136,6441,87890,8248,6506
87900,9128,6437,87910,8249,6498
87920,9130,6439,87930,8255,6512
87940,9135,6447,87950,8254,6515
87960,9135,6442,87970,8256,6504
87980,9132,6451,87990,8254,6510
88000,9130,6449,88010,8260,6505
88020,9129,6445,88030,8250,6507
88040,9140,6438,88050,8262,6505
88060,9135,6436,88070,8257,6511
88080,9127,6440,88090,8259,6505
88100,9139,6448,88110,8255,6511
88120,9135,6443,88130,8257,6505
88140,9126,6446,88150,8256,6508
88160,9126,6432,88170,8252,6503
88180,9136,6439,88190,8257,6508
88200,9130,6448,88210,8250,6500
88220,9126,6451,88230,8260,6506
88240,9126,6433,88250,8257,6497
88260,9120,6429,88270,8266,6503
88280,9125,6442,88290,8255,6477
88300,9134,6435,88310,8252,6498
88320,9140,6428,88330,8253,6498
88340,9127,6435,88350,8261,6487
88360,9138,6420,88370,8253,6485
88380,9127,6412,88390,8248,6475
88400,9141,6418,88410,8247,6470
88420,9127,6416,88430,8239,6475
88440,9125,6411,88450,8250,6478
88460,9129,6415,88470,8250,6480
88480,9123,6430,88490,8253,6477
88500,9125,6429,88510,8252,6490
88520,9122,6431,88530,8239,6490
88540,9130,6429,88550,8252,6485
88560,9118,6431,88570,8250,6496
88580,9141,6433,88590,8256,6460
88600,9118,6432,88610,8247,6467
88620,9111,6422,88630,8252,6460
88640,9116,6433,88650,8251,6478
88660,9130,6426,88670,8257,6484
88680,9135,6421,88690,8254,6487
88700,9124,6420,88710,8258,6489
88720,9126,6424,88730,8250,6481
88740,9122,6426,88750,8257,6480
88760,9130,6417,88770,8248,6478
88780,9130,6425,88790,8249,6473
88800,9128,6409,88810,8257,6467
88820,9134,6418,88830,8244,6472
88840,9132,6406,88850,8249,6470
88860,9123,6406,88870,8250,6472
88880,9128,6398,88890,8256,6464
88900,9127,6411,88910,8256,6475
88920,9130,6404,88930,8255,6469
88940,9123,6402,88950,8260,6477
88960,9129,6395,88970,8248,6464
88980,9133,6398,88990,8254,6455
89000,9130,6398,89010,8257,6460
89020,9129,6396,89030,8254,6461
89040,9122,6384,89050,8251,6449
89060,9121,6387,89070,8260,6450
89080,9123,6391,89090,8250,6450
89100,9120,6379,89110,8253,6445
89120,9127,6377,89130,8255,6439
89140,9129,6371,89150,8247,6432
89160,9116,6437,89170,8268,6509
89180,9123,6441,89190,8258,6512
89200,9124,6442,89210,8253,6506
89220,9122,6441,89230,8253,6510
89240,9123,6442,89250,8255,6510
89260,9118,6445,89270,8260,6516
89280,9126,6443,89290,8254,6510
89300,9111,6446,89310,8256,6506
89320,9124,6449,89330,8254,6503
89340,9131,6457,89350,8256,6509
89360,9138,6440,89370,8260,6521
89380,9124,6447,89390,8254,6496
89400,9128,6453,89410,8254,6508
89420,9123,6441,89430,8243,6506
89440,9116,6443,89450,8246,6503
89460,9114,6444,89470,8249,6504
89480,9124,6447,89490,8249,6512
89500,9129,6437,89510,8253,6497
89520,9114,6422,89530,8252,6492
89540,9123,6422,89550,8250,6490
89560,9125,6417,89570,8255,6495
89580,9132,6435,89590,8254,6493
89600,9133,6432,89610,8239,6491
89620,9122,6440,89630,8256,6496
89640,9124,6441,89650,8251,6506
89660,9120,6450,89670,8256,6510
89680,9117,6443,89690,8253,6509
89700,9124,6445,89710,8258,6508
89720,9128,6437,89730,8261,6508
89740,9131,6441,89750,8249,6502
89760,9135,6444,89770,8254,6495
89780,9132,6441,89790,8244,6493
89800,9127,6447,89810,8245,6489
89820,9131,6445,89830,8243,6501
89840,9119,6438,89850,8259,6506
89860,9121,6439,89870,8247,6500
89880,9133,6447,89890,8244,6504
89900,9127,6441,89910,8244,6505
89920,9132,6438,89930,8252,6505
89940,9143,6438,89950,8244,6508
89960,9134,6439,89970,8251,6506
89980,9128,6436,89990,8250,6504
90000,9143,6444,90010,8256,6505
90020,9131,6441,90030,8253,6501
90040,9141,6443,90050,8251,6504
90060,9149,6446,90070,8251,6498
90080,9145,6446,90090,8260,6496
90100,9133,6433,90110,8257,6499
90120,9135,6430,90130,8251,6501
90140,9144,6438,90150,8246,6504
90160,9135,6435,90170,8262,6504
90180,9138,6441,90190,8259,6502
90200,9127,6442,90210,8245,6500
90220,9141,6435,90230,8250,6502
90240,9141,6438,90250,8255,6498
90260,9150,6437,90270,8253,6503
90280,9146,6430,90290,8255,6507
90300,9147,6448,90310,8248,6495
90320,9140,6436,90330,8250,6502
90340,9141,6426,90350,8257,6497
90360,9136,6445,90370,8245,6497
90380,9136,6430,90390,8249,6493
90400,9144,6436,90410,8256,6502
90420,9145,6428,90430,8257,6498
90440,9136,6430,90450,8254,6496
90460,9144,6443,90470,8260,6501
90480,9141,6432,90490,8249,6496
90500,9139,6438,90510,8261,6492
90520,9145,6439,90530,8254,6487
90540,9138,6426,90550,8262,6490
90560,9139,6430,90570,8255,6498
90580,9143,6431,90590,8255,6495
90600,9137,6429,90610,8239,6493
90620,9138,6426,90630,8246,6498
90640,9140,6425,90650,8246,6489
90660,9141,6425,90670,8256,6484
90680,9134,6412,90690,8260,6463
90700,9128,6395,90710,8248,6456
90720,9139,6391,90730,8258,6455
90740,9135,6384,90750,8258,6457
90760,9134,6400,90770,8250,6470
90780,9133,6404,90790,8244,6464
90800,9135,6412,90810,8249,6473
90820,9128,6424,90830,8243,6473
90840,9130,6405,90850,8252,6471
90860,9124,6411,90870,8261,6473
90880,9138,6412,90890,8254,6464
90900,9147,6415,90910,8259,6463
90920,9146,6410,90930,8262,6467
90940,9149,6416,90950,8263,6472
90960,9154,6416,90970,8259,6465
90980,9140,6405,90990,8258,6460
91000,9142,6392,91010,8245,6450
91020,9134,6381,91030,8254,6458
91040,9142,6400,91050,8258,6458
91060,9139,6389,91070,8257,6451
91080,9146,6387,91090,8262,6450
91100,9142,6386,91110,8248,6443
91120,9140,6331,91130,8264,6511
91140,9152,6456,91150,8252,6518
91160,9144,6455,91170,8252,6526
91180,9146,6456,91190,8253,6514
91200,9141,6450,91210,8245,6511
91220,9135,6449,91230,8253,6524
91240,9142,6456,91250,8259,6516
91260,9144,6459,91270,8251,6521
91280,9148,6462,91290,8253,6516
91300,9144,6464,91310,8267,6520
91320,9154,6461,91330,8252,6526
91340,9148,6457,91350,8258,6521
91360,9146,6449,91370,8249,6509
91380,9141,6458,91390,8258,6519
91400,9148,6454,91410,8266,6516
91420,9150,6459,91430,8262,6517
91440,9152,6458,91450,8258,6519
91460,9141,6451,91470,8259,6526
91480,9144,6458,91490,8249,6513
91500,9141,6446,91510,8263,6515
91520,9134,6451,91530,8254,6514
91540,9150,6451,91550,8249,6512
91560,9151,6457,91570,8260,6524
91580,9152,6446,91590,8259,6502
91600,9136,6441,91610,8263,6516
91620,9148,6450,91630,8255,6513
91640,9153,6460,91650,8251,6514
91660,9143,6457,91670,8258,6506
91680,9139,6449,91690,8261,6513
91700,9135,6447,91710,8255,6513
91720,9123,6446,91730,8253,6509
91740,9134,6451,91750,8260,6523
91760,9148,6456,91770,8255,6515
91780,9136,6452,91790,8254,6509
91800,9143,6449,91810,8259,6514
91820,9137,6439,91830,8257,6513
91840,9150,6436,91850,8262,6508
91860,9155,6436,91870,8260,6502
91880,9141,6436,91890,8249,6503
91900,9149,6429,91910,8257,6499
91920,9141,6433,91930,8252,6500
91940,9143,6455,91950,8259,6510
91960,9133,6454,91970,8252,6509
91980,9139,6459,91990,8255,6515
92000,9150,6458,92010,8256,6507
92020,9147,6464,92030,8252,6510
92040,9140,6451,92050,8264,6523
92060,9132,6457,92070,8259,6514
92080,9136,6447,92090,8256,6512
92100,9151,6457,92110,8257,6512
92120,9135,6457,92130,8256,6520
92140,9137,6448,92150,8254,6511
92160,9131,6443,92170,8251,6507
92180,9142,6452,92190,8248,6511
92200,9136,6450,92210,8245,6508
92220,9141,6449,92230,8248,6509
92240,9137,6449,92250,8252,6515
92260,9125,6444,92270,8261,6514
92280,9135,6452,92290,8263,6519
92300,9136,6441,92310,8257,6504
92320,9151,6459,92330,8256,6524
92340,9137,6450,92350,8257,6511
92360,9135,6454,92370,8254,6505
92380,9133,6452,92390,8244,6516
92400,9139,6458,92410,8262,6514
92420,9134,6446,92430,8265,6522
92440,9140,6454,92450,8262,6518
92460,9126,6449,92470,8252,6511
92480,9136,6462,92490,8256,6514
92500,9124,6451,92510,8260,6513
92520,9117,6442,92530,8252,6510
92540,9108,6449,92550,8255,6518
92560,9110,6453,92570,8247,6516
92580,9102,6444,92590,8251,6515
92600,9109,6448,92610,8251,6512
92620,9098,6447,92630,8254,6515
92640,9106,6447,92650,8241,6502
92660,9104,6452,92670,8247,6506
92680,9102,6446,92690,8244,6506
92700,9105,6451,92710,8257,6517
92720,9113,6455,92730,8252,6509
92740,9111,6450,92750,8262,6523
92760,9108,6451,92770,8251,6508
92780,9113,6455,92790,8255,6509
92800,9104,6447,92810,8253,6512
92820,9118,6450,92830,8253,6501
92840,9118,6450,92850,8249,6516
92860,9109,6449,92870,8259,6509
92880,9114,6453,92890,8253,6505
92900,9127,6460,92910,8255,6503
92920,9116,6452,92930,8254,6503
92940,9120,6449,92950,8247,6514
92960,9113,6445,92970,8255,6514
92980,9116,6445,92990,8255,6510
93000,9123,6432,93010,8253,6485
93020,9125,6416,93030,8258,6492
93040,9122,6423,93050,8254,6496
93060,9113,6419,93070,8255,6485
93080,9126,6439,93090,8256,6475
93100,9115,6402,93110,8252,6465
93120,9115,6400,93130,8256,6476
93140,9117,6405,93150,8249,6506
93160,9114,6450,93170,8252,6504
93180,9113,6461,93190,8262,6503
93200,9116,6455,93210,8251,6511
93220,9123,6450,93230,8246,6502
93240,9114,6445,93250,8261,6511
93260,9120,6447,93270,8256,6510
93280,9131,6442,93290,8258,6505
93300,9118,6447,93310,8255,6499
93320,9112,6443,93330,8257,6510
93340,9124,6452,93350,8246,6512
93360,9120,6437,93370,8254,6516
93380,9123,6444,93390,8256,6500
93400,9119,6450,93410,8253,6517
93420,9130,6453,93430,8263,6514
93440,9121,6447,93450,8248,6506
93460,9117,6442,93470,8259,6513
93480,9121,6446,93490,8259,6510
93500,9123,6444,93510,8256,6506
93520,9122,6442,93530,8247,6511
93540,9114,6454,93550,8254,6507
93560,9117,6443,93570,8260,6508
93580,9113,6449,93590,8270,6510
93600,9116,6442,93610,8254,6507
93620,9121,6417,93630,8259,6511
93640,9120,6450,93650,8254,6509
93660,9132,6431,93670,8247,6503
93680,9115,6435,93690,8249,6501
93700,9130,6435,93710,8258,6503
93720,9119,6438,93730,8257,6505
93740,9117,6434,93750,8254,6506
93760,9117,6443,93770,8245,6494
93780,9123,6442,93790,8262,6504
93800,9126,6436,93810,8249,6496
93820,9128,6437,93830,8257,6502
93840,9119,6441,93850,8255,6494
93860,9126,6441,93870,8254,6502
93880,9121,6434,93890,8246,6501
93900,9128,6441,93910,8260,6499
93920,9121,6441,93930,8250,6506
93940,9125,6442,93950,8251,6506
93960,9126,6435,93970,8250,6499
93980,9128,6441,93990,8250,6499
94000,9129,6437,94010,8257,6499
94020,9126,6435,94030,8259,6505
94040,9129,6435,94050,8249,6492
94060,9134,6429,94070,8248,6496
94080,9128,6435,94090,8257,6507
94100,9122,6432,94110,8258,6496
94120,9134,6435,94130,8264,6493
94140,9119,6422,94150,8248,6483
94160,9120,6407,94170,8250,6474
94180,9123,6412,94190,8254,6480
94200,9119,6405,94210,8255,6475
94220,9124,6414,94230,8253,6478
94240,9122,6415,94250,8255,6488
94260,9127,6422,94270,8261,6474
94280,9122,6422,94290,8258,6444
94300,9111,6408,94310,8253,6459
94320,9108,6414,94330,8254,6453
94340,9103,6407,94350,8258,6481
94360,9133,6421,94370,8244,6472
94380,9118,6418,94390,8252,6475
94400,9117,6411,94410,8260,6476
94420,9127,6405,94430,8255,6476
94440,9120,6412,94450,8269,6466
94460,9128,6399,94470,8257,6462
94480,9129,6407,94490,8252,6465
94500,9124,6385,94510,8257,6460
94520,9124,6393,94530,8256,6465
94540,9125,6397,94550,8263,6463
94560,9115,6394,94570,8254,6454
94580,9135,6406,94590,8263,6464
94600,9123,6387,94610,8257,6454
94620,9117,6396,94630,8247,6448
94640,9116,6391,94650,8263,6449
94660,9124,6391,94670,8253,6452
94680,9124,6385,94690,8247,6444
94700,9118,6389,94710,8263,6445
94720,9128,6371,94730,8263,6436
94740,9124,6411,94750,8254,6514
94760,9127,6444,94770,8262,6513
94780,9126,6451,94790,8254,6512
94800,9127,6439,94810,8251,6513
94820,9114,6437,94830,8246,6501
94840,9121,6444,94850,8246,6503
94860,9128,6446,94870,8256,6512
94880,9129,6442,94890,8255,6503
94900,9124,6441,94910,8256,6505
94920,9141,6452,94930,8256,6505
94940,9124,6450,94950,8257,6506
94960,9126,6447,94970,8254,6507
94980,9120,6438,94990,8254,6500
95000,9116,6446,95010,8253,6498
95020,9131,6446,95030,8258,6509
95040,9125,6446,95050,8253,6510
95060,9135,6441,95070,8253,6511
95080,9140,6447,95090,8251,6504
95100,9137,6461,95110,8256,6512
95120,9128,6443,95130,8252,6511
95140,9112,6442,95150,8254,6512
95160,9118,6451,95170,8257,6501
95180,9124,6437,95190,8258,6508
95200,9128,6447,95210,8258,6499
95220,9126,6444,95230,8261,6508
95240,9129,6437,95250,8255,6500
95260,9124,6443,95270,8255,6506
95280,9128,6443,95290,8245,6502
95300,9118,6435,95310,8246,6493
95320,9124,6433,95330,8253,6480
95340,9122,6434,95350,8253,6485
95360,9125,6419,95370,8250,6485
95380,9124,6418,95390,8254,6481
95400,9127,6422,95410,8248,6486
95420,9118,6451,95430,8262,6492
95440,9119,6441,95450,8248,6499
95460,9108,6452,95470,8253,6496
95480,9116,6446,95490,8259,6492
95500,9109,6445,95510,8257,6507
95520,9129,6456,95530,8254,6502
95540,9118,6437,95550,8248,6508
95560,9136,6443,95570,8264,6507
95580,9119,6443,95590,8250,6508
95600,9135,6455,95610,8257,6501
95620,9124,6436,95630,8252,6504
95640,9116,6442,95650,8262,6507
95660,9113,6444,95670,8254,6507
95680,9121,6442,95690,8256,6509
95700,9125,6452,95710,8253,6500
95720,9121,6438,95730,8252,6508
95740,9125,6445,95750,8268,6514
95760,9123,6442,95770,8252,6503
95780,9113,6432,95790,8262,6498
95800,9121,6439,95810,8257,6504
95820,9117,6441,95830,8257,6504
95840,9137,6449,95850,8266,6510
95860,9124,6440,95870,8251,6503
95880,9127,6450,95890,8250,6500
95900,9123,6441,95910,8257,6501
95920,9119,6429,95930,8256,6493
95940,9124,6435,95950,8257,6497
95960,9111,6437,95970,8260,6494
95980,9126,6440,95990,8245,6506
96000,9125,6436,96010,8254,6497
96020,9108,6431,96030,8249,6497
96040,9114,6431,96050,8254,6492
96060,9115,6431,96070,8257,6498
96080,9122,6430,96090,8257,6495
96100,9118,6418,96110,8246,6485
96120,9110,6426,96130,8256,6492
96140,9116,6429,96150,8255,6492
96160,9109,6430,96170,8257,6491
96180,9116,6433,96190,8252,6490
96200,9121,6433,96210,8256,6496
96220,9118,6425,96230,8262,6487
96240,9115,6420,96250,8257,6490
96260,9117,6424,96270,8247,6482
96280,9107,6424,96290,8251,6488
96300,9118,6425,96310,8261,6486
96320,9103,6415,96330,8255,6485
96340,9109,6416,96350,8255,6486
96360,9107,6424,96370,8261,6483
96380,9101,6414,96390,8261,6485
96400,9114,6419,96410,8264,6482
96420,9107,6415,96430,8250,6474
96440,9108,6414,96450,8258,6477
96460,9114,6402,96470,8245,6464
96480,9105,6389,96490,8260,6453
96500,9110,6377,96510,8255,6445
96520,9103,6379,96530,8260,6443
96540,9106,6375,96550,8247,6448
96560,9124,6383,96570,8259,6455
96580,9091,6392,96590,8251,6443
96600,9103,6386,96610,8256,6450
96620,9100,6394,96630,8249,6453
96640,9105,6379,96650,8260,6444
96660,9109,6382,96670,8248,6441
96680,9102,6363,96690,8254,6451
96700,9097,6444,96710,8255,6500
96720,9100,6466,96730,8251,6508
96740,9115,6448,96750,8256,6518
96760,9113,6454,96770,8258,6515
96780,9111,6454,96790,8258,6513
96800,9102,6450,96810,8252,6511
96820,9115,6449,96830,8254,6511
96840,9116,6457,96850,8259,6511
96860,9117,6450,96870,8247,6508
96880,9113,6441,96890,8259,6519
96900,9112,6447,96910,8254,6512
96920,9106,6440,96930,8250,6508
96940,9124,6452,96950,8239,6512
96960,9109,6459,96970,8256,6507
96980,9099,6450,96990,8259,6508
97000,9114,6443,97010,8249,6507
97020,9105,6451,97030,8252,6517
97040,9118,6459,97050,8257,6515
97060,9098,6450,97070,8254,6516
97080,9114,6441,97090,8262,6522
97100,9115,6450,97110,8255,6508
97120,9120,6462,97130,8252,6522
97140,9114,6450,97150,8259,6515
97160,9112,6456,97170,8240,6514
97180,9114,6450,97190,8250,6504
97200,9112,6442,97210,8254,6511
97220,9111,6457,97230,8246,6521
97240,9105,6445,97250,8249,6517
97260,9109,6449,97270,8253,6521
97280,9113,6450,97290,8254,6514
97300,9124,6453,97310,8258,6503
97320,9112,6452,97330,8256,6510
97340,9118,6453,97350,8255,6518
97360,9112,6456,97370,8251,6509
97380,9121,6448,97390,8253,6513
97400,9124,6455,97410,8255,6521
97420,9113,6449,97430,8248,6522
97440,9113,6450,97450,8256,6509
97460,9110,6456,97470,8243,6521
97480,9111,6458,97490,8253,6515
97500,9107,6451,97510,8257,6515
97520,9111,6449,97530,8247,6514
97540,9116,6449,97550,8254,6518
97560,9122,6450,97570,8257,6512
97580,9081,6383,97590,8265,6523
97600,9108,6450,97610,8255,6509
97620,9122,6437,97630,8258,6501
97640,9113,6434,97650,8242,6496
97660,9114,6428,97670,8256,6484
97680,9104,6429,97690,8259,6504
97700,9116,6427,97710,8248,6485
97720,9115,6440,97730,8244,6497
97740,9106,6439,97750,8254,6487
97760,9103,6450,97770,8251,6509
97780,9103,6452,97790,8242,6506
97800,9102,6453,97810,8258,6511
97820,9100,6449,97830,8253,6515
97840,9116,6457,97850,8260,6512
97860,9109,6450,97870,8244,6504
97880,9104,6438,97890,8258,6522
97900,9108,6451,97910,8257,6508
97920,9108,6448,97930,8245,6517
97940,9109,6451,97950,8252,6505
97960,9119,6460,97970,8256,6510
97980,9121,6457,97990,8261,6521
98000,9114,6447,98010,8257,6515
98020,9105,6450,98030,8251,6515
98040,9110,6445,98050,8256,6517
98060,9115,6451,98070,8254,6513
98080,9109,6450,98090,8260,6513
98100,9106,6448,98110,8254,6523
98120,9109,6447,98130,8255,6509
98140,9108,6447,98150,8255,6514
98160,9106,6450,98170,8250,6512
98180,9093,6392,98190,8251,6515
98200,9114,6451,98210,8254,6517
98220,9110,6450,98230,8260,6503
98240,9113,6447,98250,8251,6524
98260,9114,6451,98270,8250,6517
98280,9116,6449,98290,8250,6508
98300,9114,6458,98310,8253,6504
98320,9110,6457,98330,8243,6511
98340,9112,6451,98350,8248,6515
98360,9106,6454,98370,8249,6513
98380,9104,6450,98390,8254,6519
98400,9099,6451,98410,8256,6507
98420,9116,6452,98430,8249,6515
98440,9119,6448,98450,8258,6511
98460,9116,6458,98470,8256,6512
98480,9112,6455,98490,8259,6515
98500,9110,6447,98510,8253,6506
98520,9117,6454,98530,8248,6510
98540,9111,6449,98550,8265,6515
98560,9106,6453,98570,8253,6519
98580,9111,6452,98590,8253,6504
98600,9113,6466,98610,8260,6508
98620,9115,6449,98630,8254,6512
98640,9103,6447,98650,8259,6507
98660,9116,6454,98670,8249,6497
98680,9115,6443,98690,8255,6506
98700,9120,6460,98710,8251,6520
98720,9113,6444,98730,8263,6518
98740,9111,6454,98750,8263,6514
98760,9113,6443,98770,8247,6512
98780,9091,6382,98790,8265,6496
98800,9116,6425,98810,8243,6490
98820,9100,6405,98830,8252,6477
98840,9112,6442,98850,8256,6502
98860,9110,6419,98870,8254,6502
98880,9105,6428,98890,8255,6496
98900,9107,6444,98910,8255,6510
98920,9104,6441,98930,8264,6500
98940,9109,6459,98950,8254,6496
98960,9098,6443,98970,8253,6512
98980,9099,6446,98990,8256,6506
99000,9096,6442,99010,8248,6509
99020,9101,6436,99030,8257,6495
99040,9114,6448,99050,8263,6506
99060,9112,6442,99070,8256,6509
99080,9094,6401,99090,8253,6504
99100,9109,6455,99110,8250,6501
99120,9110,6439,99130,8256,6499
99140,9109,6439,99150,8261,6515
99160,9111,6436,99170,8256,6516
99180,9108,6447,99190,8266,6512
99200,9113,6446,99210,8246,6503
99220,9102,6430,99230,8261,6508
99240,9116,6442,99250,8255,6504
99260,9117,6449,99270,8258,6494
99280,9112,6450,99290,8256,6496
99300,9124,6448,99310,8255,6503
99320,9111,6437,99330,8252,6506
99340,9108,6441,99350,8248,6507
99360,9122,6443,99370,8266,6507
99380,9124,6443,99390,8254,6498
99400,9130,6441,99410,8250,6503
99420,9110,6432,99430,8260,6495
99440,9110,6431,99450,8247,6503
99460,9123,6449,99470,8262,6503
99480,9116,6450,99490,8262,6500
99500,9111,6434,99510,8255,6502
99520,9112,6438,99530,8251,6499
99540,9111,6433,99550,8256,6514
99560,9123,6435,99570,8244,6504
99580,9107,6435,99590,8252,6486
99600,9120,6445,99610,8247,6489
99620,9119,6427,99630,8255,6498
99640,9106,6426,99650,8254,6505
99660,9127,6439,99670,8260,6497
99680,9111,6386,99690,8264,6507
99700,9118,6427,99710,8257,6498
99720,9117,6428,99730,8256,6488
99740,9122,6438,99750,8248,6488
99760,9113,6428,99770,8265,6481
99780,9115,6424,99790,8250,6488
99800,9105,6427,99810,8247,6493
99820,9112,6420,99830,8258,6493
99840,9113,6425,99850,8252,6481
99860,9112,6411,99870,8247,6483
99880,9114,6413,99890,8249,6485
99900,9115,6413,99910,8256,6484
99920,9109,6409,99930,8252,6474
99940,9122,6408,99950,8255,6466
99960,9121,6397,99970,8255,6454
99980,9119,6383,99990,8252,6460
100000,9123,6383,100010,8257,6451
100020,9115,6378,100030,8252,6455
100040,9131,6389,100050,8252,6454
100060,9119,6404,100070,8258,6458
100080,9107,6401,100090,8255,6457
100100,9111,6403,100110,8255,6462
100120,9098,6404,100130,8263,6449
100140,9098,6406,100150,8264,6457
100160,9117,6389,100170,8252,6448
100180,9116,6401,100190,8261,6460
100200,9111,6398,100210,8259,6454
100220,9109,6391,100230,8254,6445
100240,9113,6390,100250,8256,6446
100260,9116,6368,100270,8258,6448
100280,9106,6360,100290,8253,6423
100300,9106,6323,100310,8252,6488
100320,9118,6441,100330,8251,6508
100340,9124,6454,100350,8254,6510
100360,9116,6452,100370,8257,6507
100380,9114,6443,100390,8257,6512
100400,9119,6446,100410,8249,6497
100420,9110,6449,100430,8254,6495
100440,9114,6442,100450,8251,6505
100460,9114,6443,100470,8257,6507
100480,9115,6442,100490,8250,6503
100500,9115,6446,100510,8236,6511
100520,9120,6441,100530,8254,6501
100540,9104,6440,100550,8255,6509
100560,9111,6444,100570,8249,6500
100580,9116,6440,100590,8254,6508
100600,9101,6433,100610,8254,6497
100620,9110,6447,100630,8258,6504
100640,9114,6441,100650,8239,6503
100660,9111,6443,100670,8248,6497
100680,9119,6445,100690,8255,6505
100700,9118,6435,100710,8257,6499
100720,9115,6446,100730,8251,6499
100740,9111,6437,100750,8250,6506
100760,9109,6446,100770,8248,6499
100780,9107,6438,100790,8246,6505
100800,9107,6430,100810,8240,6502
100820,9102,6445,100830,8255,6504
100840,9099,6440,100850,8251,6501
100860,9103,6432,100870,8255,6509
100880,9104,6439,100890,8244,6513
100900,9112,6437,100910,8244,6505
100920,9106,6431,100930,8245,6501
100940,9105,6442,100950,8252,6505
100960,9110,6434,100970,8246,6507
100980,9105,6445,100990,8248,6498
101000,9101,6441,101010,8257,6497
101020,9103,6440,101030,8262,6502
101040,9101,6443,101050,8247,6509
101060,9110,6446,101070,8256,6509
101080,9114,6439,101090,8253,6503
101100,9097,6429,101110,8254,6494
101120,9099,6416,101130,8253,6496
101140,9108,6423,101150,8252,6490
101160,9103,6422,101170,8253,6490
101180,9095,6413,101190,8253,6458
101200,9095,6399,101210,8257,6462
101220,9109,6388,101230,8255,6463
101240,9111,6449,101250,8253,6505
101260,9110,6446,101270,8251,6506
101280,9108,6445,101290,8257,6500
101300,9101,6437,101310,8254,6502
101320,9102,6443,101330,8252,6506
101340,9102,6442,101350,8252,6504
101360,9104,6434,101370,8259,6511
101380,9100,6440,101390,8252,6495
101400,9096,6439,101410,8249,6498
101420,9100,6441,101430,8253,6508
101440,9102,6437,101450,8249,6497
101460,9095,6439,101470,8242,6492
101480,9097,6432,101490,8251,6495
101500,9092,6422,101510,8258,6500
101520,9095,6438,101530,8244,6498
101540,9091,6431,101550,8253,6498
101560,9107,6437,101570,8256,6491
101580,9087,6428,101590,8258,6497
101600,9101,6435,101610,8251,6494
101620,9102,6426,101630,8250,6497
101640,9098,6427,101650,8245,6495
101660,9105,6430,101670,8253,6496
101680,9098,6441,101690,8251,6496
101700,9102,6424,101710,8269,6498
101720,9101,6425,101730,8241,6490
101740,9110,6429,101750,8255,6486
101760,9099,6426,101770,8251,6490
101780,9096,6420,101790,8258,6483
101800,9089,6422,101810,8242,6479
101820,9098,6415,101830,8258,6493
101840,9097,6418,101850,8250,6489
101860,9093,6416,101870,8249,6476
101880,9090,6423,101890,8249,6481
101900,9090,6419,101910,8250,6481
101920,9103,6413,101930,8242,6476
101940,9096,6422,101950,8256,6474
101960,9104,6415,101970,8245,6477
101980,9102,6412,101990,8256,6472
102000,9101,6414,102010,8251,6474
102020,9094,6411,102030,8250,6477
102040,9101,6411,102050,8245,6460
102060,9103,6400,102070,8249,6454
102080,9079,6390,102090,8256,6460
102100,9091,6388,102110,8247,6445
102120,9094,6392,102130,8246,6456
102140,9084,6386,102150,8245,6452
102160,9094,6385,102170,8248,6456
102180,9091,6380,102190,8253,6463
102200,9094,6375,102210,8248,6446
102220,9091,6375,102230,8246,6447
102240,9095,6358,102250,8250,6413
102260,9093,6425,102270,8251,6503
102280,9091,6428,102290,8249,6495
102300,9094,6420,102310,8251,6492
102320,9097,6422,102330,8248,6482
102340,9097,6426,102350,8237,6483
102360,9078,6423,102370,8245,6499
102380,9100,6447,102390,8254,6506
102400,9084,6457,102410,8250,6505
102420,9088,6453,102430,8248,6506
102440,9086,6455,102450,8254,6509
102460,9091,6452,102470,8255,6507
102480,9097,6444,102490,8247,6510
102500,9096,6459,102510,8247,6509
102520,9108,6463,102530,8253,6508
102540,9098,6452,102550,8245,6517
102560,9102,6448,102570,8246,6502
102580,9110,6461,102590,8259,6515
102600,9102,6450,102610,8257,6515
102620,9099,6460,102630,8246,6507
102640,9105,6457,102650,8255,6514
102660,9106,6457,102670,8256,6514
102680,9104,6446,102690,8247,6507
102700,9100,6445,102710,8247,6513
102720,9103,6454,102730,8252,6503
102740,9084,6451,102750,8247,6511
102760,9095,6452,102770,8249,6502
102780,9099,6446,102790,8256,6523
102800,9102,6456,102810,8253,6518
102820,9110,6457,102830,8253,6495
102840,9087,6452,102850,8248,6516
102860,9093,6452,102870,8245,6520
102880,9094,6455,102890,8252,6517
102900,9095,6454,102910,8256,6514
102920,9092,6450,102930,8251,6516
102940,9087,6456,102950,8258,6508
102960,9101,6456,102970,8261,6510
102980,9101,6455,102990,8257,6521
103000,9104,6456,103010,8244,6505
103020,9094,6458,103030,8249,6513
103040,9099,6457,103050,8253,6518
103060,9102,6449,103070,8261,6522
103080,9095,6459,103090,8259,6513
103100,9099,6448,103110,8250,6513
103120,9091,6445,103130,8256,6525
103140,9096,6445,103150,8252,6517
103160,9085,6443,103170,8245,6511
103180,9088,6452,103190,8251,6509
103200,9095,6441,103210,8247,6512
103220,9094,6451,103230,8245,6515
103240,9089,6446,103250,8260,6513
103260,9096,6448,103270,8256,6512
103280,9095,6444,103290,8246,6502
103300,9091,6458,103310,8250,6515
103320,9081,6441,103330,8249,6513
103340,9094,6451,103350,8255,6500
103360,9093,6448,103370,8241,6507
103380,9093,6447,103390,8243,6514
103400,9097,6448,103410,8247,6499
103420,9091,6433,103430,8250,6504
103440,9099,6432,103450,8263,6502
103460,9101,6427,103470,8240,6503
103480,9098,6430,103490,8257,6492
103500,9086,6431,103510,8250,6494
103520,9096,6440,103530,8245,6500
103540,9092,6447,103550,8252,6506
103560,9080,6448,103570,8256,6517
103580,9092,6444,103590,8249,6481
103600,9056,6434,103610,8256,6481
103620,9068,6434,103630,8255,6493
103640,9094,6450,103650,8246,6502
103660,9096,6452,103670,8251,6509
103680,9093,6454,103690,8254,6512
103700,9092,6446,103710,8245,6515
103720,9100,6445,103730,8250,6522
103740,9099,6451,103750,8250,6513
103760,9089,6453,103770,8244,6511
103780,9090,6447,103790,8252,6512
103800,9098,6445,103810,8254,6514
103820,9100,6458,103830,8253,6522
103840,9098,6447,103850,8250,6512
103860,9104,6452,103870,8253,6511
103880,9095,6452,103890,8259,6520
103900,9094,6454,103910,8249,6519
103920,9101,6453,103930,8254,6512
103940,9100,6438,103950,8245,6511
103960,9094,6447,103970,8242,6504
103980,9095,6448,103990,8251,6509
104000,9094,6456,104010,8253,6512
104020,9088,6446,104030,8250,6502
104040,9093,6450,104050,8262,6518
104060,9090,6450,104070,8260,6503
104080,9093,6448,104090,8255,6514
104100,9087,6448,104110,8250,6514
104120,9097,6447,104130,8258,6522
104140,9097,6451,104150,8259,6509
104160,9077,6448,104170,8254,6516
104180,9099,6438,104190,8250,6513
104200,9092,6432,104210,8255,6508
104220,9086,6439,104230,8255,6506
104240,9094,6439,104250,8254,6516
104260,9086,6453,104270,8259,6505
104280,9088,6439,104290,8264,6515
104300,9089,6447,104310,8253,6515
104320,9083,6444,104330,8261,6508
104340,9077,6444,104350,8262,6512
104360,9093,6450,104370,8261,6513
104380,9085,6451,104390,8264,6515
104400,9104,6450,104410,8259,6518
104420,9087,6441,104430,8260,6514
104440,9086,6443,104450,8259,6495
104460,9090,6441,104470,8258,6512
104480,9085,6453,104490,8247,6503
104500,9094,6432,104510,8270,6508
104520,9099,6447,104530,8249,6501
104540,9098,6446,104550,8258,6507
104560,9080,6450,104570,8255,6503
104580,9102,6426,104590,8264,6495
104600,9084,6422,104610,8265,6482
104620,9086,6418,104630,8257,6480
104640,9101,6425,104650,8257,6484
104660,9102,6408,104670,8266,6487
104680,9094,6419,104690,8267,6492
104700,9090,6432,104710,8267,6488
104720,9081,6445,104730,8258,6502
104740,9086,6444,104750,8260,6499
104760,9092,6450,104770,8262,6504
104780,9077,6431,104790,8251,6474
104800,9077,6440,104