LED1 Timestamp (ms),LED1_PD1,LED1_PD2,LED2 Timestamp (ms),LED2_PD1,LED2_PD2
5500,8365,4802,5510,8363,4743
5520,8365,4588,5530,8369,4947
5540,8366,4553,5550,8357,4826
5560,8361,4726,5570,8363,4615
5580,8367,4931,5590,8368,4566
5600,8360,4801,5610,8359,4752
5620,8365,4592,5630,8367,4944
5640,8359,4565,5650,8358,4818
5660,8361,4745,5670,8364,4601
5680,8360,4925,5690,8356,4571
5700,8364,4791,5710,8350,4752
5720,8349,4565,5730,8364,4941
5740,8348,4536,5750,8347,4801
5760,8350,4724,5770,8363,4596
5780,8351,4931,5790,8357,4574
5800,8348,4799,5810,8350,4760
5820,8359,4588,5830,8349,4941
5840,8345,4548,5850,8356,4803
5860,8363,4743,5870,8354,4595
5880,8358,4930,5890,8347,4575
5900,8357,4806,5910,8356,4761
5920,8344,4577,5930,8352,4942
5940,8353,4555,5950,8347,4820
5960,8353,4741,5970,8351,4599
5980,8345,4920,5990,8347,4566
6000,8351,4783,6010,8349,4770
6020,8351,4577,6030,8348,4941
6040,8349,4550,6050,8346,4803
6060,8352,4742,6070,8347,4601
6080,8347,4922,6090,8351,4567
6100,8348,4785,6110,8344,4766
6120,8334,4570,6130,8345,4937
6140,8346,4549,6150,8336,4795
6160,8349,4746,6170,8332,4595
6180,8349,4920,6190,8340,4569
6200,8340,4784,6210,8335,4765
6220,8336,4567,6230,8337,4936
6240,8330,4547,6250,8350,4807
6260,8347,4746,6270,8343,4595
6280,8342,4919,6290,8341,4570
6300,8348,4784,6310,8341,4770
6320,8346,4578,6330,8345,4942
6340,8343,4549,6350,8337,4810
6360,8335,4751,6370,8329,4591
6380,8343,4907,6390,8327,4564
6400,8338,4787,6410,8331,4774
6420,8333,4569,6430,8335,4926
6440,8332,4545,6450,8335,4795
6460,8337,4763,6470,8330,4593
6480,8340,4907,6490,8330,4573
6500,8330,4783,6510,8329,4776
6520,8334,4573,6530,8334,4927
6540,8336,4549,6550,8330,4797
6560,8319,4753,6570,8331,4592
6580,8324,4905,6590,8326,4570
6600,8338,4780,6610,8329,4780
6620,8341,4572,6630,8331,4928
6640,8328,4551,6650,8325,4794
6660,8335,4766,6670,8338,4591
6680,8336,4904,6690,8338,4575
6700,8329,4784,6710,8321,4785
6720,8320,4559,6730,8327,4925
6740,8329,4543,6750,8320,4796
6760,8333,4760,6770,8326,4579
6780,8336,4907,6790,8323,4556
6800,8337,4772,6810,8321,4792
6820,8331,4560,6830,8327,4910
6840,8330,4546,6850,8331,4799
6860,8332,4781,6870,8325,4598
6880,8338,4911,6890,8325,4577
6900,8336,4781,6910,8324,4797
6920,8329,4567,6930,8336,4916
6940,8327,4543,6950,8320,4798
6960,8322,4780,6970,8327,4588
6980,8325,4899,6990,8319,4569
7000,8328,4781,7010,8328,4792
7020,8319,4564,7030,8319,4910
7040,8321,4540,7050,8327,4795
7060,8319,4765,7070,8324,4575
7080,8322,4898,7090,8329,4574
7100,8325,4777,7110,8339,4800
7120,8322,4559,7130,8325,4924
7140,8323,4557,7150,8321,4800
7160,8325,4785,7170,8324,4587
7180,8323,4904,7190,8322,4573
7200,8317,4775,7210,8325,4802
7220,8328,4567,7230,8323,4911
7240,8332,4556,7250,8324,4796
7260,8312,4773,7270,8315,4578
7280,8327,4903,7290,8323,4574
7300,8317,4769,7310,8324,4797
7320,8321,4553,7330,8318,4911
7340,8319,4550,7350,8321,4795
7360,8311,4780,7370,8317,4581
7380,8321,4897,7390,8318,4571
7400,8318,4772,7410,8317,4809
7420,8320,4551,7430,8321,4915
7440,8321,4544,7450,8312,4793
7460,8311,4788,7470,8324,4573
7480,8317,4896,7490,8318,4573
7500,8317,4778,7510,8320,4805
7520,8323,4558,7530,8316,4908
7540,8323,4540,7550,8324,4794
7560,8305,4794,7570,8322,4569
7580,8311,4891,7590,8316,4575
7600,8306,4767,7610,8314,4812
7620,8314,4558,7630,8309,4911
7640,8313,4547,7650,8319,4786
7660,8317,4801,7670,8323,4581
7680,8321,4895,7690,8319,4569
7700,8311,4765,7710,8305,4820
7720,8314,4554,7730,8302,4911
7740,8317,4545,7750,8314,4780
7760,8320,4794,7770,8309,4573
7780,8316,4893,7790,8306,4574
7800,8310,4774,7810,8306,4815
7820,8310,4547,7830,8307,4897
7840,8306,4533,7850,8317,4777
7860,8308,4791,7870,8301,4560
7880,8302,4869,7890,8296,4558
7900,8303,4764,7910,8313,4817
7920,8308,4556,7930,8316,4922
7940,8313,4559,7950,8312,4794
7960,8305,4811,7970,8303,4572
7980,8307,4890,7990,8316,4565
8000,8316,4761,8010,8309,4830
8020,8309,4552,8030,8303,4903
8040,8300,4553,8050,8307,4779
8060,8310,4801,8070,8306,4575
8080,8304,4879,8090,8300,4571
8100,8312,4770,8110,8311,4828
8120,8308,4556,8130,8299,4901
8140,8291,4547,8150,8305,4780
8160,8306,4803,8170,8304,4566
8180,8309,4879,8190,8305,4575
8200,8308,4763,8210,8298,4832
8220,8307,4552,8230,8300,4896
8240,8306,4546,8250,8302,4775
8260,8306,4815,8270,8314,4573
8280,8302,4889,8290,8301,4574
8300,8299,4754,8310,8304,4835
8320,8293,4540,8330,8299,4903
8340,8305,4556,8350,8297,4777
8360,8294,4819,8370,8306,4569
8380,8297,4876,8390,8306,4567
8400,8312,4769,8410,8304,4836
8420,8300,4538,8430,8300,4894
8440,8303,4549,8450,8300,4770
8460,8314,4825,8470,8303,4563
8480,8294,4878,8490,8292,4570
8500,8305,4756,8510,8286,4831
8520,8297,4557,8530,8296,4886
8540,8300,4544,8550,8293,4775
8560,8305,4821,8570,8290,4566
8580,8291,4878,8590,8293,4569
8600,8287,4743,8610,8292,4836
8620,8299,4532,8630,8292,4891
8640,8290,4560,8650,8293,4777
8660,8299,4814,8670,8295,4556
8680,8302,4876,8690,8287,4575
8700,8290,4751,8710,8291,4837
8720,8291,4542,8730,8298,4886
8740,8281,4544,8750,8289,4762
8760,8282,4818,8770,8304,4563
8780,8289,4873,8790,8290,4566
8800,8296,4752,8810,8293,4839
8820,8294,4540,8830,8288,4888
8840,8284,4549,8850,8284,4764
8860,8294,4819,8870,8288,4559
8880,8293,4868,8890,8294,4565
8900,8294,4741,8910,8290,4856
8920,8299,4527,8930,8292,4878
8940,8297,4544,8950,8290,4760
8960,8290,4824,8970,8295,4559
8980,8295,4887,8990,8294,4584
9000,8299,4763,9010,8297,4858
9020,8295,4546,9030,8286,4880
9040,8290,4564,9050,8294,4760
9060,8296,4836,9070,8285,4553
9080,8285,4882,9090,8292,4569
9100,8293,4760,9110,8291,4854
9120,8289,4533,9130,8277,4885
9140,8293,4549,9150,8291,4766
9160,8289,4837,9170,8286,4563
9180,8284,4861,9190,8291,4571
9200,8287,4743,9210,8285,4856
9220,8290,4541,9230,8290,4874
9240,8278,4555,9250,8287,4759
9260,8292,4838,9270,8284,4550
9280,8286,4862,9290,8286,4577
9300,8291,4746,9310,8279,4860
9320,8293,4535,9330,8280,4889
9340,8287,4557,9350,8280,4770
9360,8284,4841,9370,8284,4549
9380,8281,4863,9390,8277,4564
9400,8282,4744,9410,8280,4859
9420,8284,4536,9430,8287,4875
9440,8284,4551,9450,8281,4755
9460,8283,4848,9470,8285,4539
9480,8284,4855,9490,8273,4567
9500,8276,4739,9510,8293,4869
9520,8278,4527,9530,8277,4880
9540,8284,4554,9550,8276,4752
9560,8276,4853,9570,8276,4558
9580,8274,4858,9590,8285,4580
9600,8283,4740,9610,8279,4868
9620,8274,4529,9630,8279,4885
9640,8283,4542,9650,8278,4758
9660,8282,4845,9670,8280,4554
9680,8279,4856,9690,8274,4580
9700,8279,4731,9710,8276,4867
9720,8282,4543,9730,8280,4870
9740,8284,4553,9750,8280,4750
9760,8283,4846,9770,8283,4548
9780,8274,4847,9790,8273,4572
9800,8280,4728,9810,8271,4871
9820,8279,4533,9830,8278,4878
9840,8283,4564,9850,8276,4750
9860,8279,4861,9870,8273,4551
9880,8274,4858,9890,8278,4575
9900,8270,4730,9910,8276,4879
9920,8271,4520,9930,8282,4862
9940,8272,4553,9950,8267,4751
9960,8273,4849,9970,8289,4553
9980,8273,4835,9990,8282,4572
10000,8277,4720,10010,8275,4872
10020,8285,4516,10030,8271,4868
10040,8275,4560,10050,8269,4752
10060,8271,4876,10070,8274,4554
10080,8276,4846,10090,8268,4580
10100,8274,4726,10110,8274,4877
10120,8273,4524,10130,8274,4864
10140,8275,4562,10150,8274,4743
10160,8280,4851,10170,8273,4552
10180,8272,4849,10190,8274,4580
10200,8274,4726,10210,8267,4883
10220,8276,4527,10230,8273,4871
10240,8279,4550,10250,8262,4755
10260,8282,4872,10270,8264,4540
10280,8276,4838,10290,8267,4592
10300,8270,4731,10310,8274,4890
10320,8267,4525,10330,8273,4864
10340,8274,4561,10350,8271,4750
10360,8278,4863,10370,8263,4549
10380,8267,4839,10390,8271,4570
10400,8276,4731,10410,8278,4896
10420,8275,4513,10430,8276,4857
10440,8273,4561,10450,8264,4741
10460,8273,4863,10470,8264,4548
10480,8266,4845,10490,8273,4590
10500,8267,4730,10510,8276,4894
10520,8273,4525,10530,8275,4864
10540,8277,4557,10550,8267,4736
10560,8262,4871,10570,8265,4545
10580,8272,4844,10590,8273,4593
10600,8264,4721,10610,8270,4886
10620,8267,4520,10630,8267,4858
10640,8252,4555,10650,8261,4740
10660,8271,4875,10670,8268,4539
10680,8271,4841,10690,8261,4587
10700,8260,4716,10710,8268,4891
10720,8281,4533,10730,8265,4854
10740,8276,4565,10750,8271,4730
10760,8270,4875,10770,8269,4548
10780,8271,4836,10790,8273,4586
10800,8277,4717,10810,8266,4898
10820,8262,4526,10830,8262,4849
10840,8262,4567,10850,8266,4737
10860,8268,4880,10870,8258,4553
10880,8268,4828,10890,8258,4586
10900,8270,4712,10910,8271,4890
10920,8266,4519,10930,8274,4859
10940,8259,4562,10950,8264,4727
10960,8271,4881,10970,8263,4550
10980,8271,4832,10990,8272,4597
11000,8280,4710,11010,8261,4894
11020,8274,4520,11030,8262,4836
11040,8265,4568,11050,8267,4721
11060,8257,4883,11070,8264,4531
11080,8270,4820,11090,8257,4590
11100,8260,4709,11110,8254,4904
11120,8275,4536,11130,8261,4842
11140,8262,4561,11150,8248,4719
11160,8258,4897,11170,8257,4547
11180,8258,4828,11190,8263,4599
11200,8260,4700,11210,8267,4924
11220,8271,4530,11230,8271,4861
11240,8271,4581,11250,8264,4717
11260,8258,4883,11270,8269,4556
11280,8263,4828,11290,8267,4599
11300,8266,4698,11310,8270,4908
11320,8256,4523,11330,8260,4856
11340,8259,4578,11350,8264,4716
11360,8260,4898,11370,8254,4549
11380,8264,4831,11390,8267,4597
11400,8258,4692,11410,8257,4912
11420,8252,4527,11430,8266,4850
11440,8257,4582,11450,8246,4715
11460,8258,4899,11470,8262,4548
11480,8253,4831,11490,8259,4603
11500,8267,4692,11510,8271,4912
11520,8251,4525,11530,8261,4852
11540,8254,4577,11550,8258,4700
11560,8246,4898,11570,8261,4544
11580,8251,4828,11590,8270,4604
11600,8259,4688,11610,8264,4917
11620,8255,4517,11630,8254,4845
11640,8259,4581,11650,8263,4709
11660,8257,4904,11670,8259,4548
11680,8266,4819,11690,8255,4604
11700,8258,4677,11710,8264,4925
11720,8262,4533,11730,8263,4845
11740,8258,4570,11750,8256,4698
11760,8260,4901,11770,8261,4551
11780,8263,4827,11790,8258,4613
11800,8255,4666,11810,8266,4920
11820,8266,4528,11830,8259,4842
11840,8258,4588,11850,8259,4694
11860,8261,4907,11870,8260,4551
11880,8248,4819,11890,8258,4605
11900,8250,4674,11910,8258,4923
11920,8258,4545,11930,8256,4836
11940,8256,4592,11950,8265,4690
11960,8260,4909,11970,8255,4556
11980,8251,4819,11990,8256,4620
12000,8251,4669,12010,8262,4921
12020,8255,4539,12030,8252,4839
12040,8255,4603,12050,8251,4690
12060,8262,4903,12070,8255,4546
12080,8257,4812,12090,8260,4616
12100,8258,4651,12110,8257,4923
12120,8260,4513,12130,8263,4826
12140,8244,4591,12150,8254,4662
12160,8256,4903,12170,8252,4551
12180,8251,4824,12190,8253,4633
12200,8254,4670,12210,8262,4934
12220,8256,4531,12230,8252,4828
12240,8259,4606,12250,8256,4672
12260,8266,4904,12270,8257,4547
12280,8252,4816,12290,8264,4631
12300,8256,4659,12310,8252,4924
12320,8258,4539,12330,8253,4833
12340,8260,4611,12350,8256,4676
12360,8254,4904,12370,8255,4549
12380,8253,4826,12390,8257,4635
12400,8252,4660,12410,8260,4925
12420,8257,4525,12430,8257,4840
12440,8255,4606,12450,8262,4664
12460,8257,4907,12470,8267,4555
12480,8260,4818,12490,8258,4646
12500,8258,4642,12510,8258,4936
12520,8253,4536,12530,8253,4836
12540,8264,4623,12550,8250,4663
12560,8257,4910,12570,8252,4547
12580,8250,4809,12590,8254,4640
12600,8249,4637,12610,8251,4925
12620,8254,4530,12630,8252,4829
12640,8260,4628,12650,8255,4668
12660,8247,4906,12670,8255,4546
12680,8264,4811,12690,8249,4646
12700,8245,4630,12710,8261,4932
12720,8250,4525,12730,8250,4826
12740,8249,4627,12750,8248,4654
12760,8252,4913,12770,8253,4550
12780,8252,4807,12790,8241,4644
12800,8251,4629,12810,8251,4925
12820,8248,4533,12830,8244,4826
12840,8255,4648,12850,8250,4645
12860,8241,4907,12870,8246,4554
12880,8247,4811,12890,8250,4648
12900,8248,4622,12910,8243,4934
12920,8249,4537,12930,8246,4827
12940,8252,4633,12950,8251,4645
12960,8255,4916,12970,8244,4549
12980,8246,4803,12990,8253,4667
13000,8250,4622,13010,8254,4929
13020,8247,4525,13030,8248,4809
13040,8245,4636,13050,8249,4650
13060,8245,4906,13070,8237,4555
13080,8251,4807,13090,8251,4661
13100,8244,4610,13110,8244,4932
13120,8238,4532,13130,8247,4825
13140,8246,4639,13150,8251,4634
13160,8240,4901,13170,8239,4550
13180,8248,4797,13190,8245,4664
13200,8249,4627,13210,8246,4915
13220,8248,4534,13230,8248,4820
13240,8253,4674,13250,8246,4647
13260,8253,4910,13270,8245,4550
13280,8248,4807,13290,8244,4687
13300,8244,4615,13310,8247,4929
13320,8241,4531,13330,8244,4821
13340,8243,4651,13350,8256,4630
13360,8251,4912,13370,8244,4542
13380,8242,4804,13390,8251,4671
13400,8245,4621,13410,8243,4924
13420,8246,4533,13430,8243,4815
13440,8243,4665,13450,8243,4639
13460,8249,4910,13470,8249,4556
13480,8249,4801,13490,8247,4685
13500,8242,4616,13510,8241,4929
13520,8233,4525,13530,8245,4810
13540,8246,4677,13550,8240,4627
13560,8249,4900,13570,8249,4551
13580,8242,4789,13590,8242,4690
13600,8246,4595,13610,8247,4939
13620,8238,4528,13630,8245,4821
13640,8253,4681,13650,8249,4618
13660,8248,4918,13670,8247,4553
13680,8236,4799,13690,8254,4702
13700,8236,4597,13710,8242,4926
13720,8236,4526,13730,8245,4807
13740,8256,4677,13750,8244,4617
13760,8241,4919,13770,8243,4547
13780,8235,4794,13790,8235,4704
13800,8250,4603,13810,8243,4921
13820,8243,4534,13830,8246,4814
13840,8233,4687,13850,8243,4619
13860,8254,4907,13870,8248,4549
13880,8239,4796,13890,8233,4701
13900,8245,4594,13910,8240,4934
13920,8232,4528,13930,8238,4811
13940,8244,4679,13950,8251,4615
13960,8241,4903,13970,8241,4551
13980,8239,4795,13990,8239,4706
14000,8246,4580,14010,8235,4928
14020,8240,4538,14030,8260,4808
14040,8241,4696,14050,8242,4609
14060,8242,4911,14070,8240,4554
14080,8249,4790,14090,8248,4712
14100,8239,4584,14110,8243,4932
14120,8237,4538,14130,8244,4812
14140,8244,4697,14150,8243,4606
14160,8239,4911,14170,8250,4549
14180,8251,4793,14190,8241,4719
14200,8249,4569,14210,8241,4933
14220,8237,4521,14230,8240,4786
14240,8246,4689,14250,8239,4594
14260,8243,4890,14270,8240,4543
14280,8241,4782,14290,8237,4719
14300,8245,4589,14310,8244,4937
14320,8243,4541,14330,8243,4813
14340,8236,4713,14350,8239,4601
14360,8254,4914,14370,8250,4556
14380,8252,4789,14390,8246,4732
14400,8245,4582,14410,8246,4933
14420,8240,4540,14430,8254,4810
14440,8249,4719,14450,8253,4599
14460,8259,4923,14470,8246,4555
14480,8247,4794,14490,8258,4741
14500,8256,4574,14510,8248,4935
14520,8246,4542,14530,8256,4811
14540,8250,4726,14550,8255,4593
14560,8252,4914,14570,8248,4562
14580,8248,4795,14590,8252,4747
14600,8247,4572,14610,8250,4934
14620,8257,4539,14630,8245,4799
14640,8256,4731,14650,8261,4585
14660,8252,4912,14670,8244,4554
14680,8244,4780,14690,8252,4751
14700,8248,4572,14710,8247,4933
14720,8247,4538,14730,8258,4810
14740,8250,4729,14750,8248,4586
14760,8258,4911,14770,8246,4561
14780,8253,4793,14790,8256,4759
14800,8246,4572,14810,8248,4931
14820,8254,4532,14830,8247,4800
14840,8256,4731,14850,8248,4586
14860,8249,4907,14870,8242,4546
14880,8249,4783,14890,8243,4752
14900,8236,4569,14910,8237,4929
14920,8245,4539,14930,8249,4809
14940,8243,4745,14950,8243,4578
14960,8243,4902,14970,8253,4554
14980,8244,4775,14990,8234,4757
15000,8247,4569,15010,8248,4924
15020,8243,4540,15030,8251,4805
15040,8248,4750,15050,8246,4579
15060,8248,4901,15070,8249,4562
15080,8245,4784,15090,8244,4776
15100,8239,4570,15110,8252,4920
15120,8243,4530,15130,8245,4800
15140,8241,4759,15150,8246,4586
15160,8245,4907,15170,8253,4562
15180,8257,4781,15190,8246,4779
15200,8248,4564,15210,8254,4930
15220,8247,4547,15230,8252,4804
15240,8242,4762,15250,8239,4583
15260,8242,4897,15270,8240,4552
15280,8239,4776,15290,8243,4780
15300,8237,4546,15310,8252,4910
15320,8249,4541,15330,8249,4790
15340,8251,4759,15350,8235,4575
15360,8238,4907,15370,8246,4573
15380,8247,4783,15390,8244,4782
15400,8244,4564,15410,8243,4926
15420,8243,4546,15430,8241,4803
15440,8239,4762,15450,8233,4575
15460,8239,4906,15470,8233,4555
15480,8245,4778,15490,8236,4783
15500,8236,4559,15510,8226,4918
15520,8236,4539,15530,8232,4786
15540,8249,4770,15550,8233,4579
15560,8239,4889,15570,8239,4563
15580,8239,4768,15590,8233,4791
15600,8232,4554,15610,8229,4912
15620,8237,4542,15630,8237,4791
15640,8234,4768,15650,8236,4572
15660,8224,4889,15670,8226,4550
15680,8231,4768,15690,8239,4798
15700,8239,4550,15710,8234,4909
15720,8232,4544,15730,8239,4785
15740,8229,4781,15750,8234,4574
15760,8231,4894,15770,8228,4550
15780,8232,4768,15790,8231,4806
15800,8236,4554,15810,8224,4903
15820,8231,4545,15830,8237,4780
15840,8234,4780,15850,8243,4574
15860,8246,4884,15870,8236,4562
15880,8243,4769,15890,8231,4806
15900,8234,4546,15910,8242,4909
15920,8245,4546,15930,8235,4785
15940,8232,4778,15950,8233,4570
15960,8238,4879,15970,8237,4561
15980,8243,4767,15990,8239,4805
16000,8243,4543,16010,8236,4918
16020,8234,4542,16030,8246,4779
16040,8242,4793,16050,8240,4580
16060,8231,4879,16070,8227,4562
16080,8235,4757,16090,8235,4811
16100,8238,4538,16110,8233,4897
16120,8239,4538,16130,8243,4791
16140,8230,4791,16150,8238,4566
16160,8232,4885,16170,8235,4561
16180,8236,4756,16190,8236,4817
16200,8240,4551,16210,8241,4900
16220,8236,4549,16230,8251,4780
16240,8244,4801,16250,8236,4564
16260,8248,4885,16270,8231,4558
16280,8233,4755,16290,8245,4820
16300,8224,4545,16310,8233,4898
16320,8234,4552,16330,8241,4772
16340,8237,4790,16350,8230,4559
16360,8235,4871,16370,8230,4558
16380,8226,4749,16390,8234,4814
16400,8241,4545,16410,8228,4891
16420,8232,4535,16430,8230,4786
16440,8233,4810,16450,8229,4573
16460,8227,4884,16470,8231,4566
16480,8233,4759,16490,8227,4831
16500,8226,4540,16510,8233,4897
16520,8234,4539,16530,8236,4779
16540,8239,4815,16550,8233,4557
16560,8235,4876,16570,8231,4564
16580,8239,4757,16590,8230,4822
16600,8228,4537,16610,8231,4890
16620,8235,4539,16630,8230,4776
16640,8245,4810,16650,8235,4561
16660,8227,4874,16670,8223,4562
16680,8229,4751,16690,8233,4831
16700,8223,4542,16710,8225,4893
16720,8230,4544,16730,8227,4767
16740,8223,4820,16750,8228,4561
16760,8239,4882,16770,8227,4570
16780,8248,4762,16790,8231,4836
16800,8231,4543,16810,8227,4881
16820,8236,4548,16830,8234,4769
16840,8217,4808,16850,8227,4556
16860,8240,4878,16870,8230,4561
16880,8239,4751,16890,8228,4836
16900,8208,4535,16910,8218,4877
16920,8235,4552,16930,8227,4762
16940,8227,4815,16950,8226,4555
16960,8235,4869,16970,8233,4566
16980,8238,4748,16990,8229,4847
17000,8233,4533,17010,8229,4886
17020,8229,4542,17030,8234,4765
17040,8236,4828,17050,8234,4557
17060,8236,4866,17070,8228,4571
17080,8230,4748,17090,8229,4854
17100,8229,4533,17110,8231,4887
17120,8239,4562,17130,8234,4764
17140,8234,4828,17150,8238,4558
17160,8235,4861,17170,8243,4584
17180,8242,4750,17190,8235,4857
17200,8224,4540,17210,8232,4873
17220,8247,4559,17230,8229,4764
17240,8245,4841,17250,8230,4551
17260,8229,4865,17270,8233,4577
17280,8231,4746,17290,8236,4859
17300,8227,4541,17310,8226,4888
17320,8239,4550,17330,8231,4770
17340,8228,4845,17350,8224,4562
17360,8228,4860,17370,8225,4570
17380,8239,4747,17390,8229,4860
17400,8231,4525,17410,8232,4873
17420,8224,4548,17430,8231,4749
17440,8234,4841,17450,8231,4548
17460,8231,4856,17470,8229,4566
17480,8231,4740,17490,8232,4866
17500,8235,4541,17510,8235,4884
17520,8228,4567,17530,8232,4764
17540,8236,4852,17550,8227,4547
17560,8244,4861,17570,8236,4570
17580,8244,4744,17590,8232,4869
17600,8249,4530,17610,8238,4880
17620,8245,4558,17630,8227,4758
17640,8230,4842,17650,8234,4556
17660,8232,4859,17670,8230,4583
17680,8237,4739,17690,8233,4880
17700,8236,4523,17710,8234,4879
17720,8240,4564,17730,8235,4749
17740,8237,4857,17750,8229,4549
17760,8225,4852,17770,8235,4586
17780,8235,4735,17790,8243,4882
17800,8234,4533,17810,8231,4876
17820,8248,4577,17830,8238,4756
17840,8236,4871,17850,8234,4552
17860,8231,4845,17870,8234,4579
17880,8231,4733,17890,8244,4882
17900,8226,4522,17910,8232,4869
17920,8238,4565,17930,8238,4751
17940,8238,4871,17950,8239,4554
17960,8231,4852,17970,8233,4580
17980,8242,4736,17990,8245,4891
18000,8237,4536,18010,8238,4859
18020,8239,4576,18030,8240,4756
18040,8242,4875,18050,8240,4551
18060,8240,4847,18070,8239,4591
18080,8242,4736,18090,8246,4900
18100,8234,4531,18110,8230,4863
18120,8234,4571,18130,8233,4751
18140,8231,4875,18150,8230,4554
18160,8237,4852,18170,8242,4592
18180,8243,4727,18190,8239,4904
18200,8235,4527,18210,8235,4865
18220,8244,4574,18230,8233,4747
18240,8235,4874,18250,8241,4550
18260,8241,4845,18270,8236,4584
18280,8237,4725,18290,8243,4898
18300,8237,4530,18310,8247,4869
18320,8234,4571,18330,8237,4749
18340,8230,4874,18350,8232,4554
18360,8237,4840,18370,8240,4586
18380,8238,4729,18390,8239,4903
18400,8229,4532,18410,8240,4864
18420,8248,4580,18430,8242,4746
18440,8233,4883,18450,8238,4551
18460,8240,4836,18470,8236,4581
18480,8231,4722,18490,8237,4896
18500,8227,4526,18510,8225,4843
18520,8227,4567,18530,8233,4729
18540,8234,4878,18550,8226,4540
18560,8229,4838,18570,8236,4608
18580,8231,4731,18590,8222,4913
18600,8230,4546,18610,8245,4865
18620,8235,4584,18630,8244,4732
18640,8233,4894,18650,8242,4553
18660,8233,4836,18670,8231,4587
18680,8239,4722,18690,8229,4923
18700,8242,4529,18710,8233,4856
18720,8224,4583,18730,8232,4738
18740,8233,4896,18750,8238,4544
18760,8220,4837,18770,8241,4610
18780,8243,4720,18790,8235,4908
18800,8234,4528,18810,8236,4849
18820,8233,4585,18830,8231,4739
18840,8229,4898,18850,8232,4552
18860,8221,4839,18870,8240,4594
18880,8227,4716,18890,8234,4910
18900,8231,4529,18910,8229,4865
18920,8232,4581,18930,8233,4726
18940,8232,4906,18950,8230,4556
18960,8227,4828,18970,8231,4600
18980,8236,4702,18990,8228,4915
19000,8232,4527,19010,8233,4853
19020,8218,4588,19030,8237,4715
19040,8235,4896,19050,8237,4551
19060,8234,4830,19070,8244,4611
19080,8234,4699,19090,8226,4914
19100,8235,4538,19110,8228,4858
19120,8229,4584,19130,8230,4722
19140,8230,4901,19150,8234,4543
19160,8230,4833,19170,8229,4612
19180,8233,4707,19190,8240,4926
19200,8228,4528,19210,8245,4848
19220,8235,4598,19230,8242,4724
19240,8225,4887,19250,8225,4543
19260,8233,4826,19270,8232,4617
19280,8231,4680,19290,8228,4923
19300,8232,4540,19310,8225,4847
19320,8247,4592,19330,8232,4716
19340,8224,4903,19350,8228,4559
19360,8234,4824,19370,8228,4616
19380,8227,4699,19390,8242,4922
19400,8231,4534,19410,8240,4859
19420,8225,4597,19430,8241,4716
19440,8228,4908,19450,8236,4552
19460,8224,4820,19470,8230,4627
19480,8233,4680,19490,8240,4929
19500,8224,4540,19510,8235,4841
19520,8226,4606,19530,8229,4702
19540,8230,4893,19550,8218,4555
19560,8228,4812,19570,8231,4614
19580,8235,4656,19590,8236,4921
19600,8237,4523,19610,8238,4837
19620,8231,4613,19630,8235,4698
19640,8232,4928,19650,8237,4565
19660,8229,4828,19670,8236,4637
19680,8242,4686,19690,8236,4928
19700,8229,4540,19710,8236,4845
19720,8232,4618,19730,8229,4698
19740,8241,4912,19750,8235,4559
19760,8227,4826,19770,8233,4635
19780,8227,4674,19790,8232,4923
19800,8231,4533,19810,8236,4836
19820,8238,4623,19830,8224,4689
19840,8229,4918,19850,8227,4554
19860,8227,4820,19870,8230,4641
19880,8231,4652,19890,8223,4934
19900,8233,4540,19910,8232,4842
19920,8223,4625,19930,8223,4684
19940,8225,4905,19950,8235,4557
19960,8238,4825,19970,8237,4648
19980,8232,4663,19990,8232,4934
20000,8229,4535,20010,8229,4836
20020,8224,4635,20030,8233,4685
20040,8239,4918,20050,8239,4558
20060,8233,4829,20070,8231,4653
20080,8224,4647,20090,8228,4933
20100,8232,4539,20110,8238,4842
20120,8230,4631,20130,8246,4678
20140,8228,4913,20150,8235,4556
20160,8226,4813,20170,8234,4661
20180,8234,4648,20190,8233,4935
20200,8229,4532,20210,8231,4836
20220,8231,4640,20230,8229,4683
20240,8240,4916,20250,8233,4551
20260,8238,4819,20270,8230,4663
20280,8229,4644,20290,8240,4936
20300,8235,4541,20310,8228,4834
20320,8233,4644,20330,8218,4670
20340,8228,4908,20350,8211,4555
20360,8223,4811,20370,8209,4656
20380,8228,4642,20390,8220,4931
20400,8222,4533,20410,8217,4834
20420,8231,4650,20430,8218,4651
20440,8224,4917,20450,8222,4551
20460,8226,4812,20470,8231,4670
20480,8227,4641,20490,8227,4928
20500,8217,4541,20510,8226,4826
20520,8234,4653,20530,8225,4655
20540,8216,4909,20550,8224,4552
20560,8228,4815,20570,8220,4676
20580,8222,4631,20590,8229,4934
20600,8226,4530,20610,8229,4824
20620,8226,4641,20630,8225,4638
20640,8220,4900,20650,8217,4547
20660,8228,4800,20670,8230,4672
20680,8230,4625,20690,8226,4929
20700,8233,4542,20710,8221,4829
20720,8218,4678,20730,8213,4638
20740,8218,4916,20750,8221,4556
20760,8230,4808,20770,8215,4680
20780,8222,4630,20790,8221,4940
20800,8217,4539,20810,8234,4824
20820,8224,4665,20830,8221,4645
20840,8223,4915,20850,8222,4555
20860,8222,4800,20870,8216,4688
20880,8234,4625,20890,8225,4932
20900,8220,4535,20910,8217,4825
20920,8216,4668,20930,8215,4637
20940,8211,4920,20950,8228,4554
20960,8220,4805,20970,8219,4701
20980,8219,4612,20990,8237,4943
21000,8228,4542,21010,8221,4830
21020,8219,4672,21030,8215,4624
21040,8226,4919,21050,8217,4562
21060,8222,4800,21070,8219,4702
21080,8214,4618,21090,8216,4930
21100,8225,4543,21110,8222,4819
21120,8223,4677,21130,8214,4629
21140,8223,4924,21150,8222,4560
21160,8222,4800,21170,8221,4696
21180,8220,4598,21190,8216,4932
21200,8223,4536,21210,8225,4830
21220,8227,4694,21230,8219,4625
21240,8218,4921,21250,8228,4560
21260,8216,4804,21270,8233,4718
21280,8217,4615,21290,8219,4944
21300,8226,4538,21310,8225,4816
21320,8230,4693,21330,8223,4620
21340,8214,4913,21350,8224,4556
21360,8222,4794,21370,8229,4716
21380,8218,4596,21390,8231,4934
21400,8216,4536,21410,8218,4815
21420,8224,4696,21430,8221,4609
21440,8237,4917,21450,8217,4564
21460,8222,4796,21470,8223,4725
21480,8218,4599,21490,8221,4937
21500,8217,4533,21510,8225,4813
21520,8221,4702,21530,8219,4617
21540,8227,4919,21550,8215,4554
21560,8223,4800,21570,8218,4731
21580,8226,4604,21590,8228,4939
21600,8222,4544,21610,8213,4814
21620,8223,4714,21630,8231,4587
21640,8227,4922,21650,8233,4558
21660,8214,4798,21670,8225,4728
21680,8225,4574,21690,8224,4937
21700,8230,4546,21710,8219,4809
21720,8223,4713,21730,8231,4597
21740,8222,4913,21750,8225,4553
21760,8221,4794,21770,8214,4740
21780,8214,4588,21790,8221,4943
21800,8232,4547,21810,8222,4812
21820,8233,4730,21830,8220,4603
21840,8226,4917,21850,8220,4564
21860,8232,4797,21870,8224,4744
21880,8220,4569,21890,8234,4932
21900,8223,4538,21910,8221,4807
21920,8227,4733,21930,8241,4588
21940,8232,4923,21950,8227,4564
21960,8216,4788,21970,8213,4752
21980,8226,4580,21990,8235,4941
22000,8226,4540,22010,8227,4801
22020,8228,4727,22030,8225,4591
22040,8230,4906,22050,8223,4560
22060,8217,4795,22070,8219,4756
22080,8223,4576,22090,8215,4929
22100,8217,4547,22110,8220,4808
22120,8221,4737,22130,8226,4586
22140,8221,4912,22150,8214,4566
22160,8227,4790,22170,8209,4762
22180,8222,4578,22190,8220,4942
22200,8222,4544,22210,8222,4813
22220,8221,4747,22230,8217,4578
22240,8216,4918,22250,8220,4558
22260,8231,4788,22270,8217,4775
22280,8222,4573,22290,8224,4929
22300,8225,4539,22310,8223,4803
22320,8216,4745,22330,8219,4582
22340,8231,4911,22350,8228,4561
22360,8223,4791,22370,8221,4757
22380,8221,4565,22390,8219,4928
22400,8229,4553,22410,8228,4794
22420,8223,4750,22430,8224,4584
22440,8221,4906,22450,8213,4562
22460,8223,4771,22470,8226,4779
22480,8224,4565,22490,8220,4926
22500,8214,4538,22510,8221,4797
22520,8223,4757,22530,8229,4569
22540,8233,4914,22550,8223,4561
22560,8224,4781,22570,8222,4782
22580,8223,4562,22590,8223,4933
22600,8231,4544,22610,8219,4788
22620,8217,4756,22630,8219,4580
22640,8220,4910,22650,8222,4562
22660,8225,4784,22670,8210,4782
22680,8221,4555,22690,8228,4929
22700,8227,4543,22710,8218,4801
22720,8212,4772,22730,8229,4574
22740,8221,4907,22750,8222,4554
22760,8226,4769,22770,8216,4775
22780,8220,4555,22790,8235,4920
22800,8224,4533,22810,8226,4781
22820,8221,4770,22830,8224,4586
22840,8226,4920,22850,8223,4572
22860,8220,4795,22870,8234,4799
22880,8231,4564,22890,8221,4918
22900,8230,4550,22910,8225,4803
22920,8229,4777,22930,8220,4588
22940,8220,4901,22950,8221,4560
22960,8216,4775,22970,8226,4801
22980,8215,4564,22990,8218,4922
23000,8228,4542,23010,8223,4795
23020,8216,4787,23030,8224,4575
23040,8220,4890,23050,8213,4556
23060,8223,4778,23070,8228,4810
23080,8223,4563,23090,8220,4922
23100,8220,4541,23110,8221,4796
23120,8219,4790,23130,8225,4582
23140,8234,4909,23150,8224,4554
23160,8225,4766,23170,8224,4808
23180,8219,4556,23190,8224,4916
23200,8214,4546,23210,8213,4783
23220,8218,4795,23230,8226,4579
23240,8233,4901,23250,8208,4558
23260,8215,4772,23270,8218,4808
23280,8217,4554,23290,8218,4920
23300,8221,4548,23310,8219,4797
23320,8224,4796,23330,8226,4580
23340,8212,4894,23350,8214,4569
23360,8227,4779,23370,8224,4816
23380,8214,4539,23390,8212,4904
23400,8218,4552,23410,8215,4792
23420,8226,4793,23430,8222,4573
23440,8221,4898,23450,8216,4568
23460,8219,4780,23470,8215,4819
23480,8221,4565,23490,8213,4911
23500,8221,4546,23510,8214,4785
23520,8218,4803,23530,8215,4570
23540,8217,4895,23550,8218,4572
23560,8221,4769,23570,8211,4817
23580,8225,4552,23590,8224,4906
23600,8223,4554,23610,8218,4796
23620,8219,4802,23630,8208,4562
23640,8224,4887,23650,