LED1 Timestamp (ms),LED1_PD1,LED1_PD2,LED2 Timestamp (ms),LED2_PD1,LED2_PD2
36000,11881,13123,36010,11835,13002
36020,11861,13127,36030,11863,12995
36040,11881,13122,36050,11826,12990
36060,11874,13125,36070,11812,13003
36080,11910,13135,36090,11813,12992
36100,11880,13111,36110,11839,12986
36120,11852,13126,36130,11851,12988
36140,11874,13104,36150,11822,12985
36160,11871,13110,36170,11807,13002
36180,11904,13129,36190,11819,12998
36200,11876,13134,36210,11834,12994
36220,11854,13125,36230,11852,12982
36240,11876,13125,36250,11838,12998
36260,11877,13139,36270,11812,12994
36280,11913,13128,36290,11814,12993
36300,11879,13127,36310,11835,12991
36320,11862,13125,36330,11849,12986
36340,11872,13124,36350,11833,12983
36360,11881,13123,36370,11799,12982
36380,11904,13114,36390,11815,12980
36400,11866,13124,36410,11831,12987
36420,11853,13123,36430,11849,12988
36440,11869,13121,36450,11841,12984
36460,11889,13118,36470,11793,12976
36480,11910,13126,36490,11814,12980
36500,11872,13115,36510,11840,12980
36520,11856,13120,36530,11869,12987
36540,11869,13123,36550,11833,12985
36560,11888,13117,36570,11813,12985
36580,11915,13111,36590,11817,12979
36600,11874,13111,36610,11855,12995
36620,11843,13120,36630,11860,12976
36640,11882,13116,36650,11835,12983
36660,11892,13124,36670,11810,12985
36680,11912,13126,36690,11820,12980
36700,11878,13115,36710,11852,12983
36720,11849,13118,36730,11869,12993
36740,11869,13115,36750,11824,12993
36760,11897,13113,36770,11801,12998
36780,11920,13122,36790,11813,12989
36800,11874,13126,36810,11835,12977
36820,11850,13121,36830,11864,12988
36840,11866,13128,36850,11830,12990
36860,11890,13112,36870,11802,12989
36880,11927,13115,36890,11820,12986
36900,11873,13113,36910,11843,12954
36920,11854,13093,36930,11862,12938
36940,11865,13099,36950,11847,12956
36960,11902,13097,36970,11805,12951
36980,11926,13094,36990,11826,12956
37000,11877,13096,37010,11840,12873
37020,11865,13056,37030,11862,12938
37040,11869,13063,37050,11823,12898
37060,11896,13081,37070,11804,12985
37080,11924,13067,37090,11835,12948
37100,11878,13107,37110,11847,12988
37120,11863,13072,37130,11875,12995
37140,11869,13116,37150,11831,12983
37160,11906,13113,37170,11806,12989
37180,11924,13122,37190,11812,12988
37200,11878,13131,37210,11858,12997
37220,11855,13115,37230,11874,12989
37240,11874,13116,37250,11841,12990
37260,11906,13126,37270,11802,12989
37280,11920,13121,37290,11825,12986
37300,11887,13127,37310,11852,12997
37320,11863,13116,37330,11883,12986
37340,11882,13113,37350,11831,12990
37360,11899,13122,37370,11801,12984
37380,11922,13116,37390,11834,12985
37400,11884,13135,37410,11860,12980
37420,11875,13113,37430,11873,12974
37440,11894,13116,37450,11840,12995
37460,11922,13131,37470,11839,12990
37480,11924,13126,37490,11846,12984
37500,11881,13122,37510,11876,13002
37520,11887,13121,37530,11882,12985
37540,11895,13134,37550,11827,12979
37560,11932,13125,37570,11819,12991
37580,11922,13121,37590,11840,12988
37600,11886,13116,37610,11858,12992
37620,11885,13136,37630,11885,12987
37640,11891,13133,37650,11839,12982
37660,11926,13126,37670,11836,12981
37680,11933,13138,37690,11839,12978
37700,11897,13127,37710,11868,12990
37720,11879,13120,37730,11892,12993
37740,11896,13130,37750,11834,12979
37760,11924,13121,37770,11830,12984
37780,11933,13133,37790,11852,12996
37800,11900,13124,37810,11880,12993
37820,11888,13129,37830,11883,12983
37840,11886,13105,37850,11837,12985
37860,11931,13140,37870,11829,12986
37880,11936,13130,37890,11852,12990
37900,11892,13120,37910,11877,12981
37920,11891,13122,37930,11888,12979
37940,11917,13131,37950,11849,12981
37960,11935,13121,37970,11846,12980
37980,11944,13111,37990,11864,12955
38000,11910,13099,38010,11888,12941
38020,11889,13089,38030,11874,12937
38040,11909,13080,38050,11838,12934
38060,11935,13082,38070,11825,12953
38080,11933,13088,38090,11860,12980
38100,11893,13103,38110,11873,13001
38120,11885,13115,38130,11882,12989
38140,11899,13105,38150,11840,12993
38160,11934,13100,38170,11829,12995
38180,11930,13122,38190,11853,12988
38200,11905,13119,38210,11880,12990
38220,11882,13121,38230,11871,12986
38240,11894,13120,38250,11844,12989
38260,11933,13121,38270,11828,12988
38280,11918,13115,38290,11852,12986
38300,11895,13110,38310,11874,12992
38320,11889,13127,38330,11865,12987
38340,11876,13119,38350,11823,12984
38360,11919,13121,38370,11824,13002
38380,11923,13132,38390,11843,12996
38400,11877,13125,38410,11872,12990
38420,11868,13120,38430,11873,12988
38440,11898,13118,38450,11840,12998
38460,11915,13119,38470,11821,12977
38480,11917,13124,38490,11837,12991
38500,11889,13109,38510,11869,12987
38520,11875,13118,38530,11884,12987
38540,11881,13122,38550,11841,12990
38560,11921,13120,38570,11824,12981
38580,11918,13114,38590,11834,12976
38600,11892,13117,38610,11872,12981
38620,11874,13115,38630,11882,12984
38640,11910,13120,38650,11832,12986
38660,11925,13126,38670,11835,12993
38680,11922,13129,38690,11849,12984
38700,11888,13123,38710,11877,12990
38720,11875,13120,38730,11886,12983
38740,11894,13101,38750,11842,12992
38760,11945,13125,38770,11832,12989
38780,11928,13126,38790,11849,12985
38800,11894,13123,38810,11877,12985
38820,11869,13123,38830,11881,12989
38840,11903,13116,38850,11833,12979
38860,11924,13124,38870,11825,12980
38880,11916,13123,38890,11840,12981
38900,11886,13112,38910,11868,12974
38920,11865,13118,38930,11880,12988
38940,11893,13118,38950,11825,12995
38960,11928,13115,38970,11822,12982
38980,11923,13110,38990,11841,12987
39000,11884,13126,39010,11878,12971
39020,11879,13124,39030,11882,12982
39040,11895,13112,39050,11832,12970
39060,11915,13094,39070,11827,12952
39080,11930,13088,39090,11845,12943
39100,11897,13076,39110,11871,12905
39120,11874,13049,39130,11869,12885
39140,11893,13050,39150,11818,12905
39160,11913,13055,39170,11836,12987
39180,11924,13096,39190,11852,12982
39200,11892,13129,39210,11885,12990
39220,11881,13110,39230,11889,12997
39240,11912,13125,39250,11833,12998
39260,11927,13115,39270,11835,12994
39280,11940,13123,39290,11847,12992
39300,11891,13118,39310,11877,12991
39320,11878,13124,39330,11878,12991
39340,11902,13129,39350,11839,12991
39360,11930,13106,39370,11833,12976
39380,11922,13117,39390,11850,12978
39400,11893,13112,39410,11876,12992
39420,11889,13124,39430,11875,12975
39440,11897,13120,39450,11824,12974
39460,11937,13125,39470,11841,12995
39480,11925,13120,39490,11860,12982
39500,11874,13111,39510,11884,12983
39520,11888,13108,39530,11877,12995
39540,11893,13125,39550,11842,12992
39560,11924,13123,39570,11840,12994
39580,11916,13111,39590,11855,12987
39600,11884,13125,39610,11877,12992
39620,11888,13123,39630,11872,12985
39640,11907,13123,39650,11838,12982
39660,11914,13121,39670,11834,13000
39680,11917,13131,39690,11851,12997
39700,11882,13121,39710,11884,12998
39720,11886,13123,39730,11867,12988
39740,11915,13125,39750,11825,12981
39760,11932,13123,39770,11838,12974
39780,11908,13119,39790,11851,12994
39800,11877,13119,39810,11875,12987
39820,11889,13112,39830,11853,12986
39840,11900,13129,39850,11834,12995
39860,11911,13126,39870,11847,12985
39880,11905,13127,39890,11849,12983
39900,11871,13130,39910,11878,12999
39920,11888,13114,39930,11858,12988
39940,11908,13122,39950,11817,12978
39960,11911,13122,39970,11853,12983
39980,11908,13122,39990,11838,12978
40000,11878,13129,40010,11883,12991
40020,11904,13119,40030,11857,12987
40040,11912,13127,40050,11816,12977
40060,11935,13121,40070,11850,13014
40080,11909,13131,40090,11853,12984
40100,11886,13129,40110,11891,12988
40120,11889,13115,40130,11850,12975
40140,11905,13108,40150,11831,12940
40160,11931,13085,40170,11842,12929
40180,11912,13073,40190,11856,12932
40200,11859,13078,40210,11879,12941
40220,11898,13085,40230,11846,12961
40240,11903,13110,40250,11824,12972
40260,11925,13100,40270,11839,12989
40280,11910,13110,40290,11846,12966
40300,11868,13106,40310,11892,12991
40320,11893,13096,40330,11840,12978
40340,11910,13044,40350,11826,12959
40360,11933,13101,40370,11839,12999
40380,11921,13086,40390,11854,13000
40400,11870,13099,40410,11883,12995
40420,11890,13095,40430,11854,12991
40440,11900,13119,40450,11817,12984
40460,11932,13130,40470,11844,12987
40480,11910,13123,40490,11843,12986
40500,11871,13127,40510,11884,12985
40520,11898,13135,40530,11858,12994
40540,11907,13124,40550,11835,12991
40560,11925,13122,40570,11835,12986
40580,11908,13131,40590,11860,12978
40600,11877,13122,40610,11875,12995
40620,11885,13129,40630,11856,12987
40640,11910,13127,40650,11821,12981
40660,11927,13136,40670,11840,12981
40680,11909,13127,40690,11862,12986
40700,11877,13123,40710,11899,12981
40720,11899,13110,40730,11856,12985
40740,11907,13128,40750,11843,12988
40760,11933,13126,40770,11851,12992
40780,11917,13130,40790,11864,12989
40800,11890,13122,40810,11890,12993
40820,11904,13124,40830,11860,12984
40840,11913,13120,40850,11851,12991
40860,11946,13122,40870,11847,12991
40880,11914,13128,40890,11868,12989
40900,11865,13111,40910,11910,12993
40920,11908,13125,40930,11861,12988
40940,11908,13117,40950,11845,12987
40960,11940,13130,40970,11841,12976
40980,11922,13134,40990,11859,12992
41000,11883,13122,41010,11886,12979
41020,11907,13128,41030,11853,12978
41040,11908,13120,41050,11852,12987
41060,11941,13125,41070,11847,12988
41080,11920,13132,41090,11855,12978
41100,11886,13126,41110,11883,12995
41120,11892,13116,41130,11854,12980
41140,11908,13116,41150,11843,12986
41160,11925,13111,41170,11831,12988
41180,11907,13123,41190,11859,12978
41200,11882,13123,41210,11870,12945
41220,11892,13091,41230,11871,12956
41240,11907,13103,41250,11836,12956
41260,11940,13098,41270,11836,12951
41280,11907,13082,41290,11859,12967
41300,11875,13087,41310,11873,12986
41320,11900,13099,41330,11852,12988
41340,11894,13102,41350,11842,12990
41360,11936,13113,41370,11837,12989
41380,11899,13110,41390,11859,12980
41400,11872,13113,41410,11875,12977
41420,11886,13107,41430,11848,12986
41440,11909,13112,41450,11833,12983
41460,11935,13115,41470,11852,12991
41480,11898,13123,41490,11857,12977
41500,11873,13112,41510,11882,12983
41520,11895,13111,41530,11849,12984
41540,11912,13124,41550,11843,12983
41560,11929,13113,41570,11833,12981
41580,11894,13114,41590,11859,12970
41600,11870,13113,41610,11888,12992
41620,11896,13128,41630,11838,12980
41640,11910,13117,41650,11840,12991
41660,11932,13125,41670,11827,12982
41680,11902,13113,41690,11853,12984
41700,11870,13121,41710,11880,12995
41720,11893,13131,41730,11830,12981
41740,11909,13118,41750,11825,12976
41760,11927,13122,41770,11838,12978
41780,11885,13112,41790,11852,12989
41800,11878,13108,41810,11867,12984
41820,11883,13114,41830,11831,12982
41840,11888,13112,41850,11816,12982
41860,11930,13108,41870,11841,12980
41880,11885,13115,41890,11864,12991
41900,11869,13119,41910,11884,12986
41920,11903,13115,41930,11843,13002
41940,11903,13116,41950,11823,12985
41960,11947,13131,41970,11836,12978
41980,11891,13114,41990,11863,12983
42000,11872,13112,42010,11872,12987
42020,11895,13132,42030,11855,12986
42040,11914,13128,42050,11822,12991
42060,11934,13126,42070,11829,12982
42080,11877,13131,42090,11874,12973
42100,11865,13120,42110,11880,12979
42120,11896,13126,42130,11836,12988
42140,11901,13118,42150,11819,12983
42160,11934,13123,42170,11828,13000
42180,11882,13131,42190,11859,12982
42200,11873,13135,42210,11878,12979
42220,11893,13123,42230,11843,12993
42240,11908,13115,42250,11807,12990
42260,11926,13124,42270,11831,12964
42280,11883,13105,42290,11849,12944
42300,11880,13092,42310,11868,12941
42320,11875,13092,42330,11844,12933
42340,11911,13086,42350,11815,12936
42360,11922,13078,42370,11842,12964
42380,11883,13111,42390,11865,13002
42400,11866,13098,42410,11867,12987
42420,11892,13102,42430,11838,12980
42440,11926,13117,42450,11809,12990
42460,11921,13097,42470,11853,12986
42480,11879,13113,42490,11877,12993
42500,11874,13118,42510,11883,13001
42520,11910,13116,42530,11851,13002
42540,11940,13108,42550,11851,12994
42560,11948,13114,42570,11861,12985
42580,11911,13120,42590,11885,12983
42600,11902,13106,42610,11908,12983
42620,11933,13132,42630,11867,12979
42640,11954,13111,42650,11857,12981
42660,11964,13113,42670,11884,12990
42680,11922,13116,42690,11909,12996
42700,11915,13107,42710,11922,12987
42720,11930,13103,42730,11889,12987
42740,11975,13121,42750,11876,12977
42760,11995,13126,42770,11895,12980
42780,11946,13115,42790,11935,12981
42800,11955,13119,42810,11953,12984
42820,11972,13124,42830,11917,12982
42840,11995,13122,42850,11909,12985
42860,12012,13135,42870,11937,12981
42880,11978,13124,42890,11960,12981
42900,11979,13117,42910,11977,12981
42920,12001,13120,42930,11944,12980
42940,12032,13117,42950,11939,12988
42960,12059,13113,42970,11965,12988
42980,12013,13130,42990,11994,12860
43000,12016,13110,43010,12001,12991
43020,12024,13128,43030,11973,12988
43040,12065,13115,43050,11949,12978
43060,12066,13135,43070,11973,12986
43080,12032,13128,43090,11999,12994
43100,12008,13115,43110,12003,12990
43120,12019,13126,43130,11971,12976
43140,12030,13118,43150,11946,12989
43160,12045,13117,43170,11955,12980
43180,11993,13124,43190,11976,12988
43200,11982,13139,43210,11958,12983
43220,11983,13127,43230,11926,12984
43240,12010,13123,43250,11907,12982
43260,12003,13130,43270,11911,12979
43280,11957,13125,43290,11925,12868
43300,11945,13123,43310,11928,12978
43320,11946,13102,43330,11884,12985
43340,11959,13108,43350,11861,12956
43360,11955,13095,43370,11867,12942
43380,11919,13099,43390,11888,12939
43400,11911,13093,43410,11894,12942
43420,11908,13078,43430,11859,12948
43440,11943,13096,43450,11826,12975
43460,11935,13119,43470,11863,12985
43480,11890,13120,43490,11864,12990
43500,11871,13110,43510,11872,12989
43520,11879,13109,43530,11819,12999
43540,11891,13117,43550,11789,12989
43560,11882,13114,43570,11814,12995
43580,11843,13110,43590,11813,12852
43600,11827,13084,43610,11815,12977
43620,11832,13113,43630,11785,12998
43640,11860,13112,43650,11746,12986
43660,11855,13118,43670,11763,12973
43680,11804,13122,43690,11764,12985
43700,11776,13118,43710,11774,12983
43720,11765,13117,43730,11696,12990
43740,11772,13120,43750,11678,12995
43760,11752,13115,43770,11668,12983
43780,11694,13126,43790,11685,12986
43800,11687,13127,43810,11661,12989
43820,11688,13112,43830,11623,12984
43840,11711,13127,43850,11602,12984
43860,11693,13120,43870,11621,12991
43880,11642,13131,43890,11628,12989
43900,11627,13124,43910,11622,12984
43920,11648,13114,43930,11580,12985
43940,11673,13119,43950,11579,12986
43960,11661,13110,43970,11604,12987
43980,11644,13131,43990,11627,12981
44000,11639,13106,44010,11651,12982
44020,11677,13116,44030,11610,12991
44040,11717,13121,44050,11619,12986
44060,11705,13119,44070,11680,12993
44080,11698,13120,44090,11710,12974
44100,11716,13118,44110,11704,12982
44120,11716,13132,44130,11624,12992
44140,11718,13132,44150,11591,12991
44160,11666,13122,44170,11592,12988
44180,11611,13120,44190,11608,12965
44200,11604,13118,44210,11588,12978
44220,11662,13125,44230,11621,12996
44240,11710,13127,44250,11616,12989
44260,11703,13119,44270,11641,12988
44280,11668,13123,44290,11670,12990
44300,11665,13112,44310,11642,12983
44320,11668,13119,44330,11604,12990
44340,11700,13133,44350,11609,12991
44360,11695,13126,44370,11623,12985
44380,11650,13120,44390,11653,12991
44400,11670,13125,44410,11650,12975
44420,11701,13103,44430,11617,12953
44440,11724,13088,44450,11640,12937
44460,11724,13091,44470,11654,12936
44480,11681,13086,44490,11668,12931
44500,11682,13075,44510,11666,12956
44520,11706,13082,44530,11637,12986
44540,11743,13098,44550,11666,12988
44560,11729,13106,44570,11683,12995
44580,11714,13099,44590,11727,12994
44600,11742,13116,44610,11721,12984
44620,11784,13114,44630,11716,12977
44640,11842,13114,44650,11766,13005
44660,11849,13104,44670,11813,12992
44680,11848,13124,44690,11861,12991
44700,11882,13120,44710,11878,12984
44720,11937,13121,44730,11873,12986
44740,11983,13128,44750,11917,12991
44760,11990,13122,44770,11950,12986
44780,11985,13113,44790,11997,12992
44800,12032,13120,44810,12014,12985
44820,12054,13112,44830,11980,12977
44840,12104,13126,44850,12017,12985
44860,12095,13121,44870,12044,12992
44880,12071,13121,44890,12091,12975
44900,12102,13136,44910,12079,12979
44920,12116,13123,44930,12033,12981
44940,12148,13112,44950,12054,12989
44960,12146,13125,44970,12094,12987
44980,12124,13129,44990,12120,12985
45000,12142,13118,45010,12106,12998
45020,12168,13125,45030,12075,12986
45040,12190,13136,45050,12107,12994
45060,12161,13121,45070,12112,12988
45080,12143,13115,45090,12151,12864
45100,12142,13117,45110,12110,12986
45120,12174,13125,45130,12090,12973
45140,12193,13122,45150,12099,12976
45160,12169,13115,45170,12111,13000
45180,12125,13120,45190,12141,12987
45200,12151,13124,45210,12112,12986
45220,12165,13121,45230,12064,12976
45240,12188,13122,45250,12072,12979
45260,12140,13128,45270,12098,12998
45280,12115,13123,45290,12115,12976
45300,12114,13114,45310,12076,12990
45320,12123,13132,45330,12039,12981
45340,12135,13117,45350,12046,12985
45360,12108,13125,45370,12070,12998
45380,12096,13118,45390,12103,13000
45400,12110,13130,45410,12071,13002
45420,12117,13121,45430,12038,12994
45440,12166,13133,45450,12066,12994
45460,12126,13138,45470,12066,12983
45480,12076,13123,45490,12088,12972
45500,12094,13115,45510,12054,12954
45520,12087,13106,45530,12016,12962
45540,12127,13104,45550,12013,12948
45560,12084,13099,45570,12009,12962
45580,12024,13104,45590,12041,12990
45600,12029,13113,45610,11977,12985
45620,12023,13115,45630,11950,12990
45640,12034,13114,45650,11959,12996
45660,12020,13115,45670,11942,12995
45680,11973,13114,45690,11972,12987
45700,11971,13123,45710,11932,12998
45720,11986,13105,45730,11895,12984
45740,12007,13128,45750,11912,12994
45760,11982,13131,45770,11930,12984
45780,11936,13117,45790,11951,12980
45800,11961,13132,45810,11908,12990
45820,11976,13125,45830,11889,13000
45840,11985,13120,45850,11897,12994
45860,11974,13142,45870,11912,12990
45880,11927,13123,45890,11931,12983
45900,11942,13124,45910,11904,12987
45920,11946,13119,45930,11864,12982
45940,11976,13122,45950,11889,12982
45960,11954,13122,45970,11910,12990
45980,11934,13116,45990,11933,12984
46000,11944,13129,46010,11918,12988
46020,11990,13121,46030,11891,12983
46040,11992,13122,46050,11898,12983
46060,11950,13118,46070,11916,12980
46080,11925,13126,46090,11940,12997
46100,11940,13120,46110,11886,12985
46120,11938,13125,46130,11858,13007
46140,11968,13117,46150,11870,12985
46160,11927,13132,46170,11875,12985
46180,11901,13127,46190,11884,12983
46200,11895,13126,46210,11845,12975
46220,11905,13121,46230,11821,12985
46240,11933,13117,46250,11819,12988
46260,11876,13119,46270,11824,12986
46280,11840,13118,46290,11855,12845
46300,11861,13120,46310,11812,12991
46320,11861,13119,46330,11783,12981
46340,11900,13122,46350,11795,12991
46360,11853,13127,46370,11819,12978
46380,11826,13125,46390,11850,12982
46400,11838,13124,46410,11797,12983
46420,11876,13122,46430,11781,12990
46440,11884,13121,46450,11789,12992
46460,11856,13121,46470,11820,12990
46480,11835,13124,46490,11849,12984
46500,11856,13128,46510,11808,12989
46520,11894,13126,46530,11806,12992
46540,11921,13119,46550,11847,12980
46560,11915,13134,46570,11892,12978
46580,11925,13096,46590,11951,12945
46600,11974,13093,46610,11958,12928
46620,12049,13066,46630,11992,12904
46640,12145,13053,46650,12047,12878
46660,12120,13089,46670,12085,12952
46680,12090,13086,46690,12121,12982
46700,12108,13092,46710,12062,12979
46720,12136,13098,46730,12039,12982
46740,12146,13106,46750,12060,12973
46760,12111,13102,46770,12083,12986
46780,12093,13117,46790,12107,12996
46800,12103,13114,46810,12053,12988
46820,12137,13122,46830,12034,12981
46840,12180,13117,46850,12055,12992
46860,12120,13125,46870,12093,12990
46880,12092,13115,46890,12126,12987
46900,12128,13121,46910,12079,12984
46920,12147,13127,46930,12068,12996
46940,12168,13116,46950,12080,12994
46960,12115,13132,46970,12098,12996
46980,12076,13120,46990,12074,12992
47000,12028,13122,47010,11942,12982
47020,12001,13111,47030,11864,12979
47040,11944,13114,47050,11792,12982
47060,11817,13125,47070,11757,12983
47080,11701,13124,47090,11654,12978
47100,11614,13116,47110,11508,12981
47120,11518,13120,47130,11337,12979
47140,11338,13122,47150,11190,12977
47160,11205,13122,47170,11158,12992
47180,11145,13115,47190,11133,12990
47200,11155,13126,47210,11108,12993
47220,11165,13122,47230,11072,12983
47240,11151,13125,47250,11067,12992
47260,11104,13130,47270,11060,12996
47280,11051,13130,47290,11018,12994
47300,11051,13135,47310,11009,12992
47320,11077,13119,47330,10983,12981
47340,11091,13121,47350,10991,12987
47360,11047,13113,47370,11035,12978
47380,11045,13129,47390,11020,12987
47400,11057,13127,47410,11002,12985
47420,11088,13117,47430,10991,12976
47440,11083,13123,47450,11004,12983
47460,11059,13130,47470,11032,12985
47480,11038,13132,47490,11025,12988
47500,11055,13119,47510,11006,12992
47520,11097,13123,47530,10988,12999
47540,11086,13132,47550,11005,12985
47560,11042,13123,47570,11024,12999
47580,11026,13132,47590,11021,12989
47600,11028,13124,47610,10977,12985
47620,11066,13116,47630,10969,12971
47640,11058,13118,47650,10990,12962
47660,11040,13103,47670,11011,12961
47680,11014,13097,47690,11008,12960
47700,11030,13098,47710,10973,12947
47720,11048,13095,47730,10965,12967
47740,11051,13105,47750,10988,12989
47760,11025,13122,47770,11002,12995
47780,11005,13123,47790,11002,12979
47800,11036,13094,47810,10980,12962
47820,11057,13058,47830,10949,12991
47840,11046,13086,47850,10981,13007
47860,11019,13119,47870,11004,12994
47880,11003,13122,47890,10994,12983
47900,11023,13125,47910,10972,12993
47920,11056,13122,47930,10948,12985
47940,11036,13123,47950,10960,12992
47960,10983,13123,47970,10962,13000
47980,10948,13117,47990,10937,12995
48000,10966,13121,48010,10913,12987
48020,10993,13124,48030,10900,12993
48040,10992,13129,48050,10924,12994
48060,10968,13130,48070,10951,12999
48080,10953,13128,48090,10941,12986
48100,10975,13124,48110,10914,12979
48120,10984,13111,48130,10886,12972
48140,10997,13112,48150,10899,12985
48160,10963,13122,48170,10940,12984
48180,10941,13109,48190,10937,13000
48200,10953,13119,48210,10906,12995
48220,10982,13117,48230,10891,12983
48240,10982,13125,48250,10915,12997
48260,10952,13120,48270,10943,12989
48280,10934,13121,48290,10922,12986
48300,10957,13135,48310,10900,12984
48320,10994,13133,48330,10871,12982
48340,10962,13121,48350,10912,12987
48360,10951,13126,48370,10939,12984
48380,10939,13117,48390,10924,12995
48400,10952,13119,48410,10894,12986
48420,10973,13130,48430,10873,12985
48440,10986,13130,48450,10905,12994
48460,10945,13123,48470,10929,12992
48480,10931,13132,48490,10919,12994
48500,10948,13134,48510,10896,12994
48520,10981,13133,48530,10892,13001
48540,10980,13127,48550,10918,12993
48560,10954,13121,48570,10943,12996
48580,10934,13130,48590,10930,12996
48600,10968,13127,48610,10910,12993
48620,11012,13133,48630,10890,12995
48640,10982,13130,48650,10919,12993
48660,10954,13119,48670,10943,12994
48680,10925,13123,48690,10944,12976
48700,10968,13120,48710,10915,12978
48720,10989,13110,48730,10897,12952
48740,10982,13080,48750,10924,12952
48760,10964,13092,48770,10956,12945
48780,10949,13086,48790,10936,12938
48800,10976,13082,48810,10904,12952
48820,10997,13097,48830,10901,12984
48840,11007,13119,48850,10936,13004
48860,10975,13117,48870,10951,12999
48880,10940,13109,48890,10957,12996
48900,10981,13118,48910,10922,12999
48920,11006,13114,48930,10900,12990
48940,10997,13120,48950,10937,12988
48960,10952,13122,48970,10951,12993
48980,10960,13119,48990,10943,12983
49000,10977,13095,49010,10904,12988
49020,11005,13117,49030,10897,12992
49040,10976,13092,49050,10934,12968
49060,10949,13130,49070,10956,12991
49080,10945,13116,49090,10941,12986
49100,10983,13133,49110,10910,12985
49120,11017,13124,49130,10904,12993
49140,10997,13126,49150,10932,12984
49160,10966,13121,49170,10948,12984
49180,10969,13119,49190,10949,12994
49200,10988,13129,49210,10922,12977
49220,11004,13116,49230,10918,12988
49240,10994,13124,49250,10941,12985
49260,10965,13121,49270,10957,12985
49280,10968,13120,49290,10930,12971
49300,11011,13123,49310,10923,12990
49320,11011,13120,49330,10919,12979
49340,10998,13128,49350,10954,12987
49360,10972,13127,49370,10976,12993
49380,10956,13128,49390,10947,12988
49400,10997,13126,49410,10910,12987
49420,11020,13123,49430,10911,12986
49440,10998,13131,49450,10955,12986
49460,10971,13121,49470,10957,12986
49480,10960,13125,49490,10943,12989
49500,11001,13123,49510,10916,12989
49520,11011,13128,49530,10916,13005
49540,10991,13129,49550,10961,12985
49560,10956,13119,49570,10945,12986
49580,10963,13126,49590,10936,12981
49600,10994,13125,49610,10915,12992
49620,11098,13121,49630,11683,12989
49640,11912,13123,49650,11895,12991
49660,11931,13128,49670,11961,12991
49680,11983,13126,49690,11960,12996
49700,12013,13135,49710,11944,12996
49720,12071,13123,49730,11998,13001
49740,12083,13120,49750,12041,12996
49760,12061,13126,49770,12102,12984
49780,12104,13124,49790,12072,12965
49800,12118,13098,49810,12034,12953
49820,12160,13104,49830,12063,12963
49840,12125,13097,49850,12066,12952
49860,12102,13096,49870,12107,12949
49880,12115,13111,49890,12082,12918
49900,12124,13058,49910,12042,12899
49920,12165,13054,49930,12073,12965
49940,12137,13083,49950,12066,12990
49960,12109,13133,49970,12137,13001
49980,12127,13109,49990,12092,12996
50000,12128,13122,50010,12052,12992
50020,12169,13111,50030,12082,12984
50040,12152,13127,50050,12086,12985
50060,12113,13122,50070,12114,12990
50080,12128,13124,50090,12094,12987
50100,12131,13122,50110,12055,12990
50120,12190,13128,50130,12086,12995
50140,12141,13120,50150,12097,12988
50160,12112,13117,50170,12127,12988
50180,12128,13122,50190,12097,13003
50200,12138,13133,50210,12055,12984
50220,12189,13133,50230,12091,12985
50240,12150,13130,50250,12095,12988
50260,12108,13117,50270,12128,12992
50280,12146,13123,50290,12105,12990
50300,12141,13121,50310,12067,12979
50320,12182,13122,50330,12089,12992
50340,12152,13124,50350,12099,12993
50360,12114,13125,50370,12129,12991
50380,12129,13113,50390,12102,12982
50400,12147,13119,50410,12063,12980
50420,12185,13114,50430,12081,12976
50440,12145,13120,50450,12086,12986
50460,12112,13118,50470,12116,12993
50480,12114,13116,50490,12097,12986
50500,12135,13127,50510,12064,12976
50520,12174,13122,50530,12086,12994
50540,12134,13117,50550,12084,12996
50560,12104,13130,50570,12131,12994
50580,12124,13120,50590,12076,12984
50600,12129,13114,50610,12048,12978
50620,12167,13125,50630,12060,12981
50640,12118,13113,50650,12076,12976
50660,12099,13111,50670,12117,12988
50680,12127,13132,50690,12082,12985
50700,12130,13120,50710,12051,12983
50720,12165,13120,50730,12070,12980
50740,12114,13130,50750,12083,12985
50760,12091,13120,50770,12108,12986
50780,12101,13122,50790,12071,12979
50800,12114,13117,50810,12034,12993
50820,12162,13118,50830,12064,12972
50840,12114,13132,50850,12082,12985
50860,12089,13112,50870,12107,12958
50880,12102,13088,50890,12075,12921
50900,12114,13074,50910,12034,12906
50920,12146,13056,50930,12048,12937
50940,12115,13088,50950,12067,12955
50960,12090,13083,50970,12109,12990
50980,12104,13110,50990,12062,12989
51000,12118,13106,51010,12048,12988
51020,12150,13110,51030,12059,12994
51040,12121,13128,51050,12080,13001
51060,12083,13122,51070,12103,12995
51080,12099,13109,51090,12057,12990
51100,12126,13119,51110,12036,12994
51120,12164,13131,51130,12061,13002
51140,12108,13110,51150,12064,12992
51160,12085,13125,51170,12111,12989
51180,12109,13128,51190,12063,12990
51200,12141,13121,51210,12047,12990
51220,12164,13133,51230,12071,12992
51240,12122,13129,51250,12092,13002
51260,12108,13125,51270,12124,12987
51280,12116,13125,51290,12064,12980
51300,12152,13125,51310,12040,12988
51320,12160,13125,51330,12070,12987
51340,12124,13126,51350,12091,12990
51360,12086,13126,51370,12116,12979
51380,12099,13107,51390,12073,12979
51400,12145,13129,51410,12042,12987
51420,12169,13123,51430,12081,12989
51440,12134,13118,51450,12103,12984
51460,12124,13130,51470,12130,12985
51480,12143,13134,51490,12103,12982
51500,12172,13113,51510,12105,12994
51520,12219,13122,51530,12138,12989
51540,12191,13134,51550,12178,12997
51560,12196,13129,51570,12230,12993
51580,12229,13123,51590,12197,12991
51600,12278,13122,51610,12206,12987
51620,12331,13123,51630,12255,12991
51640,12313,13117,51650,12323,12985
51660,12332,13121,51670,12370,12992
51680,12365,13116,51690,12344,12993
51700,12445,13129,51710,12373,12984
51720,12483,13124,51730,12418,12996
51740,12471,13125,51750,12446,12988
51760,12466,13118,51770,12503,12991
51780,12504,13122,51790,12460,12990
51800,12556,13123,51810,12463,12984
51820,12586,13128,51830,12491,12986
51840,12551,13124,51850,12535,12981
51860,12532,13116,51870,12565,12979
51880,12570,13117,51890,12536,12987
51900,12637,13134,51910,12527,12987
51920,12667,13126,51930,12573,12975
51940,12629,13106,51950,12599,12958
51960,12616,13094,51970,12635,12949
51980,12635,13079,51990,12584,12961
52000,12665,13085,52010,12579,12963
52020,12697,13104,52030,12605,12975
52040,12637,13106,52050,12626,12987
52060,12634,13109,52070,12657,12982
52080,12664,13108,52090,12607,12985
52100,12697,13114,52110,12590,12990
52120,12713,13115,52130,12611,12985
52140,12654,13108,52150,12655,12975
52160,12644,13109,52170,12670,12985
52180,12674,13119,52190,12615,12997
52200,12707,13120,52210,12618,12992
52220,12736,13121,52230,12627,12987
52240,12683,13122,52250,12674,12986
52260,12681,13126,52270,12683,12988
52280,12701,13117,52290,12622,12973
52300,12712,13108,52310,12631,12977
52320,12742,13108,52330,12646,12997
52340,12680,13119,52350,12670,12992
52360,12688,13126,52370,12698,13002
52380,12697,13124,52390,12629,12989
52400,12734,13125,52410,12633,12997
52420,12758,13126,52430,12647,12987
52440,12698,13128,52450,12689,12980
52460,12678,13121,52470,12706,12992
52480,12711,13114,52490,12647,12984
52500,12744,13130,52510,12636,12984
52520,12757,13129,52530,12660,12990
52540,12704,13129,52550,12684,12982
52560,12702,13115,52570,12720,12979
52580,12714,13121,52590,12658,12980
52600,12750,13124,52610,12660,12985
52620,12762,13122,52630,12685,12982
52640,12714,13128,52650,12698,13001
52660,12713,13129,52670,12719,12982
52680,12724,13121,52690,12669,12989
52700,12748,13121,52710,12654,12976
52720,12762,13133,52730,12672,12983
52740,12714,13126,52750,12695,12974
52760,12698,13115,52770,12707,12979
52780,12706,13104,52790,12644,12979
52800,12732,13114,52810,12628,12983
52820,12746,13126,52830,12646,12987
52840,12683,13110,52850,12688,12985
52860,12696,13129,52870,12695,12988
52880,12701,13042,52890,12643,12979
52900,12737,13122,52910,12631,12998
52920,12750,13120,52930,12650,12981
52940,12697,13126,52950,12657,12993
52960,12672,13128,52970,12618,12998
52980,12452,13110,52990,12524,12998
53000,12688,13118,53010,12622,12960
53020,12723,13103,53030,12647,12940
53040,12643,13091,53050,12659,12934
53060,12638,13089,53070,12644,12946
53080,12654,13083,53090,12648,12951
53100,12752,13079,53110,12669,12964
53120,12796,13103,53130,12743,12987
53140,12781,13110,53150,12827,12992
53160,12844,13118,53170,12845,12989
53180,12868,13018,53190,12833,13009
53200,12942,13117,53210,12883,12990
53220,13033,13117,53230,12937,13007
53240,12988,13109,53250,12973,12994
53260,12999,13119,53270,12983,13002
53280,13078,13117,53290,12986,12987
53300,13124,13116,53310,12974,12977
53320,13058,13132,53330,12866,12987
53340,12850,13118,53350,12854,12988
53360,12882,13111,53370,12918,12994
53380,12938,13113,53390,12886,12980
53400,12982,13112,53410,12892,12991
53420,13022,13118,53430,12915,12997
53440,12955,13122,53450,12967,12982
53460,12944,13114,53470,12973,12995
53480,12949,13010,53490,12889,12981
53500,12998,13115,53510,12897,12980
53520,13004,13125,53530,12899,12983
53540,12940,13128,53550,12960,12988
53560,12946,13121,53570,12954,12981
53580,12957,13126,53590,12889,12985
53600,12994,13116,53610,12889,12987
53620,13016,13118,53630,12900,12970
53640,12916,13120,53650,12945,12988
53660,12935,13132,53670,12952,12984
53680,12950,13117,53690,12885,12981
53700,12998,13121,53710,12893,12985
53720,13003,13118,53730,12867,12990
53740,12876,13122,53750,12900,12989
53760,12864,13111,53770,12876,12983
53780,12871,13013,53790,12807,12974
53800,12932,13118,53810,12801,12995
53820,12901,13124,53830,12827,12979
53840,12849,13124,53850,12888,12986
53860,12821,13118,53870,12822,12979
53880,12807,13113,53890,12703,12970
53900,12829,13115,53910,12722,12980
53920,12835,13121,53930,12740,12987
53940,12776,13124,53950,12806,12983
53960,12824,13123,53970,12831,12972
53980,12883,13128,53990,12909,12986
54000,13124,13121,54010,12978,12998
54020,13120,13110,54030,12966,12972
54040,13120,13114,54050,12979,12989
54060,13115,13115,54070,12978,12968
54080,13038,13006,54090,12988,12959
54100,13122,13097,54110,12983,12948
54120,13126,13091,54130,12985,12955
54140,13125,13095,54150,12985,12952
54160,13117,13091,54170,12969,12962
54180,13120,13112,54190,12952,12996
54200,13110,13114,54210,12952,12994
54220,13095,13112,54230,12954,12997
54240,13098,13111,54250,12964,12995
54260,13095,13113,54270,12968,12979
54280,13110,13122,54290,12989,12995
54300,13123,13122,54310,12980,12993
54320,13127,13127,54330,12993,12985
54340,13127,13129,54350,12994,12993
54360,13125,13114,54370,12980,12983
54380,13021,13023,54390,12978,12984
54400,13097,13104,54410,12988,12985
54420,13090,13104,54430,12999,12993
54440,13110,13110,54450,12987,12986
54460,13113,13109,54470,12982,12979
54480,13115,13105,54490,12987,12979
54500,13107,13112,54510,12982,12985
54520,13125,13127,54530,12987,12982
54540,13130,13122,54550,12975,12975
54560,13126,13113,54570,12992,12993
54580,13127,13118,54590,12990,12982
54600,13128,13121,54610,12973,12984
54620,13121,13115,54630,12979,12973
54640,13117,13121,54650,12983,12985
54660,13135,13133,54670,12981,12988
54680,13072,13060,54690,12982,12983
54700,13123,13113,54710,12982,12978
54720,13128,13121,54730,12976,12981
54740,13123,13113,54750,12993,12989
54760,13139,13115,54770,12990,12984
54780,13130,13115,54790,12979,13000
54800,13129,13116,54810,12986,12989
54820,13121,13130,54830,12985,12986
54840,13122,13129,54850,12984,12996
54860,13135,13132,54870,12982,12992
54880,13123,13115,54890,12984,12988
54900,13122,13121,54910,12986,12985
54920,13135,13118,54930,12987,12988
54940,13127,13120,54950,12977,12979
54960,13130,13116,54970,12974,12986
54980,13133,13117,54990,12978,12986
55000,13127,13122,55010,12986,12978
55020,13136,13124,55030,12988,12981
55040,13132,13133,55050,12985,12986
55060,13129,13126,55070,12987,12997
55080,13130,13129,55090,12979,12977
55100,13141,13130,55110,12989,12989
55120,13138,13124,55130,12976,12989
55140,13140,13115,55150,12977,12964
55160,13127,13103,55170,12977,12942
55180,13123,13081,55190,12997,12941
55200,13138,13083,55210,12980,12935
55220,13136,13087,55230,12981,12929
55240,13120,13077,55250,12955,12949
55260,13104,13088,55270,12938,12983
55280,13058,13085,55290,12910,12894
55300,13057,13047,55310,12900,12896
55320,13034,13032,55330,12901,12996
55340,13029,13057,55350,12963,12982
55360,13111,13116,55370,12972,12981
55380,13115,13117,55390,12977,12980
55400,13116,13118,55410,12981,12980
55420,13115,13119,55430,12981,12991
55440,13118,13121,55450,12984,12986
55460,13120,13124,55470,12993,12993
55480,13120,13118,55490,12985,12985
55500,13124,13121,55510,12989,12983
55520,13126,13130,55530,12992,12986
55540,13130,13126,55550,12986,12989
55560,13131,13121,55570,12985,12983
55580,13025,13070,55590,12994,12978
55600,13117,13118,55610,12985,12996
55620,13122,13114,55630,12988,12993
55640,13125,13111,55650,12968,12976
55660,13125,13118,55670,12978,12990
55680,13123,13126,55690,12980,12981
55700,13132,13118,55710,12977,12989
55720,13121,13125,55730,12968,12966
55740,13135,13123,55750,12987,12981
55760,13119,13122,55770,12980,12985
55780,13130,13131,55790,12986,12974
55800,13144,13130,55810,12989,12989
55820,13132,13129,55830,12979,12987
55840,13134,13127,55850,12990,12994
55860,13127,13139,55870,12975,12983
55880,13129,13123,55890,12978,12999
55900,13130,13118,55910,12986,12986
55920,13140,13123,55930,12992,12987
55940,13131,13126,55950,12992,12986
55960,13132,13123,55970,12972,12979
55980,13126,13128,55990,12977,12978
56000,13133,13124,56010,12981,12979
56020,13133,13123,56030,12988,12994
56040,13131,13128,56050,12988,12992
56060,13128,13133,56070,12981,12990
56080,13134,13136,56090,12983,12990
56100,13139,13131,56110,12976,12979
56120,13136,13123,56130,12987,12988
56140,13119,13124,56150,12973,12976
56160,13133,13119,56170,12989,12985
56180,13108,13111,56190,12988,12995
56200,13119,13121,56210,12983,12980
56220,13122,13112,56230,12990,12954
56240,13135,13110,56250,12991,12955
56260,13146,13099,56270,12990,12953
56280,13128,13088,56290,12997,12958
56300,13120,13092,56310,12982,12970
56320,13123,13108,56330,12949,12978
56340,13103,13116,56350,12956,12981
56360,13102,13118,56370,12940,12990
56380,13086,13109,56390,12950,12992
56400,13102,13115,56410,12970,12987
56420,13107,13129,56430,12967,12996
56440,13110,13111,56450,12986,12989
56460,13117,13123,56470,13007,12983
56480,13120,13109,56490,12988,12991
56500,13127,13121,56510,12984,12982
56520,13121,13119,56530,12992,12993
56540,13127,13121,56550,12975,12993
56560,13115,13130,56570,12987,12986
56580,13124,13118,56590,12992,12982
56600,13119,13107,56610,12994,12981
56620,13129,13123,56630,12982,12991
56640,13135,13127,56650,12987,12987
56660,13131,13121,56670,12986,12976
56680,13135,13117,56690,12981,12987
56700,13119,13126,56710,12975,12971
56720,13136,13133,56730,12979,12991
56740,13118,13112,56750,12978,12983
56760,13136,13109,56770,12973,12989
56780,13114,13112,56790,12985,12981
56800,13110,13120,56810,12982,12983
56820,13126,13111,56830,12985,12981
56840,13123,13123,56850,12984,12989
56860,13144,13124,56870,12998,12989
56880,13131,13123,56890,12992,12985
56900,13143,13143,56910,12992,12979
56920,13126,13129,56930,12978,12989
56940,13128,13129,56950,12975,12973
56960,13134,13134,56970,12984,12979
56980,13132,13122,56990,12978,12985
57000,13129,13114,57010,12978,12987
57020,13130,13124,57030,12992,12980
57040,13130,13118,57050,12983,12990
57060,13139,13115,57070,12986,12987
57080,13126,13118,57090,12978,12988
57100,13131,13123,57110,12977,12983
57120,13129,13120,57130,12986,12978
57140,13127,13114,57150,12990,12995
57160,13129,13122,57170,12974,12996
57180,13126,13112,57190,13005,12996
57200,13120,13126,57210,12979,12983
57220,13116,13115,57230,12986,12980
57240,13128,13128,57250,12983,12992
57260,13138,13125,57270,12979,12983
57280,13130,13121,57290,12986,12978
57300,13134,13122,57310,12975,12950
57320,13131,13082,57330,12991,12937
57340,13128,13085,57350,12983,12936
57360,13131,13067,57370,12986,12929
57380,13114,13065,57390,12968,12889
57400,13104,13041,57410,12939,12885
57420,13084,13047,57430,12919,12888
57440,13073,13064,57450,12924,13005
57460,13068,13107,57470,12935,12997
57480,13080,13118,57490,12952,12993
57500,13089,13126,57510,12983,13003
57520,13127,13115,57530,13002,13005
57540,13111,13118,57550,12981,12997
57560,13110,13114,57570,12997,12989
57580,13126,13122,57590,12987,12995
57600,13121,13118,57610,12981,12995
57620,13123,13120,57630,12990,12989
57640,13129,13129,57650,12992,12995
57660,13129,13133,57670,12985,12989
57680,13125,13126,57690,12984,12990
57700,13119,13123,57710,12979,12989
57720,13127,13124,57730,12974,12986
57740,13133,13130,57750,12986,12990
57760,13137,13129,57770,13003,12996
57780,13122,13125,57790,12991,12991
57800,13120,13132,57810,12987,12984
57820,13130,13108,57830,12991,12996
57840,13124,13119,57850,12989,12989
57860,13128,13127,57870,12995,12993
57880,13129,13120,57890,12979,12987
57900,13114,13115,57910,12982,12980
57920,13123,13113,57930,12977,12986
57940,13124,13124,57950,12980,12979
57960,13126,13135,57970,12995,12982
57980,13121,13117,57990,12997,12984
58000,13118,13122,58010,12986,12995
58020,13128,13122,58030,12982,12980
58040,13129,13122,58050,12987,12983
58060,13131,13130,58070,12984,12986
58080,13138,13129,58090,12980,12981
58100,13130,13135,58110,13003,12995
58120,13136,13131,58130,12987,12985
58140,13138,13133,58150,12980,12989
58160,13124,13124,58170,12993,12992
58180,13146,13148,58190,12999,12998
58200,13130,13141,58210,12992,12982
58220,13134,13131,58230,12985,12989
58240,13132,13126,58250,12973,12987
58260,13128,13132,58270,12985,12989
58280,13113,13105,58290,12978,12987
58300,13122,13123,58310,12972,12990
58320,13130,13107,58330,12975,12973
58340,13127,13117,58350,12987,12976
58360,13122,13124,58370,12989,12973
58380,13124,13104,58390,12983,12947
58400,13115,13097,58410,12989,12957
58420,13121,13097,58430,12980,12931
58440,13131,13087,58450,12984,12963
58460,13124,13093,58470,12958,12968
58480,13100,13113,58490,12945,12986
58500,13112,13110,58510,12947,12988
58520,13105,13115,58530,12946,12986
58540,13095,13122,58550,12955,12995
58560,13098,13127,58570,12990,12990
58580,13120,13116,58590,12982,12983
58600,13110,13113,58610,12980,12991
58620,13112,13126,58630,12982,12991
58640,13114,13122,58650,12988,12987
58660,13108,13107,58670,12979,12998
58680,13114,13116,58690,12984,12984
58700,13129,13113,58710,12988,12993
58720,13121,13129,58730,12980,12992
58740,13120,13114,58750,12979,12987
58760,13124,13127,58770,12988,12982
58780,13115,13114,58790,12991,12992
58800,13127,13131,58810,12986,12985
58820,13121,13120,58830,12998,12992
58840,13129,13118,58850,12991,12980
58860,13122,13136,58870,12990,12971
58880,13120,13109,58890,12982,12991
58900,13112,13116,58910,12992,12991
58920,13113,13116,58930,12986,12985
58940,13109,13112,58950,12980,12977
58960,13130,13119,58970,12970,12970
58980,13127,13127,58990,12984,12998
59000,13124,13123,59010,12998,12986
59020,13123,13119,59030,12982,12984
59040,13123,13106,59050,12975,12980
59060,13131,13136,59070,12983,12988
59080,13130,13121,59090,12978,12987
59100,13129,13111,59110,12980,12977
59120,13114,13117,59130,12990,12982
59140,13113,13114,59150,12970,12984
59160,13128,13133,59170,12976,12977
59180,13120,13122,59190,12974,12977
59200,13123,13113,59210,12972,12975
59220,13123,13113,59230,12978,12989
59240,13120,13125,59250,12987,12980
59260,13132,13123,59270,12975,12984
59280,13128,13122,59290,12983,12983
59300,13121,13119,59310,12983,12993
59320,13131,13121,59330,12973,12980
59340,13133,13125,59350,12986,12981
59360,13127,13123,59370,12980,12982
59380,13119,13122,59390,12982,12979
59400,13127,13128,59410,12971,12982
59420,13123,13121,59430,12981,12977
59440,13127,13104,59450,12974,12966
59460,13122,13104,59470,12992,12945
59480,13126,13093,59490,12973,12934
59500,13127,13079,59510,12980,12927
59520,13126,13070,59530,12979,12951
59540,13096,13083,59550,12952,12962
59560,13089,13082,59570,12936,12985
59580,13085,13094,59590,12928,12984
59600,13077,13102,59610,12930,12983
59620,13057,13100,59630,12943,12994
59640,13088,13113,59650,12973,12991
59660,13117,13119,59670,12987,12993
59680,13107,13109,59690,12980,12997
59700,13110,13110,59710,12987,12989
59720,13118,13118,59730,12985,12984
59740,13123,13118,59750,13004,12998
59760,13131,13125,59770,12981,12994
59780,13123,13108,59790,12991,12997
59800,13090,13102,59810,12996,12974
59820,13064,13105,59830,12992,12996
59840,13105,13111,59850,12971,12976
59860,13122,13119,59870,12982,12978
59880,13122,13111,59890,12997,12993
59900,13127,13122,59910,12980,12982
59920,13120,13128,59930,12978,12987
59940,13122,13114,59950,12994,12997
59960,13114,13115,59970,12989,12983
59980,13125,13108,59990,12972,12980
60000,13130,13124,60010,12979,12991
60020,13127,13122,60030,12986,12982
60040,13130,13118,60050,12980,12981
60060,13128,13120,60070,12970,12979
60080,13115,13117,60090,12977,12980
60100,13123,13112,60110,12976,12986
60120,13122,13121,60130,12974,12979
60140,13123,13111,60150,12979,12981
60160,13131,13122,60170,12981,12977
60180,13141,13147,60190,12980,12988
60200,13118,13124,60210,12979,12986
60220,13125,13124,60230,12987,12985
60240,13141,13117,60250,12972,12996
60260,13112,13126,60270,12970,12985
60280,13120,13112,60290,12980,12988
60300,13130,13124,60310,12985,12997
60320,13126,13124,60330,12982,12997
60340,13135,13114,60350,12991,12995
60360,13135,13123,60370,12988,12985
60380,13129,13111,60390,12988,12997
60400,13121,13115,60410,12983,12982
60420,13121,13117,60430,12978,12979
60440,13129,13104,60450,12976,12983
60460,13129,13131,60470,12982,12982
60480,13135,13134,60490,12988,12988
60500,13141,13128,60510,12987,12975
60520,13134,13111,60530,12979,12957
60540,13130,13102,60550,12977,12951
60560,13127,13099,60570,12999,12958
60580,13123,13091,60590,12978,12957
60600,13112,13083,60610,12963,12966
60620,13121,13112,60630,12942,12991
60640,13107,13111,60650,12946,12984
60660,13084,13110,60670,12944,12990
60680,13099,13118,60690,12948,12989
60700,13085,13101,60710,12968,12989
60720,13112,13111,60730,12980,12987
60740,13118,13122,60750,12983,12986
60760,13106,13102,60770,12982,12988
60780,13122,13120,60790,12979,12989
60800,13124,13116,60810,12985,12985
60820,13124,13121,60830,12996,12986
60840,13125,13112,60850,12981,12985
60860,13113,13115,60870,12978,12984
60880,13132,13123,60890,12987,12990
60900,13113,13115,60910,12985,12985
60920,13125,13115,60930,12980,12991
60940,13129,13119,60950,12982,12990
60960,13124,13112,60970,12983,12991
60980,13107,13108,60990,12988,12984
61000,13098,13108,61010,12979,12982
61020,13134,13118,61030,12978,12981
61040,13118,13112,61050,12987,12985
61060,13130,13121,61070,12972,12994
61080,13135,13118,61090,12984,12979
61100,13125,13127,61110,12977,12982
61120,13134,13126,61130,12986,12993
61140,13120,13119,61150,12986,12993
61160,13129,13118,61170,12987,12982
61180,13133,13131,61190,12980,12977
61200,13123,13128,61210,12985,12991
61220,13126,13119,61230,12986,12986
61240,13119,13114,61250,12977,12978
61260,13124,13119,61270,12970,12983
61280,13145,13130,61290,12976,12993
61300,13123,13120,61310,12981,12993
61320,13125,13129,61330,12984,12989
61340,13136,13128,61350,12978,12974
61360,13131,13099,61370,12985,12988
61380,13118,13126,61390,12982,12975
61400,13116,13122,61410,12985,12981
61420,13117,13112,61430,12985,12994
61440,13107,13107,61450,12983,12972
61460,13130,13119,61470,12985,12976
61480,13123,13134,61490,12984,12982
61500,13118,13117,61510,12980,12979
61520,13122,13122,61530,12973,12976
61540,13111,13114,61550,12984,12976
61560,13128,13118,61570,12967,12977
61580,13117,13110,61590,12961,12958
61600,13115,13086,61610,12961,12947
61620,13125,13069,61630,12958,12919
61640,13114,13061,61650,12977,12893
61660,13113,13055,61670,12984,12877
61680,13113,13024,61690,12951,12881
61700,13091,13035,61710,12925,12916
61720,13088,13100,61730,12927,12991
61740,13077,13101,61750,12943,12994
61760,13055,13113,61770,12948,12981
61780,13077,13099,61790,12960,12985
61800,13108,13120,61810,12977,12970
61820,13101,13098,61830,13000,12990
61840,13114,13108,61850,12975,12987
61860,13117,13118,61870,12977,12988
61880,13117,13105,61890,12990,12988
61900,13122,13121,61910,12981,12988
61920,13113,13112,61930,12975,12981
61940,12937,13109,61950,11370,12979
61960,10608,13115,61970,10674,12965
61980,10565,13118,61990,10697,12980
62000,10534,13112,62010,10694,12982
62020,10568,13102,62030,10772,12973
62040,10521,13123,62050,10690,12975
62060,10476,13111,62070,10606,12978
62080,10471,13123,62090,10589,12973
62100,10413,13120,62110,10573,12990
62120,10387,13122,62130,10604,12984
62140,10367,13115,62150,10549,12988
62160,10326,13126,62170,10487,12959
62180,10299,13122,62190,10497,12977
62200,10182,13110,62210,10514,12985
62220,10065,13109,62230,10429,12976
62240,9988,13120,62250,10287,12981
62260,9972,13119,62270,10163,12981
62280,9948,13122,62290,10090,12984
62300,9836,13131,62310,10073,12994
62320,9782,13120,62330,10042,12991
62340,9728,13111,62350,9954,12985
62360,9636,13119,62370,9817,12983
62380,9458,13112,62390,9741,12987
62400,9382,13126,62410,9790,12988
62420,9409,13116,62430,9806,12986
62440,9464,13111,62450,9713,12979
62460,9329,13123,62470,9562,12979
62480,9199,13123,62490,9449,12971
62500,9033,13118,62510,9404,12974
62520,8903,13122,62530,9304,12991
62540,8803,13118,62550,9188,12978
62560,8782,13126,62570,9190,12989
62580,8772,13132,62590,9206,12983
62600,8788,13112,62610,9252,12978
62620,8801,13120,62630,9237,12990
62640,8786,13132,62650,9177,12988
62660,8722,13117,62670,9156,12970
62680,8708,13098,62690,9183,12962
62700,8683,13107,62710,9184,12957
62720,8672,13086,62730,9214,12962
62740,8671,13093,62750,9204,12977
62760,8693,13104,62770,9201,12991
62780,8690,13063,62790,9195,12939
62800,8677,13072,62810,9212,12906
62820,8676,13053,62830,9224,12925
62840,8677,13131,62850,9223,12988
62860,8693,13120,62870,9205,12994
62880,8694,13111,62890,9245,12990
62900,8687,13110,62910,9268,12988
62920,8718,13123,62930,9267,12978
62940,8735,13111,62950,9251,12980
62960,8731,13117,62970,9255,12981
62980,8738,13132,62990,9254,12976
63000,8724,13127,63010,9267,12975
63020,8737,13121,63030,9279,12982
63040,8755,13116,63050,9265,12985
63060,8734,13118,63070,9260,12974
63080,8726,13116,63090,9266,12976
63100,8735,13107,63110,9270,12975
63120,8750,13125,63130,9299,12973
63140,8757,13127,63150,9269,12982
63160,8759,13121,63170,9254,12979
63180,8748,13129,63190,9275,12978
63200,8743,13125,63210,9277,12981
63220,8760,13118,63230,9278,12975
63240,8767,13125,63250,9242,12984
63260,8753,13128,63270,9250,12982
63280,8739,13130,63290,9281,12997
63300,8725,13120,63310,9293,12973
63320,8720,13130,63330,9304,12986
63340,8728,13121,63350,9284,12977
63360,8732,13109,63370,9293,12986
63380,8722,13113,63390,9305,12980
63400,8704,13115,63410,9306,12976
63420,8742,13114,63430,9297,12976
63440,8766,13124,63450,9283,12976
63460,8760,13127,63470,9292,12994
63480,8756,13120,63490,9302,12974
63500,8752,13119,63510,9318,12984
63520,8772,13118,63530,9297,12978
63540,8796,13122,63550,9282,12986
63560,8765,13112,63570,9283,12983
63580,8756,13121,63590,9311,12973
63600,8765,13124,63610,9314,12985
63620,8778,13119,63630,9311,12974
63640,8804,13124,63650,9297,12979
63660,8774,13114,63670,9285,12878
63680,8770,13107,63690,9307,12977
63700,8764,13101,63710,9323,12980
63720,8793,13112,63730,9324,12964
63740,8806,13107,63750,9297,12947
63760,8783,13086,63770,9304,12930
63780,8766,13079,63790,9312,12926
63800,8776,13081,63810,9313,12921
63820,8781,13077,63830,9316,12946
63840,8794,13081,63850,9298,12981
63860,8787,13104,63870,9290,12978
63880,8770,13100,63890,9307,12991
63900,8781,13113,63910,9310,12986
63920,8788,13117,63930,9299,12988
63940,8804,13095,63950,9295,12981
63960,8794,13120,63970,9283,12936
63980,8775,13125,63990,9315,12982
64000,8775,13111,64010,9320,12986
64020,8789,13109,64030,9307,12981
64040,8809,13105,64050,9288,12984
64060,8783,13107,64070,9298,12988
64080,8785,13122,64090,9320,12985
64100,8773,13109,64110,9324,12978
64120,8811,13109,64130,9321,12980
64140,8820,13122,64150,9304,12981
64160,8794,13114,64170,9290,12986
64180,8787,13140,64190,9318,12977
64200,8787,13125,64210,9329,12979
64220,8814,13122,64230,9330,12987
64240,8828,13133,64250,9303,12978
64260,8800,13123,64270,9287,12856
64280,8793,13118,64290,9316,12975
64300,8801,13116,64310,9339,12979
64320,8804,13119,64330,9337,12985
64340,8825,13130,64350,9318,12979
64360,8804,13116,64370,9315,12984
64380,8790,13129,64390,9316,12984
64400,8795,13118,64410,9338,12990
64420,8824,13120,64430,9335,12981
64440,8822,13121,64450,9325,12992
64460,8812,13118,64470,9315,12979
64480,8803,13123,64490,9331,12981
64500,8800,13121,64510,9333,12987
64520,8818,13116,64530,9342,12968
64540,8825,13130,64550,9338,12978
64560,8815,13117,64570,9317,12860
64580,8805,13113,64590,9341,12980
64600,8798,13120,64610,9353,12983
64620,8821,13112,64630,9345,12971
64640,8827,13109,64650,9338,12983
64660,8808,13119,64670,9318,12981
64680,8815,13142,64690,9334,12982
64700,8806,13124,64710,9334,12974
64720,8827,13122,64730,9341,12982
64740,8835,13119,64750,9326,12985
64760,8811,13126,64770,9312,12991
64780,8804,13115,64790,9333,12983
64800,8818,13118,64810,9342,12965
64820,8833,13107,64830,9342,12955
64840,8840,13100,64850,9332,12943
64860,8819,13086,64870,9325,12946
64880,8821,13087,64890,9332,12949
64900,8825,13094,64910,9345,12966
64920,8846,13111,64930,9348,12985
64940,8854,13109,64950,9316,12989
64960,8834,13111,64970,9307,12978
64980,8826,13117,64990,9316,12985
65000,8825,13116,65010,9360,12981
65020,8840,13114,65030,9346,12990
65040,8828,13122,65050,9336,12985
65060,8826,13123,65070,9320,12986
65080,8840,13120,65090,9334,12984
65100,8835,13104,65110,9352,12982
65120,8859,13111,65130,9364,12979
65140,8849,13114,65150,9331,12984
65160,8853,13121,65170,9303,12863
65180,8863,13109,65190,9336,12977
65200,8854,13113,65210,9354,12973
65220,8864,13114,65230,9363,12981
65240,8872,13127,65250,9337,12987
65260,8858,13109,65270,9326,12988
65280,8868,13119,65290,9347,12980
65300,8868,13119,65310,9372,12980
65320,8872,13116,65330,9370,12979
65340,8884,13115,65350,9345,12977
65360,8864,13112,65370,9321,12974
65380,8865,13120,65390,9354,12984
65400,8864,13117,65410,9368,12997
65420,8881,13124,65430,9370,12970
65440,8895,13109,65450,9354,12978
65460,8885,13108,65470,9342,12992
65480,8895,13113,65490,9377,12964
65500,8895,13105,65510,9413,12990
65520,8918,13113,65530,9397,12969
65540,8923,13109,65550,9400,12992
65560,8910,13117,65570,9379,12972
65580,8904,13113,65590,9412,12988
65600,8914,13115,65610,9438,12976
65620,8928,13125,65630,9435,12990
65640,8936,13125,65650,9435,12985
65660,8928,13137,65670,9408,12989
65680,8931,13125,65690,9444,12967
65700,8935,13123,65710,9474,12969
65720,8940,13120,65730,9474,12983
65740,8941,13123,65750,9438,12980
65760,8923,13117,65770,9414,12855
65780,8921,13110,65790,9469,12984
65800,8951,13123,65810,9478,12981
65820,8979,13115,65830,9475,12979
65840,8983,13124,65850,9448,12988
65860,8936,13110,65870,9410,12974
65880,8934,13111,65890,9470,12963
65900,8930,13089,65910,9489,12935
65920,8955,13087,65930,9498,12918
65940,8960,13076,65950,9461,12928
65960,8960,13069,65970,9441,12941
65980,8962,13073,65990,9477,12964
66000,8954,13096,66010,9518,12971
66020,8966,13095,66030,9491,12972
66040,8981,13095,66050,9458,12980
66060,8962,13109,66070,9458,12962
66080,8970,13063,66090,9466,12985
66100,8957,13096,66110,9506,12992
66120,8965,13097,66130,9480,12994
66140,8979,13121,66150,9447,12986
66160,8976,13122,66170,9439,12986
66180,8968,13121,66190,9467,12986
66200,8978,13117,66210,9486,12980
66220,8984,13121,66230,9499,12984
66240,8998,13112,66250,9439,12980
66260,8997,13121,66270,9429,12982
66280,8983,13126,66290,9464,12988
66300,9003,13132,66310,9489,12988
66320,9005,13123,66330,9470,12970
66340,9016,13117,66350,9436,12988
66360,9006,13127,66370,9424,12980
66380,9009,13134,66390,9444,12969
66400,9010,13132,66410,9481,12979
66420,9022,13117,66430,9457,12967
66440,9023,13121,66450,9430,12969
66460,9027,13119,66470,9413,12990
66480,9012,13126,66490,9460,12981
66500,9043,13111,66510,9483,12991
66520,9056,13115,66530,9464,12967
66540,9067,13131,66550,9427,12982
66560,9033,13120,66570,9424,12982
66580,9042,13106,66590,9450,12980
66600,9050,13126,66610,9491,12987
66620,9079,13132,66630,9479,12987
66640,9081,13128,66650,9439,12985
66660,9050,13125,66670,9434,12972
66680,9046,13117,66690,9475,12974
66700,9079,13121,66710,9498,12971
66720,9104,13123,66730,9487,12968
66740,9119,13121,66750,9466,12976
66760,9105,13125,66770,9464,12979
66780,9094,13127,66790,9500,13001
66800,9126,13122,66810,9538,12971
66820,9153,13135,66830,9523,12986
66840,9143,13117,66850,9456,12968
66860,9128,13125,66870,9462,12986
66880,9116,13108,66890,9500,12982
66900,9135,13114,66910,9525,12990
66920,9152,13115,66930,9508,12987
66940,9160,13132,66950,9458,12971
66960,9138,13099,66970,9459,12945
66980,9140,13106,66990,9499,12949
67000,9165,13095,67010,9527,12947
67020,9175,13096,67030,9507,12937
67040,9179,13095,67050,9466,12965
67060,9166,13103,67070,9453,12977
67080,9158,13116,67090,9488,12972
67100,9172,13119,67110,9514,12983
67120,9193,13117,67130,9502,12976
67140,9177,13117,67150,9446,12983
67160,9165,13117,67170,9451,12977
67180,9167,13126,67190,9494,12987
67200,9177,13115,67210,9540,12977
67220,9204,13129,67230,9514,12990
67240,9193,13120,67250,9472,12981
67260,9183,13123,67270,9472,12990
67280,9182,13119,67290,9514,12983
67300,9194,13123,67310,9557,12989
67320,9205,13126,67330,9532,12990
67340,9210,13123,67350,9488,12990
67360,9200,13117,67370,9480,12991
67380,9199,13126,67390,9521,12978
67400,9227,13124,67410,9554,12982
67420,9228,13116,67430,9535,12984
67440,9239,13127,67450,9495,12990
67460,9217,13119,67470,9482,12992
67480,9221,13122,67490,9521,12992
67500,9226,13126,67510,9565,12982
67520,9249,13119,67530,9535,12979
67540,9245,13121,67550,9471,12981
67560,9243,13111,67570,9468,12869
67580,9227,13119,67590,9513,12984
67600,9239,13106,67610,9540,12980
67620,9251,13113,67630,9506,12966
67640,9255,13125,67650,9463,12982
67660,9239,13124,67670,9460,12977
67680,9233,13121,67690,9512,12988
67700,9257,13130,67710,9542,12983
67720,9262,13117,67730,9524,12980
67740,9259,13124,67750,9471,12980
67760,9253,13123,67770,9471,12986
67780,9260,13125,67790,9522,12978
67800,9269,13125,67810,9562,12988
67820,9296,13122,67830,9527,12983
67840,9317,13117,67850,9492,12984
67860,9315,13131,67870,9523,12967
67880,9299,13112,67890,9567,12978
67900,9323,13114,67910,9599,12986
67920,9378,13120,67930,9562,12978
67940,9365,13120,67950,9516,12972
67960,9376,13124,67970,9541,12982
67980,9381,13123,67990,9584,12983
68000,9420,13129,68010,9619,12988
68020,9430,13116,68030,9572,12964
68040,9421,13096,68050,9538,12949
68060,9390,13096,68070,9554,12927
68080,9379,13069,68090,9553,12927
68100,9397,13067,68110,9610,12927
68120,9435,13072,68130,9547,12946
68140,9413,13076,68150,9536,12960
68160,9393,13093,68170,9548,12982
68180,9385,13046,68190,9592,12908
68200,9425,13048,68210,9622,12915
68220,9428,13080,68230,9557,12981
68240,9519,13121,68250,9528,12986
68260,9493,13104,68270,9550,12991
68280,9499,13121,68290,9602,12988
68300,9517,13115,68310,9637,12986
68320,9549,13126,68330,9590,12971
68340,9525,13127,68350,9544,12979
68360,9524,13123,68370,9551,12979
68380,9506,13119,68390,9609,12978
68400,9538,13115,68410,9647,12979
68420,9565,13113,68430,9600,12983
68440,9551,13111,68450,9563,12984
68460,9474,13124,68470,9546,12985
68480,9509,13113,68490,9608,12981
68500,9522,13119,68510,9626,12963
68520,9543,13115,68530,9585,12978
68540,9545,13109,68550,9525,12979
68560,9533,13120,68570,9546,12977
68580,9508,13124,68590,9595,12979
68600,9528,13108,68610,9609,12969
68620,9537,13115,68630,9555,12971
68640,9539,13107,68650,9512,12972
68660,9545,13117,68670,9542,12962
68680,9537,13108,68690,9619,12971
68700,9490,13111,68710,9581,12967
68720,9527,13115,68730,9537,12973
68740,9527,13109,68750,9514,12974
68760,9541,13125,68770,9569,12963
68780,9536,13109,68790,9627,12987
68800,9585,13112,68810,9634,12983
68820,9605,13111,68830,9588,12987
68840,9575,13123,68850,9530,12983
68860,9499,13115,68870,9535,12982
68880,9474,13119,68890,9602,12981
68900,9487,13116,68910,9607,12985
68920,9507,13112,68930,9549,12983
68940,9507,13124,68950,9485,12977
68960,9476,13112,68970,9511,12970
68980,9472,13113,68990,9551,12983
69000,9489,13117,69010,9580,12974
69020,9513,13112,69030,9515,12974
69040,9502,13130,69050,9459,12983
69060,9495,13106,69070,9478,12980
69080,9484,13110,69090,9515,12969
69100,9499,13091,69110,9529,12946
69120,9513,13093,69130,9456,12933
69140,9500,13095,69150,9412,12942
69160,9487,13108,69170,9422,12944
69180,9480,13080,69190,9449,12952
69200,9480,13091,69210,9416,12977
69220,9449,13102,69230,9372,12979
69240,9413,13093,69250,9478,12980
69260,9439,13115,69270,9493,12981
69280,9474,13113,69290,9544,12968
69300,9570,13104,69310,9621,12984
69320,9697,13117,69330,9759,12975
69340,9919,13118,69350,9932,12987
69360,10018,13125,69370,9985,12979
69380,10069,13114,69390,10153,12983
69400,10253,13117,69410,10491,12988
69420,10402,13120,69430,10496,12984
69440,10486,13113,69450,10484,12975
69460,11837,13106,69470,12976,12981
69480,13133,13116,69490,12981,12976
69500,13127,13111,69510,12991,12992
69520,13121,13120,69530,12972,12987
69540,13120,13111,69550,12982,12986
69560,13126,13120,69570,12984,12971
69580,13136,13127,69590,12982,12986
69600,13125,13123,69610,12968,12981
69620,13122,13123,69630,12981,12979
69640,13128,13124,69650,12978,12974
69660,13121,13120,69670,12960,12979
69680,13115,13121,69690,12972,12959
69700,13113,13125,69710,12971,12965
69720,13114,13102,69730,12966,12986
69740,13120,13118,69750,12976,12978
69760,12816,13119,69770,12041,12988
69780,10675,13126,69790,10551,12994
69800,10124,13121,69810,10420,12987
69820,10020,13122,69830,10302,12997
69840,9998,13123,69850,10288,12973
69860,10029,13115,69870,10320,12978
69880,9968,13129,69890,10329,12976
69900,9885,13115,69910,10292,12991
69920,9832,13116,69930,10167,12978
69940,9861,13111,69950,10153,12984
69960,9878,13122,69970,10193,12982
69980,9854,13123,69990,10221,12982
70000,9756,13131,70010,10037,12974
70020,9556,13118,70030,9799,12981
70040,9484,13118,70050,9786,12978
70060,9496,13108,70070,9902,12966
70080,9501,13103,70090,9984,12974
70100,9536,13114,70110,9930,12977
70120,9483,13119,70130,9696,12973
70140,9281,13112,70150,9440,12978
70160,8914,13117,70170,9112,12973
70180,8781,13102,70190,9230,12950
70200,8822,13088,70210,9214,12931
70220,8760,13074,70230,9121,12924
70240,8890,13077,70250,8969,12932
70260,8788,13076,70270,9149,12884
70280,8747,13031,70290,9200,12873
70300,8761,13050,70310,9268,12891
70320,8835,13041,70330,9268,12889
70340,8966,13112,70350,9256,12983
70360,9011,13097,70370,9296,12983
70380,9025,13107,70390,9360,12978
70400,9030,13114,70410,9396,12977
70420,9075,13105,70430,9427,12982
70440,9121,13116,70450,9436,12981
70460,9136,13102,70470,9469,12974
70480,9138,13118,70490,9526,12991
70500,9130,13123,70510,9564,12974
70520,9168,13117,70530,9550,12979
70540,9196,13114,70550,9553,12985
70560,9191,13123,70570,9583,12976
70580,9189,13116,70590,9647,12979
70600,9186,13117,70610,9661,12989
70620,9202,13118,70630,9648,13002
70640,9247,13119,70650,9625,12991
70660,9220,13129,70670,9646,12983
70680,9205,13132,70690,9672,12989
70700,9196,13115,70710,9671,12979
70720,9210,13104,70730,9639,12976
70740,9226,13118,70750,9634,12975
70760,9241,13124,70770,9658,12969
70780,9216,13123,70790,9679,12975
70800,9201,13123,70810,9696,12983
70820,9223,13123,70830,9668,12988
70840,9242,13111,70850,9644,12981
70860,9236,13110,70870,9660,12969
70880,9230,13116,70890,9705,12996
70900,9215,13127,70910,9706,12979
70920,9225,13120,70930,9679,12987
70940,9255,13125,70950,9656,12977
70960,9245,13120,70970,9681,12985
70980,9228,13131,70990,9715,12974
71000,9220,13127,71010,9720,12971
71020,9226,13125,71030,9682,12976
71040,9254,13117,71050,9674,12996
71060,9250,13125,71070,9702,12988
71080,9232,13119,71090,9710,12985
71100,9218,13121,71110,9725,12982
71120,9233,13105,71130,9682,12976
71140,9242,13110,71150,9653,12986
71160,9252,13124,71170,9705,12991
71180,9218,13124,71190,9716,12980
71200,9203,13123,71210,9717,12972
71220,9227,13118,71230,9675,12977
71240,9249,13111,71250,9657,12962
71260,9242,13102,71270,9689,12943
71280,9211,13095,71290,9710,12944
71300,9188,13094,71310,9719,12944
71320,9230,13091,71330,9685,12959
71340,9243,13093,71350,9655,12973
71360,9241,13113,71370,9679,12986
71380,9220,13116,71390,9696,12992
71400,9189,13106,71410,9679,12986
71420,9207,13120,71430,9665,12973
71440,9219,13117,71450,9636,12981
71460,9223,13114,71470,9659,12983
71480,9200,13117,71490,9682,12983
71500,9198,13101,71510,9704,12988
71520,9227,13087,71530,9675,12993
71540,9234,13116,71550,9656,12993
71560,9236,13127,71570,9679,12976
71580,9214,13124,71590,9703,12976
71600,9198,13126,71610,9696,12976
71620,9218,13124,71630,9657,12969
71640,9225,13125,71650,9652,12975
71660,9238,13128,71670,9673,12976
71680,9205,13121,71690,9711,12980
71700,9190,13126,71710,9704,12978
71720,9203,13123,71730,9669,12976
71740,9217,13123,71750,9656,12981
71760,9223,13124,71770,9677,12980
71780,9189,13119,71790,9694,12983
71800,9180,13117,71810,9720,12991
71820,9201,13121,71830,9664,12975
71840,9220,13123,71850,9635,12969
71860,9199,13119,71870,9661,12971
71880,9183,13115,71890,9699,12988
71900,9167,13114,71910,9686,12985
71920,9179,13116,71930,9638,12982
71940,9192,13120,71950,9616,12975
71960,9196,13126,71970,9651,12974
71980,9170,13124,71990,9670,12981
72000,9159,13117,72010,9666,12979
72020,9167,13108,72030,9638,12992
72040,9192,13127,72050,9630,12970
72060,9199,13119,72070,9657,12965
72080,9176,13108,72090,9687,12983
72100,9172,13113,72110,9666,12975
72120,9190,13117,72130,9648,12980
72140,9182,13119,72150,9628,12977
72160,9176,13116,72170,9643,13000
72180,9168,13115,72190,9664,12994
72200,9173,13123,72210,9654,12996
72220,9203,13141,72230,9643,12988
72240,9192,13128,72250,9630,12977
72260,9189,13127,72270,9647,12985
72280,9177,13122,72290,9672,12991
72300,9168,13122,72310,9644,12975
72320,9196,13110,72330,9633,12948
72340,9208,13103,72350,9641,12945
72360,9190,13081,72370,9658,12936
72380,9183,13086,72390,9667,12943
72400,9175,13078,72410,9651,12936
72420,9190,13083,72430,9632,12972
72440,9180,13102,72450,9622,12986
72460,9186,13107,72470,9644,12989
72480,9181,13110,72490,9650,12989
72500,9177,13107,72510,9654,12990
72520,9201,13118,72530,9647,12975
72540,9213,13114,72550,9645,12980
72560,9212,13111,72570,9672,12994
72580,9188,13117,72590,9687,12985
72600,9193,13121,72610,9677,12984
72620,9216,13121,72630,9659,12978
72640,9232,13133,72650,9652,12992
72660,9208,13117,72670,9670,12982
72680,9200,13122,72690,9698,12985
72700,9202,13128,72710,9664,12986
72720,9206,13114,72730,9664,12980
72740,9211,13119,72750,9655,12976
72760,9220,13129,72770,9675,12998
72780,9200,13117,72790,9691,12983
72800,9201,13125,72810,9688,12976
72820,9222,13121,72830,9667,12985
72840,9225,13113,72850,9648,12989
72860,9231,13134,72870,9667,12985
72880,9212,13126,72890,9701,12982
72900,9209,13114,72910,9693,12980
72920,9232,13116,72930,9657,12986
72940,9247,13114,72950,9660,12979
72960,9231,13107,72970,9666,12970
72980,9215,13114,72990,9682,12984
73000,9208,13113,73010,9666,12980
73020,9224,13110,73030,9631,12982
73040,9242,13121,73050,9636,12986
73060,9225,13125,73070,9664,12978
73080,9203,13121,73090,9684,12971
73100,9211,13118,73110,9665,12983
73120,9222,13128,73130,9637,12981
73140,9229,13118,73150,9622,12975
73160,9233,13114,73170,9661,12978
73180,9205,13121,73190,9685,12985
73200,9222,13125,73210,9668,12979
73220,9224,13114,73230,9651,12988
73240,9230,13116,73250,9628,12973
73260,9228,13100,73270,9657,12986
73280,9204,13121,73290,9676,12994
73300,9209,13116,73310,9653,12983
73320,9225,13116,73330,9627,12981
73340,9243,13120,73350,9636,12983
73360,9222,13117,73370,9658,12976
73380,9210,13118,73390,9685,12975
73400,9201,13107,73410,9663,12939
73420,9225,13105,73430,9620,12955
73440,9232,13089,73450,9625,12932
73460,9218,13086,73470,9647,12956
73480,9188,13067,73490,9673,12973
73500,9198,13109,73510,9650,12984
73520,9210,13125,73530,9619,12992
73540,9234,13113,73550,9603,12986
73560,9213,13115,73570,9631,12972
73580,9197,13080,73590,9649,12990
73600,9188,13078,73610,9634,12977
73620,9208,13083,73630,9599,13001
73640,9231,13100,73650,9591,12985
73660,9206,13108,73670,9629,12995
73680,9181,13091,73690,9647,12993
73700,9179,13121,73710,9645,12976
73720,9196,13120,73730,9587,12978
73740,9217,13114,73750,9599,12976
73760,9204,13127,73770,9634,12976
73780,9184,13117,73790,9647,12974
73800,9178,13133,73810,9638,12987
73820,9197,13107,73830,9585,12969
73840,9222,13127,73850,9589,12974
73860,9186,13114,73870,9610,12971
73880,9169,13114,73890,9636,12978
73900,9169,13117,73910,9622,12975
73920,9175,13116,73930,9587,12976
73940,9204,13110,73950,9601,12979
73960,9197,13115,73970,9628,12977
73980,9179,13112,73990,9658,12981
74000,9171,13119,74010,9632,12976
74020,9200,13123,74030,9606,12972
74040,9225,13115,74050,9617,12993
74060,9197,13117,74070,9653,12978
74080,9181,13112,74090,9685,12978
74100,9167,13107,74110,9661,12972
74120,9201,13119,74130,9638,12982
74140,9211,13121,74150,9641,12988
74160,9200,13111,74170,9663,12979
74180,9170,13109,74190,9667,12980
74200,9168,13117,74210,9656,12980
74220,9198,13126,74230,9642,12987
74240,9233,13136,74250,9654,12968
74260,9194,13127,74270,9682,12994
74280,9171,13110,74290,9683,12979
74300,9165,13116,74310,9667,12981
74320,9188,13119,74330,9641,12974
74340,9215,13122,74350,9637,12972
74360,9191,13117,74370,9677,12979
74380,9165,13120,74390,9717,12971
74400,9176,13113,74410,9689,12987
74420,9202,13131,74430,9670,12988
74440,9222,13115,74450,9650,12987
74460,9195,13099,74470,9685,12966
74480,9161,13109,74490,9711,12936
74500,9168,13087,74510,9690,12919
74520,9198,13078,74530,9664,12935
74540,9228,13071,74550,9653,12932
74560,9215,13078,74570,9698,12960
74580,9170,13101,74590,9731,12979
74600,9175,13104,74610,9693,12982
74620,9201,13105,74630,9651,12985
74640,9218,13107,74650,9635,12978
74660,9187,13110,74670,9653,12969
74680,9153,13096,74690,9681,12976
74700,9156,13113,74710,9639,12973
74720,9164,13108,74730,9574,12979
74740,9161,13106,74750,9561,12984
74760,9153,13082,74770,9521,12975
74780,9152,13106,74790,9500,12971
74800,9171,13119,74810,9352,12978
74820,9175,13121,74830,9319,12976
74840,9194,13120,74850,9331,12962
74860,9181,13108,74870,9406,12985
74880,9155,13112,74890,9382,12980
74900,9163,13119,74910,9382,12985
74920,9283,13133,74930,9238,12979
74940,9401,13120,74950,9368,12982
74960,9368,13122,74970,9586,12982
74980,9816,13120,74990,10033,12979
75000,10163,13122,75010,10359,12967
75020,10753,13121,75030,10779,12984
75040,13129,13123,75050,12985,12988
75060,13015,13016,75070,12978,12975
75080,13129,13117,75090,12978,12980
75100,13116,13115,75110,12979,12981
75120,13134,13128,75130,12989,12990
75140,13120,13125,75150,12986,12985
75160,13129,13125,75170,12980,12991
75180,13135,13136,75190,12981,12982
75200,13122,13120,75210,12971,12977
75220,13129,13118,75230,12973,12979
75240,13124,13122,75250,12975,12981
75260,13129,13128,75270,12978,12979
75280,13128,13115,75290,12979,12989
75300,13126,13109,75310,12976,12974
75320,13119,13122,75330,12964,12973
75340,13110,13115,75350,12978,12979
75360,13016,13027,75370,12980,12973
75380,13114,13120,75390,12976,12973
75400,13129,13124,75410,12973,12986
75420,13130,13118,75430,12975,12974
75440,13121,13116,75450,12983,12975
75460,13127,13125,75470,12990,12984
75480,13129,13129,75490,12978,12988
75500,13126,13125,75510,12981,12986
75520,13126,13128,75530,12982,12983
75540,13130,13121,75550,12970,12955
75560,13116,13092,75570,12983,12948
75580,13121,13094,75590,12983,12946
75600,13131,13092,75610,12985,12964
75620,13128,13085,75630,12980,12958
75640,13123,13099,75650,12953,12975
75660,12986,13024,75670,12915,12886
75680,13085,13051,75690,12901,12951
75700,13056,13087,75710,12877,12941
75720,13042,13072,75730,12892,12998
75740,13125,13114,75750,12984,12985
75760,13121,13125,75770,12986,12983
75780,13133,13130,75790,12984,12979
75800,13121,13116,75810,12994,12984
75820,13128,13124,75830,12990,12980
75840,13109,13109,75850,12972,12977
75860,13125,13123,75870,12991,12983
75880,13125,13110,75890,12974,12976
75900,13111,13107,75910,12982,12986
75920,13111,13113,75930,12979,12980
75940,13118,13116,75950,12977,12969
75960,13131,13127,75970,12999,12982
75980,13132,13123,75990,12986,12986
76000,13134,13125,76010,12987,12992
76020,13125,13124,76030,12990,12988
76040,13136,13124,76050,12989,12985
76060,13125,13139,76070,12971,12972
76080,13130,13124,76090,12982,12986
76100,13122,13125,76110,12973,12974
76120,13131,13120,76130,12988,12987
76140,13121,13131,76150,12980,12980
76160,13122,13117,76170,12993,12988
76180,13121,13114,76190,12981,12982
76200,13122,13119,76210,12975,12985
76220,13124,13120,76230,12990,12980
76240,13128,13112,76250,12985,12984
76260,13014,13018,76270,12973,12981
76280,13118,13115,76290,12977,12980
76300,13042,13049,76310,12976,12978
76320,13123,13126,76330,12986,12973
76340,13126,13125,76350,12979,12975
76360,13124,13120,76370,12975,12984
76380,13125,13114,76390,12982,12982
76400,13125,13118,76410,12972,12998
76420,13130,13117,76430,12992,12987
76440,13133,13121,76450,12974,12983
76460,13119,13121,76470,12974,12977
76480,13140,13123,76490,12984,12986
76500,13124,13126,76510,12988,12998
76520,13127,13106,76530,12982,12986
76540,13124,13118,76550,12985,12978
76560,13018,13012,76570,12976,12985
76580,13125,13122,76590,12982,12973
76600,13118,13118,76610,12976,12968
76620,13110,13081,76630,12999,12956
76640,13127,13096,76650,12980,12934
76660,13130,13085,76670,12973,12929
76680,13128,13079,76690,12973,12947
76700,13127,13080,76710,12968,12955
76720,13112,13086,76730,12935,12976
76740,13098,13101,76750,12935,12997
76760,13092,13112,76770,12932,12989
76780,13074,13104,76790,12936,12978
76800,13093,13107,76810,12943,12984
76820,13102,13116,76830,12971,12981
76840,13115,13115,76850,12999,12982
76860,13114,13118,76870,12989,12990
76880,13115,13122,76890,12995,12986
76900,13125,13112,76910,12990,12987
76920,13111,13112,76930,12981,12984
76940,13130,13121,76950,12982,12985
76960,13127,13121,76970,12982,12986
76980,13127,13125,76990,12993,12989
77000,13120,13122,77010,12983,12984
77020,13116,13126,77030,12984,12984
77040,13128,13120,77050,12986,12982
77060,13133,13123,77070,12985,12987
77080,13130,13130,77090,12978,12993
77100,13124,13113,77110,12977,12984
77120,13134,13129,77130,12987,12984
77140,13126,13128,77150,12980,12984
77160,13112,13110,77170,12990,12998
77180,13114,13115,77190,12992,12985
77200,13117,13120,77210,12973,12980
77220,13123,13125,77230,12972,12990
77240,13132,13124,77250,12990,12990
77260,13130,13132,77270,12987,12981
77280,13131,13119,77290,12985,12977
77300,13130,13126,77310,12986,12987
77320,13126,13119,77330,12993,12988
77340,13132,13122,77350,12980,12998
77360,13128,13120,77370,12980,12976
77380,13122,13130,77390,12979,12995
77400,13132,13125,77410,12985,12983
77420,13130,13126,77430,12977,12999
77440,13138,13125,77450,12982,12977
77460,13115,13121,77470,12984,12988
77480,13128,13128,77490,12988,12991
77500,13131,13128,77510,12977,12986
77520,13122,13131,77530,12976,12985
77540,13128,13118,77550,12966,12992
77560,13128,13122,77570,12998,12991
77580,13129,13124,77590,12985,12983
77600,13124,13120,77610,12979,12970
77620,13125,13122,77630,12976,12986
77640,13142,13121,77650,12976,12974
77660,13119,13119,77670,12963,12977
77680,13139,13110,77690,12982,12956
77700,13128,13099,77710,12971,12938
77720,13129,13097,77730,12980,12968
77740,13124,13097,77750,12979,12948
77760,13120,13083,77770,12978,12875
77780,13115,13041,77790,12941,12894
77800,13092,13071,77810,12939,12895
77820,13084,13057,77830,12944,12988
77840,13103,13107,77850,12956,12997
77860,13107,13128,77870,12955,12986
77880,13111,13119,77890,12982,13002
77900,13118,13113,77910,12994,12995
77920,13119,13112,77930,12985,12991
77940,13116,13109,77950,12976,12991
77960,13123,13128,77970,12978,12992
77980,13120,13120,77990,12983,12994
78000,13135,13130,78010,12984,12985
78020,13125,13113,78030,12989,12984
78040,13120,13120,78050,12983,12983
78060,13108,13106,78070,12990,12987
78080,13111,13113,78090,12987,12992
78100,13122,13122,78110,12982,12969
78120,13110,13111,78130,12978,12984
78140,13125,13120,78150,12982,12990
78160,13114,13125,78170,12991,12997
78180,13128,13127,78190,12982,12991
78200,13131,13120,78210,12985,12992
78220,13124,13126,78230,12989,12990
78240,13118,13111,78250,12987,12985
78260,13121,13118,78270,12986,12991
78280,13123,13132,78290,12982,12980
78300,13135,13126,78310,13002,12998
78320,13132,13126,78330,12979,12982
78340,13125,13133,78350,12997,13007
78360,13126,13117,78370,12973,12980
78380,13127,13130,78390,12988,12994
78400,13131,13123,78410,12985,12988
78420,13118,13106,78430,12978,12981
78440,13136,13121,78450,12982,12994
78460,13129,13114,78470,12992,12995
78480,13138,13111,78490,12987,12987
78500,13127,13121,78510,12970,12980
78520,13135,13124,78530,12981,12989
78540,13131,13124,78550,12974,12983
78560,13131,13127,78570,12986,13002
78580,13127,13129,78590,12987,12978
78600,13126,13114,78610,12978,12987
78620,13121,13123,78630,12985,12986
78640,13143,13145,78650,12984,12986
78660,13123,13117,78670,12972,12981
78680,13124,13108,78690,12972,12984
78700,13129,13109,78710,12962,12981
78720,13122,13123,78730,12991,12988
78740,13119,13122,78750,12972,12979
78760,13128,13117,78770,12981,12964
78780,13125,13092,78790,12985,12939
78800,13137,13086,78810,12990,12930
78820,13137,13080,78830,12982,12942
78840,13122,13076,78850,12975,12940
78860,13122,13088,78870,12955,12967
78880,13085,13096,78890,12929,12989
78900,13080,13112,78910,12938,12992
78920,13081,13114,78930,12926,12995
78940,13079,13109,78950,12936,12991
78960,13087,13115,78970,12958,12978
78980,13110,13117,78990,12981,12983
79000,13110,13108,79010,12997,12983
79020,13114,13115,79030,13000,12976
79040,13118,13116,79050,12962,12996
79060,12627,13113,79070,12403,12993
79080,12046,13123,79090,11793,12994
79100,11457,13127,79110,11127,12977
79120,10879,13127,79130,10515,12986
79140,10262,13113,79150,10129,12997
79160,10022,13133,79170,10055,12992
79180,9962,13121,79190,10002,12993
79200,9981,13131,79210,9951,13000
79220,9988,13126,79230,9946,12993
79240,9997,13138,79250,9979,12997
79260,9946,13123,79270,10000,12981
79280,9956,13129,79290,9996,12990
79300,9988,13130,79310,9957,13003
79320,9993,13118,79330,9942,12987
79340,9977,13127,79350,9986,12996
79360,9946,13124,79370,10001,12995
79380,9950,13125,79390,9982,12988
79400,9987,13130,79410,9949,12986
79420,9995,13120,79430,9953,12985
79440,9985,13130,79450,9984,12976
79460,9957,13128,79470,10013,12992
79480,9953,13130,79490,9979,12977
79500,9975,13107,79510,9948,12983
79520,9999,13125,79530,9966,12986
79540,9988,13134,79550,9989,12984
79560,9956,13021,79570,10025,12983
79580,9955,13126,79590,10004,12991
79600,10000,13116,79610,9957,12983
79620,10017,13127,79630,9954,12984
79640,9988,13122,79650,9995,12985
79660,9958,13126,79670,10003,12971
79680,9954,13115,79690,9981,12985
79700,9984,13131,79710,9949,12994
79720,9995,13123,79730,9951,12989
79740,9982,13118,79750,9982,12996
79760,9942,13127,79770,9998,12991
79780,9954,13130,79790,9967,12998
79800,9969,13133,79810,9929,12990
79820,9998,13126,79830,9940,12968
79840,9963,13109,79850,9974,12952
79860,9944,13101,79870,9999,12944
79880,9950,13100,79890,9971,12951
79900,9980,13093,79910,9941,12960
79920,9995,13108,79930,9927,12971
79940,9965,13106,79950,9972,12989
79960,9936,13115,79970,9982,12979
79980,9942,13120,79990,9948,12987
80000,9971,13118,80010,9926,12993
80020,9986,13120,80030,9932,12990
80040,9970,13115,80050,9962,12996
80060,9941,13124,80070,9985,12987
80080,9940,13120,80090,9954,12991
80100,9980,13112,80110,9926,12977
80120,9992,13117,80130,9935,12997
80140,9977,13115,80150,9967,12980
80160,9946,13110,80170,9995,12985
80180,9949,13112,80190,9982,12986
80200,10000,13120,80210,9934,12985
80220,10009,13116,80230,9948,12988
80240,9986,13136,80250,9984,12991
80260,9954,13142,80270,10002,12993
80280,9954,13127,80290,9981,12981
80300,9976,13120,80310,9941,12992
80320,9943,13119,80330,9793,12979
80340,9497,13118,80350,9330,12990
80360,9268,13129,80370,9305,12983
80380,9267,13125,80390,9291,12987
80400,9316,13123,80410,9253,12997
80420,9323,13123,80430,9252,12989
80440,9301,13130,80450,9277,12986
80460,9265,13124,80470,9317,12990
80480,9274,13117,80490,9283,12979
80500,9291,13129,80510,9259,12985
80520,9319,13122,80530,9261,12987
80540,9306,13129,80550,9293,12977
80560,9279,13121,80570,9311,12990
80580,9281,13123,80590,9291,12990
80600,9320,13128,80610,9261,12984
80620,9326,13129,80630,9273,12992
80640,9315,13130,80650,9300,12985
80660,9282,13125,80670,9318,12990
80680,9286,13132,80690,9282,12986
80700,9320,13125,80710,9266,12984
80720,9331,13125,80730,9275,12994
80740,9307,13131,80750,9300,12995
80760,9290,13121,80770,9312,12989
80780,9299,13126,80790,9282,12990
80800,9318,13127,80810,9271,12984
80820,9339,13133,80830,9269,12996
80840,9305,13126,80850,9302,12987
80860,9277,13113,80870,9320,12983
80880,9274,13117,80890,9283,12977
80900,9312,13125,80910,9262,12964
80920,9337,13109,80930,9269,12958
80940,9309,13096,80950,9303,12949
80960,9286,13091,80970,9324,12930
80980,9291,13078,80990,9289,12957
81000,9317,13084,81010,9274,12980
81020,9331,13100,81030,9268,13000
81040,9313,13107,81050,9301,13001
81060,9279,13064,81070,9319,12895
81080,9291,13088,81090,9293,12965
81100,9323,13106,81110,9268,12974
81120,9334,13122,81130,9259,12993
81140,9314,13116,81150,9288,12985
81160,9282,13135,81170,9315,12997
81180,9298,13141,81190,9284,12985
81200,9335,13123,81210,9263,12989
81220,9339,13123,81230,9273,12992
81240,9307,13126,81250,9299,12979
81260,9282,13130,81270,9320,12988
81280,9294,13122,81290,9284,12997
81300,9326,13135,81310,9265,12992
81320,9337,13122,81330,9266,12990
81340,9315,13140,81350,9302,12993
81360,9289,13128,81370,9319,12993
81380,9283,13123,81390,9288,13007
81400,9327,13136,81410,9267,12989
81420,9336,13116,81430,9276,12994
81440,9300,13114,81450,9306,12995
81460,9286,13124,81470,9315,12987
81480,9290,13121,81490,9289,12997
81500,9323,13123,81510,9245,12967
81520,9341,13126,81530,9261,12987
81540,9300,13118,81550,9309,12999
81560,9279,13125,81570,9308,12982
81580,9297,13111,81590,9279,12999
81600,9321,13119,81610,9257,12985
81620,9340,13122,81630,9262,12991
81640,9306,13131,81650,9302,12980
81660,9283,13114,81670,9318,12990
81680,9296,13121,81690,9283,12987
81700,9327,13111,81710,9244,12983
81720,9330,13123,81730,9252,12974
81740,9306,13128,81750,9299,12979
81760,9272,13119,81770,9312,12989
81780,9292,13115,81790,9272,12991
81800,9326,13114,81810,9260,12991
81820,9326,13121,81830,9253,12982
81840,9293,13124,81850,9306,12986
81860,9283,13121,81870,9316,12984
81880,9286,13123,81890,9274,12970
81900,9326,13124,81910,9253,12984
81920,9335,13124,81930,9249,12979
81940,9304,13117,81950,9304,12977
81960,9270,13108,81970,9313,12981
81980,9292,13109,81990,9289,12964
82000,9322,13096,82010,9243,12949
82020,9336,13094,82030,9270,12944
82040,9302,13079,82050,9299,12946
82060,9287,13079,82070,9303,12959
82080,9304,13106,82090,9284,12985
82100,9339,13107,82110,9268,12985
82120,9340,13116,82130,9291,12987
82140,9312,13106,82150,9306,12985
82160,9289,13126,82170,9319,12989
82180,9308,13122,82190,9281,12988
82200,9339,13112,82210,9265,12973
82220,9354,13107,82230,9273,12984
82240,9310,13115,82250,9318,12986
82260,9305,13090,82270,9327,12988
82280,9325,13117,82290,9299,12990
82300,9353,13101,82310,9285,12981
82320,9352,13125,82330,9282,12992
82340,9331,13114,82350,9333,12988
82360,9316,13114,82370,9326,12986
82380,9331,13118,82390,9287,12996
82400,9352,13133,82410,9283,12979
82420,9344,13121,82430,9292,12986
82440,9317,13110,82450,9311,12988
82460,9305,13127,82470,9321,12981
82480,9317,13123,82490,9288,12986
82500,9345,13117,82510,9261,12982
82520,9328,13125,82530,9278,12988
82540,9310,13123,82550,9303,12987
82560,9293,13121,82570,9315,12992
82580,9295,13116,82590,9269,12990
82600,9337,13122,82610,9255,12988
82620,9335,13122,82630,9275,12983
82640,9295,13124,82650,9303,12980
82660,9291,13118,82670,9302,12989
82680,9299,13125,82690,9258,12973
82700,9343,13130,82710,9266,12982
82720,9337,13135,82730,9262,12982
82740,9296,13125,82750,9315,12993
82760,9287,13132,82770,9285,12992
82780,9302,13122,82790,9261,12980
82800,9332,13131,82810,9249,12989
82820,9317,13120,82830,9246,12986
82840,9289,13111,82850,9292,12982
82860,9272,13117,82870,9279,12983
82880,9290,13127,82890,9248,12977
82900,9312,13121,82910,9222,12963
82920,9311,13127,82930,9248,12987
82940,9282,13127,82950,9274,12985
82960,9263,13114,82970,9279,12995
82980,9286,13123,82990,9238,12987
83000,9314,13129,83010,9223,12975
83020,9302,13140,83030,9243,12991
83040,9274,13123,83050,9280,12982
83060,9256,13113,83070,9276,12952
83080,9285,13099,83090,9235,12922
83100,9303,13085,83110,9219,12928
83120,9292,13081,83130,9244,12936
83140,9272,13081,83150,9260,12965
83160,9271,13052,83170,9268,12895
83180,9288,13065,83190,9234,12918
83200,9304,13061,83210,9210,12971
83220,9300,13100,83230,9236,12987
83240,9265,13106,83250,9253,12987
83260,9259,13110,83270,9252,12989
83280,9269,13108,83290,9228,12998
83300,9302,13110,83310,9195,12980
83320,9292,13122,83330,9238,12997
83340,9263,13129,83350,9258,12989
83360,9252,13118,83370,9250,12997
83380,9268,13138,83390,9222,12981
83400,9300,13123,83410,9206,12989
83420,9289,13129,83430,9228,12994
83440,9251,13117,83450,9268,13001
83460,9255,13119,83470,9254,12995
83480,9284,13122,83490,9226,12982
83500,9316,13117,83510,9202,12993
83520,9285,13119,83530,9232,12988
83540,9265,13121,83550,9270,12984
83560,9250,13117,83570,9256,12987
83580,9271,13107,83590,9225,12980
83600,9308,13129,83610,9216,12987
83620,9294,13133,83630,9222,12981
83640,9271,13114,83650,9254,12980
83660,9249,13117,83670,9259,12981
83680,9271,13123,83690,9222,12981
83700,9298,13120,83710,9217,12979
83720,9284,13112,83730,9231,12997
83740,9268,13125,83750,9269,12971
83760,9255,13124,83770,9259,12977
83780,9282,13120,83790,9243,12996
83800,9317,13115,83810,9217,12978
83820,9297,13127,83830,9225,12983
83840,9271,13122,83850,9277,12987
83860,9265,13136,83870,9250,12974
83880,9266,13122,83890,9222,12993
83900,9301,13116,83910,9193,12984
83920,9296,13131,83930,9230,12985
83940,9256,13118,83950,9253,12992
83960,9249,13118,83970,9236,12988
83980,9275,13125,83990,9217,12981
84000,9290,13122,84010,9197,12989
84020,9285,13117,84030,9222,12997
84040,9265,13124,84050,9250,12981
84060,9239,13127,84070,9238,12983
84080,9269,13127,84090,9213,12983
84100,9291,13125,84110,9192,12979
84120,9267,13115,84130,9221,12964
84140,9259,13099,84150,9253,12968
84160,9233,13109,84170,9238,12954
84180,9268,13102,84190,9207,12953
84200,9288,13101,84210,9180,12951
84220,9280,13095,84230,9241,12971
84240,11571,13113,84250,12931,12984
84260,13098,13106,84270,12947,12984
84280,13092,13112,84290,12949,12986
84300,13088,13114,84310,12955,12996
84320,13108,13118,84330,12974,12989
84340,13118,13101,84350,12981,12982
84360,13117,13117,84370,12993,12989
84380,13117,13101,84390,12993,12976
84400,13122,13124,84410,12986,12985
84420,13122,13133,84430,12985,12984
84440,13130,13122,84450,12985,12989
84460,13129,13126,84470,12983,12987
84480,13129,13124,84490,12981,12984
84500,13130,13117,84510,12991,12998
84520,13123,13132,84530,12981,12993
84540,13148,13128,84550,12985,12991
84560,13135,13132,84570,12984,12985
84580,13125,13129,84590,12983,12994
84600,13123,13117,84610,12984,12988
84620,13113,13112,84630,12982,12994
84640,13130,13125,84650,12990,13002
84660,13136,13136,84670,12984,12984
84680,13130,13120,84690,12974,12998
84700,13128,13133,84710,12971,12988
84720,13132,13129,84730,12982,12985
84740,13130,13126,84750,12985,12991
84760,13128,13131,84770,12980,12978
84780,13140,13120,84790,12979,12986
84800,13131,13133,84810,12987,12992
84820,13132,13130,84830,12975,12987
84840,13128,13121,84850,12988,12986
84860,13127,13120,84870,12981,12992
84880,13141,13133,84890,12971,12988
84900,13125,13116,84910,12977,12988
84920,13128,13121,84930,12979,12986
84940,13136,13122,84950,12978,12981
84960,13119,13110,84970,12981,12979
84980,13118,13121,84990,12975,12967
85000,13128,13120,85010,12978,12980
85020,13128,13125,85030,12988,12982
85040,13130,13131,85050,12986,12985
85060,13126,13116,85070,12982,12986
85080,13119,13120,85090,12988,13003
85100,13125,13134,85110,12993,12988
85120,13121,13125,85130,12983,12984
85140,13118,13123,85150,12972,12983
85160,13138,13126,85170,12990,12988
85180,13134,13130,85190,12988,12973
85200,13135,13111,85210,12980,12974
85220,13125,13104,85230,12974,12939
85240,13136,13089,85250,12979,12927
85260,13120,13055,85270,12972,12894
85280,13123,13048,85290,12976,12893
85300,13117,13041,85310,12955,12915
85320,13092,13069,85330,12941,12997
85340,13089,13129,85350,12945,13012
85360,13083,13114,85370,12926,12989
85380,13077,13119,85390,12951,12989
85400,13095,13107,85410,12975,12993
85420,13105,13121,85430,12980,12988
85440,13101,13114,85450,12991,12996
85460,13111,13115,85470,12993,12995
85480,13118,13115,85490,12987,12995
85500,13118,13112,85510,12975,12989
85520,13124,13111,85530,12983,12983
85540,13124,13130,85550,12850,12898
85560,13121,13123,85570,12981,12977
85580,13119,13105,85590,12983,12989
85600,13113,13122,85610,12999,12991
85620,13126,13119,85630,12994,12991
85640,13136,13121,85650,12980,12991
85660,13125,13121,85670,12981,12983
85680,13140,13124,85690,12979,12982
85700,13129,13122,85710,12981,12995
85720,13124,13118,85730,12985,12990
85740,13123,13120,85750,12989,12984
85760,13122,13117,85770,12983,12985
85780,13125,13115,85790,12984,12988
85800,13122,13127,85810,12989,12982
85820,13132,13117,85830,12987,13000
85840,13128,13124,85850,12864,12852
85860,13129,13120,85870,12977,12968
85880,13118,13114,85890,12987,12993
85900,13115,13127,85910,12984,12983
85920,13130,13124,85930,12972,12970
85940,13133,13132,85950,12984,12982
85960,13129,13121,85970,12977,12984
85980,13131,13126,85990,12977,12988
86000,13126,13132,86010,12985,12975
86020,13119,13127,86030,12977,12990
86040,13135,13127,86050,12985,12990
86060,13122,13123,86070,12978,12990
86080,13129,13117,86090,12984,12978
86100,13124,13116,86110,12991,12999
86120,13127,13115,86130,12982,12983
86140,13135,13123,86150,12850,12859
86160,13120,13124,86170,12992,12997
86180,13139,13124,86190,12978,12974
86200,13121,13124,86210,12977,12969
86220,13122,13126,86230,12989,12982
86240,13139,13129,86250,12992,12982
86260,13139,13129,86270,12986,12984
86280,13127,13120,86290,12983,12960
86300,13133,13097,86310,12993,12961
86320,13129,13092,86330,13005,12963
86340,13132,13098,86350,12992,12962
86360,13121,13081,86370,12975,12980
86380,13107,13111,86390,12961,12980
86400,13101,13122,86410,12949,12995
86420,13100,13124,86430,12949,12999
86440,13072,13115,86450,12969,13003
86460,13106,13126,86470,12977,12991
86480,13119,13117,86490,12993,12997
86500,13122,13109,86510,12997,12988
86520,13125,13126,86530,13001,12986
86540,13120,13122,86550,12981,12988
86560,12891,13126,86570,12605,12974
86580,12431,13116,86590,12153,12992
86600,12074,13120,86610,11770,13000
86620,11633,13126,86630,11335,12995
86640,11127,13122,86650,10876,12986
86660,10635,13112,86670,10402,12996
86680,10217,13117,86690,10013,12973
86700,10063,13123,86710,9921,12986
86720,9999,13126,86730,9940,12992
86740,9970,13122,86750,9948,12868
86760,9956,13123,86770,9927,12989
86780,9992,13124,86790,9892,12992
86800,10015,13126,86810,9903,12994
86820,9982,13136,86830,9927,12983
86840,9948,13126,86850,9943,12982
86860,9956,13130,86870,9921,12976
86880,9984,13118,86890,9888,12982
86900,10005,13125,86910,9904,12987
86920,9987,13117,86930,9930,12981
86940,9956,13129,86950,9948,12986
86960,9955,13121,86970,9939,12993
86980,9991,13131,86990,9906,12993
87000,10028,13130,87010,9913,12990
87020,10004,13128,87030,9944,12994
87040,9961,13132,87050,9972,12874
87060,9968,13119,87070,9868,12982
87080,9833,13122,87090,9403,12984
87100,9367,13123,87110,9237,12974
87120,9317,13139,87130,9249,12994
87140,9282,13118,87150,9274,12979
87160,9286,13142,87170,9250,12980
87180,9307,13132,87190,9216,12977
87200,9323,13127,87210,9223,12989
87220,9313,13134,87230,9255,12983
87240,9275,13124,87250,9277,12991
87260,9278,13130,87270,9241,12986
87280,9312,13137,87290,9219,12998
87300,9334,13126,87310,9227,12988
87320,9297,13124,87330,9249,12994
87340,9276,13118,87350,9266,12957
87360,9282,13098,87370,9251,12945
87380,9317,13094,87390,9215,12941
87400,9333,13081,87410,9238,12946
87420,9303,13086,87430,9239,12943
87440,9279,13086,87450,9274,12971
87460,9277,13096,87470,9252,12986
87480,9305,13103,87490,9209,12997
87500,9322,13108,87510,9220,12991
87520,9294,13105,87530,9253,12989
87540,9274,13114,87550,9266,12984
87560,9283,13122,87570,9252,12990
87580,9305,13112,87590,9221,12991
87600,9332,13122,87610,9228,12987
87620,9302,13112,87630,9270,12996
87640,9288,13124,87650,9270,12899
87660,9285,13119,87670,9257,12989
87680,9313,13129,87690,9225,12990
87700,9329,13132,87710,9229,12987
87720,9293,13126,87730,9254,12987
87740,9276,13112,87750,9278,12987
87760,9286,13126,87770,9256,12982
87780,9310,13117,87790,9233,12992
87800,9336,13113,87810,9220,12989
87820,9307,13122,87830,9256,12978
87840,9282,13128,87850,9279,12992
87860,9288,13128,87870,9254,13003
87880,9317,13115,87890,9214,12987
87900,9327,13121,87910,9228,12987
87920,9307,13104,87930,9249,12986
87940,9281,13126,87950,9276,12975
87960,9283,13123,87970,9261,12989
87980,9311,13138,87990,9214,12982
88000,9323,13111,88010,9229,12991
88020,9305,13125,88030,9258,12988
88040,9284,13134,88050,9273,12985
88060,9284,13121,88070,9246,12980
88080,9321,13119,88090,9215,12992
88100,9330,13127,88110,9220,12979
88120,9302,13125,88130,9260,12986
88140,9284,13136,88150,9269,12980
88160,9293,13136,88170,9249,12994
88180,9324,13128,88190,9219,12999
88200,9331,13127,88210,9225,12994
88220,9290,13121,88230,9263,12982
88240,9271,13126,88250,9285,12977
88260,9288,13133,88270,9247,12980
88280,9316,13113,88290,9224,12978
88300,9325,13119,88310,9221,12984
88320,9296,13125,88330,9267,12985
88340,9270,13122,88350,9268,12983
88360,9286,13135,88370,9258,12987
88380,9326,13125,88390,9219,13001
88400,9326,13126,88410,9231,12980
88420,9298,13105,88430,9260,12958
88440,9271,13100,88450,9284,12954
88460,9295,13105,88470,9240,12955
88480,9318,13093,88490,9227,12959
88500,9329,13092,88510,9228,12959
88520,9301,13110,88530,9261,12990
88540,9270,13112,88550,9285,12991
88560,9286,13122,88570,9239,12983
88580,9319,13110,88590,9219,12991
88600,9338,13114,88610,9249,13000
88620,9306,13120,88630,9267,12985
88640,9285,13117,88650,9282,12995
88660,9284,13125,88670,9256,12994
88680,9320,13122,88690,9220,12988
88700,9336,13131,88710,9227,12985
88720,9299,13118,88730,9272,12987
88740,9281,13127,88750,9290,12997
88760,9286,13132,88770,9253,12993
88780,9319,13130,88790,9226,12980
88800,9342,13132,88810,9224,12982
88820,9304,13125,88830,9278,12979
88840,9267,13127,88850,9285,12971
88860,9286,13112,88870,9242,12983
88880,9320,13130,88890,9222,12977
88900,9342,13125,88910,9225,12980
88920,9310,13116,88930,9284,12979
88940,9289,13127,88950,9286,12996
88960,9308,13114,88970,9252,12992
88980,9337,13123,88990,9244,12986
89000,9349,13125,89010,9241,12987
89020,9321,13139,89030,9279,12981
89040,9302,13122,89050,9291,12991
89060,9316,13121,89070,9272,12987
89080,9352,13137,89090,9244,12986
89100,9360,13121,89110,9269,12986
89120,9344,13126,89130,9302,12988
89140,9319,13130,89150,9315,12987
89160,9326,13129,89170,9284,12987
89180,9372,13130,89190,9262,12987
89200,9371,13111,89210,9287,12999
89220,9345,13121,89230,9325,12995
89240,9356,13136,89250,9345,12990
89260,9358,13121,89270,9324,12999
89280,9427,13132,89290,9323,12996
89300,9447,13122,89310,9350,12989
89320,9418,13126,89330,9401,12987
89340,9411,13138,89350,9416,12997
89360,9436,13118,89370,9411,12986
89380,9486,13117,89390,9376,12975
89400,9504,13121,89410,9415,12987
89420,9481,13133,89430,9475,12980
89440,9487,13118,89450,9473,12993
89460,9513,13119,89470,9467,12993
89480,9550,13128,89490,9450,12967
89500,9573,13110,89510,9473,12961
89520,9549,13089,89530,9524,12935
89540,9521,13088,89550,9506,12933
89560,9539,13087,89570,9468,12935
89580,9567,13070,89590,9458,12948
89600,9571,13096,89610,9472,12987
89620,9555,13109,89630,9525,12987
89640,9534,13100,89650,9520,12985
89660,9551,13114,89670,9485,12995
89680,9588,13103,89690,9493,12996
89700,9599,13111,89710,9515,13001
89720,9583,13122,89730,9559,13000
89740,9570,13120,89750,9574,13003
89760,9597,13123,89770,9552,13001
89780,9653,13131,89790,9547,13004
89800,9676,13129,89810,9592,12993
89820,9663,13130,89830,9664,12992
89840,9671,13121,89850,9677,12995
89860,9722,13137,89870,9677,12991
89880,9784,13121,89890,9672,12990
89900,9793,13128,89910,9732,12989
89920,9802,13131,89930,9786,12990
89940,9801,13139,89950,9808,12985
89960,9843,13120,89970,9802,12996
89980,9905,13127,89990,9801,12986
90000,9927,13143,90010,9828,12981
90020,9892,13125,90030,9875,12988
90040,9871,13118,90050,9877,12948
90060,9920,13116,90070,9867,12989
90080,9970,13125,90090,9857,12981
90100,9978,13130,90110,9895,12995
90120,9943,13120,90130,9943,12988
90140,9942,13131,90150,9928,12996
90160,9957,13123,90170,9910,12997
90180,10005,13128,90190,9904,12995
90200,10008,13126,90210,9922,13000
90220,9991,13126,90230,9974,12982
90240,9973,13122,90250,9985,12988
90260,10015,13124,90270,9971,12989
90280,10061,13133,90290,9964,12989
90300,10076,13117,90310,10009,12989
90320,10058,13129,90330,10047,12989
90340,10058,13128,90350,10053,12996
90360,10083,13131,90370,10043,12979
90380,10139,13119,90390,10027,13002
90400,10128,13120,90410,10067,12998
90420,10122,13137,90430,10101,12982
90440,10107,13123,90450,10090,12990
90460,10130,13137,90470,10066,12984
90480,10169,13136,90490,10048,12995
90500,10148,13127,90510,10077,12987
90520,10131,13130,90530,10098,12999
90540,10107,13134,90550,10105,12993
90560,10129,13120,90570,10055,12972
90580,10142,13111,90590,10032,12942
90600,10138,13096,90610,10068,12962
90620,10108,13096,90630,10083,12944
90640,10083,13092,90650,10078,12832
90660,10108,13043,90670,10045,12885
90680,10135,13048,90690,10009,12890
90700,10118,13062,90710,10037,12965
90720,10081,13112,90730,10071,12993
90740,10063,13109,90750,10052,12991
90760,10094,13110,90770,10021,12990
90780,10108,13107,90790,10387,12993
90800,13132,13120,90810,12985,13001
90820,13131,13126,90830,12990,12986
90840,13123,13115,90850,12988,12990
90860,13122,13108,90870,12988,12989
90880,13108,13119,90890,12981,12986
90900,13118,13129,90910,12986,12978
90920,13114,13115,90930,12984,12985
90940,13135,13128,90950,12989,12988
90960,13136,13130,90970,13003,12992
90980,13124,13120,90990,12981,12995
91000,13115,13115,91010,12981,12983
91020,13134,13124,91030,12980,12989
91040,13144,13137,91050,12990,12995
91060,13128,13133,91070,12982,12998
91080,13127,13128,91090,12988,12996
91100,13114,13125,91110,12982,12982
91120,13121,13116,91130,12982,12978
91140,13135,13130,91150,12999,13001
91160,13132,13122,91170,12986,12989
91180,13127,13124,91190,12989,12991
91200,13135,13130,91210,12992,12995
91220,13129,13125,91230,12990,12995
91240,13134,13136,91250,12976,12977
91260,13128,13132,91270,12976,12988
91280,13128,13114,91290,12975,12980
91300,13126,13127,91310,12985,12976
91320,13139,13134,91330,12985,12987
91340,13126,13129,91350,12992,12987
91360,13140,13123,91370,12989,12985
91380,13129,13131,91390,12985,12998
91400,13127,13125,91410,12980,12982
91420,13130,13126,91430,12976,12982
91440,13135,13125,91450,12990,12999
91460,13128,13124,91470,12988,12979
91480,13129,13128,91490,12978,12988
91500,13125,13124,91510,12979,12989
91520,13130,13117,91530,12991,12985
91540,13130,13125,91550,12981,12979
91560,13140,13118,91570,12987,12990
91580,13132,13122,91590,12986,12991
91600,13128,13124,91610,12984,12982
91620,13129,13115,91630,12992,12986
91640,13138,13116,91650,12990,12963
91660,13142,13108,91670,12997,12942
91680,13130,13077,91690,12998,12941
91700,13135,13095,91710,12