LED1 Timestamp (ms),LED1_PD1,LED1_PD2,LED2 Timestamp (ms),LED2_PD1,LED2_PD2
6500,9041,9197,6510,9026,9145
6520,9041,9176,6530,9026,9139
6540,9043,9191,6550,9043,9155
6560,9024,9170,6570,9023,9137
6580,9029,9190,6590,9041,9150
6600,9044,9193,6610,9030,9141
6620,9028,9173,6630,9023,9137
6640,9051,9180,6650,9035,9164
6660,9037,9176,6670,9035,9134
6680,9035,9177,6690,9035,9146
6700,9049,9191,6710,9041,9153
6720,9039,9170,6730,9030,9145
6740,9042,9188,6750,9038,9160
6760,9038,9169,6770,9019,9128
6780,9031,9174,6790,9039,9155
6800,9045,9196,6810,9035,9147
6820,9025,9169,6830,9023,9152
6840,9043,9191,6850,9050,9160
6860,9037,9166,6870,9033,9139
6880,9031,9173,6890,9032,9153
6900,9047,9199,6910,9031,9141
6920,9027,9171,6930,9026,9151
6940,9042,9201,6950,9035,9154
6960,9032,9164,6970,9031,9123
6980,9034,9182,6990,9042,9154
7000,9047,9209,7010,9034,9151
7020,9029,9161,7030,9036,9148
7040,9046,9192,7050,9036,9159
7060,9034,9171,7070,9023,9135
7080,9027,9174,7090,9036,9154
7100,9026,9169,7110,9030,9151
7120,9031,9166,7130,9025,9141
7140,9035,9189,7150,9036,9150
7160,9035,9174,7170,9019,9126
7180,9040,9186,7190,9041,9157
7200,9051,9186,7210,9034,9138
7220,9025,9165,7230,9016,9151
7240,9044,9180,7250,9026,9154
7260,9031,9167,7270,9024,9121
7280,9025,9178,7290,9029,9157
7300,9031,9187,7310,9021,9129
7320,9028,9174,7330,9024,9137
7340,9038,9197,7350,9026,9148
7360,9031,9175,7370,9008,9121
7380,9040,9196,7390,9033,9162
7400,9037,9174,7410,9019,9129
7420,9020,9167,7430,9022,9152
7440,9038,9188,7450,9046,9149
7460,9027,9164,7470,9018,9128
7480,9033,9180,7490,9038,9162
7500,9047,9186,7510,9027,9146
7520,9030,9166,7530,9030,9145
7540,9039,9185,7550,9025,9149
7560,9029,9174,7570,9018,9131
7580,9042,9182,7590,9041,9159
7600,9036,9186,7610,9018,9136
7620,9035,9172,7630,9029,9145
7640,9039,9187,7650,9046,9146
7660,9029,9169,7670,9014,9146
7680,9035,9186,7690,9041,9155
7700,9028,9179,7710,9022,9135
7720,9027,9162,7730,9038,9148
7740,9038,9191,7750,9031,9139
7760,9029,9165,7770,9016,9125
7780,9047,9184,7790,9035,9151
7800,9035,9184,7810,9022,9136
7820,9029,9170,7830,9030,9148
7840,9055,9184,7850,9027,9138
7860,9030,9175,7870,9010,9129
7880,9022,9187,7890,9031,9145
7900,9028,9166,7910,9021,9137
7920,9025,9161,7930,9015,9141
7940,9041,9194,7950,9028,9148
7960,9026,9175,7970,9027,9129
7980,9041,9181,7990,9027,9152
8000,9033,9173,8010,9023,9134
8020,9026,9164,8030,9022,9153
8040,9037,9184,8050,9023,9139
8060,9024,9164,8070,9018,9127
8080,9036,9192,8090,9038,9154
8100,9023,9162,8110,9015,9134
8120,9019,9166,8130,9032,9154
8140,9045,9182,8150,9034,9146
8160,9027,9178,8170,9007,9122
8180,9036,9182,8190,9036,9157
8200,9038,9171,8210,9029,9133
8220,9029,9176,8230,9032,9151
8240,9043,9191,8250,9031,9146
8260,9030,9169,8270,9018,9134
8280,9046,9194,8290,9025,9153
8300,9035,9167,8310,9025,9129
8320,9015,9164,8330,9026,9161
8340,9043,9182,8350,9019,9138
8360,9031,9170,8370,9014,9128
8380,9041,9185,8390,9034,9147
8400,9024,9178,8410,9017,9123
8420,9026,9162,8430,9039,9157
8440,9047,9184,8450,9036,9121
8460,9033,9165,8470,9020,9132
8480,9037,9182,8490,9036,9154
8500,9038,9183,8510,9029,9136
8520,9026,9165,8530,9027,9154
8540,9038,9189,8550,9021,9139
8560,9022,9169,8570,9020,9126
8580,9036,9181,8590,9023,9140
8600,9032,9181,8610,9016,9135
8620,9014,9170,8630,9031,9154
8640,9034,9183,8650,9024,9134
8660,9019,9162,8670,9021,9136
8680,9044,9188,8690,9029,9150
8700,9033,9165,8710,9013,9136
8720,9023,9171,8730,9033,9173
8740,9040,9200,8750,9021,9143
8760,9028,9164,8770,9023,9134
8780,9043,9189,8790,9026,9146
8800,9035,9183,8810,9031,9147
8820,9028,9172,8830,9034,9159
8840,9041,9189,8850,9022,9146
8860,9028,9165,8870,9020,9132
8880,9041,9182,8890,9031,9154
8900,9035,9181,8910,9024,9131
8920,9024,9180,8930,9047,9156
8940,9039,9178,8950,9018,9123
8960,9026,9173,8970,9017,9137
8980,9036,9182,8990,9026,9144
9000,9029,9169,9010,9018,9129
9020,9029,9170,9030,9041,9149
9040,9042,9177,9050,9031,9140
9060,9032,9170,9070,9027,9145
9080,9047,9195,9090,9027,9142
9100,9033,9169,9110,9012,9119
9120,9028,9173,9130,9037,9163
9140,9042,9178,9150,9020,9132
9160,9023,9167,9170,9029,9129
9180,9028,9187,9190,9033,9141
9200,9025,9163,9210,9012,9141
9220,9029,9174,9230,9031,9160
9240,9031,9170,9250,9021,9136
9260,9039,9168,9270,9027,9152
9280,9047,9195,9290,9036,9148
9300,9036,9167,9310,9025,9134
9320,9037,9170,9330,9039,9159
9340,9030,9178,9350,9023,9136
9360,9022,9172,9370,9031,9143
9380,9053,9198,9390,9024,9145
9400,9027,9180,9410,9016,9131
9420,9033,9174,9430,9037,9156
9440,9030,9161,9450,9028,9131
9460,9024,9169,9470,9016,9140
9480,9047,9185,9490,9031,9137
9500,9028,9177,9510,9023,9134
9520,9031,9174,9530,9033,9153
9540,9042,9178,9550,9024,9125
9560,9028,9161,9570,9030,9146
9580,9047,9197,9590,9017,9140
9600,9025,9157,9610,9023,9132
9620,9034,9185,9630,9038,9156
9640,9032,9169,9650,9021,9133
9660,9023,9162,9670,9026,9135
9680,9043,9197,9690,9027,9142
9700,9031,9160,9710,9024,9132
9720,9025,9176,9730,9031,9156
9740,9033,9173,9750,9025,9133
9760,9027,9181,9770,9025,9137
9780,9040,9187,9790,9042,9157
9800,9027,9169,9810,9023,9138
9820,9037,9173,9830,9034,9153
9840,9038,9173,9850,9025,9135
9860,9009,9174,9870,9034,9151
9880,9038,9193,9890,9019,9133
9900,9033,9159,9910,9025,9128
9920,9042,9183,9930,9036,9159
9940,9031,9171,9950,9025,9130
9960,9025,9175,9970,9037,9160
9980,9037,9184,9990,9026,9145
10000,9033,9172,10010,9020,9137
10020,9037,9185,10030,9040,9155
10040,9038,9181,10050,9021,9140
10060,9017,9170,10070,9032,9146
10080,9043,9199,10090,9025,9137
10100,9027,9165,10110,9024,9140
10120,9040,9186,10130,9037,9160
10140,9038,9187,10150,9023,9133
10160,9035,9176,10170,9032,9142
10180,9036,9188,10190,9027,9137
10200,9023,9163,10210,9021,9137
10220,9045,9185,10230,9039,9158
10240,9031,9175,10250,9022,9134
10260,9029,9170,10270,9035,9144
10280,9045,9202,10290,9025,9147
10300,9032,9152,10310,9020,9143
10320,9046,9185,10330,9045,9158
10340,9026,9170,10350,9016,9124
10360,9043,9180,10370,9036,9153
10380,9045,9184,10390,9030,9140
10400,9027,9170,10410,9029,9146
10420,9033,9180,10430,9024,9147
10440,9037,9175,10450,9026,9145
10460,9028,9181,10470,9030,9157
10480,9036,9182,10490,9019,9137
10500,9028,9164,10510,9020,9136
10520,9038,9201,10530,9040,9153
10540,9035,9185,10550,9014,9142
10560,9036,9187,10570,9036,9154
10580,9042,9182,10590,9025,9149
10600,9035,9168,10610,9029,9148
10620,9040,9190,10630,9029,9153
10640,9021,9159,10650,9018,9132
10660,9030,9184,10670,9034,9159
10680,9034,9190,10690,9027,9137
10700,9036,9182,10710,9035,9151
10720,9050,9192,10730,9037,9164
10740,9034,9185,10750,9020,9133
10760,9034,9179,10770,9040,9151
10780,9036,9184,10790,9032,9143
10800,9018,9175,10810,9020,9155
10820,9045,9189,10830,9028,9149
10840,9028,9171,10850,9010,9126
10860,9033,9184,10870,9042,9153
10880,9030,9180,10890,9019,9138
10900,9021,9158,10910,9018,9141
10920,9040,9191,10930,9028,9147
10940,9024,9169,10950,9018,9117
10960,9032,9170,10970,9032,9160
10980,9041,9178,10990,9024,9145
11000,9031,9175,11010,9035,9150
11020,9044,9182,11030,9044,9158
11040,9035,9179,11050,9020,9132
11060,9030,9185,11070,9037,9163
11080,9032,9188,11090,9016,9129
11100,9025,9160,11110,9024,9153
11120,9040,9183,11130,9039,9150
11140,9026,9180,11150,9016,9137
11160,9032,9189,11170,9037,9165
11180,9032,9176,11190,9031,9140
11200,9026,9167,11210,9040,9145
11220,9033,9189,11230,9027,9151
11240,9030,9167,11250,9014,9126
11260,9031,9186,11270,9022,9158
11280,9030,9183,11290,9020,9144
11300,9025,9173,11310,9032,9146
11320,9041,9202,11330,9028,9141
11340,9025,9170,11350,9015,9140
11360,9030,9183,11370,9027,9154
11380,9031,9176,11390,9029,9145
11400,9022,9169,11410,9029,9159
11420,9048,9190,11430,9022,9141
11440,9031,9171,11450,9014,9135
11460,9030,9184,11470,9030,9152
11480,9035,9180,11490,9028,9149
11500,9026,9170,11510,9024,9147
11520,9044,9187,11530,9030,9148
11540,9033,9168,11550,9021,9125
11560,9036,9186,11570,9038,9158
11580,9039,9173,11590,9017,9134
11600,9027,9162,11610,9027,9148
11620,9039,9178,11630,9013,9134
11640,9031,9175,11650,9022,9135
11660,9033,9178,11670,9027,9148
11680,9037,9167,11690,9018,9129
11700,9027,9165,11710,9032,9150
11720,9041,9186,11730,9020,9147
11740,9039,9170,11750,9015,9134
11760,9041,9190,11770,9044,9163
11780,9028,9178,11790,9020,9134
11800,9033,9173,11810,9031,9152
11820,9038,9188,11830,9032,9142
11840,9028,9168,11850,9032,9135
11860,9040,9194,11870,9043,9160
11880,9025,9177,11890,9022,9127
11900,9032,9174,11910,9022,9151
11920,9040,9191,11930,9020,9130
11940,9028,9173,11950,9030,9134
11960,9040,9185,11970,9035,9158
11980,9034,9171,11990,9031,9131
12000,9027,9160,12010,9028,9155
12020,9043,9186,12030,9021,9127
12040,9034,9164,12050,9025,9126
12060,9045,9198,12070,9038,9151
12080,9036,9172,12090,9026,9133
12100,9025,9170,12110,9029,9157
12120,9035,9181,12130,9020,9134
12140,9021,9165,12150,9017,9133
12160,9032,9180,12170,9028,9154
12180,9025,9170,12190,9023,9145
12200,9025,9169,12210,9037,9154
12220,9035,9192,12230,9027,9142
12240,9026,9169,12250,9015,9137
12260,9038,9195,12270,9034,9150
12280,9019,9181,12290,9021,9141
12300,9025,9172,12310,9033,9147
12320,9035,9192,12330,9016,9134
12340,9024,9159,12350,9016,9143
12360,9049,9202,12370,9024,9144
12380,9033,9175,12390,9012,9128
12400,9030,9178,12410,9033,9155
12420,9039,9198,12430,9022,9137
12440,9031,9181,12450,9026,9147
12460,9037,9187,12470,9035,9148
12480,9030,9173,12490,9024,9135
12500,9028,9177,12510,9035,9163
12520,9030,9175,12530,9024,9139
12540,9036,9175,12550,9027,9136
12560,9037,9194,12570,9031,9139
12580,9024,9168,12590,9025,9138
12600,9030,9184,12610,9036,9160
12620,9045,9181,12630,9032,9138
12640,9032,9181,12650,9027,9141
12660,9038,9194,12670,9032,9148
12680,9032,9170,12690,9036,9139
12700,9034,9183,12710,9049,9166
12720,9037,9178,12730,9030,9144
12740,9025,9177,12750,9036,9147
12760,9047,9203,12770,9037,9151
12780,9034,9170,12790,9025,9130
12800,9032,9177,12810,9035,9158
12820,9033,9183,12830,9034,9147
12840,9031,9180,12850,9025,9151
12860,9048,9202,12870,9027,9152
12880,9038,9175,12890,9017,9128
12900,9034,9179,12910,9042,9151
12920,9036,9178,12930,9020,9133
12940,9019,9167,12950,9024,9144
12960,9042,9186,12970,9026,9146
12980,9022,9172,12990,9018,9136
13000,9028,9177,13010,9035,9148
13020,9034,9181,13030,9008,9136
13040,9028,9164,13050,9020,9146
13060,9037,9199,13070,9024,9144
13080,9028,9169,13090,9018,9133
13100,9037,9169,13110,9031,9153
13120,9037,9181,13130,9013,9137
13140,9027,9174,13150,9029,9147
13160,9042,9204,13170,9030,9154
13180,9026,9176,13190,9017,9142
13200,9043,9181,13210,9035,9162
13220,9037,9178,13230,9020,9133
13240,9028,9184,13250,9032,9158
13260,9039,9196,13270,9019,9141
13280,9028,9169,13290,9029,9137
13300,9026,9185,13310,9042,9164
13320,9024,9170,13330,9029,9138
13340,9027,9173,13350,9032,9151
13360,9039,9191,13370,9022,9148
13380,9029,9177,13390,9022,9142
13400,9036,9184,13410,9034,9153
13420,9034,9184,13430,9025,9150
13440,9041,9181,13450,9041,9150
13460,9040,9197,13470,9026,9144
13480,9022,9170,13490,9025,9150
13500,9044,9194,13510,9036,9163
13520,9031,9185,13530,9014,9143
13540,9023,9176,13550,9036,9152
13560,9047,9190,13570,9017,9153
13580,9029,9173,13590,9020,9151
13600,9043,9184,13610,9038,9156
13620,9034,9199,13630,9029,9138
13640,9027,9189,13650,9035,9152
13660,9043,9198,13670,9031,9147
13680,9027,9182,13690,9022,9144
13700,9044,9191,13710,9034,9163
13720,9034,9179,13730,9016,9145
13740,9022,9175,13750,9028,9157
13760,9044,9194,13770,9019,9137
13780,9025,9167,13790,9016,9141
13800,9034,9193,13810,9034,9163
13820,9024,9171,13830,9030,9141
13840,9042,9187,13850,9036,9149
13860,9036,9193,13870,9015,9149
13880,9023,9163,13890,9027,9155
13900,9034,9193,13910,9043,9166
13920,9035,9175,13930,9014,9133
13940,9034,9188,13950,9033,9165
13960,9041,9190,13970,9029,9147
13980,9027,9171,13990,9027,9152
14000,9044,9184,14010,9036,9154
14020,9030,9177,14030,9023,9141
14040,9039,9188,14050,9045,9162
14060,9037,9195,14070,9032,9145
14080,9029,9181,14090,9031,9154
14100,9042,9201,14110,9034,9170
14120,9036,9178,14130,9023,9140
14140,9026,9185,14150,9023,9161
14160,9040,9188,14170,9025,9144
14180,9028,9174,14190,9020,9141
14200,9053,9196,14210,9033,9157
14220,9034,9177,14230,9032,9151
14240,9040,9191,14250,9040,9156
14260,9040,9187,14270,9029,9130
14280,9028,9173,14290,9019,9158
14300,9035,9185,14310,9035,9157
14320,9027,9183,14330,9026,9141
14340,9040,9185,14350,9037,9165
14360,9038,9197,14370,9019,9154
14380,9035,9181,14390,9032,9164
14400,9037,9196,14410,9040,9162
14420,9037,9181,14430,9017,9139
14440,9029,9179,14450,9039,9164
14460,9037,9182,14470,9027,9146
14480,9031,9164,14490,9034,9159
14500,9033,9193,14510,9025,9150
14520,9033,9180,14530,9027,9135
14540,9030,9194,14550,9027,9167
14560,9032,9193,14570,9025,9141
14580,9030,9168,14590,9029,9140
14600,9040,9186,14610,9030,9151
14620,9031,9176,14630,9024,9134
14640,9040,9186,14650,9040,9155
14660,9033,9189,14670,9013,9146
14680,9024,9167,14690,9026,9153
14700,9037,9191,14710,9025,9153
14720,9034,9173,14730,9009,9133
14740,9033,9194,14750,9041,9161
14760,9034,9192,14770,9028,9160
14780,9030,9178,14790,9033,9158
14800,9048,9203,14810,9036,9150
14820,9027,9180,14830,9021,9134
14840,9039,9194,14850,9035,9167
14860,9036,9183,14870,9026,9134
14880,9028,9174,14890,9038,9168
14900,9036,9204,14910,9032,9153
14920,9037,9174,14930,9024,9139
14940,9042,9206,14950,9045,9154
14960,9032,9177,14970,9031,9149
14980,9034,9184,14990,9033,9160
15000,9042,9193,15010,9033,9146
15020,9031,9177,15030,9027,9139
15040,9045,9201,15050,9042,9166
15060,9038,9169,15070,9020,9151
15080,9027,9178,15090,9032,9164
15100,9045,9192,15110,9035,9155
15120,9034,9174,15130,9019,9138
15140,9034,9198,15150,9039,9161
15160,9035,9180,15170,9021,9136
15180,9023,9174,15190,9036,9164
15200,9039,9188,15210,9026,9142
15220,9031,9174,15230,9021,9137
15240,9032,9192,15250,9032,9155
15260,9030,9176,15270,9035,9142
15280,9031,9174,15290,9030,9163
15300,9037,9182,15310,9033,9146
15320,9024,9170,15330,9023,9137
15340,9039,9189,15350,9031,9162
15360,9032,9181,15370,9021,9133
15380,9022,9176,15390,9032,9162
15400,9045,9200,15410,9032,9140
15420,9033,9164,15430,9026,9133
15440,9033,9196,15450,9034,9149
15460,9024,9171,15470,9017,9142
15480,9016,9168,15490,9027,9154
15500,9034,9190,15510,9027,9144
15520,9026,9170,15530,9020,9135
15540,9037,9190,15550,9024,9152
15560,9038,9179,15570,9020,9129
15580,9026,9161,15590,9031,9156
15600,9037,9184,15610,9029,9135
15620,9023,9162,15630,9033,9150
15640,9036,9193,15650,9035,9160
15660,9026,9179,15670,9013,9117
15680,9033,9174,15690,9033,9167
15700,9033,9190,15710,9029,9150
15720,9029,9175,15730,9032,9142
15740,9037,9190,15750,9041,9164
15760,9030,9178,15770,9028,9139
15780,9029,9164,15790,9039,9160
15800,9033,9188,15810,9027,9143
15820,9026,9174,15830,9027,9136
15840,9044,9201,15850,9041,9170
15860,9034,9182,15870,9021,9129
15880,9025,9174,15890,9046,9174
15900,9039,9203,15910,9036,9153
15920,9034,9182,15930,9025,9150
15940,9046,9206,15950,9039,9140
15960,9034,9173,15970,9026,9142
15980,9033,9168,15990,9042,9157
16000,9034,9179,16010,9028,9141
16020,9038,9171,16030,9024,9143
16040,9047,9197,16050,9032,9160
16060,9033,9181,16070,9025,9142
16080,9030,9174,16090,9035,9164
16100,9045,9189,16110,9018,9139
16120,9019,9172,16130,9034,9132
16140,9045,9200,16150,9034,9152
16160,9033,9182,16170,9022,9134
16180,9033,9176,16190,9040,9169
16200,9041,9186,16210,9032,9145
16220,9021,9164,16230,9017,9139
16240,9047,9194,16250,9036,9153
16260,9026,9178,16270,9025,9145
16280,9033,9174,16290,9033,9163
16300,9038,9186,16310,9028,9132
16320,9035,9174,16330,9023,9144
16340,9046,9198,16350,9023,9140
16360,9039,9177,16370,9022,9139
16380,9031,9174,16390,9033,9151
16400,9043,9181,16410,9022,9130
16420,9021,9160,16430,9017,9139
16440,9034,9188,16450,9031,9149
16460,9024,9175,16470,9013,9142
16480,9040,9171,16490,9037,9170
16500,9034,9183,16510,9020,9141
16520,9021,9174,16530,9037,9148
16540,9041,9195,16550,9025,9151
16560,9021,9165,16570,9016,9138
16580,9040,9180,16590,9035,9167
16600,9030,9174,16610,9020,9132
16620,9030,9166,16630,9022,9148
16640,9037,9202,16650,9029,9150
16660,9025,9171,16670,9026,9144
16680,9027,9188,16690,9043,9157
16700,9030,9193,16710,9021,9131
16720,9030,9172,16730,9030,9149
16740,9045,9202,16750,9022,9145
16760,9025,9170,16770,9020,9141
16780,9043,9188,16790,9041,9170
16800,9033,9188,16810,9013,9127
16820,9028,9168,16830,9022,9152
16840,9039,9191,16850,9032,9147
16860,9019,9167,16870,9017,9143
16880,9023,9176,16890,9043,9150
16900,9042,9196,16910,9027,9139
16920,9033,9171,16930,9037,9152
16940,9043,9187,16950,9032,9147
16960,9030,9172,16970,9018,9138
16980,9031,9191,16990,9030,9161
17000,9027,9185,17010,9026,9135
17020,9022,9168,17030,9024,9143
17040,9030,9182,17050,9033,9146
17060,9019,9164,17070,9029,9143
17080,9035,9183,17090,9026,9150
17100,9027,9181,17110,9016,9138
17120,9032,9179,17130,9023,9149
17140,9041,9192,17150,9032,9155
17160,9039,9172,17170,9026,9144
17180,9046,9194,17190,9034,9160
17200,9038,9184,17210,9017,9139
17220,9031,9177,17230,9035,9156
17240,9042,9195,17250,9030,9151
17260,9040,9176,17270,9035,9153
17280,9031,9195,17290,9038,9162
17300,9036,9174,17310,9027,9144
17320,9029,9191,17330,9041,9156
17340,9044,9206,17350,9031,9151
17360,9019,9182,17370,9030,9148
17380,9032,9187,17390,9044,9162
17400,9034,9178,17410,9023,9139
17420,9043,9197,17430,9045,9161
17440,9056,9197,17450,9026,9145
17460,9030,9170,17470,9019,9147
17480,9036,9189,17490,9034,9153
17500,9023,9182,17510,9024,9126
17520,9049,9184,17530,9045,9167
17540,9036,9198,17550,9028,9142
17560,9034,9179,17570,9022,9159
17580,9045,9191,17590,9030,9149
17600,9032,9183,17610,9015,9137
17620,9030,9184,17630,9036,9163
17640,9038,9184,17650,9027,9140
17660,9020,9176,17670,9024,9144
17680,9040,9186,17690,9036,9153
17700,9030,9172,17710,9025,9147
17720,9038,9192,17730,9036,9152
17740,9034,9188,17750,9017,9141
17760,9016,9168,17770,9023,9151
17780,9041,9167,17790,9025,9148
17800,9026,9179,17810,9014,9132
17820,9032,9190,17830,9028,9164
17840,9042,9191,17850,9023,9136
17860,9015,9166,17870,9017,9125
17880,9022,9168,17890,9009,9115
17900,9004,9142,17910,8977,9072
17920,8974,9101,17930,8968,9055
17940,8956,9065,17950,8930,9011
17960,8913,9021,17970,8909,8989
17980,8881,9011,17990,8867,8983
18000,8856,8996,18010,8820,8902
18020,8840,8837,18030,8731,8746
18040,8698,8729,18050,8581,8646
18060,8680,8773,18070,8594,8688
18080,8840,8901,18090,8684,8774
18100,8910,8973,18110,8738,8831
18120,8915,9012,18130,8780,8872
18140,8912,9012,18150,8759,8841
18160,8890,8979,18170,8745,8837
18180,8913,8984,18190,8729,8821
18200,8915,8970,18210,8685,8766
18220,8948,8977,18230,8642,8740
18240,9077,8953,18250,8531,8598
18260,9475,8878,18270,8502,8544
18280,9576,8873,18290,8504,8544
18300,9480,8886,18310,8507,8562
18320,9434,8922,18330,8510,8562
18340,9539,8885,18350,8458,8518
18360,9701,8804,18370,8440,8485
18380,9722,8756,18390,8435,8465
18400,9716,8742,18410,8429,8457
18420,9685,8734,18430,8423,8448
18440,9663,8703,18450,8417,8440
18460,9671,8709,18470,8422,8463
18480,9652,8729,18490,8416,8455
18500,9670,8727,18510,8405,8438
18520,9656,8687,18530,8361,8349
18540,9595,8552,18550,8333,8274
18560,9521,8489,18570,8340,8262
18580,9516,8457,18590,8328,8256
18600,9559,8438,18610,8326,8238
18620,9580,8451,18630,8328,8255
18640,9663,8427,18650,8330,8259
18660,9839,8449,18670,8368,8271
18680,10062,8486,18690,8346,8255
18700,10134,8519,18710,8363,8246
18720,10144,8530,18730,8359,8261
18740,10130,8523,18750,8371,8274
18760,10145,8510,18770,8366,8273
18780,10181,8527,18790,8365,8264
18800,10212,8533,18810,8356,8269
18820,10267,8555,18830,8373,8272
18840,10297,8525,18850,8385,8286
18860,10302,8518,18870,8383,8288
18880,10319,8529,18890,8369,8270
18900,10324,8530,18910,8377,8264
18920,10380,8570,18930,8371,8274
18940,10419,8555,18950,8380,8281
18960,10476,8553,18970,8382,8292
18980,10505,8580,18990,8374,8273
19000,10499,8589,19010,8375,8259
19020,10506,8596,19030,8384,8283
19040,10501,8583,19050,8386,8281
19060,10519,8570,19070,8390,8294
19080,10512,8589,19090,8376,8282
19100,10513,8578,19110,8363,8261
19120,10525,8598,19130,8386,8288
19140,10512,8574,19150,8391,8280
19160,10466,8559,19170,8382,8306
19180,10483,8581,19190,8374,8273
19200,10480,8592,19210,8365,8257
19220,10482,8590,19230,8385,8280
19240,10531,8582,19250,8380,8279
19260,10492,8557,19270,8383,8293
19280,10497,8580,19290,8386,8280
19300,10489,8583,19310,8368,8259
19320,10480,8589,19330,8383,8284
19340,10477,8577,19350,8384,8276
19360,10472,8550,19370,8379,8288
19380,10505,8583,19390,8379,8276
19400,10512,8592,19410,8372,8259
19420,10532,8607,19430,8390,8281
19440,10522,8587,19450,8396,8292
19460,10499,8557,19470,8403,8303
19480,10527,8585,19490,8385,8278
19500,10535,8601,19510,8374,8254
19520,10536,8603,19530,8391,8273
19540,10512,8586,19550,8387,8283
19560,10519,8574,19570,8396,8293
19580,10523,8591,19590,8377,8265
19600,10539,8594,19610,8370,8249
19620,10545,8615,19630,8392,8291
19640,10532,8589,19650,8383,8281
19660,10523,8574,19670,8399,8313
19680,10540,8601,19690,8378,8266
19700,10547,8601,19710,8363,8253
19720,10543,8617,19730,8388,8270
19740,10543,8597,19750,8388,8278
19760,10500,8573,19770,8397,8293
19780,10544,8599,19790,8381,8275
19800,10537,8604,19810,8363,8254
19820,10550,8601,19830,8376,8283
19840,10539,8596,19850,8391,8279
19860,10526,8569,19870,8392,8290
19880,10541,8601,19890,8370,8270
19900,10541,8608,19910,8366,8256
19920,10553,8613,19930,8389,8279
19940,10526,8587,19950,8390,8292
19960,10515,8560,19970,8382,8275
19980,10535,8594,19990,8379,8278
20000,10536,8592,20010,8357,8254
20020,10538,8609,20030,8386,8282
20040,10525,8585,20050,8380,8283
20060,10488,8571,20070,8390,8282
20080,10536,8599,20090,8374,8275
20100,10536,8595,20110,8362,8243
20120,10553,8604,20130,8379,8277
20140,10538,8582,20150,8383,8287
20160,10530,8577,20170,8396,8291
20180,10557,8594,20190,8382,8267
20200,10548,8601,20210,8366,8258
20220,10562,8611,20230,8386,8266
20240,10537,8596,20250,8386,8279
20260,10526,8583,20270,8392,8276
20280,10528,8608,20290,8380,8265
20300,10544,8599,20310,8356,8254
20320,10558,8615,20330,8391,8279
20340,10573,8611,20350,8388,8283
20360,10576,8583,20370,8385,8274
20380,10577,8607,20390,8382,8268
20400,10570,8613,20410,8371,8263
20420,10583,8603,20430,8388,8277
20440,10572,8600,20450,8385,8283
20460,10561,8587,20470,8390,8286
20480,10588,8601,20490,8378,8284
20500,10580,8602,20510,8372,8260
20520,10587,8611,20530,8392,8273
20540,10574,8605,20550,8386,8277
20560,10564,8587,20570,8388,8284
20580,10588,8614,20590,8377,8267
20600,10572,8613,20610,8368,8251
20620,10589,8621,20630,8387,8283
20640,10577,8608,20650,8379,8278
20660,10535,8597,20670,8379,8276
20680,10596,8604,20690,8373,8264
20700,10614,8631,20710,8366,8263
20720,10636,8615,20730,8386,8275
20740,10638,8616,20750,8394,8295
20760,10631,8604,20770,8382,8279
20780,10633,8620,20790,8369,8274
20800,10656,8645,20810,8378,8265
20820,10642,8621,20830,8394,8275
20840,10636,8614,20850,8391,8303
20860,10617,8603,20870,8376,8278
20880,10618,8626,20890,8382,8277
20900,10635,8640,20910,8381,8286
20920,10608,8629,20930,8391,8291
20940,10607,8619,20950,8410,8319
20960,10597,8613,20970,8388,8309
20980,10611,8630,20990,8390,8297
21000,10615,8659,21010,8389,8283
21020,10583,8622,21030,8392,8314
21040,10571,8614,21050,8401,8320
21060,10565,8610,21070,8381,8305
21080,10574,8629,21090,8376,8297
21100,10570,8649,21110,8371,8282
21120,10545,8609,21130,8396,8302
21140,10540,8607,21150,8404,8326
21160,10535,8603,21170,8384,8307
21180,10529,8605,21190,8386,8304
21200,10515,8627,21210,8379,8302
21220,10491,8600,21230,8385,8308
21240,10492,8586,21250,8399,8327
21260,10452,8577,21270,8384,8304
21280,10493,8601,21290,8377,8297
21300,10507,8612,21310,8378,8300
21320,10483,8597,21330,8393,8306
21340,10493,8597,21350,8395,8329
21360,10495,8580,21370,8379,8303
21380,10531,8610,21390,8384,8292
21400,10569,8636,21410,8374,8287
21420,10568,8618,21430,8391,8299
21440,10554,8610,21450,8405,8325
21460,10554,8604,21470,8385,8299
21480,10566,8626,21490,8383,8295
21500,10578,8633,21510,8376,8285
21520,10580,8619,21530,8399,8301
21540,10602,8617,21550,8400,8324
21560,10574,8608,21570,8382,8291
21580,10604,8622,21590,8383,8287
21600,10620,8651,21610,8370,8286
21620,10605,8636,21630,8396,8309
21640,10607,8614,21650,8403,8326
21660,10605,8608,21670,8387,8296
21680,10622,8629,21690,8379,8290
21700,10616,8640,21710,8377,8295
21720,10600,8622,21730,8393,8292
21740,10610,8629,21750,8394,8315
21760,10615,8613,21770,8380,8289
21780,10624,8635,21790,8377,8291
21800,10631,8643,21810,8375,8282
21820,10627,8623,21830,8389,8284
21840,10633,8625,21850,8402,8322
21860,10626,8625,21870,8391,8293
21880,10636,8627,21890,8387,8292
21900,10662,8659,21910,8391,8285
21920,10646,8627,21930,8393,8289
21940,10649,8633,21950,8399,8305
21960,10676,8641,21970,8380,8284
21980,10710,8653,21990,8381,8276
22000,10715,8679,22010,8390,8282
22020,10715,8653,22030,8395,8291
22040,10701,8638,22050,8395,8315
22060,10708,8646,22070,8378,8275
22080,10708,8651,22090,8384,8282
22100,10710,8670,22110,8390,8290
22120,10686,8645,22130,8404,8301
22140,10665,8636,22150,8392,8318
22160,10666,8646,22170,8381,8293
22180,10677,8646,22190,8380,8283
22200,10694,8665,22210,8396,8290
22220,10686,8649,22230,8395,8290
22240,10673,8644,22250,8400,8300
22260,10689,8648,22270,8386,8283
22280,10675,8638,22290,8373,8282
22300,10690,8666,22310,8387,8296
22320,10681,8641,22330,8402,8292
22340,10682,8638,22350,8399,8305
22360,10687,8645,22370,8378,8280
22380,10679,8647,22390,8381,8278
22400,10669,8662,22410,8391,8285
22420,10668,8654,22430,8398,8293
22440,10658,8618,22450,8397,8298
22460,10661,8648,22470,8381,8290
22480,10643,8642,22490,8373,8260
22500,10640,8652,22510,8383,8293
22520,10672,8645,22530,8391,8294
22540,10675,8618,22550,8399,8304
22560,10687,8647,22570,8381,8280
22580,10686,8647,22590,8376,8263
22600,10706,8655,22610,8385,8285
22620,10690,8637,22630,8395,8290
22640,10668,8619,22650,8395,8291
22660,10697,8644,22670,8385,8289
22680,10687,8648,22690,8377,8271
22700,10705,8666,22710,8390,8282
22720,10689,8638,22730,8396,8289
22740,10696,8622,22750,8388,8303
22760,10699,8643,22770,8381,8282
22780,10720,8646,22790,8383,8257
22800,10701,8660,22810,8392,8293
22820,10704,8646,22830,8390,8284
22840,10697,8626,22850,8390,8299
22860,10714,8646,22870,8370,8274
22880,10726,8661,22890,8365,8266
22900,10732,8668,22910,8404,8298
22920,10727,8645,22930,8387,8287
22940,10709,8631,22950,8396,8307
22960,10730,8649,22970,8373,8280
22980,10734,8664,22990,8375,8266
23000,10738,8664,23010,8396,8284
23020,10708,8648,23030,8390,8293
23040,10716,8633,23050,8394,8301
23060,10720,8653,23070,8383,8276
23080,10710,8643,23090,8368,8265
23100,10743,8667,23110,8388,8284
23120,10713,8644,23130,8390,8293
23140,10705,8621,23150,8383,8296
23160,10730,8644,23170,8379,8288
23180,10718,8645,23190,8365,8261
23200,10726,8672,23210,8392,8282
23220,10718,8651,23230,8385,8291
23240,10711,8626,23250,8399,8302
23260,10734,8648,23270,8387,8285
23280,10738,8656,23290,8376,8256
23300,10735,8670,23310,8395,8282
23320,10725,8634,23330,8388,8301
23340,10713,8618,23350,8390,8298
23360,10728,8648,23370,8383,8279
23380,10740,8663,23390,8372,8254
23400,10749,8665,23410,8383,8297
23420,10731,8647,23430,8388,8276
23440,10723,8628,23450,8393,8298
23460,10737,8658,23470,8381,8287
23480,10726,8656,23490,8375,8273
23500,10739,8670,23510,8388,8290
23520,10727,8651,23530,8386,8287
23540,10732,8651,23550,8395,8293
23560,10763,8671,23570,8374,8271
23580,10756,8665,23590,8369,8256
23600,10755,8667,23610,8389,8285
23620,10745,8648,23630,8386,8284
23640,10729,8642,23650,8391,8286
23660,10750,8662,23670,8375,8274
23680,10762,8676,23690,8365,8256
23700,10750,8660,23710,8382,8279
23720,10740,8654,23730,8391,8291
23740,10728,8634,23750,8386,8285
23760,10745,8655,23770,8376,8278
23780,10741,8656,23790,8370,8268
23800,10738,8660,23810,8383,8280
23820,10735,8651,23830,8383,8298
23840,10728,8635,23850,8378,8288
23860,10739,8658,23870,8376,8270
23880,10749,8658,23890,8377,8269
23900,10746,8656,23910,8392,8274
23920,10736,8645,23930,8398,8292
23940,10740,8641,23950,8382,8287
23960,10753,8657,23970,8380,8280
23980,10754,8667,23990,8369,8263
24000,10749,8658,24010,8386,8288
24020,10736,8647,24030,8396,8287
24040,10735,8648,24050,8395,8278
24060,10744,8655,24070,8383,8268
24080,10748,8665,24090,8371,8273
24100,10746,8653,24110,8393,8284
24120,10739,8659,24130,8394,8298
24140,10738,8651,24150,8389,8288
24160,10746,8657,24170,8370,8276
24180,10742,8670,24190,8364,8261
24200,10757,8659,24210,8392,8286
24220,10743,8647,24230,8399,8310
24240,10752,8648,24250,8383,8285
24260,10748,8651,24270,8377,8273
24280,10753,8675,24290,8383,8274
24300,10756,8661,24310,8392,8275
24320,10751,8654,24330,8411,8308
24340,10754,8643,24350,8379,8289
24360,10765,8662,24370,8380,8273
24380,10775,8683,24390,8372,8274
24400,10764,8660,24410,8386,8279
24420,10755,8656,24430,8403,8311
24440,10753,8639,24450,8386,8287
24460,10765,8668,24470,8372,8284
24480,10766,8677,24490,8369,8272
24500,10748,8656,24510,8395,8287
24520,10732,8652,24530,8394,8305
24540,10737,8646,24550,8391,8291
24560,10733,8660,24570,8382,8284
24580,10728,8683,24590,8377,8269
24600,10703,8659,24610,8397,8278
24620,10745,8650,24630,8405,8311
24640,10755,8641,24650,8386,8281
24660,10777,8663,24670,8386,8283
24680,10798,8687,24690,8377,8275
24700,10785,8673,24710,8394,8294
24720,10768,8652,24730,8401,8318
24740,10765,8643,24750,8382,8285
24760,10776,8664,24770,8386,8279
24780,10791,8695,24790,8376,8273
24800,10777,8668,24810,8393,8289
24820,10786,8666,24830,8407,8311
24840,10770,8645,24850,8376,8280
24860,10784,8662,24870,8376,8284
24880,10798,8692,24890,8365,8261
24900,10782,8671,24910,8396,8277
24920,10773,8663,24930,8399,8310
24940,10780,8658,24950,8381,8274
24960,10789,8670,24970,8381,8275
24980,10801,8696,24990,8380,8271
25000,10784,8670,25010,8392,8281
25020,10781,8664,25030,8390,8303
25040,10778,8650,25050,8391,8290
25060,10787,8676,25070,8377,8267
25080,10806,8692,25090,8376,8283
25100,10783,8660,25110,8384,8281
25120,10776,8659,25130,8400,8303
25140,10776,8647,25150,8387,8277
25160,10792,8659,25170,8377,8273
25180,10802,8691,25190,8379,8273
25200,10784,8672,25210,8388,8278
25220,10794,8665,25230,8404,8304
25240,10785,8656,25250,8386,8284
25260,10783,8681,25270,8376,8274
25280,10788,8693,25290,8380,8276
25300,10772,8659,25310,8387,8285
25320,10787,8658,25330,8401,8292
25340,10780,8659,25350,8378,8277
25360,10777,8676,25370,8374,8279
25380,10797,8687,25390,8387,8271
25400,10784,8667,25410,8385,8289
25420,10784,8658,25430,8408,8303
25440,10780,8672,25450,8381,8271
25460,10788,8676,25470,8384,8274
25480,10803,8699,25490,8389,8276
25500,10773,8665,25510,8397,8289
25520,10789,8660,25530,8403,8309
25540,10792,8656,25550,8385,8286
25560,10800,8672,25570,8375,8277
25580,10801,8688,25590,8379,8283
25600,10786,8664,25610,8388,8285
25620,10768,8650,25630,8397,8300
25640,10765,8665,25650,8377,8282
25660,10769,8672,25670,8374,8269
25680,10781,8681,25690,8388,8281
25700,10791,8670,25710,8397,8292
25720,10801,8659,25730,8395,8290
25740,10800,8678,25750,8396,8284
25760,10805,8677,25770,8380,8283
25780,10788,8684,25790,8394,8287
25800,10807,8676,25810,8390,8285
25820,10798,8663,25830,8398,8302
25840,10794,8672,25850,8391,8280
25860,10795,8677,25870,8381,8264
25880,10811,8684,25890,8390,8282
25900,10799,8668,25910,8398,8292
25920,10791,8644,25930,8394,8296
25940,10801,8667,25950,8376,8273
25960,10794,8669,25970,8368,8256
25980,10806,8681,25990,8386,8279
26000,10792,8662,26010,8396,8285
26020,10769,8639,26030,8402,8304
26040,10786,8672,26050,8374,8271
26060,10788,8669,26070,8373,8261
26080,10804,8678,26090,8396,8288
26100,10791,8661,26110,8391,8294
26120,10765,8640,26130,8398,8305
26140,10802,8672,26150,8384,8285
26160,10797,8662,26170,8377,8270
26180,10791,8681,26190,8386,8285
26200,10787,8667,26210,8395,8307
26220,10768,8649,26230,8396,8308
26240,10795,8674,26250,8387,8288
26260,10786,8680,26270,8374,8272
26280,10783,8681,26290,8386,8282
26300,10776,8662,26310,8396,8301
26320,10771,8639,26330,8403,8313
26340,10773,8661,26350,8385,8287
26360,10776,8658,26370,8372,8266
26380,10793,8679,26390,8388,8289
26400,10762,8659,26410,8397,8288
26420,10764,8642,26430,8386,8304
26440,10770,8667,26450,8374,8289
26460,10784,8660,26470,8381,8262
26480,10792,8687,26490,8386,8292
26500,10764,8656,26510,8389,8287
26520,10751,8633,26530,8405,8302
26540,10763,8661,26550,8377,8280
26560,10777,8659,26570,8364,8265
26580,10776,8674,26590,8389,8295
26600,10754,8646,26610,8398,8296
26620,10744,8625,26630,8392,8304
26640,10749,8650,26650,8378,8286
26660,10747,8652,26670,8365,8260
26680,10745,8660,26690,8388,8292
26700,10719,8642,26710,8390,8288
26720,10691,8623,26730,8390,8302
26740,10695,8648,26750,8374,8278
26760,10684,8644,26770,8363,8252
26780,10719,8650,26790,8388,8285
26800,10708,8627,26810,8382,8284
26820,10700,8613,26830,8386,8293
26840,10711,8633,26850,8374,8270
26860,10702,8640,26870,8359,8250
26880,10705,8639,26890,8378,8286
26900,10702,8628,26910,8393,8284
26920,10677,8610,26930,8378,8286
26940,10697,8638,26950,8376,8267
26960,10712,8634,26970,8365,8261
26980,10717,8641,26990,8390,8278
27000,10705,8636,27010,8393,8287
27020,10696,8611,27030,8391,8288
27040,10701,8633,27050,8370,8267
27060,10696,8638,27070,8372,8258
27080,10700,8630,27090,8390,8276
27100,10678,8617,27110,8394,8279
27120,10672,8605,27130,8376,8277
27140,10682,8620,27150,8366,8266
27160,10676,8626,27170,8365,8253
27180,10684,8625,27190,8384,8274
27200,10672,8612,27210,8393,8278
27220,10666,8601,27230,8390,8277
27240,10683,8624,27250,8370,8265
27260,10686,8632,27270,8360,8263
27280,10691,8629,27290,8385,8279
27300,10679,8622,27310,8384,8274
27320,10668,8603,27330,8379,8262
27340,10673,8619,27350,8361,8255
27360,10691,8632,27370,8356,8248
27380,10687,8623,27390,8384,8270
27400,10674,8610,27410,8370,8278
27420,10670,8603,27430,8369,8280
27440,10692,8623,27450,8368,8256
27460,10692,8626,27470,8357,8245
27480,10698,8631,27490,8372,8269
27500,10684,8616,27510,8384,8274
27520,10675,8605,27530,8375,8269
27540,10685,8624,27550,8362,8259
27560,10671,8634,27570,8364,8258
27580,10686,8629,27590,8380,8262
27600,10685,8613,27610,8385,8297
27620,10669,8610,27630,8373,8269
27640,10674,8620,27650,8363,8266
27660,10683,8640,27670,8360,8260
27680,10688,8613,27690,8380,8277
27700,10686,8623,27710,8385,8293
27720,10678,8603,27730,8377,8273
27740,10682,8618,27750,8364,8268
27760,10695,8637,27770,8369,8251
27780,10662,8632,27790,8383,8268
27800,10665,8601,27810,8389,8288
27820,10648,8593,27830,8363,8268
27840,10673,8631,27850,8371,8253
27860,10707,8640,27870,8364,8248
27880,10696,8615,27890,8374,8266
27900,10689,8611,27910,8393,8295
27920,10687,8613,27930,8376,8269
27940,10691,8629,27950,8359,8256
27960,10705,8646,27970,8369,8248
27980,10701,8627,27990,8385,8262
28000,10699,8621,28010,8395,8297
28020,10685,8607,28030,8368,8273
28040,10708,8630,28050,8369,8266
28060,10712,8649,28070,8357,8245
28080,10701,8622,28090,8378,8268
28100,10700,8624,28110,8407,8288
28120,10691,8610,28130,8360,8266
28140,10704,8632,28150,8362,8266
28160,10708,8646,28170,8360,8248
28180,10694,8633,28190,8379,8268
28200,10695,8629,28210,8393,8288
28220,10700,8608,28230,8374,8265
28240,10712,8634,28250,8360,8257
28260,10722,8651,28270,8362,8255
28280,10702,8631,28290,8379,8274
28300,10695,8624,28310,8393,8292
28320,10678,8613,28330,8368,8270
28340,10691,8627,28350,8371,8260
28360,10704,8646,28370,8367,8253
28380,10681,8624,28390,8383,8276
28400,10689,8618,28410,8398,8295
28420,10683,8607,28430,8374,8268
28440,10691,8629,28450,8364,8266
28460,10699,8645,28470,8361,8259
28480,10676,8624,28490,8383,8268
28500,10666,8609,28510,8390,8303
28520,10673,8603,28530,8369,8267
28540,10684,8621,28550,8369,8264
28560,10711,8650,28570,8358,8257
28580,10685,8615,28590,8391,8274
28600,10687,8613,28610,8394,8285
28620,10690,8613,28630,8359,8271
28640,10695,8622,28650,8370,8261
28660,10702,8650,28670,8372,8261
28680,10682,8626,28690,8384,8278
28700,10683,8613,28710,8390,8290
28720,10675,8624,28730,8370,8256
28740,10694,8628,28750,8374,8264
28760,10700,8647,28770,8373,8260
28780,10687,8622,28790,8383,8280
28800,10685,8609,28810,8383,8293
28820,10674,8614,28830,8366,8264
28840,10681,8625,28850,8369,8267
28860,10696,8640,28870,8366,8266
28880,10659,8616,28890,8383,8269
28900,10672,8630,28910,8395,8291
28920,10667,8629,28930,8372,8265
28940,10690,8636,28950,8368,8251
28960,10710,8639,28970,8369,8259
28980,10704,8616,28990,8384,8269
29000,10698,8607,29010,8394,8293
29020,10695,8621,29030,8373,8263
29040,10701,8633,29050,8369,8255
29060,10715,8642,29070,8373,8269
29080,10695,8631,29090,8399,8284
29100,10690,8623,29110,8390,8297
29120,10691,8624,29130,8377,8274
29140,10696,8630,29150,8367,8268
29160,10696,8641,29170,8381,8276
29180,10687,8628,29190,8388,8275
29200,10681,8614,29210,8382,8287
29220,10691,8628,29230,8378,8276
29240,10682,8624,29250,8369,8268
29260,10705,8642,29270,8382,8271
29280,10687,8622,29290,8391,8267
29300,10692,8622,29310,8383,8280
29320,10692,8621,29330,8378,8270
29340,10701,8640,29350,8373,8249
29360,10706,8644,29370,8381,8271
29380,10690,8624,29390,8381,8270
29400,10682,8603,29410,8385,8292
29420,10692,8621,29430,8374,8271
29440,10707,8635,29450,8360,8249
29460,10707,8635,29470,8381,8267
29480,10694,8630,29490,8390,8274
29500,10675,8601,29510,8381,8288
29520,10693,8624,29530,8372,8274
29540,10704,8630,29550,8360,8247
29560,10704,8652,29570,8383,8276
29580,10687,8628,29590,8384,8273
29600,10680,8609,29610,8381,8280
29620,10701,8629,29630,8372,8272
29640,10698,8637,29650,8367,8250
29660,10714,8646,29670,8383,8278
29680,10692,8626,29690,8387,8283
29700,10682,8597,29710,8383,8285
29720,10695,8619,29730,8377,8265
29740,10695,8623,29750,8359,8261
29760,10705,8647,29770,8372,8254
29780,10685,8620,29790,8388,8262
29800,10683,8604,29810,8391,8292
29820,10703,8623,29830,8373,8269
29840,10694,8628,29850,8358,8241
29860,10715,8637,29870,8382,8262
29880,10691,8633,29890,8391,8272
29900,10677,8593,29910,8381,8287
29920,10681,8620,29930,8370,8265
29940,10672,8624,29950,8367,8249
29960,10669,8641,29970,8384,8279
29980,10666,8613,29990,8401,8288
30000,10669,8613,30010,8387,8297
30020,10706,8635,30030,8377,8280
30040,10719,8635,30050,8366,8260
30060,10724,8651,30070,8394,8287
30080,10698,8631,30090,8397,8291
30100,10675,8597,30110,8408,8321
30120,10702,8641,30130,8389,8288
30140,10705,8645,30150,8365,8266
30160,10708,8651,30170,8385,8294
30180,10699,8620,30190,8398,8299
30200,10670,8598,30210,8399,8326
30220,10678,8625,30230,8373,8297
30240,10671,8624,30250,8368,8283
30260,10660,8627,30270,8393,8326
30280,10590,8608,30290,8404,8348
30300,10512,8622,30310,8414,8375
30320,10434,8664,30330,8417,8389
30340,10327,8705,30350,8417,8403
30360,10233,8731,30370,8450,8437
30380,10155,8729,30390,8443,8439
30400,10085,8734,30410,8461,8469
30420,10070,8769,30430,8469,8467
30440,10071,8786,30450,8475,8489
30460,10084,8814,30470,8500,8508
30480,10102,8803,30490,8514,8518
30500,10126,8816,30510,8507,8528
30520,10167,8853,30530,8508,8521
30540,10194,8871,30550,8510,8523
30560,10238,8882,30570,8520,8527
30580,10252,8869,30590,8523,8534
30600,10274,8885,30610,8536,8547
30620,10289,8912,30630,8492,8507
30640,10393,8876,30650,8482,8500
30660,10453,8883,30670,8491,8503
30680,10451,8879,30690,8495,8526
30700,10399,8923,30710,8529,8571
30720,10275,8990,30730,8579,8598
30740,10300,9048,30750,8570,8600
30760,10381,9048,30770,8560,8585
30780,10401,9017,30790,8543,8569
30800,10418,9020,30810,8549,8590
30820,10417,9034,30830,8561,8604
30840,10244,9071,30850,8608,8634
30860,10157,9069,30870,8566,8585
30880,10060,8957,30890,8550,8528
30900,9942,8942,30910,8564,8548
30920,9875,8979,30930,8541,8534
30940,9855,9006,30950,8545,8532
30960,9845,9030,30970,8562,8560
30980,9807,9027,30990,8555,8574
31000,9773,9056,31010,8557,8562
31020,9728,9064,31030,8563,8545
31040,9625,9042,31050,8570,8529
31060,9526,8992,31070,8560,8525
31080,9469,8909,31090,8543,8522
31100,9470,8868,31110,8524,8504
31120,9516,8858,31130,8507,8486
31140,9523,8884,31150,8506,8488
31160,9498,8849,31170,8522,8485
31180,9481,8828,31190,8529,8511
31200,9459,8834,31210,8503,8498
31220,9483,8862,31230,8494,8486
31240,9507,8879,31250,8494,8485
31260,9528,8860,31270,8523,8489
31280,9575,8865,31290,8516,8509
31300,9610,8909,31310,8510,8502
31320,9571,8893,31330,8502,8486
31340,9546,8876,31350,8510,8473
31360,9540,8869,31370,8516,8490
31380,9540,8842,31390,8529,8504
31400,9540,8836,31410,8500,8477
31420,9548,8831,31430,8493,8468
31440,9570,8842,31450,8502,8470
31460,9566,8833,31470,8515,8482
31480,9547,8848,31490,8519,8505
31500,9551,8856,31510,8498,8493
31520,9566,8854,31530,8496,8488
31540,9569,8873,31550,8499,8474
31560,9554,8858,31570,8517,8489
31580,9541,8842,31590,8521,8505
31600,9558,8831,31610,8495,8492
31620,9578,8839,31630,8490,8480
31640,9608,8862,31650,8500,8477
31660,9586,8837,31670,8517,8484
31680,9582,8830,31690,8518,8500
31700,9613,8831,31710,8503,8490
31720,9587,8852,31730,8502,8475
31740,9642,8862,31750,8495,8481
31760,9665,8837,31770,8528,8484
31780,9647,8820,31790,8530,8500
31800,9663,8818,31810,8499,8475
31820,9716,8805,31830,8497,8473
31840,9844,8804,31850,8496,8472
31860,9914,8790,31870,8505,8474
31880,9958,8776,31890,8506,8488
31900,9970,8772,31910,8490,8465
31920,10028,8768,31930,8481,8461
31940,10050,8795,31950,8491,8458
31960,10024,8736,31970,8487,8450
31980,9937,8721,31990,8492,8481
32000,9878,8718,32010,8494,8474
32020,9756,8745,32030,8501,8459
32040,9592,8770,32050,8509,8487
32060,9304,8782,32070,8508,8484
32080,9113,8776,32090,8517,8485
32100,9002,8785,32110,8489,8476
32120,8935,8781,32130,8478,8478
32140,8895,8781,32150,8493,8486
32160,8843,8767,32170,8490,8477
32180,8803,8738,32190,8499,8491
32200,8776,8741,32210,8475,8477
32220,8739,8723,32230,8473,8472
32240,8721,8740,32250,8468,8468
32260,8707,8713,32270,8482,8473
32280,8696,8702,32290,8497,8499
32300,8697,8710,32310,8465,8474
32320,8691,8696,32330,8462,8468
32340,8693,8722,32350,8475,8481
32360,8697,8717,32370,8488,8477
32380,8675,8695,32390,8484,8493
32400,8683,8709,32410,8474,8482
32420,8684,8705,32430,8467,8465
32440,8697,8723,32450,8480,8476
32460,8696,8707,32470,8495,8487
32480,8694,8709,32490,8487,8496
32500,8705,8717,32510,8474,8478
32520,8713,8713,32530,8468,8481
32540,8703,8735,32550,8487,8488
32560,8699,8727,32570,8483,8484
32580,8694,8724,32590,8484,8504
32600,8709,8731,32610,8466,8477
32620,8705,8716,32630,8466,8481
32640,8716,8739,32650,8474,8474
32660,8703,8727,32670,8483,8480
32680,8699,8714,32690,8486,8499
32700,8708,8722,32710,8468,8488
32720,8704,8722,32730,8464,8478
32740,8711,8738,32750,8488,8478
32760,8706,8712,32770,8481,8475
32780,8695,8704,32790,8488,8492
32800,8709,8727,32810,8456,8471
32820,8706,8722,32830,8467,8473
32840,8719,8741,32850,8493,8484
32860,8703,8724,32870,8496,8484
32880,8706,8713,32890,8485,8498
32900,8714,8719,32910,8467,8476
32920,8700,8716,32930,8467,8473
32940,8725,8739,32950,8484,8485
32960,8704,8711,32970,8474,8480
32980,8694,8704,32990,8474,8490
33000,8709,8718,33010,8466,8473
33020,8697,8719,33030,8458,8469
33040,8720,8728,33050,8478,8487
33060,8696,8712,33070,8477,8480
33080,8694,8703,33090,8477,8491
33100,8717,8717,33110,8465,8472
33120,8716,8723,33130,8454,8472
33140,8707,8725,33150,8480,8482
33160,8698,8712,33170,8482,8488
33180,8687,8719,33190,8482,8496
33200,8709,8733,33210,8463,8481
33220,8699,8719,33230,8464,8472
33240,8713,8727,33250,8483,8482
33260,8698,8714,33270,8476,8475
33280,8694,8709,33290,8479,8501
33300,8709,8721,33310,8463,8477
33320,8713,8719,33330,8458,8473
33340,8719,8735,33350,8475,8478
33360,8698,8712,33370,8477,8477
33380,8694,8698,33390,8482,8498
33400,8717,8724,33410,8459,8471
33420,8707,8717,33430,8451,8462
33440,8718,8750,33450,8486,8488
33460,8693,8714,33470,8485,8480
33480,8695,8711,33490,8487,8503
33500,8715,8725,33510,8471,8479
33520,8716,8732,33530,8459,8468
33540,8723,8737,33550,8487,8476
33560,8697,8710,33570,8478,8471
33580,8699,8711,33590,8481,8498
33600,8718,8724,33610,8461,8471
33620,8724,8724,33630,8449,8459
33640,8727,8744,33650,8477,8477
33660,8702,8722,33670,8474,8474
33680,8698,8700,33690,8490,8496
33700,8715,8724,33710,8463,8469
33720,8727,8728,33730,8458,8465
33740,8731,8745,33750,8478,8476
33760,8712,8719,33770,8480,8479
33780,8701,8702,33790,8477,8491
33800,8726,8724,33810,8469,8477
33820,8723,8735,33830,8460,8470
33840,8716,8746,33850,8484,8495
33860,8710,8725,33870,8488,8490
33880,8728,8721,33890,8491,8498
33900,8723,8732,33910,8467,8468
33920,8717,8728,33930,8471,8476
33940,8715,8744,33950,8487,8484
33960,8703,8708,33970,8483,8489
33980,8709,8706,33990,8485,8500
34000,8718,8716,34010,8459,8475
34020,8718,8723,34030,8471,8469
34040,8720,8729,34050,8482,8483
34060,8714,8717,34070,8482,8487
34080,8710,8709,34090,8468,8486
34100,8724,8722,34110,8463,8474
34120,8723,8736,34130,8458,8462
34140,8719,8735,34150,8480,8479
34160,8707,8715,34170,8482,8480
34180,8717,8714,34190,8466,8479
34200,8715,8708,34210,8453,8464
34220,8711,8721,34230,8469,8470
34240,8724,8731,34250,8487,8471
34260,8701,8719,34270,8478,8480
34280,8704,8707,34290,8471,8484
34300,8719,8719,34310,8466,8475
34320,8714,8714,34330,8456,8476
34340,8710,8717,34350,8482,8467
34360,8706,8712,34370,8473,8471
34380,8709,8715,34390,8469,8487
34400,8723,8721,34410,8456,8464
34420,8720,8721,34430,8469,8472
34440,8725,8719,34450,8481,8474
34460,8711,8709,34470,8479,8486
34480,8708,8708,34490,8467,8482
34500,8720,8716,34510,8458,8472
34520,8725,8711,34530,8468,8476
34540,8708,8719,34550,8483,8484
34560,8709,8703,34570,8473,8484
34580,8712,8707,34590,8474,8483
34600,8710,8725,34610,8460,8469
34620,8713,8729,34630,8466,8482
34640,8716,8718,34650,8480,8475
34660,8710,8706,34670,8488,8494
34680,8710,8722,34690,8471,8491
34700,8723,8723,34710,8467,8468
34720,8729,8726,34730,8469,8478
34740,8726,8736,34750,8488,8480
34760,8717,8719,34770,8487,8489
34780,8726,8715,34790,8467,8481
34800,8723,8723,34810,8453,8474
34820,8743,8724,34830,8471,8476
34840,8711,8733,34850,8483,8474
34860,8705,8717,34870,8494,8496
34880,8711,8702,34890,8463,8483
34900,8712,8716,34910,8462,8467
34920,8732,8738,34930,8468,8471
34940,8715,8727,34950,8489,8476
34960,8702,8715,34970,8484,8503
34980,8722,8713,34990,8470,8471
35000,8716,8721,35010,8465,8469
35020,8727,8738,35030,8464,8473
35040,8712,8726,35050,8485,8475
35060,8708,8703,35070,8486,8488
35080,8706,8716,35090,8466,8484
35100,8721,8719,35110,8463,8467
35120,8726,8738,35130,8472,8468
35140,8718,8722,35150,8485,8484
35160,8716,8716,35170,8493,8489
35180,8721,8722,35190,8464,8479
35200,8718,8717,35210,8466,8481
35220,8733,8733,35230,8472,8471
35240,8713,8716,35250,8481,8472
35260,8713,8717,35270,8477,8497
35280,8716,8717,35290,8456,8486
35300,8714,8720,35310,8457,8472
35320,8722,8739,35330,8472,8469
35340,8715,8715,35350,8484,8473
35360,8709,8722,35370,8484,8486
35380,8710,8710,35390,8461,8484
35400,8725,8725,35410,8456,8470
35420,8730,8736,35430,8467,8477
35440,8712,8726,35450,8485,8484
35460,8717,8711,35470,8484,8491
35480,8713,8706,35490,8462,8477
35500,8718,8711,35510,8456,8472
35520,8733,8746,35530,8462,8471
35540,8715,8726,35550,8482,8472
35560,8716,8712,35570,8484,8505
35580,8707,8714,35590,8461,8482
35600,8715,8715,35610,8459,8463
35620,8723,8728,35630,8471,8481
35640,8723,8719,35650,8480,8479
35660,8708,8711,35670,8490,8490
35680,8715,8714,35690,8464,8478
35700,8717,8714,35710,8459,8467
35720,8728,8735,35730,8468,8476
35740,8714,8716,35750,8484,8484
35760,8713,8709,35770,8473,8487
35780,8716,8722,35790,8456,8481
35800,8720,8726,35810,8470,8477
35820,8726,8728,35830,8477,8471
35840,8710,8717,35850,8480,8480
35860,8714,8722,35870,8485,8494
35880,8725,8721,35890,8460,8461
35900,8720,8718,35910,8453,8480
35920,8720,8732,35930,8467,8475
35940,8714,8712,35950,8479,8470
35960,8710,8709,35970,8482,8493
35980,8719,8729,35990,8457,8471
36000,8721,8721,36010,8458,8471
36020,8732,8734,36030,8477,8487
36040,8711,8721,36050,8480,8477
36060,8714,8713,36070,8488,8493
36080,8730,8725,36090,8459,8480
36100,8719,8728,36110,8466,8480
36120,8733,8732,36130,8479,8474
36140,8722,8734,36150,8479,8481
36160,8717,8720,36170,8493,8497
36180,8727,8724,36190,8462,8473
36200,8722,8715,36210,8465,8479
36220,8731,8740,36230,8478,8482
36240,8716,8724,36250,8489,8486
36260,8723,8713,36270,8492,8494
36280,8731,8717,36290,8458,8470
36300,8722,8720,36310,8463,8466
36320,8728,8737,36330,8484,8488
36340,8714,8719,36350,8486,8474
36360,8702,8700,36370,8476,8490
36380,8720,8726,36390,8458,8475
36400,8709,8712,36410,8446,8458
36420,8732,8737,36430,8476,8474
36440,8708,8714,36450,8479,8480
36460,8703,8702,36470,8476,8487
36480,8729,8721,36490,8457,8463
36500,8714,8719,36510,8453,8461
36520,8719,8733,36530,8475,8482
36540,8724,8706,36550,8483,8473
36560,8701,8707,36570,8475,8493
36580,8718,8719,36590,8464,8469
36600,8716,8717,36610,8460,8461
36620,8724,8741,36630,8482,8469
36640,8710,8720,36650,8476,8480
36660,8709,8705,36670,8474,8488
36680,8717,8719,36690,8457,8474
36700,8719,8721,36710,8461,8464
36720,8725,8728,36730,8478,8480
36740,8711,8713,36750,8484,8484
36760,8701,8707,36770,8474,8496
36780,8727,8728,36790,8456,8468
36800,8725,8723,36810,8464,8464
36820,8726,8736,36830,8484,8482
36840,8716,8718,36850,8478,8472
36860,8698,8696,36870,8477,8493
36880,8723,8722,36890,8471,8470
36900,8725,8722,36910,8456,8466
36920,8728,8737,36930,8473,8474
36940,8711,8714,36950,8474,8482
36960,8711,8700,36970,8471,8483
36980,8730,8712,36990,8456,8478
37000,8720,8723,37010,8448,8458
37020,8710,8737,37030,8473,8473
37040,8715,8707,37050,8492,8481
37060,8704,8694,37070,8474,8490
37080,8714,8712,37090,8461,8470
37100,8718,8722,37110,8446,8459
37120,8725,8726,37130,8482,8472
37140,8710,8707,37150,8478,8475
37160,8710,8694,37170,8482,8499
37180,8732,8713,37190,8463,8470
37200,8716,8713,37210,8458,8471
37220,8729,8726,37230,8480,8481
37240,8712,8718,37250,8484,8475
37260,8708,8700,37270,8481,8490
37280,8725,8716,37290,8456,8471
37300,8721,8728,37310,8453,8474
37320,8723,8736,37330,8487,8490
37340,8717,8715,37350,8482,8478
37360,8711,8698,37370,8476,8481
37380,8729,8722,37390,8471,8483
37400,8733,8729,37410,8461,8466
37420,8732,8730,37430,8483,8478
37440,8715,8712,37450,8490,8482
37460,8710,8713,37470,8469,8474
37480,8720,8722,37490,8471,8468
37500,8724,8717,37510,8465,8450
37520,8717,8723,37530,8473,8481
37540,8708,8715,37550,8469,8472
37560,8708,8707,37570,8473,8489
37580,8713,8720,37590,8449,8471
37600,8719,8735,37610,8461,8469
37620,8725,8722,37630,8480,8482
37640,8730,8713,37650,8481,8478
37660,8709,8719,37670,8460,8487
37680,8728,8718,37690,8464,8468
37700,8727,8712,37710,8462,8464
37720,8717,8723,37730,8475,8473
37740,8717,8718,37750,8478,8477
37760,8718,8715,37770,8473,8482
37780,8717,8727,37790,8463,8467
37800,8731,8722,37810,8464,8464
37820,8721,8719,37830,8481,8477
37840,8708,8705,37850,8479,8480
37860,8697,8716,37870,8460,8482
37880,8723,8719,37890,8449,8475
37900,8725,8725,37910,8458,8469
37920,8735,8722,37930,8482,8481
37940,8725,8713,37950,8484,8475
37960,8712,8700,37970,8464,8482
37980,8711,8724,37990,8455,8469
38000,8718,8737,38010,8455,8472
38020,8721,8715,38030,8466,8471
38040,8714,8714,38050,8482,8477
38060,8711,8707,38070,8464,8474
38080,8722,8713,38090,8449,8462
38100,8725,8733,38110,8463,8474
38120,8725,8719,38130,8472,8471
38140,8709,8709,38150,8481,8485
38160,8710,8710,38170,8457,8476
38180,8712,8709,38190,8458,8473
38200,8733,8730,38210,8469,8461
38220,8719,8723,38230,8484,8477
38240,8716,8717,38250,8488,8490
38260,8730,8728,38270,8462,8485
38280,8715,8721,38290,8468,8469
38300,8729,8735,38310,8469,8474
38320,8723,8718,38330,8487,8484
38340,8720,8714,38350,8497,8494
38360,8718,8712,38370,8472,8479
38380,8717,8723,38390,8449,8469
38400,8729,8725,38410,8471,8474
38420,8729,8715,38430,8479,8478
38440,8718,8716,38450,8498,8496
38460,8712,8713,38470,8470,8481
38480,8728,8722,38490,8463,8469
38500,8723,8730,38510,8466,8469
38520,8709,8725,38530,8471,8472
38540,8706,8711,38550,8495,8487
38560,8716,8713,38570,8461,8481
38580,8708,8711,38590,8457,8469
38600,8731,8726,38610,8473,8466
38620,8713,8727,38630,8477,8472
38640,8720,8710,38650,8493,8489
38660,8702,8719,38670,8472,8472
38680,8718,8717,38690,8458,8474
38700,8730,8731,38710,8462,8471
38720,8722,8723,38730,8484,8482
38740,8714,8719,38750,8487,8496
38760,8720,8718,38770,8461,8475
38780,8717,8716,38790,8460,8475
38800,8733,8742,38810,8471,8472
38820,8719,8721,38830,8476,8477
38840,8715,8711,38850,8480,8498
38860,8708,8724,38870,8457,8475
38880,8722,8720,38890,8468,8466
38900,8730,8744,38910,8464,8471
38920,8720,8719,38930,8491,8467
38940,8715,8714,38950,8497,8498
38960,8711,8717,38970,8466,8476
38980,8716,8724,38990,8457,8467
39000,8732,8738,39010,8470,8487
39020,8722,8728,39030,8477,8481
39040,8722,8711,39050,8485,8494
39060,8725,8714,39070,8459,8476
39080,8728,8728,39090,8451,8470
39100,8742,8744,39110,8468,8478
39120,8708,8718,39130,8481,8472
39140,8718,8715,39150,8476,8494
39160,8719,8714,39170,8460,8471
39180,8721,8730,39190,8463,8478
39200,8750,8758,39210,8474,8491
39220,8726,8728,39230,8490,8482
39240,8724,8725,39250,8497,8498
39260,8736,8734,39270,8475,8480
39280,8737,8728,39290,8468,8469
39300,8755,8756,39310,8495,8494
39320,8759,8737,39330,8499,8483
39340,8780,8748,39350,8507,8512
39360,8812,8769,39370,8495,8505
39380,8830,8774,39390,8494,8506
39400,8891,8795,39410,8512,8522
39420,8933,8789,39430,8523,8507
39440,9396,8656,39450,8493,8507
39460,9816,8646,39470,8453,8494
39480,9843,8668,39490,8458,8494
39500,9797,8737,39510,8495,8494
39520,9763,8742,39530,8520,8486
39540,9638,8733,39550,8528,8491
39560,9627,8745,39570,8489,8472
39580,9646,8729,39590,8481,8462
39600,9707,8735,39610,8505,8473
39620,9723,8719,39630,8508,8466
39640,9737,8715,39650,8504,8475
39660,9783,8729,39670,8470,8448
39680,9848,8713,39690,8462,8449
39700,9979,8739,39710,8482,8464
39720,10083,8707,39730,8472,8455
39740,10247,8684,39750,8459,8476
39760,10376,8712,39770,8430,8444
39780,10432,8714,39790,8421,8417
39800,10546,8733,39810,8427,8452
39820,10599,8719,39830,8433,8438
39840,10609,8702,39850,8425,8456
39860,10645,8716,39870,8404,8422
39880,10667,8709,39890,8389,8391
39900,10716,8745,39910,8409,8416
39920,10739,8705,39930,8419,8415
39940,10740,8705,39950,8418,8420
39960,10772,8728,39970,8399,8396
39980,10784,8725,39990,8380,8380
40000,10784,8747,40010,8411,8397
40020,10783,8714,40030,8417,8397
40040,10772,8691,40050,8415,8421
40060,10780,8732,40070,8396,8399
40080,10791,8728,40090,8390,8384
40100,10807,8748,40110,8408,8408
40120,10800,8725,40130,8424,8406
40140,10778,8702,40150,8425,8426
40160,10799,8717,40170,8402,8391
40180,10803,8728,40190,8397,8372
40200,10814,8757,40210,8418,8399
40220,10807,8731,40230,8417,8403
40240,10788,8717,40250,8422,8420
40260,10825,8744,40270,8403,8397
40280,10820,8741,40290,8395,8373
40300,10828,8764,40310,8415,8397
40320,10809,8721,40330,8420,8403
40340,10792,8708,40350,8422,8427
40360,10815,8718,40370,8409,8401
40380,10814,8727,40390,8387,8376
40400,10823,8754,40410,8423,8395
40420,10815,8725,40430,8411,8388
40440,10790,8701,40450,8403,8421
40460,10820,8740,40470,8403,8387
40480,10821,8728,40490,8395,8379
40500,10828,8751,40510,8419,8407
40520,10803,8727,40530,8415,8397
40540,10792,8708,40550,8415,8417
40560,10828,8737,40570,8390,8376
40580,10818,8726,40590,8386,8373
40600,10832,8750,40610,8423,8414
40620,10817,8726,40630,8406,8398
40640,10789,8697,40650,8410,8394
40660,10817,8726,40670,8395,8385
40680,10810,8745,40690,8386,8364
40700,10817,8751,40710,8422,8392
40720,10802,8724,40730,8415,8396
40740,10761,8697,40750,8406,8412
40760,10759,8721,40770,8400,8388
40780,10778,8734,40790,8393,8383
40800,10782,8746,40810,8418,8404
40820,10819,8724,40830,8425,8404
40840,10803,8714,40850,8422,8416
40860,10838,8746,40870,8404,8389
40880,10837,8743,40890,8397,8372
40900,10845,8757,40910,8419,8409
40920,10817,8728,40930,8417,8409
40940,10815,8721,40950,8423,8417
40960,10820,8739,40970,8403,8388
40980,10827,8746,40990,8400,8380
41000,10837,8760,41010,8428,8400
41020,10819,8718,41030,8413,8398
41040,10795,8715,41050,8404,8407
41060,10825,8740,41070,8398,8387
41080,10824,8738,41090,8393,8374
41100,10825,8742,41110,8422,8406
41120,10823,8727,41130,8411,8408
41140,10800,8718,41150,8410,8403
41160,10817,8735,41170,8398,8385
41180,10833,8746,41190,8402,8375
41200,10836,8739,41210,8421,8409
41220,10798,8727,41230,8413,8408
41240,10795,8721,41250,8407,8413
41260,10815,8745,41270,8400,8394
41280,10808,8746,41290,8401,8391
41300,10799,8741,41310,8417,8402
41320,10774,8719,41330,8418,8405
41340,10763,8720,41350,8417,8421
41360,10780,8731,41370,8406,8393
41380,10774,8733,41390,8411,8398
41400,10755,8746,41410,8423,8420
41420,10748,8735,41430,8436,8425
41440,10737,8721,41450,8409,8411
41460,10735,8736,41470,8404,8404
41480,10726,8748,41490,8418,8408
41500,10696,8740,41510,8434,8419
41520,10671,8738,41530,8444,8432
41540,10639,8753,41550,8436,8426
41560,10603,8776,41570,8440,8415
41580,10549,8779,41590,8440,8427
41600,10490,8777,41610,8467,8438
41620,10385,8777,41630,8494,8443
41640,10238,8772,41650,8512,8448
41660,10152,8793,41670,8498,8444
41680,10091,8810,41690,8522,8459
41700,10003,8827,41710,8538,8472
41720,10018,8827,41730,8537,8482
41740,10027,8840,41750,8535,8482
41760,10004,8846,41770,8534,8459
41780,9993,8875,41790,8540,8480
41800,9956,8863,41810,8530,8473
41820,9919,8847,41830,8550,8500
41840,9879,8873,41850,8561,8511
41860,9867,8872,41870,8562,8517
41880,9856,8883,41890,8568,8523
41900,9835,8886,41910,8562,8524
41920,9859,8901,41930,8567,8544
41940,9889,8928,41950,8580,8545
41960,9940,8961,41970,8560,8556
41980,9910,9143,41990,8729,8720
42000,9909,9216,42010,8772,8782
42020,10127,9192,42030,8813,8817
42040,10209,9194,42050,8848,8841
42060,10167,9218,42070,8848,8846
42080,10156,9223,42090,8870,8856
42100,10174,9208,42110,8842,8845
42120,10164,9200,42130,8857,8853
42140,10172,9225,42150,8853,8849
42160,10113,9221,42170,8854,8841
42180,10090,9221,42190,8873,8872
42200,10008,9225,42210,8904,8912
42220,9830,9217,42230,8949,8976
42240,9587,9273,42250,8986,9055
42260,9459,9275,42270,8981,9063
42280,9343,9282,42290,8986,9082
42300,9320,9294,42310,8979,9081
42320,9278,9279,42330,8973,9096
42340,9297,9285,42350,8984,9071
42360,9286,9281,42370,8980,9068
42380,9296,9282,42390,8971,9075
42400,9290,9278,42410,8958,9044
42420,9292,9241,42430,8964,9047
42440,9331,9262,42450,8971,9050
42460,9336,9235,42470,8973,9043
42480,9373,9238,42490,9004,9076
42500,9367,9213,42510,8994,9069
42520,9346,9190,42530,8998,9086
42540,9363,9225,42550,9009,9086
42560,9322,9223,42570,8972,9075
42580,9305,9237,42590,9007,9083
42600,9328,9205,42610,8992,9053
42620,9354,9165,42630,8981,9040
42640,9417,9178,42650,9015,9059
42660,9431,9188,42670,9010,9053
42680,9448,9208,42690,9047,9079
42700,9411,9192,42710,9019,9032
42720,9372,9137,42730,9004,9025
42740,9386,9133,42750,8987,9001
42760,9363,9110,42770,8945,8953
42780,9360,9091,42790,8939,8943
42800,9361,9072,42810,8920,8931
42820,9353,9048,42830,8887,8920
42840,9382,9050,42850,8881,8915
42860,9366,9034,42870,8892,8908
42880,9374,9066,42890,8902,8945
42900,9372,9066,42910,8917,8938
42920,9354,9058,42930,8913,8938
42940,9362,9074,42950,8901,8935
42960,9326,9054,42970,8901,8927
42980,9307,9068,42990,8916,8972
43000,9279,9110,43010,8986,9029
43020,9255,9163,43030,9053,9129
43040,9248,9233,43050,9035,9101
43060,9213,9156,43070,8977,8975
43080,9267,9075,43090,8885,8879
43100,9111,9030,43110,8836,8810
43120,9022,9014,43130,8879,8830
43140,8962,8960,43150,8877,8788
43160,8885,8859,43170,8849,8720
43180,8841,8803,43190,8835,8720
43200,8806,8788,43210,8789,8727
43220,8764,8784,43230,8778,8754
43240,8726,8802,43250,8723,8747
43260,8696,8789,43270,8688,8716
43280,8694,8784,43290,8741,8756
43300,8742,8806,43310,8750,8754
43320,8741,8695,43330,8794,8626
43340,8736,8644,43350,8730,8470
43360,8689,8591,43370,8783,8668
43380,8833,8857,43390,8889,8921
43400,8869,9006,43410,8902,8982
43420,8879,9027,43430,8919,9010
43440,8891,9062,43450,8911,9016
43460,8881,9053,43470,8920,9009
43480,8897,9071,43490,8926,9034
43500,8892,9063,43510,8916,9024
43520,8883,9058,43530,8931,9045
43540,8896,9076,43550,8918,9038
43560,8890,9067,43570,8916,9024
43580,8907,9082,43590,8925,9032
43600,8903,9067,43610,8920,9029
43620,8893,9073,43630,8924,9030
43640,8908,9086,43650,8924,9036
43660,8894,9062,43670,8914,9021
43680,8900,9085,43690,8937,9044
43700,8898,9072,43710,8920,9029
43720,8895,9078,43730,8927,9034
43740,8902,9089,43750,8925,9023
43760,8895,9064,43770,8927,9029
43780,8906,9093,43790,8938,9040
43800,8893,9076,43810,8925,9022
43820,8896,9069,43830,8935,9042
43840,8904,9074,43850,8916,9034
43860,8897,9060,43870,8918,9028
43880,8903,9090,43890,8929,9044
43900,8892,9074,43910,8924,9030
43920,8891,9069,43930,8935,9056
43940,8904,9087,43950,8929,9023
43960,8898,9064,43970,8928,9027
43980,8904,9090,43990,8936,9042
44000,8896,9066,44010,8922,9025
44020,8899,9056,44030,8940,9050
44040,8906,9090,44050,8928,9033
44060,8899,9063,44070,8927,9031
44080,8898,9075,44090,8936,9042
44100,8905,9065,44110,8923,9025
44120,8898,9059,44130,8936,9036
44140,8898,9069,44150,8915,9010
44160,8887,9058,44170,8923,9013
44180,8901,9070,44190,8919,9025
44200,8899,9055,44210,8908,9000
44220,8883,9045,44230,8927,9023
44240,8903,9060,44250,8915,9005
44260,8886,9049,44270,8921,9005
44280,8902,9068,44290,8926,9021
44300,8896,9040,44310,8910,8997
44320,8881,9043,44330,8925,9015
44340,8901,9055,44350,8914,9002
44360,8890,9035,44370,8918,9006
44380,8900,9059,44390,8925,9007
44400,8883,9035,44410,8914,8992
44420,8887,9028,44430,8915,9017
44440,8880,9048,44450,8918,9002
44460,8885,9044,44470,8915,9007
44480,8896,9055,44490,8920,9018
44500,8885,9045,44510,8923,9006
44520,8892,9043,44530,8929,9031
44540,8896,9056,44550,8924,9010
44560,8881,9044,44570,8926,9014
44580,8896,9074,44590,8922,9029
44600,8897,9064,44610,8928,9017
44620,8896,9059,44630,8936,9032
44640,8892,9076,44650,8928,9017
44660,8900,9064,44670,8934,9025
44680,8903,9086,44690,8925,9026
44700,8900,9069,44710,8934,9022
44720,8899,9071,44730,8942,9051
44740,8902,9080,44750,8927,9033
44760,8908,9070,44770,8934,9045
44780,8921,9079,44790,8946,9043
44800,8899,9077,44810,8931,9025
44820,8907,9078,44830,8947,9059
44840,8908,9076,44850,8941,9040
44860,8898,9069,44870,8947,9052
44880,8915,9100,44890,8938,9055
44900,8907,9073,44910,8942,9028
44920,8912,9089,44930,8950,9066
44940,8919,9096,44950,8934,9024
44960,8904,9081,44970,8950,9049
44980,8911,9101,44990,8942,9047
45000,8906,9084,45010,8942,9037
45020,8919,9090,45030,8948,9054
45040,8916,9100,45050,8935,9037
45060,8905,9077,45070,8944,9052
45080,8918,9101,45090,8945,9052
45100,8912,9070,45110,8942,9040
45120,8921,9099,45130,8951,9053
45140,8907,9092,45150,8941,9045
45160,8906,9083,45170,8945,9045
45180,8917,9098,45190,8947,9050
45200,8902,9088,45210,8944,9051
45220,8913,9090,45230,8959,9066
45240,8922,9094,45250,8942,9046
45260,8910,9085,45270,8943,9064
45280,8912,9105,45290,8937,9048
45300,8910,9078,45310,8942,9030
45320,8918,9091,45330,8952,9060
45340,8905,9083,45350,8937,9042
45360,8906,9077,45370,8954,9061
45380,8911,9096,45390,8939,9052
45400,8901,9084,45410,8944,9050
45420,8918,9101,45430,8947,9052
45440,8912,9094,45450,8944,9047
45460,8911,9093,45470,8953,9053
45480,8921,9105,45490,8946,9049
45500,8904,9088,45510,8943,9044
45520,8918,9097,45530,8957,9060
45540,8914,9087,45550,8939,9034
45560,8914,9090,45570,8962,9061
45580,8926,9106,45590,8945,9051
45600,8909,9089,45610,8948,9064
45620,8935,9114,45630,8959,9057
45640,8911,9088,45650,8943,9045
45660,8916,9092,45670,8961,9069
45680,8929,9106,45690,8948,9051
45700,8909,9094,45710,8950,9054
45720,8931,9104,45730,8957,9056
45740,8917,9096,45750,8949,9052
45760,8921,9089,45770,8951,9063
45780,8917,9100,45790,8956,9059
45800,8911,9091,45810,8952,9062
45820,8921,9100,45830,8948,9059
45840,8906,9102,45850,8938,9040
45860,8914,9090,45870,8955,9059
45880,8915,9108,45890,8936,9048
45900,8914,9085,45910,8943,9046
45920,8924,9111,45930,8954,9062
45940,8916,9089,45950,8955,9046
45960,8923,9095,45970,8955,9064
45980,8924,9106,45990,8946,9047
46000,8899,9075,46010,8952,9059
46020,8925,9100,46030,8951,9079
46040,8909,9099,46050,8935,9050
46060,8916,9103,46070,8949,9080
46080,8921,9116,46090,8957,9054
46100,8914,9091,46110,8957,9057
46120,8929,9111,46130,8952,9058
46140,8914,9092,46150,8942,9046
46160,8913,9100,46170,8957,9058
46180,8920,9107,46190,8943,9052
46200,8916,9086,46210,8942,9050
46220,8932,9101,46230,8953,9060
46240,8915,9091,46250,8938,9046
46260,8918,9086,46270,8948,9047
46280,8924,9107,46290,8950,9051
46300,8911,9088,46310,8947,9059
46320,8921,9102,46330,8955,9059
46340,8914,9099,46350,8938,9045
46360,8909,9098,46370,8956,9064
46380,8907,9106,46390,8945,9045
46400,8914,9082,46410,8952,9061
46420,8921,9099,46430,8946,9050
46440,8908,9092,46450,8944,9047
46460,8912,9093,46470,8962,9058
46480,8908,9089,46490,8941,9056
46500,8909,9090,46510,8955,9057
46520,8926,9105,46530,8941,9064
46540,8918,9081,46550,8941,9043
46560,8922,9103,46570,8962,9077
46580,8921,9102,46590,8945,9044
46600,8906,9079,46610,8949,9062
46620,8922,9106,46630,8948,9053
46640,8918,9086,46650,8941,9040
46660,8928,9112,46670,8950,9060
46680,8924,9106,46690,8957,9054
46700,8911,9094,46710,8953,9057
46720,8926,9108,46730,8947,9057
46740,8920,9090,46750,8946,9051
46760,8913,9113,46770,8965,9068
46780,8926,9096,46790,8939,9053
46800,8911,9084,46810,8956,9066
46820,8924,9113,46830,8947,9054
46840,8914,9094,46850,8942,9045
46860,8925,9103,46870,8952,9067
46880,8916,9093,46890,8950,9048
46900,8920,9085,46910,8956,9058
46920,8933,9115,46930,8950,9063
46940,8912,9084,46950,8947,9042
46960,8924,9107,46970,8960,9067
46980,8924,9094,46990,8949,9049
47000,8914,9088,47010,8959,9063
47020,8923,9105,47030,8948,9043
47040,8916,9082,47050,8937,9038
47060,8930,9105,47070,8955,9059
47080,8920,9099,47090,8948,9047
47100,8932,9083,47110,8954,9063
47120,8930,9095,47130,8952,9056
47140,8919,9094,47150,8939,9047
47160,8920,9108,47170,8962,9061
47180,8934,9114,47190,8954,9045
47200,8913,9084,47210,8951,9065
47220,8923,9110,47230,8940,9059
47240,8910,9086,47250,8945,9049
47260,8928,9115,47270,8955,9064
47280,8926,9095,47290,8937,9052
47300,8912,9093,47310,8956,9072
47320,8922,9102,47330,8961,9054
47340,8920,9090,47350,8956,9054
47360,8923,9112,47370,8962,9078
47380,8920,9098,47390,8951,9055
47400,8915,9080,47410,8960,9068
47420,8919,9100,47430,8945,9054
47440,8916,9091,47450,8962,9053
47460,8934,9114,47470,8962,9068
47480,8923,9097,47490,8954,9059
