LED1 Timestamp (ms),LED1_PD1,LED1_PD2,LED2 Timestamp (ms),LED2_PD1,LED2_PD2
37000,10715,9557,37010,9627,9479
37020,10722,9551,37030,9644,9501
37040,10724,9561,37050,9627,9482
37060,10703,9551,37070,9627,9483
37080,10725,9567,37090,9623,9481
37100,10720,9562,37110,9623,9486
37120,10722,9546,37130,9641,9499
37140,10723,9563,37150,9624,9484
37160,10708,9549,37170,9621,9478
37180,10721,9577,37190,9637,9486
37200,10682,9553,37210,9632,9479
37220,10708,9551,37230,9644,9509
37240,10710,9559,37250,9622,9481
37260,10709,9550,37270,9631,9488
37280,10725,9572,37290,9634,9490
37300,10700,9549,37310,9626,9485
37320,10707,9550,37330,9624,9507
37340,10724,9567,37350,9616,9484
37360,10713,9551,37370,9622,9486
37380,10717,9565,37390,9633,9488
37400,10710,9549,37410,9627,9476
37420,10710,9549,37430,9638,9493
37440,10711,9556,37450,9623,9486
37460,10710,9553,37470,9627,9496
37480,10720,9566,37490,9632,9495
37500,10683,9556,37510,9624,9475
37520,10722,9558,37530,9634,9508
37540,10728,9569,37550,9630,9486
37560,10721,9552,37570,9634,9483
37580,10759,9577,37590,9643,9492
37600,10732,9559,37610,9629,9487
37620,10725,9566,37630,9645,9505
37640,10726,9559,37650,9623,9477
37660,10730,9555,37670,9629,9486
37680,10750,9574,37690,9636,9489
37700,10718,9552,37710,9621,9479
37720,10742,9557,37730,9637,9496
37740,10729,9548,37750,9627,9474
37760,10725,9548,37770,9639,9492
37780,10746,9573,37790,9634,9480
37800,10702,9551,37810,9622,9483
37820,10741,9570,37830,9649,9506
37840,10736,9563,37850,9628,9492
37860,10730,9547,37870,9642,9490
37880,10748,9570,37890,9629,9491
37900,10729,9555,37910,9631,9498
37920,10736,9557,37930,9648,9501
37940,10730,9554,37950,9625,9487
37960,10735,9559,37970,9639,9494
37980,10743,9572,37990,9638,9493
38000,10724,9558,38010,9629,9474
38020,10722,9561,38030,9655,9496
38040,10714,9559,38050,9630,9480
38060,10722,9557,38070,9649,9486
38080,10740,9571,38090,9630,9484
38100,10711,9558,38110,9642,9482
38120,10736,9564,38130,9652,9502
38140,10737,9558,38150,9631,9493
38160,10725,9553,38170,9632,9500
38180,10752,9577,38190,9648,9489
38200,10733,9558,38210,9626,9487
38220,10738,9546,38230,9642,9500
38240,10733,9554,38250,9609,9471
38260,10722,9546,38270,9634,9483
38280,10737,9567,38290,9620,9480
38300,10731,9558,38310,9628,9479
38320,10739,9557,38330,9638,9491
38340,10719,9548,38350,9622,9476
38360,10714,9561,38370,9640,9487
38380,10746,9579,38390,9635,9490
38400,10735,9565,38410,9626,9488
38420,10740,9565,38430,9647,9502
38440,10729,9555,38450,9624,9488
38460,10732,9546,38470,9645,9496
38480,10752,9564,38490,9637,9481
38500,10738,9555,38510,9616,9485
38520,10745,9561,38530,9647,9497
38540,10740,9562,38550,9619,9481
38560,10740,9562,38570,9646,9490
38580,10742,9561,38590,9635,9482
38600,10726,9553,38610,9642,9495
38620,10738,9566,38630,9650,9504
38640,10739,9566,38650,9628,9486
38660,10736,9565,38670,9651,9500
38680,10737,9572,38690,9633,9477
38700,10709,9566,38710,9647,9499
38720,10746,9574,38730,9657,9503
38740,10734,9564,38750,9619,9487
38760,10738,9567,38770,9649,9504
38780,10744,9582,38790,9644,9504
38800,10737,9555,38810,9641,9504
38820,10745,9571,38830,9645,9507
38840,10739,9568,38850,9633,9493
38860,10742,9567,38870,9648,9503
38880,10754,9577,38890,9652,9500
38900,10734,9562,38910,9644,9501
38920,10751,9571,38930,9651,9506
38940,10749,9564,38950,9650,9495
38960,10736,9551,38970,9654,9513
38980,10751,9569,38990,9638,9491
39000,10743,9552,39010,9643,9501
39020,10751,9571,39030,9648,9498
39040,10727,9563,39050,9630,9490
39060,10737,9567,39070,9648,9502
39080,10738,9573,39090,9626,9487
39100,10711,9537,39110,9633,9497
39120,10735,9566,39130,9630,9494
39140,10723,9544,39150,9604,9446
39160,10695,9518,39170,9590,9446
39180,10686,9497,39190,9547,9378
39200,10634,9449,39210,9525,9366
39220,10644,9445,39230,9522,9371
39240,10635,9443,39250,9524,9366
39260,10631,9445,39270,9521,9374
39280,10637,9454,39290,9507,9356
39300,10498,9221,39310,9292,9009
39320,10429,9066,39330,9307,8955
39340,10505,9132,39350,9367,9049
39360,10582,9290,39370,9233,9049
39380,10283,8908,39390,9038,8654
39400,10236,8868,39410,9067,8694
39420,10269,8865,39430,9117,8741
39440,10300,8916,39450,9122,8761
39460,10283,8923,39470,9103,8770
39480,10262,8912,39490,9109,8764
39500,10278,8917,39510,9127,8785
39520,10298,8937,39530,9116,8770
39540,10270,8927,39550,9068,8736
39560,10235,8900,39570,9020,8700
39580,10183,8851,39590,8991,8668
39600,10179,8858,39610,9019,8722
39620,10220,8893,39630,9028,8720
39640,10170,8861,39650,8979,8700
39660,10149,8863,39670,8988,8691
39680,10179,8851,39690,8952,8642
39700,10119,8790,39710,8885,8538
39720,10004,8733,39730,8681,8544
39740,9885,8763,39750,8623,8551
39760,9888,8788,39770,8629,8545
39780,9903,8797,39790,8617,8573
39800,9889,8817,39810,8631,8601
39820,9929,8829,39830,8602,8539
39840,9998,8840,39850,8593,8482
39860,10074,8884,39870,8592,8490
39880,10056,8896,39890,8588,8528
39900,10158,8984,39910,8585,8532
39920,10382,9088,39930,8562,8545
39940,10553,9158,39950,8536,8518
39960,10512,9130,39970,8561,8513
39980,10403,9090,39990,8550,8516
40000,10447,9109,40010,8568,8560
40020,10496,9171,40030,8588,8607
40040,10536,9200,40050,8561,8568
40060,10651,9177,40070,8525,8500
40080,10720,9188,40090,8525,8525
40100,10914,9252,40110,8542,8562
40120,11678,9268,40130,8437,8440
40140,12021,8981,40150,8338,8248
40160,12128,8867,40170,8340,8237
40180,12167,8913,40190,8364,8256
40200,12173,8900,40210,8361,8282
40220,12141,8921,40230,8346,8272
40240,12177,8969,40250,8342,8232
40260,12277,9011,40270,8360,8234
40280,12286,9020,40290,8365,8264
40300,12293,8996,40310,8370,8276
40320,12288,8996,40330,8361,8271
40340,12311,9034,40350,8353,8230
40360,12323,9052,40370,8376,8238
40380,12319,9041,40390,8378,8262
40400,12320,9021,40410,8381,8289
40420,12327,9029,40430,8370,8255
40440,12344,9054,40450,8368,8226
40460,12344,9084,40470,8373,8233
40480,12342,9074,40490,8389,8269
40500,12344,9029,40510,8370,8288
40520,12339,9019,40530,8362,8267
40540,12343,9058,40550,8361,8225
40560,12351,9078,40570,8376,8234
40580,12342,9058,40590,8379,8266
40600,12348,9028,40610,8386,8292
40620,12332,9027,40630,8376,8261
40640,12355,9079,40650,8367,8226
40660,12352,9104,40670,8374,8231
40680,12364,9074,40690,8393,8260
40700,12350,9035,40710,8392,8290
40720,12353,9050,40730,8366,8259
40740,12373,9086,40750,8368,8226
40760,12358,9100,40770,8375,8226
40780,12360,9079,40790,8388,8268
40800,12342,9043,40810,8382,8291
40820,12359,9055,40830,8371,8258
40840,12370,9096,40850,8377,8229
40860,12380,9118,40870,8390,8242
40880,12375,9087,40890,8397,8281
40900,12372,9060,40910,8403,8295
40920,12379,9068,40930,8377,8267
40940,12383,9114,40950,8374,8235
40960,12380,9118,40970,8387,8243
40980,12381,9093,40990,8402,8278
41000,12380,9054,41010,8400,8299
41020,12391,9069,41030,8380,8266
41040,12381,9097,41050,8387,8225
41060,12396,9128,41070,8391,8236
41080,12375,9087,41090,8409,8287
41100,12375,9061,41110,8401,8296
41120,12368,9073,41130,8389,8258
41140,12387,9110,41150,8386,8236
41160,12375,9117,41170,8396,8251
41180,12378,9083,41190,8406,8283
41200,12376,9048,41210,8405,8298
41220,12378,9066,41230,8386,8260
41240,12357,9103,41250,8394,8234
41260,12337,9124,41270,8403,8243
41280,12344,9091,41290,8420,8282
41300,12341,9067,41310,8409,8310
41320,12358,9087,41330,8385,8275
41340,12382,9115,41350,8402,8242
41360,12412,9125,41370,8410,8250
41380,12394,9093,41390,8420,8287
41400,12391,9066,41410,8417,8306
41420,12397,9092,41430,8389,8268
41440,12410,9123,41450,8392,8224
41460,12404,9136,41470,8406,8251
41480,12395,9108,41490,8424,8286
41500,12403,9080,41510,8407,8292
41520,12401,9090,41530,8394,8274
41540,12402,9132,41550,8405,8242
41560,12408,9139,41570,8413,8255
41580,12413,9117,41590,8415,8289
41600,12395,9087,41610,8407,8292
41620,12411,9096,41630,8396,8264
41640,12415,9133,41650,8408,8243
41660,12410,9148,41670,8417,8257
41680,12406,9113,41690,8418,8294
41700,12391,9087,41710,8412,8302
41720,12399,9105,41730,8402,8273
41740,12409,9136,41750,8409,8240
41760,12410,9142,41770,8410,8252
41780,12409,9106,41790,8428,8294
41800,12410,9088,41810,8417,8297
41820,12405,9099,41830,8405,8268
41840,12408,9136,41850,8409,8236
41860,12404,9144,41870,8420,8261
41880,12418,9110,41890,8429,8293
41900,12425,9097,41910,8416,8312
41920,12426,9120,41930,8402,8272
41940,12424,9147,41950,8419,8249
41960,12418,9150,41970,8425,8261
41980,12419,9119,41990,8434,8298
42000,12400,9092,42010,8414,8305
42020,12422,9105,42030,8400,8264
42040,12414,9151,42050,8417,8257
42060,12425,9161,42070,8416,8255
42080,12429,9126,42090,8435,8302
42100,12419,9103,42110,8424,8310
42120,12413,9124,42130,8403,8269
42140,12432,9154,42150,8417,8239
42160,12422,9153,42170,8414,8262
42180,12410,9133,42190,8437,8303
42200,12428,9108,42210,8419,8305
42220,12436,9115,42230,8412,8268
42240,12429,9171,42250,8425,8243
42260,12443,9169,42270,8426,8256
42280,12422,9123,42290,8438,8310
42300,12421,9103,42310,8424,8314
42320,12415,9126,42330,8408,8271
42340,12405,9173,42350,8416,8256
42360,12401,9171,42370,8428,8267
42380,12399,9137,42390,8433,8310
42400,12402,9110,42410,8415,8305
42420,12418,9130,42430,8408,8265
42440,12447,9166,42450,8432,8246
42460,12444,9175,42470,8432,8269
42480,12434,9136,42490,8430,8310
42500,12445,9118,42510,8431,8306
42520,12449,9133,42530,8416,8273
42540,12452,9178,42550,8431,8254
42560,12440,9172,42570,8432,8280
42580,12433,9135,42590,8436,8303
42600,12417,9107,42610,8422,8305
42620,12431,9144,42630,8406,8262
42640,12449,9184,42650,8429,8247
42660,12444,9178,42670,8441,8267
42680,12448,9140,42690,8448,8317
42700,12445,9126,42710,8426,8317
42720,12439,9140,42730,8414,8272
42740,12451,9173,42750,8427,8254
42760,12451,9170,42770,8436,8283
42780,12441,9148,42790,8441,8320
42800,12437,9125,42810,8424,8312
42820,12453,9155,42830,8415,8266
42840,12449,9187,42850,8425,8264
42860,12440,9173,42870,8430,8285
42880,12441,9128,42890,8445,8318
42900,12427,9119,42910,8432,8304
42920,12429,9158,42930,8412,8265
42940,12450,9178,42950,8432,8252
42960,12448,9188,42970,8447,8294
42980,12445,9146,42990,8446,8325
43000,12441,9134,43010,8430,8302
43020,12450,9165,43030,8419,8264
43040,12439,9195,43050,8436,8262
43060,12444,9178,43070,8435,8285
43080,12453,9153,43090,8441,8317
43100,12431,9133,43110,8419,8306
43120,12445,9161,43130,8419,8279
43140,12448,9200,43150,8438,8252
43160,12448,9184,43170,8451,8297
43180,12443,9144,43190,8439,8321
43200,12433,9132,43210,8417,8295
43220,12440,9158,43230,8419,8268
43240,12461,9199,43250,8437,8263
43260,12447,9175,43270,8448,8291
43280,12451,9151,43290,8443,8316
43300,12447,9140,43310,8426,8298
43320,12440,9164,43330,8427,8279
43340,12458,9196,43350,8441,8268
43360,12438,9172,43370,8439,8296
43380,12446,9135,43390,8450,8319
43400,12438,9119,43410,8430,8308
43420,12431,9160,43430,8426,8292
43440,12411,9206,43450,8435,8258
43460,12395,9179,43470,8442,8293
43480,12380,9143,43490,8439,8313
43500,12401,9147,43510,8443,8321
43520,12422,9183,43530,8427,8280
43540,12458,9191,43550,8435,8277
43560,12459,9182,43570,8446,8295
43580,12464,9154,43590,8444,8326
43600,12456,9151,43610,8438,8299
43620,12463,9176,43630,8424,8267
43640,12455,9193,43650,8442,8275
43660,12466,9183,43670,8453,8304
43680,12443,9158,43690,8442,8317
43700,12455,9140,43710,8424,8315
43720,12454,9171,43730,8421,8271
43740,12465,9207,43750,8441,8274
43760,12464,9180,43770,8453,8311
43780,12458,9155,43790,8443,8318
43800,12442,9149,43810,8427,8318
43820,12453,9176,43830,8424,8274
43840,12445,9194,43850,8434,8259
43860,12466,9190,43870,8439,8296
43880,12447,9155,43890,8451,8326
43900,12454,9146,43910,8434,8314
43920,12450,9176,43930,8428,8281
43940,12454,9189,43950,8445,8265
43960,12443,9190,43970,8444,8290
43980,12442,9144,43990,8440,8320
44000,12444,9135,44010,8432,8312
44020,12441,9182,44030,8432,8273
44040,12453,9197,44050,8437,8253
44060,12455,9185,44070,8452,8304
44080,12452,9154,44090,8451,8331
44100,12440,9145,44110,8435,8317
44120,12442,9164,44130,8428,8266
44140,12465,9195,44150,8448,8274
44160,12461,9184,44170,8453,8302
44180,12448,9149,44190,8458,8327
44200,12459,9145,44210,8438,8311
44220,12460,9188,44230,8425,8271
44240,12453,9200,44250,8458,8269
44260,12463,9191,44270,8457,8302
44280,12452,9144,44290,8455,8333
44300,12450,9150,44310,8441,8309
44320,12462,9188,44330,8434,8278
44340,12465,9212,44350,8447,8268
44360,12463,9190,44370,8457,8314
44380,12449,9145,44390,8459,8335
44400,12460,9148,44410,8434,8301
44420,12467,9190,44430,8426,8265
44440,12445,9203,44450,8446,8279
44460,12455,9174,44470,8452,8303
44480,12442,9126,44490,8449,8337
44500,12451,9157,44510,8429,8311
44520,12438,9181,44530,8433,8255
44540,12423,9198,44550,8442,8274
44560,12430,9184,44570,8452,8304
44580,12428,9150,44590,8455,8335
44600,12438,9160,44610,8432,8305
44620,12468,9196,44630,8433,8278
44640,12478,9220,44650,8443,8285
44660,12466,9183,44670,8458,8320
44680,12449,9159,44690,8444,8321
44700,12428,9156,44710,8428,8303
44720,12476,9189,44730,8432,8271
44740,12476,9217,44750,8451,8282
44760,12460,9181,44770,8456,8313
44780,12459,9138,44790,8455,8326
44800,12456,9160,44810,8425,8299
44820,12448,9192,44830,8431,8265
44840,12462,9211,44850,8443,8277
44860,12456,9170,44870,8452,8320
44880,12461,9151,44890,8449,8326
44900,12468,9167,44910,8432,8289
44920,12468,9184,44930,8443,8266
44940,12463,9176,44950,8443,8274
44960,12448,9130,44970,8457,8313
44980,12460,9099,44990,8446,8321
45000,12438,9097,45010,8436,8290
45020,12410,9096,45030,8433,8239
45040,12310,8994,45050,8473,8312
45060,12267,9028,45070,8479,8350
45080,12243,8989,45090,8489,8359
45100,12216,8973,45110,8498,8345
45120,12200,8968,45130,8503,8346
45140,12159,8929,45150,8512,8351
45160,12134,8878,45170,8518,8374
45180,12147,8882,45190,8523,8367
45200,12142,8887,45210,8514,8356
45220,12152,8893,45230,8508,8342
45240,12135,8890,45250,8515,8348
45260,12121,8873,45270,8531,8368
45280,12114,8870,45290,8537,8381
45300,12093,8859,45310,8523,8353
45320,12100,8855,45330,8529,8344
45340,12067,8848,45350,8524,8363
45360,12055,8828,45370,8531,8369
45380,12026,8818,45390,8536,8369
45400,12007,8808,45410,8546,8357
45420,12004,8881,45430,8596,8438
45440,10648,9181,45450,8606,8581
45460,10087,8874,45470,8586,8463
45480,10429,9104,45490,8564,8464
45500,10038,8949,45510,8536,8505
45520,10090,8943,45530,8536,8460
45540,10012,8912,45550,8539,8455
45560,10056,8864,45570,8530,8447
45580,9946,8794,45590,8536,8430
45600,9920,8758,45610,8521,8423
45620,9881,8737,45630,8529,8414
45640,9881,8757,45650,8510,8402
45660,9869,8749,45670,8513,8417
45680,9831,8701,45690,8522,8419
45700,9784,8661,45710,8507,8412
45720,9755,8617,45730,8559,8404
45740,9788,8599,45750,8599,8400
45760,9830,8585,45770,8678,8406
45780,9933,8595,45790,8782,8443
45800,10004,8682,45810,8883,8577
45820,10122,8817,45830,8991,8667
45840,10176,8837,45850,9043,8732
45860,10199,8879,45870,9061,8786
45880,10214,8925,45890,9137,8873
45900,10271,9001,45910,9192,8933
45920,10336,9077,45930,9249,8999
45940,10407,9141,45950,9293,9049
45960,10420,9180,45970,9312,9098
45980,10432,9198,45990,9323,9117
46000,10424,9204,46010,9305,9105
46020,10414,9196,46030,9301,9100
46040,10420,9203,46050,9294,9082
46060,10414,9169,46070,9284,9067
46080,10401,9161,46090,9273,9042
46100,10358,9098,46110,9209,8932
46120,10304,9009,46130,9106,8787
46140,10222,8872,46150,8980,8657
46160,10168,8803,46170,8905,8513
46180,10209,8791,46190,8931,8502
46200,10308,8862,46210,9005,8577
46220,10371,8957,46230,9118,8665
46240,10510,9027,46250,9211,8718
46260,10615,9140,46270,9295,8787
46280,10688,9158,46290,9244,8663
46300,10523,8939,46310,8899,8422
46320,10181,8798,46330,8705,8418
46340,9973,8757,46350,8576,8410
46360,9931,8781,46370,8543,8426
46380,10038,8862,46390,8537,8422
46400,10088,8907,46410,8524,8405
46420,9970,8825,46430,8532,8416
46440,9891,8759,46450,8538,8407
46460,9874,8736,46470,8528,8419
46480,9890,8751,46490,8541,8420
46500,9907,8765,46510,8527,8411
46520,9907,8766,46530,8535,8420
46540,9855,8718,46550,8518,8416
46560,9854,8711,46570,8530,8417
46580,9884,8737,46590,8513,8412
46600,9889,8740,46610,8512,8414
46620,9884,8734,46630,8517,8396
46640,9863,8722,46650,8516,8408
46660,9854,8707,46670,8532,8425
46680,9875,8733,46690,8537,8426
46700,9912,8761,46710,8508,8418
46720,9934,8788,46730,8515,8413
46740,9891,8756,46750,8521,8403
46760,9897,8752,46770,8528,8413
46780,9960,8798,46790,8517,8414
46800,9996,8834,46810,8520,8411
46820,10029,8856,46830,8525,8417
46840,10009,8842,46850,8523,8403
46860,10009,8816,46870,8516,8420
46880,10030,8837,46890,8517,8414
46900,10039,8837,46910,8510,8402
46920,10081,8867,46930,8526,8416
46940,10140,8888,46950,8509,8412
46960,10131,8891,46970,8516,8406
46980,10093,8869,46990,8506,8399
47000,10094,8866,47010,8503,8401
47020,10140,8897,47030,8510,8400
47040,10255,8955,47050,8505,8409
47060,10265,8958,47070,8505,8405
47080,10154,8901,47090,8510,8409
47100,10114,8870,47110,8506,8411
47120,10130,8889,47130,8508,8414
47140,10160,8917,47150,8508,8415
47160,10219,8937,47170,8512,8423
47180,10233,8952,47190,8509,8433
47200,10170,8915,47210,8510,8410
47220,10145,8906,47230,8505,8412
47240,10175,8920,47250,8505,8406
47260,10230,8940,47270,8504,8402
47280,10283,8970,47290,8499,8405
47300,10269,8956,47310,8506,8418
47320,10225,8940,47330,8504,8432
47340,10173,8930,47350,8506,8425
47360,10194,8944,47370,8512,8443
47380,10207,8966,47390,8509,8465
47400,10207,8972,47410,8511,8464
47420,10227,8986,47430,8532,8473
47440,10260,8994,47450,8517,8464
47460,10342,9029,47470,8524,8467
47480,10344,9034,47490,8528,8475
47500,10357,9039,47510,8524,8461
47520,10523,9101,47530,8513,8462
47540,10742,9166,47550,8502,8452
47560,10936,9189,47570,8523,8439
47580,10928,9186,47590,8507,8451
47600,10885,9186,47610,8512,8450
47620,11058,9217,47630,8502,8402
47640,11582,9192,47650,8471,8342
47660,11942,9004,47670,8441,8328
47680,12025,8847,47690,8376,8281
47700,12047,8721,47710,8361,8231
47720,12110,8791,47730,8365,8228
47740,12195,8861,47750,8371,8253
47760,12247,8873,47770,8360,8284
47780,12229,8892,47790,8357,8259
47800,12243,8943,47810,8356,8222
47820,12247,8984,47830,8366,8227
47840,12264,8991,47850,8379,8268
47860,12278,8974,47870,8394,8285
47880,12302,8994,47890,8366,8266
47900,12330,9034,47910,8360,8221
47920,12337,9043,47930,8366,8230
47940,12343,9041,47950,8388,8256
47960,12341,8998,47970,8395,8289
47980,12338,9013,47990,8371,8264
48000,12355,9053,48010,8366,8211
48020,12353,9083,48030,8392,8239
48040,12355,9060,48050,8397,8274
48060,12355,9025,48070,8400,8292
48080,12354,9026,48090,8380,8270
48100,12351,9074,48110,8380,8229
48120,12361,9091,48130,8392,8227
48140,12369,9070,48150,8400,8269
48160,12359,9030,48170,8414,8302
48180,12360,9042,48190,8391,8267
48200,12369,9078,48210,8380,8222
48220,12358,9099,48230,8404,8235
48240,12368,9084,48250,8423,8277
48260,12368,9036,48270,8411,8303
48280,12359,9043,48290,8389,8261
48300,12373,9101,48310,8402,8227
48320,12380,9106,48330,8416,8241
48340,12362,9088,48350,8420,8286
48360,12368,9044,48370,8423,8295
48380,12369,9060,48390,8403,8258
48400,12374,9100,48410,8398,8240
48420,12375,9113,48430,8415,8244
48440,12386,9087,48450,8435,8291
48460,12375,9049,48470,8426,8290
48480,12378,9071,48490,8421,8259
48500,12378,9093,48510,8424,8235
48520,12384,9123,48530,8436,8251
48540,12386,9085,48550,8436,8279
48560,12388,9057,48570,8428,8294
48580,12382,9074,48590,8430,8270
48600,12388,9112,48610,8417,8235
48620,12388,9119,48630,8435,8249
48640,12382,9085,48650,8439,8282
48660,12383,9061,48670,8433,8303
48680,12383,9083,48690,8422,8266
48700,12387,9114,48710,8430,8238
48720,12389,9129,48730,8441,8254
48740,12390,9098,48750,8467,8288
48760,12391,9066,48770,8446,8305
48780,12382,9088,48790,8428,8277
48800,12396,9113,48810,8443,8241
48820,12397,9121,48830,8448,8262
48840,12405,9103,48850,8457,8296
48860,12381,9067,48870,8454,8311
48880,12360,9078,48890,8442,8278
48900,12373,9117,48910,8447,8244
48920,12370,9145,48930,8461,8251
48940,12384,9109,48950,8463,8296
48960,12376,9080,48970,8448,8307
48980,12394,9077,48990,8445,8269
49000,12398,9120,49010,8456,8249
49020,12403,9134,49030,8464,8260
49040,12400,9110,49050,8476,8312
49060,12404,9075,49070,8472,8309
49080,12402,9106,49090,8442,8267
49100,12414,9134,49110,8460,8249
49120,12407,9146,49130,8470,8263
49140,12403,9110,49150,8488,8300
49160,12405,9087,49170,8469,8306
49180,12407,9102,49190,8460,8283
49200,12422,9144,49210,8466,8256
49220,12410,9149,49230,8475,8264
49240,12413,9113,49250,8484,8308
49260,12397,9085,49270,8472,8302
49280,12416,9111,49290,8453,8272
49300,12428,9153,49310,8471,8254
49320,12415,9148,49330,8482,8273
49340,12420,9123,49350,8490,8318
49360,12414,9098,49370,8476,8320
49380,12417,9119,49390,8464,8277
49400,12420,9164,49410,8482,8260
49420,12418,9164,49430,8493,8272
49440,12426,9132,49450,8494,8324
49460,12419,9105,49470,8487,8315
49480,12423,9120,49490,8465,8282
49500,12427,9161,49510,8496,8264
49520,12417,9167,49530,8494,8268
49540,12439,9134,49550,8506,8317
49560,12428,9115,49570,8503,8315
49580,12434,9138,49590,8477,8277
49600,12415,9155,49610,8488,8253
49620,12440,9171,49630,8504,8287
49640,12422,9130,49650,8507,8314
49660,12417,9116,49670,8485,8315
49680,12437,9141,49690,8479,8276
49700,12441,9173,49710,8499,8261
49720,12421,9174,49730,8502,8289
49740,12433,9138,49750,8521,8329
49760,12435,9113,49770,8503,8317
49780,12440,9146,49790,8480,8279
49800,12429,9173,49810,8495,8266
49820,12430,9168,49830,8505,8288
49840,12429,9138,49850,8512,8325
49860,12430,9115,49870,8503,8317
49880,12419,9150,49890,8487,8272
49900,12442,9175,49910,8505,8260
49920,12436,9167,49930,8513,8296
49940,12437,9122,49950,8521,8326
49960,12410,9104,49970,8500,8313
49980,12398,9147,49990,8498,8276
50000,12392,9190,50010,8506,8270
50020,12392,9168,50030,8515,8295
50040,12396,9134,50050,8527,8326
50060,12415,9123,50070,8501,8314
50080,12435,9155,50090,8494,8275
50100,12408,9181,50110,8514,8277
50120,12363,9170,50130,8527,8301
50140,12420,9136,50150,8524,8331
50160,12437,9121,50170,8514,8307
50180,12454,9173,50190,8495,8272
50200,12455,9192,50210,8512,8265
50220,12455,9168,50230,8528,8311
50240,12438,9139,50250,8520,8332
50260,12446,9131,50270,8510,8315
50280,12459,9165,50290,8506,8286
50300,12459,9191,50310,8514,8273
50320,12445,9178,50330,8523,8303
50340,12440,9147,50350,8530,8342
50360,12453,9135,50370,8511,8306
50380,12457,9176,50390,8510,8275
50400,12457,9198,50410,8530,8280
50420,12455,9177,50430,8540,8330
50440,12451,9153,50450,8539,8338
50460,12435,9132,50470,8521,8310
50480,12445,9178,50490,8507,8283
50500,12462,9205,50510,8525,8281
50520,12450,9187,50530,8534,8314
50540,12443,9149,50550,8536,8342
50560,12445,9158,50570,8528,8321
50580,12449,9183,50590,8522,8290
50600,12451,9202,50610,8539,8287
50620,12453,9173,50630,8539,8323
50640,12445,9142,50650,8542,8347
50660,12448,9139,50670,8512,8313
50680,12457,9179,50690,8521,8297
50700,12451,9202,50710,8525,8289
50720,12455,9183,50730,8538,8314
50740,12439,9144,50750,8535,8339
50760,12442,9148,50770,8533,8316
50780,12455,9178,50790,8530,8299
50800,12459,9200,50810,8542,8295
50820,12457,9175,50830,8539,8322
50840,12444,9149,50850,8546,8343
50860,12444,9142,50870,8523,8323
50880,12452,9171,50890,8524,8283
50900,12446,9200,50910,8541,8286
50920,12447,9185,50930,8540,8321
50940,12440,9145,50950,8535,8338
50960,12443,9149,50970,8525,8321
50980,12450,9180,50990,8533,8286
51000,12446,9189,51010,8537,8287
51020,12438,9163,51030,8541,8319
51040,12430,9130,51050,8533,8340
51060,12415,9141,51070,8529,8310
51080,12410,9183,51090,8532,8276
51100,12426,9195,51110,8540,8286
51120,12419,9169,51130,8543,8316
51140,12425,9140,51150,8543,8335
51160,12452,9148,51170,8523,8306
51180,12450,9188,51190,8526,8276
51200,12445,9188,51210,8538,8285
51220,12449,9174,51230,8545,8310
51240,12445,9147,51250,8552,8338
51260,12451,9145,51270,8533,8321
51280,12448,9177,51290,8530,8272
51300,12450,9203,51310,8541,8296
51320,12458,9159,51330,8544,8323
51340,12451,9137,51350,8550,8326
51360,12452,9153,51370,8523,8310
51380,12453,9182,51390,8532,8286
51400,12446,9204,51410,8542,8282
51420,12446,9184,51430,8557,8331
51440,12452,9143,51450,8549,8349
51460,12439,9143,51470,8528,8309
51480,12452,9182,51490,8531,8285
51500,12445,9192,51510,8543,8300
51520,12448,9168,51530,8543,8329
51540,12446,9141,51550,8548,8338
51560,12452,9152,51570,8530,8317
51580,12456,9191,51590,8534,8274
51600,12448,9193,51610,8546,8291
51620,12446,9151,51630,8542,8325
51640,12436,9139,51650,8546,8340
51660,12442,9160,51670,8532,8303
51680,12452,9190,51690,8546,8278
51700,12461,9204,51710,8547,8294
51720,12457,9167,51730,8552,8326
51740,12449,9145,51750,8550,8327
51760,12441,9150,51770,8525,8307
51780,12453,9189,51790,8543,8291
51800,12450,9194,51810,8544,8290
51820,12449,9147,51830,8557,8329
51840,12442,9139,51850,8534,8335
51860,12436,9160,51870,8530,8293
51880,12458,9193,51890,8538,8272
51900,12451,9198,51910,8554,8303
51920,12451,9160,51930,8558,8332
51940,12448,9129,51950,8532,8350
51960,12462,9175,51970,8541,8316
51980,12463,9199,51990,8541,8287
52000,12467,9192,52010,8553,8309
52020,12455,9168,52030,8558,8333
52040,12455,9140,52050,8549,8351
52060,12451,9161,52070,8536,8307
52080,12442,9184,52090,8550,8283
52100,12468,9185,52110,8552,8311
52120,12457,9163,52130,8566,8349
52140,12436,9141,52150,8544,8329
52160,12422,9170,52170,8536,8306
52180,12413,9186,52190,8545,8284
52200,12383,9174,52210,8554,8307
52220,12355,9153,52230,8562,8328
52240,12351,9126,52250,8543,8332
52260,12450,9166,52270,8543,8300
52280,12466,9199,52290,8550,8286
52300,12451,9192,52310,8547,8305
52320,12448,9169,52330,8560,8337
52340,12451,9137,52350,8550,8343
52360,12450,9173,52370,8524,8300
52380,12465,9191,52390,8547,8281
52400,12460,9201,52410,8557,8307
52420,12446,9158,52430,8556,8327
52440,12445,9157,52450,8548,8333
52460,12457,9175,52470,8536,8290
52480,12460,9211,52490,8547,8296
52500,12453,9194,52510,8561,8315
52520,12453,9154,52530,8568,8344
52540,12456,9150,52550,8555,8334
52560,12458,9170,52570,8537,8309
52580,12461,9198,52590,8543,8288
52600,12464,9202,52610,8553,8316
52620,12442,9163,52630,8554,8342
52640,12447,9155,52650,8554,8334
52660,12456,9167,52670,8543,8311
52680,12451,9205,52690,8547,8291
52700,12452,9192,52710,8563,8312
52720,12441,9163,52730,8554,8347
52740,12457,9145,52750,8549,8336
52760,12456,9179,52770,8541,8302
52780,12452,9195,52790,8551,8285
52800,12442,9182,52810,8551,8312
52820,12455,9164,52830,8569,8359
52840,12447,9154,52850,8545,8342
52860,12450,9182,52870,8535,8309
52880,12461,9210,52890,8552,8299
52900,12468,9202,52910,8555,8307
52920,12444,9166,52930,8559,8354
52940,12441,9156,52950,8536,8330
52960,12448,9170,52970,8550,8310
52980,12458,9199,52990,8568,8303
53000,12458,9203,53010,8556,8309
53020,12449,9167,53030,8557,8346
53040,12447,9156,53050,8558,8339
53060,12458,9191,53070,8545,8307
53080,12459,9210,53090,8547,8292
53100,12452,9185,53110,8553,8311
53120,12445,9168,53130,8558,8350
53140,12458,9154,53150,8544,8339
53160,12455,9174,53170,8544,8301
53180,12467,9206,53190,8552,8296
53200,12446,9185,53210,8550,8319
53220,12450,9156,53230,8552,8348
53240,12424,9150,53250,8545,8335
53260,12421,9182,53270,8550,8314
53280,12428,9218,53290,8557,8307
53300,12445,9197,53310,8558,8318
53320,12416,9161,53330,8562,8355
53340,12461,9162,53350,8545,8333
53360,12461,9191,53370,8550,8307
53380,12470,9212,53390,8555,8306
53400,12463,9193,53410,8551,8322
53420,12473,9174,53430,8568,8354
53440,12454,9154,53450,8546,8342
53460,12457,9193,53470,8537,8310
53480,12464,9214,53490,8548,8297
53500,12452,9194,53510,8555,8330
53520,12449,9162,53530,8557,8361
53540,12454,9165,53550,8546,8340
53560,12452,9190,53570,8543,8306
53580,12451,9216,53590,8550,8309
53600,12451,9202,53610,8550,8330
53620,12458,9167,53630,8563,8357
53640,12461,9170,53650,8543,8325
53660,12456,9193,53670,8544,8308
53680,12458,9213,53690,8560,8302
53700,12466,9190,53710,8566,8345
53720,12468,9165,53730,8561,8365
53740,12451,9160,53750,8543,8332
53760,12468,9195,53770,8550,8305
53780,12454,9206,53790,8553,8310
53800,12459,9201,53810,8561,8327
53820,12440,9160,53830,8554,8353
53840,12442,9169,53850,8538,8329
53860,12459,9195,53870,8540,8305
53880,12444,9203,53890,8548,8302
53900,12441,9178,53910,8558,8345
53920,12451,9177,53930,8558,8350
53940,12454,9172,53950,8536,8326
53960,12448,9200,53970,8532,8288
53980,12458,9202,53990,8555,8307
54000,12454,9189,54010,8559,8333
54020,12455,9173,54030,8557,8344
54040,12458,9173,54050,8534,8321
54060,12464,9203,54070,8539,8300
54080,12460,9214,54090,8541,8310
54100,12445,9190,54110,8560,8336
54120,12447,9173,54130,8553,8348
54140,12451,9166,54150,8536,8328
54160,12465,9198,54170,8543,8301
54180,12462,9209,54190,8563,8311
54200,12455,9197,54210,8563,8333
54220,12446,9168,54230,8549,8341
54240,12454,9175,54250,8539,8334
54260,12455,9189,54270,8549,8314
54280,12452,9205,54290,8559,8326
54300,12450,9170,54310,8562,8340
54320,12438,9156,54330,8542,8337
54340,12429,9161,54350,8535,8328
54360,12409,9196,54370,8539,8297
54380,12409,9206,54390,8555,8309
54400,12406,9200,54410,8552,8340
54420,12423,9163,54430,8554,8344
54440,12437,9174,54450,8543,8331
54460,12471,9199,54470,8553,8301
54480,12471,9211,54490,8544,8317
54500,12452,9175,54510,8551,8327
54520,12453,9153,54530,8546,8348
54540,12470,9169,54550,8545,8322
54560,12460,9199,54570,8540,8300
54580,12457,9203,54590,8543,8313
54600,12462,9192,54610,8548,8334
54620,12480,9170,54630,8546,8342
54640,12465,9174,54650,8524,8319
54660,12453,9210,54670,8551,8299
54680,12458,9218,54690,8548,8296
54700,12462,9199,54710,8556,8350
54720,12451,9151,54730,8554,8352
54740,12458,9173,54750,8544,8322
54760,12457,9204,54770,8541,8312
54780,12447,9207,54790,8554,8321
54800,12455,9197,54810,8557,8338
54820,12443,9160,54830,8544,8335
54840,12449,9178,54850,8543,8317
54860,12456,9198,54870,8533,8302
54880,12458,9204,54890,8546,8309
54900,12457,9191,54910,8545,8337
54920,12447,9159,54930,8545,8345
54940,12460,9177,54950,8528,8315
54960,12473,9201,54970,8537,8299
54980,12466,9217,54990,8544,8305
55000,12455,9178,55010,8555,8341
55020,12446,9172,55030,8547,8344
55040,12454,9172,55050,8540,8317
55060,12456,9200,55070,8543,8304
55080,12449,9208,55090,8553,8305
55100,12451,9181,55110,8544,8353
55120,12453,9157,55130,8547,8345
55140,12457,9174,55150,8525,8309
55160,12460,9206,55170,8543,8300
55180,12455,9215,55190,8540,8319
55200,12452,9182,55210,8558,8337
55220,12454,9159,55230,8535,8341
55240,12452,9175,55250,8516,8310
55260,12456,9200,55270,8528,8289
55280,12442,9208,55290,8538,8302
55300,12441,9162,55310,8552,8336
55320,12440,9160,55330,8542,8337
55340,12456,9169,55350,8522,8301
55360,12455,9212,55370,8537,8289
55380,12456,9208,55390,8543,8318
55400,12459,9170,55410,8540,8335
55420,12429,9151,55430,8539,8342
55440,12422,9177,55450,8527,8311
55460,12426,9204,55470,8536,8295
55480,12430,9214,55490,8541,8322
55500,12423,9175,55510,8550,8349
55520,12447,9154,55530,8538,8345
55540,12458,9186,55550,8529,8316
55560,12466,9214,55570,8544,8299
55580,12447,9199,55590,8540,8322
55600,12452,9173,55610,8545,8337
55620,12453,9158,55630,8538,8335
55640,12445,9179,55650,8523,8312
55660,12455,9214,55670,8527,8299
55680,12453,9214,55690,8544,8315
55700,12437,9175,55710,8541,8337
55720,12447,9147,55730,8540,8340
55740,12446,9184,55750,8512,8310
55760,12450,9203,55770,8544,8299
55780,12453,9198,55790,8537,8323
55800,12467,9188,55810,8535,8346
55820,12447,9162,55830,8536,8343
55840,12446,9175,55850,8520,8313
55860,12447,9210,55870,8538,8304
55880,12448,9200,55890,8536,8317
55900,12446,9178,55910,8555,8350
55920,12447,9171,55930,8536,8336
55940,12440,9180,55950,8515,8309
55960,12463,9207,55970,8541,8301
55980,12447,9198,55990,8545,8326
56000,12446,9169,56010,8533,8335
56020,12441,9168,56030,8538,8341
56040,12446,9177,56050,8515,8307
56060,12453,9213,56070,8537,8298
56080,12448,9195,56090,8544,8321
56100,12459,9176,56110,8548,8341
56120,12451,9165,56130,8531,8340
56140,12455,9189,56150,8530,8313
56160,12453,9214,56170,8538,8301
56180,12452,9195,56190,8538,8309
56200,12447,9173,56210,8539,8343
56220,12444,9169,56230,8529,8347
56240,12450,9186,56250,8521,8304
56260,12448,9215,56270,8531,8308
56280,12457,9204,56290,8531,8325
56300,12447,9171,56310,8537,8347
56320,12433,9154,56330,8523,8326
56340,12440,9182,56350,8511,8298
56360,12441,9203,56370,8529,8296
56380,12439,9201,56390,8544,8310
56400,12438,9165,56410,8534,8340
56420,12447,9164,56430,8523,8340
56440,12446,9179,56450,8526,8310
56460,12461,9210,56470,8537,8308
56480,12451,9193,56490,8539,8312
56500,12428,9160,56510,8543,8348
56520,12409,9155,56530,8523,8337
56540,12398,9179,56550,8518,8313
56560,12402,9210,56570,8523,8294
56580,12406,9206,56590,8532,8316
56600,12421,9186,56610,8540,8347
56620,12437,9167,56630,8527,8345
56640,12459,9192,56650,8516,8321
56660,12464,9217,56670,8528,8297
56680,12439,9208,56690,8536,8328
56700,12419,9176,56710,8532,8342
56720,12422,9165,56730,8528,8334
56740,12461,9186,56750,8518,8310
56760,12455,9206,56770,8524,8296
56780,12446,9205,56790,8547,8336
56800,12449,9172,56810,8536,8351
56820,12445,9167,56830,8530,8333
56840,12447,9188,56850,8523,8301
56860,12451,9214,56870,8537,8308
56880,12449,9193,56890,8543,8337
56900,12443,9168,56910,8537,8352
56920,12441,9157,56930,8525,8336
56940,12447,9192,56950,8522,8307
56960,12466,9216,56970,8534,8309
56980,12454,9198,56990,8539,8335
57000,12459,9174,57010,8539,8357
57020,12451,9163,57030,8525,8344
57040,12440,9197,57050,8529,8304
57060,12455,9217,57070,8543,8300
57080,12451,9200,57090,8542,8343
57100,12462,9174,57110,8549,8361
57120,12460,9174,57130,8525,8331
57140,12454,9203,57150,8524,8312
57160,12442,9209,57170,8546,8305
57180,12459,9194,57190,8540,8344
57200,12445,9172,57210,8543,8361
57220,12460,9169,57230,8514,8329
57240,12448,9199,57250,8531,8309
57260,12457,9221,57270,8523,8312
57280,12471,9188,57290,8546,8342
57300,12453,9166,57310,8540,8347
57320,12433,9171,57330,8513,8330
57340,12446,9203,57350,8518,8308
57360,12440,9219,57370,8533,8306
57380,12454,9196,57390,8545,8340
57400,12434,9162,57410,8540,8356
57420,12445,9169,57430,8510,8333
57440,12450,9190,57450,8513,8319
57460,12453,9222,57470,8532,8310
57480,12447,9182,57490,8532,8334
57500,12442,9178,57510,8536,8352
57520,12438,9170,57530,8514,8329
57540,12443,9192,57550,8517,8319
57560,12445,9206,57570,8540,8314
57580,12458,9174,57590,8529,8343
57600,12419,9147,57610,8532,8354
57620,12388,9149,57630,8514,8333
57640,12377,9180,57650,8518,8302
57660,12413,9205,57670,8529,8308
57680,12407,9174,57690,8534,8333
57700,12435,9164,57710,8520,8347
57720,12448,9168,57730,8502,8322
57740,12440,9193,57750,8520,8301
57760,12440,9208,57770,8517,8301
57780,12441,9189,57790,8535,8329
57800,12439,9167,57810,8524,8347
57820,12444,9171,57830,8509,8327
57840,12434,9192,57850,8520,8305
57860,12442,9205,57870,8529,8303
57880,12451,9187,57890,8530,8329
57900,12444,9162,57910,8527,8347
57920,12437,9166,57930,8508,8334
57940,12438,9195,57950,8516,8296
57960,12442,9206,57970,8525,8301
57980,12441,9190,57990,8524,8333
58000,12430,9161,58010,8516,8346
58020,12451,9171,58030,8512,8323
58040,12448,9197,58050,8519,8307
58060,12442,9204,58070,8531,8312
58080,12454,9190,58090,8526,8339
58100,12434,9162,58110,8532,8350
58120,12451,9171,58130,8517,8330
58140,12445,9199,58150,8518,8298
58160,12445,9205,58170,8522,8306
58180,12451,9190,58190,8533,8338
58200,12436,9157,58210,8524,8333
58220,12436,9175,58230,8502,8321
58240,12440,9188,58250,8516,8301
58260,12454,9210,58270,8527,8307
58280,12449,9186,58290,8525,8334
58300,12435,9150,58310,8523,8351
58320,12448,9166,58330,8510,8327
58340,12438,9202,58350,8516,8297
58360,12442,9199,58370,8522,8308
58380,12443,9189,58390,8531,8339
58400,12441,9155,58410,8525,8347
58420,12444,9168,58430,8515,8318
58440,12444,9191,58450,8513,8298
58460,12443,9197,58470,8524,8309
58480,12429,9169,58490,8529,8345
58500,12441,9151,58510,8523,8344
58520,12449,9167,58530,8525,8325
58540,12439,9200,58550,8516,8285
58560,12450,9211,58570,8527,8315
58580,12453,9176,58590,8537,8346
58600,12441,9151,58610,8530,8357
58620,12452,9161,58630,8512,8314
58640,12446,9192,58650,8509,8296
58660,12460,9202,58670,8529,8315
58680,12441,9169,58690,8538,8353
58700,12422,9161,58710,8534,8342
58720,12399,9166,58730,8511,8314
58740,12397,9208,58750,8525,8294
58760,12406,9212,58770,8528,8308
58780,12314,9152,58790,8538,8346
58800,12353,9151,58810,8527,8350
58820,12369,9169,58830,8509,8313
58840,12421,9228,58850,8519,8288
58860,12450,9211,58870,8521,8322
58880,12449,9172,58890,8521,8336
58900,12449,9165,58910,8526,8345
58920,12455,9192,58930,8506,8313
58940,12459,9215,58950,8515,8287
58960,12453,9206,58970,8521,8321
58980,12437,9142,58990,8517,8329
59000,12448,9104,59010,8513,8327
59020,12441,9111,59030,8503,8311
59040,12430,9118,59050,8504,8285
59060,12422,9113,59070,8502,8310
59080,12316,9063,59090,8510,8331
59100,12407,9061,59110,8501,8320
59120,12408,9087,59130,8498,8309
59140,12412,9096,59150,8502,8282
59160,12416,9111,59170,8509,8315
59180,12411,9094,59190,8513,8346
59200,12425,9095,59210,8502,8328
59220,12416,9128,59230,8512,8306
59240,12429,9160,59250,8508,8303
59260,12428,9132,59270,8507,8310
59280,12423,9111,59290,8521,8322
59300,12421,9094,59310,8515,8328
59320,12425,9101,59330,8504,8304
59340,12421,9113,59350,8504,8285
59360,12415,9111,59370,8516,8299
59380,12410,9075,59390,8507,8337
59400,12405,9073,59410,8500,8328
59420,12416,9085,59430,8494,8302
59440,12417,9110,59450,8513,8295
59460,12413,9105,59470,8507,8314
59480,12412,9073,59490,8517,8318
59500,12417,9065,59510,8501,8328
59520,12412,9092,59530,8490,8302
59540,12406,9099,59550,8497,8292
59560,12415,9081,59570,8508,8284
59580,12398,9037,59590,8514,8332
59600,12409,9026,59610,8483,8310
59620,12396,9020,59630,8485,8297
59640,12381,9010,59650,8500,8281
59660,12298,8865,59670,8516,8340
59680,12156,8861,59690,8517,8348
59700,12195,8904,59710,8526,8348
59720,12172,8900,59730,8519,8348
59740,12155,8897,59750,8535,8354
59760,12137,8899,59770,8531,8360
59780,12099,8888,59790,8530,8390
59800,12057,8881,59810,8531,8387
59820,12050,8856,59830,8524,8360
59840,12041,8863,59850,8528,8366
59860,12018,8856,59870,8540,8349
59880,12040,8851,59890,8547,8350
59900,12029,8849,59910,8541,8323
59920,12035,8851,59930,8536,8315
59940,12082,9080,59950,8628,8340
59960,11539,9395,59970,8590,8327
59980,11600,9462,59990,8586,8314
60000,11635,9360,60010,8577,8339
60020,11531,9248,60030,8544,8311
60040,11582,9182,60050,8522,8291
60060,11544,9186,60070,8513,8311
60080,11287,9166,60090,8522,8315
60100,10680,9090,60110,8521,8336
60120,10163,8877,60130,8538,8366
60140,9908,8711,60150,8545,8398
60160,9801,8634,60170,8606,8395
60180,10010,8593,60190,9043,8677
60200,10333,9051,60210,9328,9120
60220,10405,9187,60230,9301,9097
60240,10415,9214,60250,9383,9208
60260,10480,9292,60270,9456,9285
60280,10545,9375,60290,9477,9305
60300,10574,9384,60310,9471,9315
60320,10569,9389,60330,9472,9303
60340,10562,9399,60350,9504,9331
60360,10618,9447,60370,9550,9386
60380,10640,9465,60390,9553,9394
60400,10642,9462,60410,9556,9399
60420,10649,9471,60430,9559,9400
60440,10654,9478,60450,9559,9410
60460,10655,9496,60470,9566,9407
60480,10657,9484,60490,9574,9418
60500,10659,9498,60510,9575,9438
60520,10662,9490,60530,9569,9417
60540,10665,9519,60550,9592,9425
60560,10681,9508,60570,9576,9438
60580,10636,9508,60590,9592,9440
60600,10674,9518,60610,9587,9440
60620,10670,9504,60630,9570,9429
60640,10674,9508,60650,9592,9449
60660,10681,9518,60670,9588,9438
60680,10671,9520,60690,9581,9441
60700,10677,9521,60710,9583,9449
60720,10673,9512,60730,9582,9431
60740,10683,9516,60750,9588,9450
60760,10668,9519,60770,9587,9439
60780,10661,9507,60790,9595,9446
60800,10679,9512,60810,9577,9456
60820,10661,9506,60830,9583,9440
60840,10676,9521,60850,9593,9434
60860,10682,9521,60870,9581,9454
60880,10662,9520,60890,9596,9455
60900,10676,9523,60910,9595,9459
60920,10663,9522,60930,9594,9441
60940,10673,9543,60950,9610,9462
60960,10681,9540,60970,9608,9462
60980,10674,9515,60990,9609,9478
61000,10712,9548,61010,9615,9469
61020,10688,9535,61030,9597,9459
61040,10711,9561,61050,9618,9464
61060,10711,9557,61070,9616,9463
61080,10687,9532,61090,9621,9483
61100,10711,9554,61110,9616,9471
61120,10704,9527,61130,9600,9465
61140,10711,9555,61150,9632,9476
61160,10703,9546,61170,9606,9469
61180,10701,9538,61190,9618,9484
61200,10713,9548,61210,9607,9476
61220,10689,9542,61230,9605,9474
61240,10708,9563,61250,9635,9478
61260,10705,9555,61270,9614,9469
61280,10705,9537,61290,9622,9481
61300,10709,9552,61310,9621,9484
61320,10710,9544,61330,9611,9471
61340,10717,9564,61350,9631,9481
61360,10710,9550,61370,9618,9472
61380,10708,9535,61390,9623,9484
61400,10718,9561,61410,9626,9477
61420,10702,9550,61430,9598,9470
61440,10715,9561,61450,9628,9487
61460,10721,9547,61470,9615,9468
61480,10695,9526,61490,9622,9487
61500,10714,9559,61510,9618,9486
61520,10707,9535,61530,9620,9477
61540,10712,9553,61550,9618,9485
61560,10705,9550,61570,9609,9475
61580,10703,9551,61590,9637,9487
61600,10717,9557,61610,9626,9483
61620,10701,9550,61630,9620,9475
61640,10717,9562,61650,9626,9488
61660,10708,9551,61670,9623,9478
61680,10699,9553,61690,9640,9493
61700,10714,9561,61710,9627,9485
61720,10696,9541,61730,9627,9478
61740,10726,9577,61750,9632,9484
61760,10718,9564,61770,9623,9486
61780,10705,9558,61790,9631,9497
61800,10734,9571,61810,9628,9485
61820,10709,9553,61830,9629,9488
61840,10732,9578,61850,9633,9490
61860,10726,9573,61870,9622,9489
61880,10713,9553,61890,9652,9512
61900,10732,9559,61910,9629,9491
61920,10719,9559,61930,9629,9498
61940,10720,9561,61950,9641,9505
61960,10724,9569,61970,9638,9502
61980,10722,9549,61990,9649,9506
62000,10725,9567,62010,9639,9487
62020,10715,9566,62030,9615,9476
62040,10716,9575,62050,9631,9495
62060,10706,9554,62070,9626,9486
62080,10707,9554,62090,9647,9497
62100,10718,9568,62110,9627,9494
62120,10697,9564,62130,9626,9494
62140,10738,9576,62150,9634,9494
62160,10718,9554,62170,9627,9496
62180,10713,9566,62190,9640,9515
62200,10724,9564,62210,9637,9496
62220,10717,9562,62230,9623,9493
62240,10741,9582,62250,9631,9504
62260,10727,9559,62270,9633,9486
62280,10723,9566,62290,9648,9500
62300,10729,9570,62310,9630,9495
62320,10719,9561,62330,9644,9490
62340,10747,9585,62350,9641,9501
62360,10723,9568,62370,9632,9487
62380,10720,9559,62390,9658,9513
62400,10724,9564,62410,9642,9496
62420,10730,9564,62430,9640,9497
62440,10738,9580,62450,9641,9498
62460,10727,9558,62470,9633,9484
62480,10721,9558,62490,9652,9512
