LED1 Timestamp (ms),LED1_PD1,LED1_PD2,LED2 Timestamp (ms),LED2_PD1,LED2_PD2
191500,8953,4698,191510,8578,4764
191520,8949,4692,191530,8576,4756
191540,8944,4699,191550,8572,4763
191560,8956,4695,191570,8577,4760
191580,8943,4711,191590,8577,4732
191600,8953,4677,191610,8598,4738
191620,8951,4687,191630,8568,4775
191640,8945,4684,191650,8584,4763
191660,8956,4707,191670,8584,4751
191680,8949,4707,191690,8584,4773
191700,8955,4748,191710,8594,4808
191720,8962,4760,191730,8592,4785
191740,8953,4744,191750,8586,4807
191760,8959,4724,191770,8597,4807
191780,8957,4732,191790,8585,4785
191800,8960,4725,191810,8586,4767
191820,8965,4716,191830,8574,4785
191840,8966,4727,191850,8592,4782
191860,8947,4768,191870,8583,4790
191880,8963,4742,191890,8591,4799
191900,8958,4735,191910,8605,4809
191920,8970,4735,191930,8600,4780
191940,8971,4719,191950,8623,4776
191960,8986,4728,191970,8611,4795
191980,8991,4743,191990,8614,4779
192000,8995,4736,192010,8641,4783
192020,9007,4737,192030,8629,4797
192040,9012,4743,192050,8653,4802
192060,9019,4726,192070,8654,4790
192080,9024,4737,192090,8656,4802
192100,9036,4732,192110,8668,4792
192120,9036,4731,192130,8662,4799
192140,9023,4733,192150,8674,4796
192160,9043,4759,192170,8670,4807
192180,9025,4752,192190,8642,4808
192200,9017,4746,192210,8638,4815
192220,8993,4730,192230,8592,4792
192240,8955,4727,192250,8580,4808
192260,8924,4744,192270,8524,4774
192280,8893,4718,192290,8541,4800
192300,8968,4730,192310,8590,4777
192320,8947,4733,192330,8582,4799
192340,8944,4755,192350,8585,4795
192360,8955,4745,192370,8587,4703
192380,8970,4730,192390,8598,4813
192400,8972,4726,192410,8624,4797
192420,9005,4739,192430,8642,4805
192440,9032,4741,192450,8659,4790
192460,9064,4703,192470,8676,4798
192480,9062,4724,192490,8677,4810
192500,9077,4739,192510,8694,4755
192520,9067,4754,192530,8681,4823
192540,9064,4752,192550,8678,4826
192560,9066,4771,192570,8665,4799
192580,9051,4758,192590,8680,4808
192600,9064,4743,192610,8698,4823
192620,9055,4735,192630,8672,4800
192640,9059,4727,192650,8688,4786
192660,9089,4735,192670,8692,4812
192680,9063,4720,192690,8689,4827
192700,9074,4682,192710,8698,4795
192720,9073,4745,192730,8678,4809
192740,9055,4727,192750,8685,4811
192760,9070,4731,192770,8684,4801
192780,9051,4731,192790,8673,4814
192800,9059,4724,192810,8695,4800
192820,9069,4743,192830,8665,4794
192840,9050,4776,192850,8687,4798
192860,9063,4720,192870,8672,4805
192880,9050,4741,192890,8674,4814
192900,9045,4735,192910,8677,4791
192920,9014,4724,192930,8650,4794
192940,8984,4718,192950,8617,4800
192960,8979,4717,192970,8585,4792
192980,8921,4718,192990,8535,4784
193000,8888,4731,193010,8532,4821
193020,8921,4712,193030,8600,4778
193040,9224,4740,193050,9216,4778
193060,9587,4730,193070,9199,4775
193080,9420,4727,193090,8919,4799
193100,8998,4739,193110,8750,4792
193120,9221,4748,193130,8976,4817
193140,9297,4749,193150,8963,4788
193160,9253,4734,193170,8759,4732
193180,9192,4728,193190,8910,4782
193200,9327,4756,193210,8952,4797
193220,9295,4751,193230,8957,4817
193240,9339,4757,193250,9058,4796
193260,9464,4745,193270,9076,4795
193280,9495,4739,193290,9146,4782
193300,9600,4712,193310,9263,4815
193320,9649,4732,193330,9320,4795
193340,9716,4749,193350,9400,4778
193360,9766,4748,193370,9367,4788
193380,9743,4741,193390,9376,4794
193400,9788,4741,193410,9410,4799
193420,9743,4759,193430,9362,4798
193440,9751,4691,193450,9389,4832
193460,9769,4742,193470,9339,4791
193480,9728,4747,193490,9321,4808
193500,9744,4743,193510,9312,4797
193520,9720,4722,193530,9261,4775
193540,9680,4723,193550,9281,4787
193560,9679,4733,193570,9235,4793
193580,9639,4730,193590,9229,4799
193600,9662,4713,193610,9235,4788
193620,9618,4747,193630,9180,4798
193640,9608,4740,193650,9239,4790
193660,9609,4747,193670,9159,4803
193680,9534,4747,193690,9122,4811
193700,9543,4745,193710,9077,4802
193720,9459,4736,193730,9011,4812
193740,9454,4717,193750,9016,4777
193760,9447,4700,193770,8961,4785
193780,9390,4724,193790,8928,4772
193800,9413,4729,193810,8926,4804
193820,9377,4729,193830,8873,4792
193840,9346,4713,193850,8848,4770
193860,9LED1 Timestamp (ms),LED1_PD1,LED1_PD2,LED2 Timestamp (ms),LED2_PD1,LED2_PD2
15000,9737,4948,15010,9383,5015
15020,9754,4975,15030,9418,5032
15040,9768,4946,15050,9390,5029
15060,9735,4957,15070,9400,5022
15080,9777,4962,15090,9409,5033
15100,9742,4962,15110,9387,5016
15120,9740,4975,15130,9425,5019
15140,9773,4971,15150,9386,5054
15160,9729,4972,15170,9384,5017
15180,9768,4964,15190,9423,5025
15200,9750,4955,15210,9373,5037
15220,9742,4965,15230,9418,5025
15240,9758,4971,15250,9390,5024
15260,9720,4954,15270,9406,5036
15280,9772,4958,15290,9429,5010
15300,9722,4976,15310,9372,4877
15320,9754,4951,15330,9406,5004
15340,9777,4946,15350,9386,5005
15360,9728,4937,15370,9406,5006
15380,9764,4963,15390,9414,5023
15400,9743,4957,15410,9375,5029
15420,9746,4957,15430,9416,5016
15440,9754,4938,15450,9389,4999
15460,9714,4933,15470,9403,5003
15480,9775,4952,15490,9407,5045
15500,9745,4945,15510,9379,5000
15520,9752,4966,15530,9415,5034
15540,9770,4973,15550,9402,5067
15560,9735,4968,15570,9412,5042
15580,9777,4977,15590,9401,5059
15600,9747,4969,15610,9390,5043
15620,9751,4971,15630,9427,5056
15640,9759,4948,15650,9387,5044
15660,9742,4938,15670,9409,5033
15680,9776,4961,15690,9418,5025
15700,9749,4983,15710,9388,4872
15720,9768,4539,15730,9412,4512
15740,9760,4271,15750,9392,4337
15760,9743,4203,15770,9408,4216
15780,9768,4121,15790,9414,4172
15800,9745,4124,15810,9375,4517
15820,9739,4250,15830,9425,4320
15840,9753,4264,15850,9409,4607
15860,9731,4553,15870,9391,4601
15880,9764,4557,15890,9404,4606
15900,9750,4557,15910,9379,4631
15920,9765,4533,15930,9418,4592
15940,9768,4501,15950,9393,4445
15960,9727,4383,15970,9396,4462
15980,9768,4372,15990,9412,4435
16000,9731,4371,16010,9391,4403
16020,9771,4353,16030,9409,4406
16040,9777,4368,16050,9382,4407
16060,9732,4461,16070,9425,4553
16080,9765,4486,16090,9407,4538
16100,9743,4420,16110,9407,4533
16120,9766,4426,16130,9430,4548
16140,9769,4430,16150,9388,4536
16160,9731,4582,16170,9418,4693
16180,9778,4586,16190,9406,4694
16200,9741,4628,16210,9384,4744
16220,9786,4677,16230,9409,4747
16240,9751,4704,16250,9386,4685
16260,9744,4605,16270,9410,4631
16280,9781,4635,16290,9411,5119
16300,9752,5081,16310,9376,5130
16320,9763,5048,16330,9431,5129
16340,9772,5036,16350,9378,5132
16360,9746,5037,16370,9398,5104
16380,9767,5058,16390,9407,5081
16400,9754,5025,16410,9381,5108
16420,9759,5058,16430,9405,5165
16440,9756,5020,16450,9384,5104
16460,9732,5034,16470,9418,5132
16480,9761,5053,16490,9400,5139
16500,9730,5043,16510,9381,5146
16520,9777,5050,16530,9407,5111
16540,9763,5053,16550,9387,5131
16560,9736,5077,16570,9398,5140
16580,9777,5063,16590,9386,5118
16600,9733,5040,16610,9360,5112
16620,9751,5042,16630,9411,5136
16640,9730,5060,16650,9367,5134
16660,9717,5067,16670,9384,5104
16680,9743,5075,16690,9361,5159
16700,9714,5037,16710,9330,5162
16720,9721,5041,16730,9388,5116
16740,9702,5044,16750,9344,5127
16760,9705,5045,16770,9362,5111
16780,9725,5052,16790,9364,5121
16800,9706,5045,16810,9350,5119
16820,9739,5047,16830,9396,5115
16840,9731,5020,16850,9358,5103
16860,9707,5030,16870,9390,5085
16880,9741,5014,16890,9375,5112
16900,9715,5052,16910,9350,5119
16920,9742,5062,16930,9385,5120
16940,9735,5067,16950,9359,5139
16960,9704,5072,16970,9414,5141
16980,9751,5065,16990,9389,5138
17000,9712,5082,17010,9367,5129
17020,9738,5100,17030,9399,5139
17040,9748,5066,17050,9376,5140
17060,9707,5076,17070,9389,5153
17080,9750,5085,17090,9375,5138
17100,9713,5084,17110,9360,5132
17120,9741,4948,17130,9394,5114
17140,9731,5081,17150,9362,5113
17160,9724,5066,17170,9394,5142
17180,9756,5062,17190,9382,5142
17200,9715,5082,17210,9357,5122
17220,9747,5057,17230,9397,5128
17240,9725,5061,17250,9366,5144
17260,9718,5076,17270,9398,5144
17280,9766,5070,17290,9384,5099
17300,9716,5084,17310,9352,5150
17320,9759,5077,17330,9395,5153
17340,9726,5059,17350,9354,5120
17360,9719,4965,17370,9401,4999
17380,9754,4940,17390,9384,5164
17400,9721,5060,17410,9374,5133
17420,9751,5064,17430,9423,5112
17440,9714,5066,17450,9384,5155
17460,9720,5038,17470,9403,5153
17480,9762,5095,17490,9386,5130
17500,9716,5061,17510,9368,5137
17520,9751,5067,17530,9418,5141
17540,9740,5059,17550,9368,5135
17560,9727,5045,17570,9400,5135
17580,9750,5044,17590,9378,5107
17600,9721,5049,17610,9356,5110
17620,9758,5095,17630,9402,5212
17640,9729,5115,17650,9358,5168
17660,9728,5117,17670,9411,5208
17680,9772,5157,17690,9372,5212
17700,9749,5211,17710,9383,5283
17720,9762,5214,17730,9399,5278
17740,9746,5053,17750,9373,5271
17760,9733,5180,17770,9418,5304
17780,9765,4699,17790,9378,5213
17800,9732,5173,17810,9388,5289
17820,9781,5207,17830,9429,5275
17840,9752,5170,17850,9382,5271
17860,9734,5192,17870,9416,5292
17880,9769,5356,17890,9385,5315
17900,9722,5161,17910,9379,5298
17920,9771,5206,17930,9410,5259
17940,9733,5230,17950,9378,5278
17960,9739,5309,17970,9396,5229
17980,9760,5191,17990,9378,5268
18000,9726,5181,18010,9378,5208
18020,9763,5120,18030,9406,5219
18040,9728,5143,18050,9382,5218
18060,9746,5417,18070,9421,5445
18080,9760,5401,18090,9375,5425
18100,9735,5355,18110,9386,5449
18120,9784,5359,18130,9399,5368
18140,9712,5066,18150,9371,5156
18160,9737,5150,18170,9424,5226
18180,9760,5082,18190,9379,5434
18200,9732,5250,18210,9398,5337
18220,9749,5265,18230,9400,5357
18240,9733,5269,18250,9372,5372
18260,9740,5298,18270,9421,5267
18280,9760,5268,18290,9372,5269
18300,9729,5224,18310,9374,5324
18320,9763,5238,18330,9417,5227
18340,9739,5253,18350,9365,5310
18360,9729,5286,18370,9419,5357
18380,9737,5226,18390,9371,5366
18400,9715,5283,18410,9376,5366
18420,9771,5290,18430,9393,5333
18440,9737,5293,18450,9378,5371
18460,9733,5279,18470,9416,5331
18480,9776,5292,18490,9369,5235
18500,9720,5291,18510,9380,5341
18520,9768,5255,18530,9388,5294
18540,9727,5260,18550,9366,5317
18560,9727,5079,18570,9424,5309
18580,9748,5269,18590,9382,5313
18600,9723,5199,18610,9392,5320
18620,9761,5153,18630,9397,5327
18640,9724,5282,18650,9372,5363
18660,9730,5289,18670,9420,5339
18680,9764,5257,18690,9374,5341
18700,9722,5311,18710,9387,5354
18720,9775,5267,18730,9407,5337
18740,9721,5257,18750,9376,5317
18760,9730,5263,18770,9409,5337
18780,9767,5318,18790,9360,5319
18800,9722,5299,18810,9393,5339
18820,9768,5391,18830,9389,5366
18840,9735,5364,18850,9378,5062
18860,9736,5317,18870,9410,5431
18880,9757,5338,18890,9377,5423
18900,9747,5296,18910,9377,5439
18920,9777,5412,18930,9408,5495
18940,9728,5430,18950,9378,4817
18960,9735,4750,18970,9416,4842
18980,9757,4788,18990,9393,4853
19000,9715,4755,19010,9388,4506
19020,9778,4520,19030,9400,4664
19040,9719,4509,19050,9373,4916
19060,9741,4857,19070,9418,4569
19080,9748,4490,19090,9375,4553
19100,9739,4592,19110,9386,4685
19120,9758,4610,19130,9391,4654
19140,9721,4571,19150,9369,4657
19160,9711,4590,19170,9407,4708
19180,9735,4610,19190,9380,4652
19200,9718,4633,19210,9389,4678
19220,9774,4573,19230,9412,4683
19240,9715,4609,19250,9366,4658
19260,9742,4660,19270,9426,4752
19280,9752,4655,19290,9358,4729
19300,9720,4636,19310,9403,4745
19320,9762,4726,19330,9385,4767
19340,9713,4695,19350,9364,4764
19360,9737,4707,19370,9421,4754
19380,9754,4692,19390,9369,4785
19400,9722,4684,19410,9390,4748
19420,9766,4688,19430,9394,4740
19440,9718,4702,19450,9377,4708
19460,9735,4715,19470,9410,4749
19480,9748,4690,19490,9370,4751
19500,9721,4609,19510,9388,4726
19520,9775,4681,19530,9376,4693
19540,9726,4652,19550,9399,4724
19560,9721,4699,19570,9412,4744
19580,9739,4681,19590,9380,4753
19600,9729,4709,19610,9392,4704
19620,9781,4682,19630,9406,4755
19640,9721,4685,19650,9370,4746
19660,9729,4673,19670,9426,4731
19680,9769,4701,19690,9361,4734
19700,9719,4656,19710,9391,4762
19720,9779,4674,19730,9406,4747
19740,9723,4664,19750,9365,4703
19760,9751,4663,19770,9422,4736
19780,9750,4486,19790,9375,4571
19800,9724,4532,19810,9371,4605
19820,9767,4423,19830,9392,4613
19840,9728,4506,19850,9389,4627
19860,9750,4543,19870,9418,4608
19880,9748,4459,19890,9371,4484
19900,9731,4399,19910,9406,4624
19920,9761,4399,19930,9395,4602
19940,9712,4400,19950,9381,4429
19960,9730,4515,19970,9420,4297
19980,9756,4534,19990,9375,4426
20000,9740,4394,20010,9406,4566
20020,9772,4463,20030,9402,4575
20040,9724,4520,20050,9388,4588
20060,9739,4387,20070,9401,4590
20080,9761,4520,20090,9394,4575
20100,9741,4512,20110,9412,4494
20120,9806,4432,20130,9419,4488
20140,9736,4496,20150,9397,4454
20160,9735,4338,20170,9402,4535
20180,9738,4472,20190,9353,4580
20200,9714,4331,20210,9385,4622
20220,9754,4410,20230,9370,4527
20240,9697,4502,20250,9368,4528
20260,9758,4478,20270,9455,4556
20280,9812,4491,20290,9442,4563
20300,9762,4497,20310,9389,4571
20320,9687,4496,20330,9297,4565
20340,9603,4509,20350,9222,4535
20360,9603,4460,20370,9280,4561
20380,9708,4474,20390,9389,4542
20400,9757,4432,20410,9438,4483
20420,9866,4435,20430,9484,4481
20440,9816,4418,20450,9486,4466
20460,9872,4446,20470,9546,4505
20480,9861,4461,20490,9516,4553
20500,9880,4447,20510,9555,4271
20520,9916,4227,20530,9530,4262
20540,9879,4210,20550,9524,4310
20560,9913,4249,20570,9591,4536
20580,9905,4432,20590,9502,4481
20600,9871,4482,20610,9530,4498
20620,9915,4445,20630,9534,4536
20640,9874,4443,20650,9519,4518
20660,9918,4476,20670,9578,4536
20680,9914,4436,20690,9534,4509
20700,9903,4454,20710,9549,4494
20720,9878,4415,20730,9463,4689
20740,9802,4632,20750,9455,4703
20760,9806,4534,20770,9434,4576
20780,9775,4526,20790,9346,4624
20800,9751,4534,20810,9352,4572
20820,9749,4500,20830,9292,4560
20840,9698,4531,20850,9248,4538
20860,9691,4252,20870,9296,4309
20880,9693,4285,20890,9265,4290
20900,9695,4273,20910,9295,4296
20920,9711,4210,20930,9261,4339
20940,9682,4293,20950,9273,4359
20960,9722,4265,20970,9288,4363
20980,9736,4267,20990,9255,4336
21000,9750,4251,21010,9270,4315
21020,9787,4258,21030,9260,4343
21040,9776,4271,21050,9268,4365
21060,9856,4282,21070,9285,4344
21080,9869,4309,21090,9249,4333
21100,9890,4281,21110,9186,4353
21120,9793,4295,21130,8998,4353
21140,9730,4329,21150,8927,4374
21160,9774,4270,21170,8832,4384
21180,9850,4256,21190,8782,4354
21200,9901,4277,21210,8788,4353
21220,9874,4287,21230,8820,4390
21240,9821,4277,21250,8885,4387
21260,9791,4286,21270,8902,4337
21280,9767,4305,21290,8891,4325
21300,9786,4279,21310,8915,4369
21320,9777,4283,21330,8895,4327
21340,9754,4271,21350,8927,4349
21360,9750,4288,21370,8922,4386
21380,9714,4268,21390,8885,4370
21400,9759,4279,21410,8864,4363
21420,9782,4263,21430,8813,4331
21440,9801,4270,21450,8822,4334
21460,9826,4250,21470,8803,4369
21480,9813,4231,21490,8807,4323
21500,9832,4258,21510,8859,4312
21520,9808,4291,21530,8893,4360
21540,9785,4290,21550,8884,4329
21560,9830,4335,21570,8837,4366
21580,9872,4277,21590,8789,4372
21600,9895,4285,21610,8766,4316
21620,9926,4237,21630,8728,4349
21640,9976,4256,21650,8727,4363
21660,10021,4353,21670,8710,4357
21680,10051,4289,21690,8679,4359
21700,10119,4326,21710,8678,4370
21720,10180,4328,21730,8703,4377
21740,10061,4301,21750,8817,4323
21760,9962,4320,21770,8883,4369
21780,9905,4317,21790,8887,4390
21800,9950,4314,21810,8879,4360
21820,10002,4295,21830,8807,4368
21840,10126,4292,21850,8694,4357
21860,10393,4297,21870,8564,4357
21880,10790,4253,21890,8458,4293
21900,11024,4243,21910,8406,4358
21920,11049,4257,21930,8369,4373
21940,10888,4294,21950,8371,4328
21960,10827,4300,21970,8336,4334
21980,10799,4304,21990,8335,4406
22000,10787,4239,22010,8340,4302
22020,10753,4192,22030,8352,4281
22040,10763,4215,22050,8368,4290
22060,10828,4244,22070,8356,4328
22080,10981,4224,22090,8381,4335
22100,11018,4274,22110,8438,4342
22120,10879,4309,22130,8540,4328
22140,10679,4280,22150,8624,4375
22160,10614,4292,22170,8613,4332
22180,10681,4271,22190,8546,4361
22200,10873,4296,22210,8417,4349
22220,10886,4280,22230,8359,4326
22240,10756,4279,22250,8365,4349
22260,10613,4293,22270,8329,4377
22280,10622,4286,22290,8324,4339
22300,10780,4305,22310,8330,4358
22320,10875,4286,22330,8346,4337
22340,11001,4313,22350,8349,4326
22360,11073,4288,22370,8325,4344
22380,11191,4257,22390,8337,4341
22400,11301,4207,22410,8343,4317
22420,11339,4245,22430,8351,4320
22440,11386,4265,22450,8365,4322
22460,11408,4258,22470,8345,4343
22480,11450,4280,22490,8353,4346
22500,11499,4279,22510,8356,4359
22520,11501,4303,22530,8356,4353
22540,11532,4293,22550,8384,4374
22560,11536,4294,22570,8359,4361
22580,11566,4293,22590,8355,4368
22600,11597,4279,22610,8357,4339
22620,11571,4274,22630,8360,4332
22640,11595,4277,22650,8387,4358
22660,11593,4286,22670,8342,4358
22680,11624,4201,22690,8361,4356
22700,11632,4266,22710,8346,4339
22720,11615,4288,22730,8372,4361
22740,11596,4233,22750,8384,4366
22760,11614,4305,22770,8356,4315
22780,11629,4314,22790,8353,4336
22800,11611,4314,22810,8351,4196
22820,11575,4181,22830,8358,4270
22840,11607,4177,22850,8386,4238
22860,11647,4196,22870,8356,4247
22880,11651,4192,22890,8362,4267
22900,11686,4183,22910,8352,4234
22920,11665,4169,22930,8358,4226
22940,11652,4191,22950,8380,4277
22960,11668,4174,22970,8364,4343
22980,11665,4270,22990,8360,4319
23000,11680,4273,23010,8378,4347
23020,11665,4265,23030,8369,4365
23040,11681,4273,23050,8357,4322
23060,11685,4275,23070,8361,4332
23080,11698,4316,23090,8367,4334
23100,11695,4303,23110,8364,4374
23120,11684,4264,23130,8364,4388
23140,11692,4324,23150,8362,4368
23160,11710,4317,23170,8357,4338
23180,11718,4311,23190,8370,4331
23200,11719,4276,23210,8382,4327
23220,11710,4271,23230,8369,4359
23240,11713,4276,23250,8375,4328
23260,11741,4319,23270,8365,4309
23280,11735,4262,23290,8370,4356
23300,11727,4296,23310,8373,4403
23320,11712,4262,23330,8367,4340
23340,11726,4327,23350,8371,4325
23360,11726,4313,23370,8359,4357
23380,11733,4279,23390,8374,4312
23400,11734,4280,23410,8366,4341
23420,11725,4289,23430,8362,4335
23440,11739,4277,23450,8368,4352
23460,11746,4335,23470,8359,4344
23480,11740,4292,23490,8369,4356
23500,11752,4319,23510,8367,4368
23520,11747,4275,23530,8370,4377
23540,11744,4253,23550,8370,4382
23560,11763,4309,23570,8366,4336
23580,11748,4290,23590,8360,4370
23600,11762,4316,23610,8364,4339
23620,11755,4298,23630,8358,4391
23640,11757,4327,23650,8365,4359
23660,11760,4290,23670,8368,4377
23680,11744,4313,23690,8364,4330
23700,11757,4288,23710,8367,4377
23720,11753,4296,23730,8363,4379
23740,11749,4324,23750,8367,4344
23760,11749,4248,23770,8358,4345
23780,11748,4272,23790,8364,4368
23800,11763,4253,23810,8366,4313
23820,11757,4258,23830,8358,4359
23840,11746,4235,23850,8371,4331
23860,11756,4274,23870,8381,4353
23880,11722,4294,23890,8370,4378
23900,11712,4406,23910,8379,4411
23920,11721,4283,23930,8364,4346
23940,11728,4277,23950,8366,4370
23960,11760,4309,23970,8366,4365
23980,11771,4252,23990,8347,4326
24000,11740,4312,24010,8372,4353
24020,11718,4329,24030,8363,4348
24040,11758,4282,24050,8365,4336
24060,11764,4312,24070,8357,4343
24080,11766,4296,24090,8363,4307
24100,11773,4308,24110,8369,4388
24120,11770,4277,24130,8373,4323
24140,11761,4263,24150,8374,4381
24160,11766,4277,24170,8371,4363
24180,11762,4286,24190,8371,4342
24200,11771,4309,24210,8365,4355
24220,11769,4293,24230,8367,4335
24240,11759,4241,24250,8367,4367
24260,11779,4308,24270,8362,4370
24280,11769,4271,24290,8368,4304
24300,11774,4274,24310,8375,4372
24320,11767,4292,24330,8370,4318
24340,11758,4290,24350,8366,4282
24360,11757,4282,24370,8364,4362
24380,11755,4291,24390,8367,4407
24400,11770,4283,24410,8371,4368
24420,11770,4297,24430,8363,4297
24440,11765,4305,24450,8376,4369
24460,11764,4295,24470,8359,4384
24480,11759,4295,24490,8367,4331
24500,11766,4272,24510,8369,4364
24520,11761,4299,24530,8368,4363
24540,11766,4313,24550,8371,4350
24560,11766,4290,24570,8379,4362
24580,11770,4302,24590,8364,4280
24600,11765,4328,24610,8373,4330
24620,11759,4299,24630,8367,4337
24640,11766,4279,24650,8377,4348
24660,11764,4268,24670,8364,4389
24680,11776,4290,24690,8375,4367
24700,11763,4276,24710,8374,4330
24720,11761,4308,24730,8368,4374
24740,11763,4298,24750,8368,4365
24760,11768,4337,24770,8374,4367
24780,11763,4281,24790,8367,4344
24800,11773,4313,24810,8374,4393
24820,11766,4242,24830,8354,4351
24840,11763,4287,24850,8375,4313
24860,11760,4316,24870,8360,4374
24880,11761,4301,24890,8366,4351
24900,11771,4277,24910,8368,4389
24920,11775,4236,24930,8367,4376
24940,11761,4250,24950,8374,4344
24960,11777,4279,24970,8367,4360
24980,11769,4239,24990,8371,4302
25000,11772,4264,25010,8367,4372
25020,11760,4249,25030,8357,4304
25040,11730,4266,25050,8371,4298
25060,11734,4265,25070,8361,4359
25080,11746,4278,25090,8353,4332
25100,11756,4267,25110,8367,4332
25120,11771,4267,25130,8361,4332
25140,11774,4258,25150,8361,4351
25160,11777,4313,25170,8370,4337
25180,11770,4220,25190,8366,4308
25200,11748,4299,25210,8372,4314
25220,11777,4276,25230,8368,4367
25240,11780,4272,25250,8366,4322
25260,11784,4305,25270,8368,4345
25280,11774,4297,25290,8352,4351
25300,11760,4312,25310,8376,4353
25320,11779,4289,25330,8357,4342
25340,11767,4263,25350,8370,4366
25360,11774,4310,25370,8365,4373
25380,11772,4288,25390,8381,4375
25400,11778,4283,25410,8373,4325
25420,11769,4276,25430,8369,4377
25440,11770,4271,25450,8374,4354
25460,11783,4307,25470,8364,4330
25480,11778,4289,25490,8378,4373
25500,11768,4237,25510,8369,4311
25520,11760,4302,25530,8365,4267
25540,11770,4189,25550,8359,4244
25560,11767,4561,25570,8369,4634
25580,11759,4599,25590,8379,4593
25600,11778,4598,25610,8378,4662
25620,11757,4605,25630,8377,4673
25640,11752,4634,25650,8370,4656
25660,11770,4646,25670,8366,4698
25680,11756,4616,25690,8363,4688
25700,11768,4637,25710,8352,4672
25720,11763,4622,25730,8367,4673
25740,11772,4341,25750,8377,4379
25760,11774,4279,25770,8372,4375
25780,11769,4308,25790,8371,4180
25800,11771,4277,25810,8374,4431
25820,11765,4366,25830,8376,4319
25840,11780,4267,25850,8359,4311
25860,11770,4221,25870,8362,4376
25880,11764,4242,25890,8377,4381
25900,11762,4288,25910,8362,4300
25920,11767,4231,25930,8364,4468
25940,11774,4392,25950,8362,4486
25960,11778,4347,25970,8358,4005
25980,11769,3958,25990,8357,3992
26000,11764,3860,26010,8359,4035
26020,11759,4032,26030,8367,3945
26040,11780,4518,26050,8367,4234
26060,11771,5223,26070,8363,5299
26080,11780,4029,26090,8365,4433
26100,11767,4046,26110,8357,4126
26120,11763,4080,26130,8365,4934
26140,11770,4032,26150,8363,4007
26160,11778,3959,26170,8365,4061
26180,11750,4885,26190,8361,4093
26200,11742,4120,26210,8367,4030
26220,11737,4489,26230,8373,5326
26240,11750,4485,26250,8366,4549
26260,11755,4487,26270,8371,4464
26280,11782,4525,26290,8357,4460
26300,11789,4507,26310,8360,4510
26320,11791,4461,26330,8363,4557
26340,11784,4509,26350,8354,4560
26360,11768,4507,26370,8371,4555
26380,11788,4515,26390,8376,4561
26400,11787,4607,26410,8375,4579
26420,11781,4524,26430,8375,4560
26440,11791,4460,26450,8361,5255
26460,11778,4594,26470,8358,5264
26480,11786,5157,26490,8373,5213
26500,11770,4692,26510,8367,5220
26520,11769,4464,26530,8370,4496
26540,11772,4557,26550,8363,4622
26560,11765,4841,26570,8374,5240
26580,11770,5149,26590,8377,4569
26600,11779,4612,26610,8366,4585
26620,11776,4505,26630,8382,4534
26640,11780,5213,26650,8388,4678
26660,11775,4503,26670,8370,4533
26680,11780,4503,26690,8369,4555
26700,11767,4533,26710,8368,4597
26720,11768,4501,26730,8380,4537
26740,11774,4533,26750,8371,4605
26760,11780,5165,26770,8369,5269
26780,11783,4576,26790,8386,5245
26800,11775,4628,26810,8363,4745
26820,11762,5010,26830,8369,4742
26840,11767,4492,26850,8361,4670
26860,11775,4500,26870,8356,4546
26880,11777,4619,26890,8366,4642
26900,11769,4581,26910,8375,4648
26920,11768,4523,26930,8359,4570
26940,11781,5054,26950,8365,4697
26960,11776,5036,26970,8366,4921
26980,11786,4613,26990,8376,4674
27000,11760,5219,27010,8373,4562
27020,11769,4591,27030,8372,4568
27040,11777,4609,27050,8371,4643
27060,11787,4570,27070,8367,4572
27080,11768,4549,27090,8357,4689
27100,11781,4617,27110,8365,4645
27120,11774,5045,27130,8374,5102
27140,11772,5007,27150,8376,4673
27160,11771,4612,27170,8364,4680
27180,11779,5088,27190,8367,5152
27200,11770,4601,27210,8369,4674
27220,11767,5065,27230,8370,5091
27240,11779,4470,27250,8369,4560
27260,11775,4579,27270,8357,4658
27280,11778,4365,27290,8366,4424
27300,11780,4657,27310,8371,4419
27320,11772,4636,27330,8365,4739
27340,11754,4678,27350,8386,4740
27360,11750,4380,27370,8366,4447
27380,11764,4381,27390,8365,4457
27400,11757,4676,27410,8369,4453
27420,11776,4396,27430,8362,4446
27440,11790,4675,27450,8362,4446
27460,11799,4354,27470,8361,4430
27480,11779,4403,27490,8365,4756
27500,11782,4382,27510,8374,4465
27520,11781,4409,27530,8371,4425
27540,11784,4360,27550,8371,4437
27560,11774,4383,27570,8357,4434
27580,11782,4477,27590,8377,4480
27600,11774,4402,27610,8357,4500
27620,11790,4383,27630,8373,4402
27640,11784,4705,27650,8360,4457
27660,11774,4416,27670,8362,4504
27680,11773,4440,27690,8367,4432
27700,11783,4392,27710,8371,4459
27720,11780,4376,27730,8377,4433
27740,11787,4389,27750,8361,4453
27760,11776,4383,27770,8371,4444
27780,11775,4383,27790,8365,4463
27800,11776,4362,27810,8368,4444
27820,11787,4407,27830,8370,4457
27840,11790,4670,27850,8376,4439
27860,11785,4393,27870,8362,4430
27880,11789,4453,27890,8374,4425
27900,11783,4683,27910,8367,4450
27920,11768,4363,27930,8373,4446
27940,11783,4641,27950,8372,4758
27960,11773,4689,27970,8371,4458
27980,11779,4350,27990,8373,4450
28000,11785,4392,28010,8375,4475
28020,11782,4383,28030,8375,4466
28040,11789,4705,28050,8368,4757
28060,11782,4387,28070,8368,4472
28080,11795,4416,28090,8378,4510
28100,11784,4394,28110,8370,4464
28120,11769,4406,28130,8373,4774
28140,11769,4663,28150,8368,4402
28160,11784,4461,28170,8365,4668
28180,11781,4599,28190,8374,4541
28200,11772,4458,28210,8361,4563
28220,11762,4696,28230,8359,4555
28240,11771,4504,28250,8365,4547
28260,11788,4930,28270,8365,5205
28280,11781,4619,28290,8376,4548
28300,11782,5093,28310,8373,5187
28320,11784,4475,28330,8367,4751
28340,11778,5165,28350,8371,5171
28360,11771,4490,28370,8364,4778
28380,11793,4501,28390,8367,4541
28400,11784,4566,28410,8371,4574
28420,11778,5117,28430,8382,4571
28440,11796,4458,28450,8371,4569
28460,11776,4476,28470,8376,4545
28480,11758,4486,28490,8379,4521
28500,11753,4539,28510,8362,4532
28520,11740,4494,28530,8364,4545
28540,11734,4524,28550,8369,4552
28560,11754,4517,28570,8360,4579
28580,11755,4641,28590,8371,4703
28600,11779,5164,28610,8367,5185
28620,11792,4528,28630,8375,4565
28640,11794,4654,28650,8361,5219
28660,11797,4495,28670,8366,4749
28680,11774,4688,28690,8369,4794
28700,11788,4531,28710,8370,4595
28720,11785,4610,28730,8376,4686
28740,11789,4504,28750,8375,4665
28760,11789,4582,28770,8367,4553
28780,11789,4458,28790,8387,4537
28800,11790,4480,28810,8366,4581
28820,11801,4526,28830,8382,4564
28840,11805,4508,28850,8372,4571
28860,11777,4609,28870,8370,4580
28880,11792,4523,28890,8374,4727
28900,11778,4553,28910,8358,5188
28920,11770,5155,28930,8371,4696
28940,11776,4771,28950,8363,4760
28960,11777,4562,28970,8368,4636
28980,11779,4686,28990,8365,5195
29000,11772,5128,29010,8377,4633
29020,11789,4549,29030,8364,4625
29040,11772,4572,29050,8365,5193
29060,11776,4627,29070,8375,4650
29080,11771,5119,29090,8370,5217
29100,11774,4559,29110,8364,4616
29120,11773,4569,29130,8373,5194
29140,11776,5126,29150,8363,4618
29160,11778,4656,29170,8366,4737
29180,11793,4740,29190,8382,4795
29200,11778,4683,29210,8362,4727
29220,11785,4652,29230,8377,5234
29240,11785,5165,29250,8381,4738
29260,11786,4655,29270,8361,4625
29280,11776,4659,29290,8374,5215
29300,11780,4543,29310,8364,4726
29320,11786,4561,29330,8367,4733
29340,11779,4648,29350,8371,4540
29360,11777,4576,29370,8360,4532
29380,11778,5124,29390,8382,5162
29400,11774,5106,29410,8376,5173
29420,11775,5120,29430,8377,4545
29440,11790,4744,29450,8362,4644
29460,11789,5124,29470,8374,4541
29480,11791,4597,29490,8381,5161
29500,11785,4603,29510,8365,5193
29520,11778,5128,29530,8368,4833
29540,11786,4616,29550,8378,4664
29560,11779,4469,29570,8366,4672
29580,11787,5016,29590,8376,4656
29600,11784,4581,29610,8368,4574
29620,11804,4509,29630,8374,5192
29640,11775,4622,29650,8359,4666
29660,11755,4596,29670,8361,4570
29680,11760,4629,29690,8368,5158
29700,11763,5130,29710,8370,4653
29720,11765,5136,29730,8371,4670
29740,11774,4545,29750,8375,4611
29760,11799,5152,29770,8362,5083
29780,11801,5164,29790,8364,5201
29800,11793,5131,29810,8383,5166
29820,11779,5115,29830,8372,5188
29840,11781,5121,29850,8367,5166
29860,11791,4519,29870,8372,4702
29880,11786,5132,29890,8382,4682
29900,11773,4477,29910,8364,4830
29920,11773,4739,29930,8374,4666
29940,11778,4629,29950,8374,4581
29960,11779,4782,29970,8362,4570
29980,11795,4610,29990,8368,4684
30000,11785,4633,30010,8371,4657
30020,11797,4488,30030,8385,5185
30040,11797,5130,30050,8363,5201
30060,11784,5129,30070,8362,4528
30080,11788,4484,30090,8370,4643
30100,11786,4565,30110,8373,4619
30120,11774,4481,30130,8379,4638
30140,11779,5105,30150,8372,5183
30160,11786,4563,30170,8367,4532
30180,11782,4519,30190,8366,4571
30200,11766,4481,30210,8369,4550
30220,11786,5000,30230,8377,4591
30240,11783,4556,30250,8373,4655
30260,11780,4483,30270,8372,5172
30280,11787,5092,30290,8376,5179
30300,11769,5153,30310,8363,4728
30320,11788,4539,30330,8373,5216
30340,11777,5139,30350,8366,4554
30360,11781,5122,30370,8367,5204
30380,11780,4512,30390,8378,4642
30400,11772,5134,30410,8381,4635
30420,11778,4510,30430,8373,4573
30440,11784,4585,30450,8373,4549
30460,11777,5162,30470,8367,4641
30480,11777,5157,30490,8365,4611
30500,11788,5143,30510,8381,5193
30520,11783,4500,30530,8372,5089
30540,11779,5114,30550,8375,5222
30560,11786,5146,30570,8370,5129
30580,11780,4968,30590,8383,4956
30600,11782,4492,30610,8360,4623
30620,11777,4471,30630,8371,4561
30640,11785,4720,30650,8366,5182
30660,11783,5124,30670,8369,4676
30680,11770,5123,30690,8374,5191
30700,11787,4482,30710,8364,4503
30720,11780,5114,30730,8353,4540
30740,11780,5066,30750,8371,5205
30760,11776,5054,30770,8369,5136
30780,11770,5053,30790,8370,5144
30800,11772,5076,30810,8371,5126
30820,11751,5065,30830,8376,4571
30840,11735,5149,30850,8369,5185
30860,11755,4464,30870,8371,5185
30880,11757,5132,30890,8375,5123
30900,11719,4365,30910,8367,4539
30920,11740,4544,30930,8361,4939
30940,11739,4883,30950,8361,4528
30960,11795,4802,30970,8359,4517
30980,11796,4461,30990,8373,4543
31000,11797,4476,31010,8372,4825
31020,11771,4841,31030,8359,4537
31040,11788,4633,31050,8372,5129
31060,11799,4686,31070,8372,4707
31080,11794,4614,31090,8373,4677
31100,11783,4571,31110,8361,4750
31120,11786,4560,31130,8370,4791
31140,11796,4572,31150,8368,4663
31160,11785,4594,31170,8375,5222
31180,11780,5173,31190,8379,4701
31200,11790,4543,31210,8362,4681
31220,11787,4633,31230,8372,4534
31240,11783,4846,31250,8365,4925
31260,11776,4972,31270,8377,4633
31280,11785,4663,31290,8380,4740
31300,11790,5109,31310,8379,4772
31320,11787,4574,31330,8377,4654
31340,11776,4565,31350,8369,4688
31360,11787,4620,31370,8376,4620
31380,11784,4982,31390,8375,4782
31400,11779,4567,31410,8370,4631
31420,11789,4716,31430,8375,5228
31440,11774,4611,31450,8377,4666
31460,11784,4561,31470,8370,4648
31480,11778,5146,31490,8374,5134
31500,11785,4522,31510,8375,5075
31520,11789,5129,31530,8364,4789
31540,11788,4662,31550,8365,5054
31560,11777,5011,31570,8382,5049
31580,11771,4987,31590,8370,5146
31600,11793,4598,31610,8372,4983
31620,11791,4913,31630,8382,4634
31640,11786,4558,31650,8364,4588
31660,11781,4607,31670,8376,4682
31680,11785,4981,31690,8374,4971
31700,11790,4562,31710,8377,4932
31720,11804,4922,31730,8373,4902
31740,11788,4939,31750,8364,5004
31760,11790,4552,31770,8365,4985
31780,11784,4941,31790,8375,5010
31800,11783,4635,31810,8374,4687
31820,11795,4656,31830,8376,5003
31840,11781,4962,31850,8360,5050
31860,11774,5003,31870,8390,5027
31880,11774,4960,31890,8368,4679
31900,11778,5025,31910,8367,4984
31920,11785,4572,31930,8369,4624
31940,11773,4653,31950,8360,5050
31960,11773,5028,31970,8383,4985
31980,11754,4649,31990,8372,5020
32000,11756,4646,32010,8377,4652
32020,11774,4571,32030,8370,4704
32040,11769,4965,32050,8371,4923
32060,11786,4897,32070,8374,5015
32080,11801,4874,32090,8373,4630
32100,11738,4579,32110,8366,4956
32120,11734,4868,32130,8371,5033
32140,11788,4932,32150,8356,4960
32160,11793,4930,32170,8375,4976
32180,11804,4922,32190,8370,4971
32200,11807,4963,32210,8371,4965
32220,11797,4577,32230,8377,4643
32240,11784,4943,32250,8377,5025
32260,11793,4661,32270,8369,4946
32280,11782,4916,32290,8365,4973
32300,11779,4945,32310,8379,5028
32320,11790,4699,32330,8372,5015
32340,11779,4909,32350,8364,4936
32360,11797,4811,32370,8375,4885
32380,11802,4827,32390,8375,4864
32400,11782,4593,32410,8382,4929
32420,11779,4790,32430,8368,4846
32440,11784,4831,32450,8365,4672
32460,11792,4791,32470,8377,4903
32480,11780,4869,32490,8373,4946
32500,11787,4862,32510,8372,4706
32520,11779,4641,32530,8373,4877
32540,11782,4631,32550,8377,4905
32560,11787,4860,32570,8376,4868
32580,11791,4850,32590,8372,4749
32600,11792,4737,32610,8381,4777
32620,11783,4716,32630,8378,4736
32640,11775,4695,32650,8379,4866
32660,11793,4856,32670,8386,4905
32680,11795,4781,32690,8371,4901
32700,11793,4612,32710,8378,4893
32720,11783,4820,32730,8372,4898
32740,11773,4882,32750,8372,4937
32760,11779,4877,32770,8385,4936
32780,11785,4336,32790,8365,4413
32800,11774,4350,32810,8365,4411
32820,11791,4350,32830,8372,4424
32840,11780,4334,32850,8374,4402
32860,11782,4397,32870,8377,4403
32880,11780,4344,32890,8368,4390
32900,11790,4373,32910,8372,4362
32920,11779,4417,32930,8374,4397
32940,11779,4421,32950,8365,4407
32960,11793,4375,32970,8377,4430
32980,11782,4362,32990,8374,4445
33000,11779,4369,33010,8371,4432
33020,11794,4405,33030,8362,4438
33040,11785,4380,33050,8368,4395
33060,11792,4341,33070,8367,4407
33080,11779,4324,33090,8365,4403
33100,11783,4453,33110,8372,4388
33120,11776,4345,33130,8377,4414
33140,11767,4353,33150,8355,4413
33160,11749,4375,33170,8377,4510
33180,11739,4448,33190,8376,4510
33200,11760,4470,33210,8378,4503
33220,11757,4460,33230,8374,4597
33240,11785,4471,33250,8363,4526
33260,11809,4459,33270,8365,4516
33280,11784,4471,33290,8378,4525
33300,11781,4386,33310,8379,4211
33320,11799,4146,33330,8374,4273
33340,11789,4295,33350,8375,4211
33360,11798,4150,33370,8376,4277
33380,11791,4193,33390,8372,4361
33400,11795,4192,33410,8378,4302
33420,11791,4185,33430,8374,4249
33440,11798,4200,33450,8371,4683
33460,11795,4167,33470,8377,4199
33480,11797,4248,33490,8369,4357
33500,11784,4255,33510,8369,4295
33520,11791,4234,33530,8375,4293
33540,11789,4228,33550,8377,4305
33560,11787,4255,33570,8386,4312
33580,11793,4243,33590,8359,4305
33600,11777,4240,33610,8374,4215
33620,11789,4149,33630,8370,4205
33640,11794,4286,33650,8388,4345
33660,11791,4204,33670,8376,4200
33680,11785,4191,33690,8366,4211
33700,11789,4159,33710,8370,4220
33720,11796,4165,33730,8377,4464
33740,11795,4469,33750,8379,4481
33760,11796,4427,33770,8374,4488
33780,11794,4340,33790,8374,4414
33800,11793,4388,33810,8376,4587
33820,11794,4503,33830,8373,4503
33840,11782,4477,33850,8376,4570
33860,11793,4024,33870,8377,4242
33880,11796,4071,33890,8370,4038
33900,11788,3960,33910,8370,4062
33920,11782,4094,33930,8376,4268
33940,11792,4085,33950,8371,4232
33960,11789,4058,33970,8380,4021
33980,11789,4125,33990,8370,4023
34000,11796,4095,34010,8386,4065
34020,11801,4004,34030,8370,4130
34040,11794,3992,34050,8374,4067
34060,11801,3947,34070,8370,4311
34080,11793,4095,34090,8387,4186
34100,11794,4101,34110,8372,4225
34120,11790,4149,34130,8373,4270
34140,11797,4243,34150,8375,4292
34160,11799,4228,34170,8378,4452
34180,11797,4296,34190,8368,4562
34200,11793,4171,34210,8367,4224
34220,11780,4182,34230,8374,4217
34240,11799,4111,34250,8362,4187
34260,11795,4191,34270,8371,4187
34280,11787,4173,34290,8367,4228
34300,11770,4170,34310,8376,4246
34320,11783,4197,34330,8366,4397
34340,11781,4166,34350,8360,4223
34360,11786,4185,34370,8368,4291
34380,11798,4070,34390,8373,4359
34400,11808,4020,34410,8381,4076
34420,11802,3946,34430,8378,4023
34440,11803,4093,34450,8373,4202
34460,11804,4094,34470,8375,4315
34480,11800,4215,34490,8367,4295
34500,11804,4263,34510,8379,4517
34520,11804,4277,34530,8383,4341
34540,11806,4312,34550,8375,4464
34560,11797,4362,34570,8372,4420
34580,11791,4331,34590,8372,4394
34600,11799,4334,34610,8370,4374
34620,11800,4333,34630,8375,4609
34640,11803,4503,34650,8362,4573
34660,11794,4386,34670,8372,4386
34680,11810,4353,34690,8372,4409
34700,11796,4339,34710,8381,4371
34720,11786,4279,34730,8373,4449
34740,11805,4611,34750,8356,4457
34760,11789,4420,34770,8368,4482
34780,11727,4375,34790,8379,4413
34800,11789,4336,34810,8370,4380
34820,11787,4350,34830,8375,4445
34840,11778,4291,34850,8364,4438
34860,11802,4357,34870,8379,4406
34880,11793,4354,34890,8378,4367
34900,11798,4326,34910,8383,4417
34920,11792,4334,34930,8372,4407
34940,11792,4368,34950,8375,4411
34960,11784,4355,34970,8375,4401
34980,11773,4263,34990,8377,4442
35000,11789,4366,35010,8381,4388
35020,11791,4316,35030,8366,4410
35040,11794,4418,35050,8368,4431
35060,11787,4355,35070,8373,4420
35080,11744,4342,35090,8378,4445
35100,11791,4459,35110,8385,4467
35120,11786,4387,35130,8370,4416
35140,11792,4338,35150,8377,4406
35160,11803,4367,35170,8389,4404
35180,11796,4271,35190,8375,4482
35200,11794,4342,35210,8379,4329
35220,11783,4291,35230,8373,4409
35240,11800,4343,35250,8366,4414
35260,11792,4381,35270,8372,4425
35280,11796,4364,35290,8372,4413
35300,11803,4390,35310,8376,4444
35320,11789,4392,35330,8380,4481
35340,11796,4324,35350,8368,4427
35360,11803,4281,35370,8383,4455
35380,11813,4331,35390,8385,4463
35400,11792,4402,35410,8376,4460
35420,11797,4016,35430,8381,4072
35440,11788,4016,35450,8378,4024
35460,11768,4432,35470,8383,4519
35480,11758,4472,35490,8379,4416
35500,11773,4016,35510,8372,4033
35520,11772,4057,35530,8374,4053
35540,11781,4058,35550,8367,4095
35560,11802,4055,35570,8376,4079
35580,11812,4040,35590,8374,4102
35600,11795,4005,35610,8360,4263
35620,11811,4126,35630,8370,4219
35640,11810,4144,35650,8388,4084
35660,11807,4455,35670,8368,4411
35680,11754,4300,35690,8372,4389
35700,11816,4077,35710,8370,4131
35720,11807,4261,35730,8378,4143
35740,11830,4027,35750,8367,4128
35760,11805,3912,35770,8371,3956
35780,11792,4390,35790,8357,4276
35800,11802,4214,35810,8387,4293
35820,11793,4223,35830,8368,4161
35840,11810,4101,35850,8380,4171
35860,11787,4116,35870,8366,4206
35880,11802,4129,35890,8376,4192
35900,11796,4137,35910,8375,4218
35920,11803,4075,35930,8376,4125
35940,11784,4064,35950,8377,4346
35960,11798,4379,35970,8376,4454
35980,11795,4577,35990,8364,4441
36000,11800,4544,36010,8374,4732
36020,11798,4542,36030,8374,4563
36040,11802,4624,36050,8389,4628
36060,11792,4539,36070,8374,4597
36080,11785,4516,36090,8363,4626
36100,11802,4442,36110,8376,4520
36120,11790,4624,36130,8372,4540
36140,11795,4571,36150,8372,4527
36160,11799,4602,36170,8371,4783
36180,11793,4783,36190,8367,4739
36200,11807,4753,36210,8376,4463
36220,11784,4416,36230,8381,4528
36240,11798,4431,36250,8367,4588
36260,11800,4762,36270,8371,4815
36280,11748,4442,36290,8376,4472
36300,11801,4120,36310,8383,4602
36320,11798,4301,36330,8374,4002
36340,11798,4245,36350,8386,4268
36360,11795,4278,36370,8383,4011
36380,11797,4237,36390,8365,4302
36400,11796,4193,36410,8370,4305
36420,11803,3871,36430,8366,3883
36440,11796,3859,36450,8371,4225
36460,11801,3855,36470,8360,3931
36480,11798,4172,36490,8374,4264
36500,11804,3846,36510,8382,4209
36520,11786,4168,36530,8366,4297
36540,11798,4207,36550,8373,4042
36560,11805,4034,36570,8370,4213
36580,11750,4206,36590,8366,4251
36600,11800,4039,36610,8368,4127
36620,11767,4057,36630,8373,4160
36640,11760,4106,36650,8368,4192
36660,11775,4118,36670,8383,4184
36680,11780,4145,36690,8369,4181
36700,11802,4186,36710,8368,4173
36720,11805,4127,36730,8366,4149
36740,11808,4134,36750,8370,4253
36760,11817,4262,36770,8366,4523
36780,11813,4239,36790,8371,4365
36800,11795,4262,36810,8365,4600
36820,11797,4315,36830,8363,4505
36840,11805,4306,36850,8388,4480
36860,11801,4233,36870,8370,4367
36880,11808,4211,36890,8374,4435
36900,11804,4338,36910,8364,4340
36920,11801,4265,36930,8374,4431
36940,11794,4369,36950,8368,4399
36960,11787,4210,36970,8364,4347
36980,11792,4222,36990,8371,4287
37000,11798,4378,37010,8371,4441
37020,11802,4256,37030,8382,4362
37040,11804,4309,37050,8382,4340
37060,11797,4282,37070,8372,4281
37080,11794,4321,37090,8378,4342
37100,11801,4312,37110,8362,4315
37120,11801,4276,37130,8371,4349
37140,11796,4177,37150,8370,4269
37160,11792,4172,37170,8378,4274
37180,11799,4199,37190,8383,4274
37200,11798,4199,37210,8373,4200
37220,11802,4285,37230,8386,4259
37240,11785,4237,37250,8374,4277
37260,11803,4216,37270,8375,4277
37280,11797,4209,37290,8368,4210
37300,11794,4160,37310,8371,4241
37320,11799,4178,37330,8370,4246
37340,11804,4260,37350,8373,4286
37360,11796,4208,37370,8362,4241
37380,11798,4197,37390,8378,4344
37400,11791,4244,37410,8369,4335
37420,11796,4324,37430,8366,4293
37440,11802,4229,37450,8385,4244
37460,11809,4217,37470,8381,4279
37480,11803,4229,37490,8373,4265
37500,11801,4207,37510,8370,4284
37520,11796,4210,37530,8373,4308
37540,11803,4269,37550,8375,4272
37560,11804,4270,37570,8376,4268
37580,11791,4265,37590,8371,4552
37600,11807,4305,37610,8375,4412
37620,11790,4389,37630,8373,4386
37640,11806,4328,37650,8376,4377
37660,11804,4319,37670,8367,4448
37680,11806,4361,37690,8390,4426
37700,11802,4313,37710,8376,4428
37720,11794,4319,37730,8373,4398
37740,11805,4271,37750,8369,4370
37760,11793,4267,37770,8362,4327
37780,11793,4320,37790,8370,4305
37800,11754,4200,37810,8371,4225
37820,11738,4202,37830,8366,4274
37840,11731,4261,37850,8393,4368
37860,11787,4262,37870,8364,4288
37880,11815,4268,37890,8375,4312
37900,11818,4263,37910,8372,4297
37920,11815,4267,37930,8379,4364
37940,11820,4296,37950,8384,4387
37960,11810,4291,37970,8374,4407
37980,11823,4337,37990,8367,4417
38000,11816,4350,38010,8376,4423
38020,11809,4343,38030,8369,4265
38040,11808,4313,38050,8385,4384
38060,11811,4290,38070,8383,4328
38080,11800,4159,38090,8381,4369
38100,11808,4271,38110,8379,4202
38120,11797,4321,38130,8378,4229
38140,11805,4279,38150,8375,4262
38160,11803,4155,38170,8378,4245
38180,11810,4199,38190,8381,4243
38200,11812,4165,38210,8365,4226
38220,11812,4186,38230,8369,4230
38240,11793,4161,38250,8386,4254
38260,11793,4196,38270,8365,4259
38280,11792,4180,38290,8380,4237
38300,11811,4205,38310,8370,4237
38320,11806,4186,38330,8369,4177
38340,11805,4161,38350,8372,4224
38360,11807,4167,38370,8375,4183
38380,11801,4180,38390,8382,4321
38400,11798,4190,38410,8380,4316
38420,11799,4224,38430,8364,4208
38440,11809,4132,38450,8372,4260
38460,11811,4238,38470,8379,4174
38480,11815,4220,38490,8379,4255
38500,11811,4154,38510,8383,4202
38520,11793,4196,38530,8378,4209
38540,11810,4176,38550,8383,4263
38560,11796,4237,38570,8382,4274
38580,11803,4204,38590,8385,4290
38600,11798,4169,38610,8372,4192
38620,11803,4143,38630,8376,4374
38640,11807,4349,38650,8381,4621
38660,11787,4607,38670,8379,4596
38680,11801,4553,38690,8380,4541
38700,11797,4466,38710,8370,4532
38720,11799,4224,38730,8368,4259
38740,11813,4230,38750,8383,4325
38760,11789,4217,38770,8371,4394
38780,11800,4346,38790,8375,4285
38800,11808,4222,38810,8374,4400
38820,11794,4339,38830,8376,4266
38840,11812,4187,38850,8375,4338
38860,11800,4156,38870,8359,4153
38880,11809,4108,38890,8377,4208
38900,11805,4063,38910,8384,4283
38920,11784,4086,38930,8372,4136
38940,11778,4165,38950,8381,4224
38960,11777,4150,38970,8371,4165
38980,11779,4040,38990,8370,4158
39000,11788,4162,39010,8381,4217
39020,11807,4151,39030,8372,4183
39040,11815,4190,39050,8370,4242
39060,11815,4081,39070,8365,4210
39080,11801,4226,39090,8376,4171
39100,11806,4141,39110,8371,4474
39120,11823,4358,39130,8375,4410
39140,11821,4310,39150,8379,4362
39160,11811,4315,39170,8373,4317
39180,11807,4364,39190,8368,4432
39200,11814,4338,39210,8371,4370
39220,11815,4306,39230,8376,4377
39240,11812,4323,39250,8373,4384
39260,11798,4341,39270,8372,4385
39280,11795,4355,39290,8367,4406
39300,11805,4340,39310,8393,4403
39320,11820,4340,39330,8380,4391
39340,11808,4352,39350,8379,4403
39360,11809,4349,39370,8374,4411
39380,11798,4355,39390,8373,4396
39400,11806,4355,39410,8382,4409
39420,11804,4348,39430,8370,4405
39440,11800,4330,39450,8381,4413
39460,11802,4343,39470,8359,4431
39480,11800,4347,39490,8373,4416
39500,11809,4370,39510,8372,4420
39520,11810,4355,39530,8368,4416
39540,11805,4383,39550,8378,4391
39560,11796,4344,39570,8376,4402
39580,11797,4321,39590,8372,4419
39600,11806,4329,39610,8377,4403
39620,11784,4319,39630,8363,4377
39640,11805,4324,39650,8378,4368
39660,11798,4293,39670,8373,4392
39680,11794,4315,39690,8379,4390
39700,11805,4322,39710,8366,4359
39720,11805,4308,39730,8368,4414
39740,11813,4384,39750,8373,4406
39760,11795,4321,39770,8375,4378
39780,11807,4281,39790,8379,4381
39800,11807,4323,39810,8369,4374
39820,11796,4325,39830,8372,4379
39840,11799,4287,39850,8379,4381
39860,11800,4310,39870,8381,4386
39880,11797,4316,39890,8374,4371
39900,11801,4360,39910,8364,4402
39920,11807,4314,39930,8379,4385
39940,11809,4332,39950,8377,4399
39960,11796,4313,39970,8370,4379
39980,11820,4371,39990,8389,4444
40000,11793,4434,40010,8375,4458
40020,11798,4391,40030,8368,4462
40040,11807,4389,40050,8377,4451
40060,11810,4403,40070,8376,4377
40080,11790,4333,40090,8366,4400
40100,11763,4336,40110,8384,4448
40120,11762,4403,40130,8367,4407
40140,11771,4350,40150,8381,4389
40160,11781,4345,40170,8366,4381
40180,11789,4299,40190,8377,4341
40200,11752,4303,40210,8364,4334
40220,11795,4303,40230,8375,4372
40240,11825,4306,40250,8384,4367
40260,11813,4328,40270,8366,4401
40280,11809,4317,40290,8377,4376
40300,11808,4307,40310,8360,4384
40320,11802,4312,40330,8360,4422
40340,11808,4322,40350,8367,4378
40360,11815,4336,40370,8370,4402
40380,11805,4350,40390,8373,4392
40400,11796,4336,40410,8375,4397
40420,11812,4334,40430,8377,4388
40440,11801,4357,40450,8365,4389
40460,11789,4325,40470,8370,4424
40480,11795,4337,40490,8372,4385
40500,11804,4305,40510,8361,4389
40520,11795,4332,40530,8382,4372
40540,11806,4327,40550,8372,4399
40560,11807,4323,40570,8368,4413
40580,11800,4367,40590,8381,4386
40600,11804,4372,40610,8384,4431
40620,11796,4374,40630,8368,4452
40640,11810,4368,40650,8373,4424
40660,11801,4384,40670,8365,4473
40680,11793,4361,40690,8377,4418
40700,11806,4368,40710,8378,4434
40720,11809,4361,40730,8376,4433
40740,11804,4404,40750,8366,4429
40760,11800,4353,40770,8373,4444
40780,11803,4406,40790,8373,4437
40800,11793,4453,40810,8368,4377
40820,11806,4327,40830,8365,4404
40840,11807,4343,40850,8372,4403
40860,11792,4406,40870,8371,4504
40880,11792,4519,40890,8370,4474
40900,11802,4419,40910,8367,4513
40920,11820,4454,40930,8374,4511
40940,11791,4470,40950,8375,4535
40960,11800,4482,40970,8370,4491
40980,11808,4432,40990,8378,4510
41000,11799,4395,41010,8367,4622
41020,11808,4405,41030,8380,4458
41040,11793,4469,41050,8385,4458
41060,11796,4422,41070,8369,4493
41080,11796,4485,41090,8378,4498
41100,11806,4419,41110,8375,4477
41120,11792,4417,41130,8382,4540
41140,11800,4493,41150,8387,4472
41160,11811,4379,41170,8374,4473
41180,11801,4398,41190,8389,4460
41200,11807,4440,41210,8362,4520
41220,11802,4484,41230,8385,4490
41240,11785,4444,41250,8382,4508
41260,11778,4726,41270,8383,4777
41280,11786,4620,41290,8374,4663
41300,11781,4642,41310,8378,4717
41320,11784,4875,41330,8391,4918
41340,11817,4720,41350,8381,4756
41360,11814,4715,41370,8375,4808
41380,11812,4674,41390,8381,4680
41400,11814,4675,41410,8367,4918
41420,11792,4632,41430,8379,4703
41440,11809,4898,41450,8371,4765
41460,11804,4661,41470,8366,4863
41480,11813,4803,41490,8381,4676
41500,11812,4620,41510,8379,4701
41520,11803,4662,41530,8374,4724
41540,11805,4807,41550,8376,4734
41560,11810,4653,41570,8370,4738
41580,11814,4766,41590,8382,4718
41600,11801,4672,41610,8358,4795
41620,11798,4672,41630,8379,4675
41640,11799,4664,41650,8376,4726
41660,11791,4638,41670,8391,4765
41680,11806,4585,41690,8377,4670
41700,11809,4505,41710,8372,4667
41720,11808,4590,41730,8371,4664
41740,11805,4390,41750,8381,4620
41760,11814,4596,41770,8374,4575
41780,11810,4585,41790,8387,4564
41800,11793,4591,41810,8367,4683
41820,11811,4664,41830,8370,4727
41840,11806,4632,41850,8382,4693
41860,11801,4640,41870,8376,4559
41880,11808,4494,41890,8369,4951
41900,11787,4661,41910,8370,4698
41920,11797,4687,41930,8373,4708
41940,11800,4630,41950,8371,4435
41960,11797,4381,41970,8371,4395
41980,11800,4520,41990,8367,4591
42000,11807,4500,42010,8376,4831
42020,11805,4464,42030,8374,4544
42040,11807,4491,42050,8373,4516
42060,11795,4499,42070,8372,4523
42080,11815,4475,42090,8369,4555
42100,11806,4437,42110,8369,4508
42120,11812,4535,42130,8370,4571
42140,11809,4510,42150,8367,4585
42160,11805,4505,42170,8371,4574
42180,11788,4481,42190,8373,4548
42200,11803,4476,42210,8371,4575
42220,11794,4551,42230,8379,4569
42240,11807,4512,42250,8376,4576
42260,11796,4424,42270,8378,4539
42280,11809,4476,42290,8374,4544
42300,11819,4465,42310,8368,4510
42320,11807,4478,42330,8384,4737
42340,11800,4476,42350,8365,4544
42360,11803,4514,42370,8380,4587
42380,11802,4519,42390,8370,4566
42400,11788,4518,42410,8362,4560
42420,11765,4680,42430,8382,4550
42440,11766,4710,42450,8365,4550
42460,11771,4508,42470,8375,4604
42480,11771,4556,42490,8387,4614
42500,11818,4475,42510,8362,4552
42520,11831,4512,42530,8371,4580
42540,11810,4513,42550,8366,4575
42560,11817,4695,42570,8374,4574
42580,11822,4528,42590,8380,4562
42600,11805,4511,42610,8367,4587
42620,11832,4514,42630,8383,4573
42640,11815,4507,42650,8384,4426
42660,11808,4509,42670,8371,4569
42680,11796,4513,42690,8380,4563
42700,11809,4509,42710,8380,4535
42720,11798,4406,42730,8376,4573
42740,11801,4646,42750,8370,4235
42760,11800,4211,42770,8374,4256
42780,11807,4189,42790,8372,4263
42800,11808,4189,42810,8374,4303
42820,11804,4218,42830,8372,4301
42840,11807,4182,42850,8372,4545
42860,11806,4279,42870,8384,4254
42880,11795,4187,42890,8374,4204
42900,11796,4210,42910,8371,4186
42920,11805,4142,42930,8393,4225
42940,11810,4372,42950,8374,4220
42960,11816,4161,42970,8379,4244
42980,11804,4262,42990,8370,4288
43000,11794,4194,43010,8370,4446
43020,11814,4391,43030,8373,4321
43040,11801,4196,43050,8373,4249
43060,11813,4222,43070,8372,4267
43080,11806,4250,43090,8372,4301
43100,11799,4469,43110,8378,4256
43120,11801,4214,43130,8369,4251
43140,11805,4197,43150,8377,4503
43160,11810,4372,43170,8383,4406
43180,11805,4269,43190,8378,4425
43200,11805,4402,43210,8372,4449
43220,11805,4379,43230,8388,4438
43240,11806,4323,43250,8366,4436
43260,11808,4414,43270,8368,4371
43280,11810,4416,43290,8376,4736
43300,11806,4406,43310,8381,4477
43320,11808,4398,43330,8383,4425
43340,11808,4409,43350,8384,4427
43360,11800,4408,43370,8374,4428
43380,11807,4447,43390,8369,4849
43400,11810,4431,43410,8376,4526
43420,11802,4277,43430,8370,4516
43440,11801,4384,43450,8368,4473
43460,11803,4290,43470,8378,4470
43480,11789,4439,43490,8366,4526
43500,11796,4440,43510,8370,4461
43520,11807,4402,43530,8380,4473
43540,11793,4410,43550,8365,4413
43560,11780,4414,43570,8367,4360
43580,11772,4335,43590,8372,4358
43600,11774,4321,43610,8378,4379
43620,11781,4329,43630,8384,4271
43640,11807,4324,43650,8386,4393
43660,11822,4329,43670,8372,4382
43680,11811,4339,43690,8379,4410
43700,11803,4341,43710,8365,4353
43720,11807,4296,43730,8379,4402
43740,11805,4348,43750,8374,4383
43760,11803,4292,43770,8376,4454
43780,11819,4356,43790,8367,4443
43800,11807,4415,43810,8374,4440
43820,11823,4400,43830,8377,4360
43840,11810,4352,43850,8366,4415
43860,11800,4318,43870,8379,4573
43880,11802,4340,43890,8367,4392
43900,11799,4359,43910,8368,4423
43920,11800,4360,43930,8376,4379
43940,11814,4292,43950,8375,4385
43960,11801,4330,43970,8380,4349
43980,11805,4346,43990,8369,4389
44000,11810,4331,44010,8378,4418
44020,11801,4331,44030,8361,4388
44040,11804,4422,44050,8375,4436
44060,11809,4269,44070,8371,4438
44080,11806,4317,44090,8367,4388
44100,11797,4339,44110,8370,4404
44120,11789,4338,44130,8371,4393
44140,11798,4359,44150,8366,4396
44160,11793,4241,44170,8380,4477
44180,11808,4394,44190,8368,4489
44200,11787,4342,44210,8369,4465
44220,11803,4340,44230,8362,4357
44240,11794,4325,44250,8363,4392
44260,11799,4410,44270,8373,4453
44280,11809,4420,44290,8384,4444
44300,11803,4409,44310,8383,4478
44320,11808,4381,44330,8381,4479
44340,11805,4391,44350,8383,4451
44360,11796,4383,44370,8371,4398
44380,11816,4692,44390,8361,4501
44400,11800,4391,44410,8378,4449
44420,11798,4825,44430,8368,4428
44440,11795,4389,44450,8366,4421
44460,11799,4394,44470,8367,4408
44480,11803,4419,44490,8366,4357
44500,11810,4425,44510,8382,4744
44520,11801,4496,44530,8366,4514
44540,11808,4537,44550,8373,4537
44560,11789,4475,44570,8369,4603
44580,11806,4391,44590,8376,4602
44600,11798,4430,44610,8370,4471
44620,11798,4429,44630,8369,4484
44640,11806,4367,44650,8369,4447
44660,11811,4428,44670,8386,4796
44680,11804,4703,44690,8374,4681
44700,11797,4610,44710,8356,4734
44720,11790,4656,44730,8376,4598
44740,11768,4626,44750,8371,4750
44760,11767,4745,44770,8382,4468
44780,11768,4687,44790,8362,4730
44800,11771,4587,44810,8363,4736
44820,11802,4612,44830,8387,4653
44840,11828,4702,44850,8371,4807
44860,11814,4674,44870,8383,4661
44880,11813,4671,44890,8367,4798
44900,11818,4748,44910,8375,4825
44920,11810,4736,44930,8383,4777
44940,11812,4755,44950,8377,4801
44960,11812,4726,44970,8375,4776
44980,11805,4717,44990,8359,4762
45000,11796,4713,45010,8371,4783
45020,11818,4626,45030,8383,4774
45040,11800,4724,45050,8376,4780
45060,11808,4604,45070,8372,4805
45080,11796,4676,45090,8376,4806
45100,11800,4777,45110,8362,4590
45120,11802,4674,45130,8375,4820
45140,11796,4683,45150,8372,4840
45160,11795,4776,45170,8389,4637
45180,11800,4769,45190,8368,4781
45200,11804,4733,45210,8372,4809
45220,11805,4748,45230,8371,4800
45240,11804,4733,45250,8368,4803
45260,11805,4687,45270,8367,4805
45280,11801,4728,45290,8373,4656
45300,11790,4756,45310,8388,4786
45320,11803,4766,45330,8385,4824
45340,11787,4720,45350,8358,4755
45360,11814,4754,45370,8377,4850
45380,11802,4788,45390,8371,4865
45400,11797,4623,45410,8374,4898
45420,11803,4649,45430,8369,4710
45440,11803,4803,45450,8371,4601
45460,11800,4765,45470,8380,4845
45480,11792,4729,45490,8371,4642
45500,11792,4613,45510,8379,4838
45520,11804,4691,45530,8374,4882
45540,11813,4776,45550,8381,4609
45560,11801,4800,45570,8385,4843
45580,11806,4495,45590,8370,4889
45600,11802,4691,45610,8368,4583
45620,11801,4819,45630,8376,4775
45640,11794,4418,45650,8374,4602
45660,11799,4659,45670,8377,4789
45680,11796,4485,45690,8376,4679
45700,11804,4386,45710,8371,4790
45720,11808,4418,45730,8359,4906
45740,11783,4705,45750,8367,4525
45760,11806,4431,45770,8373,4568
45780,11802,4708,45790,8370,4718
45800,11787,4439,45810,8377,4571
45820,11810,4723,45830,8376,4778
45840,11809,4403,45850,8367,4439
45860,11794,4590,45870,8380,4820
45880,11783,4505,45890,8372,4586
45900,11786,4674,45910,8371,4707
45920,11783,4454,45930,8368,4800
45940,11774,4623,45950,8363,4692
45960,11785,4459,45970,8367,4726
45980,11820,4397,45990,8358,4801
46000,11794,4435,46010,8387,4461
46020,11802,4491,46030,8386,4491
46040,11811,4509,46050,8377,4629
46060,11807,4403,46070,8380,4837
46080,11807,4399,46090,8373,4643
46100,11802,4587,46110,8383,4401
46120,11803,4618,46130,8376,4679
46140,11798,4635,46150,8376,4562
46160,11816,4630,46170,8378,4617
46180,11813,4703,46190,8380,4771
46200,11808,4660,46210,8374,4623
46220,11814,4651,46230,8370,4719
46240,11809,4654,46250,8369,4695
46260,11799,4627,46270,8379,4650
46280,11815,4656,46290,8368,4705
46300,11799,4653,46310,8371,4739
46320,11804,4666,46330,8378,4715
46340,11803,4665,46350,8378,4715
46360,11807,4643,46370,8381,4710
46380,11794,4626,46390,8374,4712
46400,11811,4544,46410,8378,4616
46420,11816,4653,46430,8372,4712
46440,11807,4670,46450,8367,4756
46460,11801,4537,46470,8374,4677
46480,11807,4679,46490,8376,4734
46500,11800,4648,46510,8382,4701
46520,11809,4669,46530,8375,4714
46540,11806,4703,46550,8372,4731
46560,11809,4624,46570,8377,4724
46580,11795,4674,46590,8375,4734
46600,11805,4473,46610,8369,4745
46620,11796,4676,46630,8367,4739
46640,11799,4669,46650,8375,4681
46660,11807,4733,46670,8371,4774
46680,11800,4690,46690,8360,4683
46700,11800,4691,46710,8380,4715
46720,11799,4504,46730,8381,4726
46740,11797,4489,46750,8389,4699
46760,11810,4597,46770,8376,4599
46780,11794,4633,46790,8375,4644
46800,11808,4483,46810,8364,4599
46820,11810,4596,46830,8364,4597
46840,11801,4573,46850,8373,4680
46860,11807,4549,46870,8370,4685
46880,11803,4638,46890,8369,4708
46900,11800,4592,46910,8371,4718
46920,11810,4665,46930,8378,4678
46940,11798,4715,46950,8375,4743
46960,11805,4658,46970,8368,4746
46980,11802,4668,46990,8369,4747
47000,11790,4622,47010,8374,4724
47020,11799,4510,47030,8366,4573
47040,11767,4498,47050,8379,4519
47060,11758,4518,47070,8377,4513
47080,11735,4470,47090,8378,4506
47100,11729,4467,47110,8380,4534
47120,11733,4484,47130,8377,4522
47140,11814,4540,47150,8376,4558
47160,11807,4477,47170,8380,4538
47180,11809,4523,47190,8369,4539
47200,11810,4498,47210,8374,4556
47220,11807,4528,47230,8379,4573
47240,11817,4517,47250,8369,4650
47260,11819,4514,47270,8385,4599
47280,11807,4533,47290,8373,4585
47300,11792,4504,47310,8389,4559
47320,11802,4492,47330,8373,4596
47340,11800,4532,47350,8387,4599
47360,11812,4523,47370,8382,4601
47380,11796,4520,47390,8376,4606
47400,11801,4522,47410,8378,4554
47420,11815,4444,47430,8383,4499
47440,11810,4448,47450,8372,4499
47460,11804,4438,47470,8369,4514
47480,11798,4433,47490,8376,4498
47500,11804,4448,47510,8373,4493
47520,11809,4415,47530,8368,4503
47540,11801,4439,47550,8378,4499
47560,11803,4463,47570,8376,4489
47580,11803,4423,47590,8372,4512
47600,11794,4448,47610,8377,4504
47620,11798,4458,47630,8379,4506
47640,11804,4470,47650,8389,4527
47660,11815,4441,47670,8376,4459
47680,11802,4453,47690,8381,4507
47700,11806,4442,47710,8383,4511
47720,11807,4450,47730,8368,4491
47740,11811,4451,47750,8369,4506
47760,11812,4431,47770,8385,4501
47780,11801,4437,47790,8381,4504
47800,11803,4450,47810,8382,4500
47820,11798,4468,47830,8382,4530
47840,11804,4616,47850,8384,4666
47860,11811,4608,47870,8371,4666
47880,11802,4605,47890,8369,4670
47900,11791,4591,47910,8381,4665
47920,11805,4602,47930,8374,4672
47940,11798,4610,47950,8383,4671
47960,11799,4618,47970,8386,4665
47980,11797,4599,47990,8389,4672
48000,11797,4630,48010,8378,4693
48020,11799,4645,48030,8377,4680
48040,11796,4640,48050,8371,4689
48060,11805,4649,48070,8373,4698
48080,11800,4628,48090,8367,4667
48100,11800,4621,48110,8373,4685
48120,11806,4610,48130,8372,4656
48140,11803,4589,48150,8376,4680
48160,11805,4623,48170,8380,4690
48180,11791,4610,48190,8368,4668
48200,11763,4640,48210,8382,4691
48220,11764,4647,48230,8375,4698
48240,11794,4662,48250,8387,4703
48260,11779,4653,48270,8375,4676
48280,11797,4629,48290,8376,4703
48300,11822,4643,48310,8375,4709
48320,11804,4648,48330,8375,4712
48340,11815,4651,48350,8376,4699
48360,11817,4642,48370,8382,4695
48380,11804,4621,48390,8390,4713
48400,11809,4588,48410,8388,4696
48420,11811,4674,48430,8367,4700
48440,11809,4652,48450,8375,4692
48460,11798,4649,48470,8369,4694
48480,11810,4658,48490,8368,4714
48500,11809,4622,48510,8373,4718
48520,11806,4642,48530,8381,4684
48540,11809,4609,48550,8381,4672
48560,11801,4631,48570,8376,4688
48580,11805,4651,48590,8379,4725
48600,11806,4700,48610,8371,4700
48620,11817,4623,48630,8374,4722
48640,11801,4660,48650,8384,4761
48660,11818,4672,48670,8374,4751
48680,11793,4654,48690,8375,4770
48700,11806,4655,48710,8383,4706
48720,11797,4664,48730,8384,4699
48740,11806,4625,48750,8379,4701
48760,11795,4639,48770,8376,4704
48780,11796,4653,48790,8374,4720
48800,11814,4658,48810,8373,4707
48820,11805,4648,48830,8375,4716
48840,11805,4655,48850,8382,4718
48860,11808,4646,48870,8374,4711
48880,11794,4642,48890,8366,4711
48900,11806,4657,48910,8385,4727
48920,11790,4650,48930,8371,4718
48940,11805,4633,48950,8363,4716
48960,11800,4655,48970,8377,4716
48980,11801,4657,48990,8368,4725
49000,11801,4649,49010,8376,4702
49020,11804,4642,49030,8367,4718
49040,11807,4661,49050,8371,4694
49060,11810,4629,49070,8378,4693
49080,11796,4645,49090,8368,4697
49100,11797,4655,49110,8374,4724
49120,11780,4648,49130,8371,4708
49140,11798,4658,49150,8369,4718
49160,11798,4653,49170,8379,4651
49180,11799,4756,49190,8373,4816
49200,11807,4755,49210,8379,4818
49220,11812,4764,49230,8372,4828
49240,11803,4743,49250,8369,4824
49260,11803,4740,49270,8378,4819
49280,11800,4743,49290,8373,4807
49300,11799,4709,49310,8388,4770
49320,11801,4702,49330,8378,4812
49340,11793,4754,49350,8382,4808
49360,11777,4763,49370,8375,4816
49380,11767,4777,49390,8372,4806
49400,11766,4795,49410,8387,4861
49420,11763,4820,49430,8372,4871
49440,11798,4778,49450,8379,4841
49460,11806,4802,49470,8382,4853
49480,11825,4801,49490,8379,4854
49500,11798,4809,49510,8384,4848
49520,11812,4777,49530,8375,4841
49540,11797,4803,49550,8371,4844
49560,11805,4734,49570,8375,4800
49580,11804,4650,49590,8372,4731
49600,11805,4701,49610,8377,4772
49620,11791,4754,49630,8367,4795
49640,11805,4685,49650,8372,4721
49660,11811,4749,49670,8366,4749
49680,11799,4655,49690,8380,4758
49700,11811,4673,49710,8380,4720
49720,11795,4688,49730,8384,4735
49740,11797,4715,49750,8372,4804
49760,11795,4686,49770,8369,4770
49780,11800,4698,49790,8375,4761
49800,11810,4688,49810,8373,4792
49820,11801,4728,49830,8370,4793
49840,11800,4737,49850,8372,4813
49860,11810,4718,49870,8370,4731
49880,11799,4700,49890,8377,4732
49900,11790,4679,49910,8368,4826
49920,11786,4679,49930,8368,4724
49940,11784,4709,49950,8369,4753
49960,11786,4672,49970,8362,4725
49980,11792,4701,49990,8378,4750
50000,11790,4697,50010,8365,4762
50020,11792,4658,50030,8370,4775
50040,11801,4636,50050,8382,4740
50060,11790,4604,50070,8371,4737
50080,11787,4690,50090,8369,4793
50100,11788,4653,50110,8385,4690
50120,11803,4672,50130,8370,4713
50140,11795,4610,50150,8358,4713
50160,11803,4638,50170,8368,4758
50180,11797,4716,50190,8371,4710
50200,11801,4680,50210,8374,4700
50220,11801,4769,50230,8376,4789
50240,11797,4776,50250,8373,4858
50260,11798,4704,50270,8368,4861
50280,11806,4810,50290,8361,4763
50300,11792,4819,50310,8365,4756
50320,11796,4814,50330,8365,4869
50340,11799,4814,50350,8372,4760
50360,11799,4768,50370,8377,4855
50380,11800,4720,50390,8376,4797
50400,11799,4715,50410,8373,4832
50420,11788,4681,50430,8371,4748
50440,11801,4688,50450,8372,4798
50460,11801,4739,50470,8367,4744
50480,11799,4771,50490,8376,4846
50500,11805,4742,50510,8375,4781
50520,11765,4781,50530,8374,4845
50540,11773,4791,50550,8373,4805
50560,11787,4788,50570,8372,4718
50580,11792,4781,50590,8372,4825
50600,11809,4670,50610,8378,4667
50620,11818,4650,50630,8372,4750
50640,11808,4709,50650,8369,4694
50660,11802,4687,50670,8357,4694
50680,11811,4647,50690,8368,4734
50700,11797,4698,50710,8369,4739
50720,11807,4684,50730,8358,4712
50740,11800,4710,50750,8358,4675
50760,11795,4707,50770,8367,4719
50780,11793,4651,50790,8364,4736
50800,11809,4684,50810,8379,4713
50820,11806,4634,50830,8364,4715
50840,11792,4692,50850,8371,4660
50860,11799,4588,50870,8368,4749
50880,11802,4669,50890,8364,4718
50900,11795,4685,50910,8372,4758
50920,11792,4708,50930,8363,4761
50940,11796,4709,50950,8371,4766
50960,11803,4734,50970,8358,4777
50980,11796,4715,50990,8370,4773
51000,11806,4706,51010,8369,4739
51020,11806,4696,51030,8363,4777
51040,11806,4718,51050,8373,4789
51060,11792,4653,51070,8363,4787
51080,11804,4701,51090,8380,4776
51100,11789,4708,51110,8372,4764
51120,11792,4682,51130,8369,4760
51140,11805,4687,51150,8375,4728
51160,11793,4644,51170,8371,4763
51180,11807,4647,51190,8372,4736
51200,11805,4702,51210,8372,4712
51220,11802,4686,51230,8365,4778
51240,11806,4665,51250,8369,4779
51260,11804,4702,51270,8360,4764
51280,11807,4721,51290,8362,4780
51300,11796,4714,51310,8364,4784
51320,11797,4696,51330,8372,4732
51340,11809,4641,51350,8372,4774
51360,11797,4710,51370,8363,4720
51380,11801,4706,51390,8378,4772
51400,11791,4663,51410,8362,4798
51420,11796,4683,51430,8366,4766
51440,11798,4637,51450,8367,4777
51460,11809,4701,51470,8372,4784
51480,11788,4713,51490,8365,4748
51500,11789,4704,51510,8377,4787
51520,11796,4728,51530,8360,4735
51540,11803,4766,51550,8374,4802
51560,11806,4684,51570,8373,4683
51580,11809,4727,51590,8361,4782
51600,11787,4713,51610,8373,4754
51620,11797,4696,51630,8388,4779
51640,11806,4714,51650,8374,4775
51660,11788,4681,51670,8371,4785
51680,11770,4728,51690,8375,4789
51700,11753,4731,51710,8359,4730
51720,11756,4677,51730,8366,4762
51740,11764,4685,51750,8368,4781
51760,11798,4632,51770,8363,4704
51780,11797,4734,51790,8359,4760
51800,11810,4679,51810,8373,4700
51820,11794,4630,51830,8370,4695
51840,11804,4625,51850,8371,4659
51860,11806,4672,51870,8363,4697
51880,11796,4654,51890,8375,4701
51900,11789,4670,51910,8349,4740
51920,11772,4669,51930,8359,4700
51940,11774,4646,51950,8362,4716
51960,11769,4660,51970,8352,4702
51980,11746,4652,51990,8360,4711
52000,11721,4646,52010,8360,4726
52020,11650,4691,52030,8391,4749
52040,11352,4687,52050,8356,4734
52060,11276,4658,52070,8354,4748
52080,11232,4689,52090,8346,4786
52100,11123,4697,52110,8365,4784
52120,11048,4725,52130,8383,4761
52140,11033,4626,52150,8356,4763
52160,11003,4679,52170,8343,4756
52180,11073,4684,52190,8354,4733
52200,11098,4689,52210,8374,4767
52220,11147,4746,52230,8407,4809
52240,11083,4767,52250,8488,4820
52260,10717,4695,52270,8565,4803
52280,10486,4756,52290,8630,4741
52300,10327,4661,52310,8675,4796
52320,10194,4732,52330,8774,4768
52340,10077,4721,52350,8899,4798
52360,9990,4732,52370,9089,4726
52380,9959,4723,52390,9130,4799
52400,9792,4717,52410,9170,4800
52420,9711,4734,52430,9206,4796
52440,9705,4656,52450,9235,4807
52460,9652,4758,52470,9206,4811
52480,9638,4750,52490,9304,4811
52500,9973,4750,52510,9664,4845
52520,10031,4732,52530,9600,4820
52540,9862,4726,52550,9632,4758
52560,10027,4675,52570,9610,4825
52580,9920,4770,52590,9657,4822
52600,10030,4697,52610,9622,4819
52620,9950,4776,52630,9641,4720
52640,10024,4690,52650,9646,4819
52660,9946,4749,52670,9605,4822
52680,9979,4679,52690,9674,4729
52700,9971,4700,52710,9631,4809
52720,9976,4726,52730,9662,4798
52740,10016,4735,52750,9666,4795
52760,9994,4734,52770,9631,4804
52780,10004,4729,52790,9682,4800
52800,10011,4689,52810,9617,4793
52820,9976,4738,52830,9653,4810
52840,10019,4764,52850,9654,4763
52860,9970,4759,52870,9598,4796
52880,9976,4746,52890,9645,4791
52900,9972,4747,52910,9596,4813
52920,9930,4724,52930,9596,4794
52940,9990,4757,52950,9581,4840
52960,9906,4711,52970,9548,4795
52980,9933,4779,52990,9573,4797
53000,9894,4794,53010,9528,4778
53020,9869,4782,53030,9530,4752
53040,9872,4778,53050,9520,4845
53060,9839,4780,53070,9507,4850
53080,9876,4784,53090,9534,4857
53100,9865,4788,53110,9477,4789
53120,9844,4709,53130,9508,4847
53140,9852,4757,53150,9469,4846
53160,9812,4795,53170,9439,4835
53180,9829,4768,53190,9486,4838
53200,9812,4769,53210,9441,4838
53220,9780,4764,53230,9465,4850
53240,9825,4786,53250,9440,4849
53260,9779,4779,53270,9440,4801
53280,9820,4770,53290,9485,4793
53300,9817,4782,53310,9452,4850
53320,9785,4778,53330,9478,4844
53340,9846,4787,53350,9469,4850
53360,9816,4771,53370,9457,4838
53380,9836,4785,53390,9500,4898
53400,9828,4801,53410,9454,4874
53420,9802,4787,53430,9484,4867
53440,9840,4804,53450,9460,4847
53460,9791,4790,53470,9424,4842
53480,9814,4778,53490,9448,4856
53500,9799,4807,53510,9422,4864
53520,9793,4781,53530,9471,4847
53540,9801,4774,53550,9431,4845
53560,9775,4769,53570,9416,4841
53580,9782,4804,53590,9429,5025
53600,9741,4812,53610,9368,4980
53620,9715,4938,53630,9368,4977
53640,9734,4805,53650,9348,4986
53660,9676,4910,53670,9335,4994
53680,9709,4847,53690,9325,4971
53700,9657,4938,53710,9290,4967
53720,9652,4862,53730,9302,4990
53740,9652,4905,53750,9226,4986
53760,9599,4958,53770,9239,4942
53780,9614,4811,53790,9258,4986
53800,9589,4928,53810,9155,4999
53820,9501,4824,53830,9122,4991
53840,9454,4918,53850,9042,4979
53860,9375,4905,53870,8989,4975
53880,9356,4912,53890,8968,4893
53900,9283,4891,53910,8911,4882
53920,9254,4941,53930,8889,4960
53940,9245,4910,53950,8864,4998
53960,9229,4902,53970,8879,4956
53980,9252,4924,53990,8901,4889
54000,9247,4873,54010,8904,4989
54020,9248,4931,54030,8907,4965
54040,9261,4836,54050,8879,4852
54060,9222,4929,54070,8858,4971
54080,9210,4925,54090,8800,4992
54100,9147,4907,54110,8821,4914
54120,9176,4936,54130,8820,5022
54140,9181,4886,54150,8844,5015
54160,9190,4907,54170,8843,4964
54180,9226,4921,54190,8834,4975
54200,9189,4927,54210,8789,4994
54220,9129,4940,54230,8749,4878
54240,9130,4831,54250,8755,5021
54260,9107,4981,54270,8746,4897
54280,9113,4903,54290,8743,4984
54300,9085,4981,54310,8701,5045
54320,9084,4979,54330,8709,5018
54340,9095,4954,54350,8729,4960
54360,9098,4839,54370,8748,5026
54380,9129,4948,54390,8760,5009
54400,9133,4944,54410,8770,5007
54420,9136,4955,54430,8781,5013
54440,9140,4948,54450,8783,5027
54460,9143,4960,54470,8778,5047
54480,9144,4840,54490,8770,5029
54500,9101,4915,54510,8734,5025
54520,9114,4852,54530,8768,5019
54540,9132,4976,54550,8759,5059
54560,9112,4984,54570,8757,5022
54580,9098,4965,54590,8741,5018
54600,9087,4853,54610,8721,5082
54620,9081,4967,54630,8735,5035
54640,9092,4960,54650,8723,4887
54660,9090,4983,54670,8737,4937
54680,9095,4856,54690,8724,5046
54700,9074,4970,54710,8712,5047
54720,9045,4999,54730,8673,5041
54740,9018,4993,54750,8667,4947
54760,9020,4998,54770,8666,5063
54780,9053,4914,54790,8682,5094
54800,9050,5011,54810,8668,4923
54820,9024,5022,54830,8644,5050
54840,8986,4851,54850,8577,4927
54860,8928,4938,54870,8603,4957
54880,8983,4867,54890,8644,5054
54900,9016,4859,54910,8647,4952
54920,8993,4999,54930,8608,5053
54940,8939,4963,54950,8521,5025
54960,8904,4870,54970,8563,5055
54980,8972,4990,54990,8597,5038
55000,8993,4917,55010,8596,4939
55020,8974,4885,55030,8588,4914
55040,8928,4842,55050,8527,4912
55060,8895,4852,55070,8533,5041
55080,8938,4884,55090,8561,4959
55100,8944,4894,55110,8587,4957
55120,8969,4884,55130,8613,4970
55140,8983,4901,55150,8601,4838
55160,8973,4913,55170,8602,4888
55180,8971,4862,55190,8605,4926
55200,8990,4886,55210,8649,4943
55220,9034,4816,55230,8701,4967
55240,9066,4883,55250,8693,4826
55260,9072,4779,55270,8703,4956
55280,9073,4908,55290,8695,4923
55300,9059,4796,55310,8718,4917
55320,9107,4857,55330,8753,4909
55340,9106,4839,55350,8761,4888
55360,9131,4838,55370,8769,4910
55380,9122,4815,55390,8746,4883
55400,9094,4772,55410,8725,4829
55420,9101,4829,55430,8751,4884
55440,9110,4700,55450,8752,4830
55460,9128,4699,55470,8784,4800
55480,9156,4813,55490,8772,4879
55500,9112,4818,55510,8751,4901
55520,9121,4855,55530,8767,4928
55540,9118,4824,55550,8746,4827
55560,9117,4727,55570,8771,4907
55580,9149,4757,55590,8768,4900
55600,9125,4869,55610,8772,4821
55620,9131,4815,55630,8783,4890
55640,9132,4840,55650,8759,4806
55660,9120,4757,55670,8777,4982
55680,9140,4912,55690,8778,4908
55700,9135,4904,55710,8784,4973
55720,9161,4911,55730,8793,4908
55740,9147,4844,55750,8774,4972
55760,9134,4901,55770,8790,4963
55780,9161,4901,55790,8778,4950
55800,9146,4910,55810,8796,4950
55820,9165,4902,55830,8801,4959
55840,9169,4910,55850,8785,4898
55860,9144,4895,55870,8793,4917
55880,9162,4912,55890,8771,4954
55900,9132,4939,55910,8767,4998
55920,9142,4937,55930,8771,4997
55940,9134,4921,55950,8756,5024
55960,9130,4944,55970,8770,4997
55980,9129,4943,55990,8762,5008
56000,9108,5000,56010,8758,5069
56020,9113,5007,56030,8768,5080
56040,9113,5014,56050,8738,5074
56060,9112,5016,56070,8754,5116
56080,9105,5056,56090,8747,5124
56100,9088,5043,56110,8723,5204
56120,9100,5055,56130,8741,5135
56140,9095,5053,56150,8737,5124
56160,9092,5045,56170,8754,5127
56180,9113,5045,56190,8743,5095
56200,9099,5031,56210,8752,5087
56220,9125,5018,56230,8766,5094
56240,9120,5025,56250,8752,5088
56260,9130,5016,56270,8780,5093
56280,9160,4949,56290,8770,5003
56300,9138,4950,56310,8765,5010
56320,9153,4948,56330,8803,5011
56340,9140,4959,56350,8787,5007
56360,9150,4948,56370,8810,5009
56380,9159,4990,56390,8789,5013
56400,9135,4941,56410,8797,5030
56420,9171,4952,56430,8801,5013
56440,9155,4956,56450,8794,5183
56460,9168,4960,56470,8821,5026
56480,9173,4970,56490,8806,5026
56500,9161,4959,56510,8809,5015
56520,9181,4966,56530,8821,5029
56540,9177,4952,56550,8803,5021
56560,9173,5124,56570,8827,5010
56580,9191,5132,56590,8811,5022
56600,9174,4946,56610,8827,5018
56620,9191,4958,56630,8819,5018
56640,9162,4950,56650,8800,5017
56660,9176,4937,56670,8817,5016
56680,9186,4948,56690,8801,5009
56700,9184,4967,56710,8819,5008
56720,9199,4958,56730,8841,5016
56740,9190,4960,56750,8825,5028
56760,9190,4962,56770,8830,5034
56780,9194,4950,56790,8821,5020
56800,9177,5137,56810,8822,5008
56820,9203,4957,56830,8836,5026
56840,9197,4950,56850,8824,5020
56860,9220,4961,56870,8867,5052
56880,9225,5048,56890,8843,5187
56900,9214,4942,56910,8868,5022
56920,9229,4943,56930,8887,5192
56940,9226,5140,56950,8875,5023
56960,9243,4991,56970,8888,5021
56980,9246,4964,56990,8883,5028
57000,9237,4947,57010,8890,5039
57020,9252,4943,57030,8899,5020
57040,9250,5118,57050,8895,5016
57060,9256,5115,57070,8919,5032
57080,9281,4968,57090,8897,5066
57100,9261,4991,57110,8923,5064
57120,9293,4979,57130,8931,5048
57140,9276,4992,57150,8915,5057
57160,9287,4996,57170,8940,5059
57180,9299,4994,57190,8909,5061
57200,9286,5147,57210,8937,5064
57220,9308,4987,57230,8934,5043
57240,9284,4993,57250,8913,5026
57260,9300,4931,57270,8954,4985
57280,9281,4936,57290,8925,5014
57300,9272,4935,57310,8931,4997
57320,9299,4951,57330,8929,5014
57340,9280,4957,57350,8920,5007
57360,9292,4929,57370,8935,5165
57380,9296,4917,57390,8927,4989
57400,9273,4917,57410,8936,4985
57420,9301,4926,57430,8949,4975
57440,9280,4908,57450,8917,5000
57460,9283,4939,57470,8944,4997
57480,9290,4947,57490,8919,4994
57500,9279,4945,57510,8926,5186
57520,9312,4946,57530,8931,5016
57540,9284,4946,57550,8925,4996
57560,9293,4944,57570,8943,4991
57580,9282,4951,57590,8931,4994
57600,9282,4949,57610,8942,5006
57620,9311,4953,57630,8927,5006
57640,9278,4953,57650,8927,5015
57660,9295,4940,57670,8953,4998
57680,9292,4936,57690,8919,4994
57700,9290,4951,57710,8940,5023
57720,9301,4944,57730,8930,5015
57740,9279,4940,57750,8930,4996
57760,9304,4933,57770,8943,4999
57780,9299,4936,57790,8923,4992
57800,9283,4943,57810,8941,5031
57820,9299,4973,57830,8916,5201
57840,9284,4949,57850,8928,5014
57860,9292,4943,57870,8950,5004
57880,9295,4943,57890,8915,4994
57900,9278,4929,57910,8940,5025
57920,9300,4946,57930,8909,4998
57940,9270,4930,57950,8923,4991
57960,9306,4939,57970,8931,5001
57980,9292,4926,57990,8919,5005
58000,9281,4915,58010,8963,5188
58020,9304,4927,58030,8926,4991
58040,9285,4924,58050,8928,4990
58060,9297,4936,58070,8943,5009
58080,9292,4933,58090,8925,5000
58100,9277,4918,58110,8942,4996
58120,9305,4944,58130,8923,5018
58140,9287,4945,58150,8928,5017
58160,9313,4863,58170,8943,5005
58180,9294,4926,58190,8925,5008
58200,9283,4934,58210,8930,4993
58220,9312,4935,58230,8921,5029
58240,9287,4971,58250,8920,5018
58260,9304,4942,58270,8940,5019
58280,9291,4958,58290,8936,5011
58300,9283,4930,58310,8948,4995
58320,9314,4944,58330,8935,5008
58340,9280,4937,58350,8934,5000
58360,9314,4942,58370,8958,5014
58380,9290,4932,58390,8931,5007
58400,9283,4944,58410,8948,5011
58420,9313,4943,58430,8928,5015
58440,9287,4944,58450,8943,4994
58460,9307,4890,58470,8964,5026
58480,9295,4951,58490,8921,5017
58500,9292,4942,58510,8967,4991
58520,9314,4916,58530,8930,5009
58540,9288,4923,58550,8933,5000
58560,9314,4924,58570,8966,4986
58580,9304,4914,58590,8929,5007
58600,9311,4915,58610,8953,4984
58620,9308,4939,58630,8929,4998
58640,9287,4952,58650,8941,4995
58660,9311,4950,58670,8960,5126
58680,9289,4950,58690,8925,4984
58700,9299,4932,58710,8964,5014
58720,9319,4969,58730,8915,5008
58740,9284,5103,58750,8947,5008
58760,9311,4899,58770,8953,4980
58780,9282,4935,58790,8935,4971
58800,9304,4937,58810,8954,4982
58820,9326,4945,58830,8939,5004
58840,9299,4930,58850,8940,4981
58860,9326,4924,58870,8954,4989
58880,9288,4929,58890,8942,4982
58900,9309,4930,58910,8967,5024
58920,9313,4927,58930,8928,4972
58940,9296,4925,58950,8947,5004
58960,9320,4921,58970,8948,4976
58980,9294,4926,58990,8928,4982
59000,9308,4915,59010,8949,4982
59020,9317,4921,59030,8929,4973
59040,9305,4922,59050,8942,4981
59060,9316,4861,59070,8951,4981
59080,9291,4911,59090,8914,4971
59100,9298,4906,59110,8966,4980
59120,9292,5062,59130,8925,4981
59140,9298,4912,59150,8938,4966
59160,9325,4890,59170,8960,4975
59180,9299,4908,59190,8934,4961
59200,9309,4914,59210,8967,4975
59220,9306,4933,59230,8933,4968
59240,9303,4912,59250,8935,4965
59260,9330,4903,59270,8947,4978
59280,9286,4895,59290,8937,4972
59300,9319,4907,59310,8963,4969
59320,9300,4909,59330,8935,4967
59340,9293,4902,59350,8935,4964
59360,9333,4893,59370,8938,4977
59380,9306,4919,59390,8940,4959
59400,9313,4919,59410,8952,4976
59420,9311,4912,59430,8928,4984
59440,9291,4903,59450,8946,4968
59460,9321,4904,59470,8943,4968
59480,9284,4908,59490,8933,4963
59500,9302,4902,59510,8969,4969
59520,9318,4898,59530,8940,4975
59540,9292,4895,59550,8957,4971
59560,9342,4914,59570,8946,4982
59580,9310,4926,59590,8936,4971
59600,9307,4903,59610,8953,4972
59620,9311,4912,59630,8944,4979
59640,9318,4908,59650,8952,4962
59660,9313,4820,59670,8957,4973
59680,9291,4877,59690,8939,4956
59700,9312,4880,59710,8960,4947
59720,9312,4906,59730,8932,4954
59740,9290,4898,59750,8957,4968
59760,9320,4906,59770,8941,4967
59780,9299,4912,59790,8942,4956
59800,9304,4899,59810,8957,4968
59820,9307,4908,59830,8934,4973
59840,9299,4910,59850,8950,4959
59860,9319,4924,59870,8954,4977
59880,9284,4912,59890,8950,4975
59900,9313,4898,59910,8950,4973
59920,9297,4903,59930,8925,4992
59940,9288,4936,59950,8950,4979
59960,9329,4925,59970,8955,5002
59980,9298,4932,59990,8938,5006
60000,9310,4926,60010,8962,4990
60020,9304,4927,60030,8932,5001
60040,9303,4932,60050,8953,4979
60060,9327,4915,60070,8952,4993
60080,9287,4940,60090,8939,4984
60100,9312,4925,60110,8958,4981
60120,9310,4932,60130,8928,4990
60140,9300,4926,60150,8952,4990
60160,9323,4922,60170,8946,4991
60180,9287,5067,60190,8944,4985
60200,9307,4923,60210,8966,5000
60220,9290,4929,60230,8938,5078
60240,9297,4932,60250,8959,5003
60260,9315,4871,60270,8954,4955
60280,9295,4901,60290,8949,5014
60300,9316,4925,60310,8960,4998
60320,9310,4938,60330,8949,4995
60340,9301,4948,60350,8958,5010
60360,9328,4939,60370,8939,4996
60380,9289,4930,60390,8951,5002
60400,9317,4925,60410,8966,5003
60420,9300,4930,60430,8939,4956
60440,9296,4929,60450,8953,4985
60460,9320,4914,60470,8944,4982
60480,9303,4928,60490,8940,4982
60500,9320,4933,60510,8967,5018
60520,9294,4938,60530,8941,5021
60540,9305,4934,60550,8959,5001
60560,9345,4932,60570,8956,4997
60580,9293,4935,60590,8946,5003
60600,9318,4931,60610,8963,5004
60620,9310,4939,60630,8941,5000
60640,9307,4942,60650,8968,5021
60660,9329,4942,60670,8956,5005
60680,9306,4938,60690,8951,5010
60700,9329,4955,60710,8970,5007
60720,9305,4947,60730,8918,4999
60740,9315,4945,60750,8963,4994
60760,9314,4941,60770,8951,5015
60780,9295,4932,60790,8945,4985
60800,9324,4929,60810,8955,4995
60820,9308,4933,60830,8933,5007
60840,9294,4925,60850,8956,4989
60860,9312,4918,60870,8924,4987
60880,9306,4910,60890,8954,4996
60900,9319,4930,60910,8960,4979
60920,9295,4924,60930,8935,4989
60940,9299,4935,60950,8959,4986
60960,9310,4939,60970,8938,4999
60980,9293,4948,60990,8953,4998
61000,9326,4946,61010,8953,4991
61020,9288,4944,61030,8951,4999
61040,9304,4937,61050,8957,4994
61060,9316,4938,61070,8943,5024
61080,9303,4957,61090,8948,4997
61100,9307,4941,61110,8956,4998
61120,9295,4953,61130,8940,5000
61140,9312,4946,61150,8974,5008
61160,9314,4935,61170,8935,4993
61180,9294,4939,61190,8943,5007
61200,9326,4953,61210,8963,5016
61220,9303,4952,61230,8941,4997
61240,9327,4940,61250,8958,4973
61260,9318,4929,61270,8943,4999
61280,9310,4931,61290,8949,5134
61300,9323,5071,61310,8952,5003
61320,9299,4936,61330,8943,4998
61340,9307,4931,61350,8957,5003
61360,9326,4938,61370,8937,4995
61380,9306,4929,61390,8948,4998
61400,9313,4933,61410,8955,5130
61420,9301,4938,61430,8934,4989
61440,9314,4905,61450,8956,5121
61460,9317,4914,61470,8947,4974
61480,9298,4907,61490,8951,4976
61500,9326,4919,61510,8955,4980
61520,9299,4910,61530,8936,4990
61540,9308,4926,61550,8957,4983
61560,9309,4918,61570,8934,4982
61580,9309,4907,61590,8963,4973
61600,9316,4915,61610,8950,4969
61620,9301,4914,61630,8944,4971
61640,9305,4911,61650,8969,5001
61660,9321,4924,61670,8938,5000
61680,9298,4926,61690,8959,4984
61700,9316,5065,61710,8947,4996
61720,9299,4930,61730,8934,4995
61740,9310,4934,61750,8946,4994
61760,9317,4916,61770,8934,4992
61780,9302,4923,61790,8967,4989
61800,9318,4924,61810,8942,4991
61820,9303,4932,61830,8917,4997
61840,9307,4927,61850,8955,5003
61860,9306,4927,61870,8931,5120
61880,9289,4925,61890,8953,5005
61900,9314,4937,61910,8953,5002
61920,9300,4961,61930,8953,5000
61940,9335,5066,61950,8960,4996
61960,9309,4938,61970,8937,5008
61980,9297,4922,61990,8962,5129
62000,9326,4923,62010,8952,5123
62020,9298,4927,62030,8942,5123
62040,9314,4917,62050,8965,4973
62060,9308,5045,62070,8937,4987
62080,9313,4927,62090,8960,4994
62100,9321,4936,62110,8945,5004
62120,9296,4937,62130,8943,5008
62140,9314,4937,62150,8958,4997
62160,9304,4949,62170,8945,5006
62180,9302,4956,62190,8968,5018
62200,9325,4942,62210,8944,5001
62220,9299,4923,62230,8939,4995
62240,9318,4925,62250,8967,4969
62260,9313,4921,62270,8943,4994
62280,9291,4925,62290,8954,4992
62300,9314,4932,62310,8943,5005
62320,9301,4925,62330,8943,4998
62340,9310,4919,62350,8967,4991
62360,9305,4917,62370,8936,4996
62380,9314,4936,62390,8956,4981
62400,9321,4915,62410,8955,5013
62420,9290,4946,62430,8938,4995
62440,9309,4959,62450,8958,5024
62460,9316,4959,62470,8940,5018
62480,9287,4933,62490,8970,5026
62500,9322,4942,62510,8938,5005
62520,9298,4972,62530,8937,5023
62540,9321,4906,62550,8956,4970
62560,9299,4903,62570,8928,4961
62580,9299,4905,62590,8951,4961
62600,9332,4895,62610,8940,4954
62620,9294,5177,62630,8934,4967
62640,9322,4903,62650,8969,4965
62660,9307,4893,62670,8927,4962
62680,9305,4890,62690,8963,4960
62700,9333,4880,62710,8950,4956
62720,9289,4899,62730,8950,4948
62740,9327,4890,62750,8956,4964
62760,9293,4894,62770,8927,5111
62780,9304,4897,62790,8956,4964
62800,9314,4904,62810,8948,4968
62820,9292,4909,62830,8951,5101
62840,9318,4891,62850,8960,4964
62860,9302,4896,62870,8937,5115
62880,9306,4895,62890,8968,4958
62900,9309,4902,62910,8944,4958
62920,9293,5044,62930,8939,4961
62940,9319,5046,62950,8969,4957
62960,9301,4893,62970,8939,4967
62980,9302,4888,62990,8966,4944
63000,9317,4915,63010,8940,4974
63020,9295,4906,63030,8943,4962
63040,9315,4905,63050,8965,4970
63060,9295,4882,63070,8926,4959
63080,9299,4903,63090,8963,5126
63100,9314,4915,63110,8938,4968
63120,9298,4912,63130,8947,4955
63140,9327,4921,63150,8963,4996
63160,9310,4901,63170,8932,4992
63180,9302,4906,63190,8971,4963
63200,9326,4910,63210,8934,4959
63220,9292,4889,63230,8961,4980
63240,9319,4911,63250,8956,4955
63260,9306,4901,63270,8941,4927
63280,9309,4889,63290,8949,4950
63300,9310,4888,63310,8946,4952
63320,9296,4954,63330,8953,5010
63340,9328,4929,63350,8953,5014
63360,9298,4950,63370,8939,4994
63380,9321,5092,63390,8969,5007
63400,9322,4957,63410,8938,5005
63420,9291,4950,63430,8942,5009
63440,9315,4962,63450,8952,5013
63460,9300,4953,63470,8931,4948
63480,9311,4928,63490,8966,4986
63500,9312,4934,63510,8946,4999
63520,9288,4931,63530,8943,4988
63540,9329,4929,63550,8959,4965
63560,9303,4917,63570,8942,4982
63580,9309,4935,63590,8950,4986
63600,9317,4930,63610,8945,4982
63620,9303,4934,63630,8944,4982
63640,9318,4906,63650,8956,4997
63660,9299,4928,63670,8942,4985
63680,9322,4926,63690,8972,4997
63700,9320,4931,63710,8933,4992
63720,9303,4941,63730,8946,4993
63740,9327,4930,63750,8964,4995
63760,9303,4945,63770,8936,4991
63780,9312,4941,63790,8961,4985
63800,9312,4925,63810,8926,4979
63820,9289,4940,63830,8970,4999
63840,9327,4941,63850,8936,5003
63860,9301,4936,63870,8943,5000
63880,9315,4925,63890,8966,4997
63900,9312,4926,63910,8946,4985
63920,9301,4919,63930,8948,4975
63940,9323,4902,63950,8945,4993
63960,9296,4931,63970,8938,4989
63980,9307,4912,63990,8974,5000
64000,9305,4939,64010,8934,5001
64020,9297,4921,64030,8946,4982
64040,9326,4917,64050,8951,5028
64060,9304,4931,64070,8947,4997
64080,9307,4969,64090,8973,4994
64100,9321,4935,64110,8939,4989
64120,9302,4926,64130,8962,4997
64140,9326,4933,64150,8943,4987
64160,9288,4910,64170,8944,4981
64180,9313,4935,64190,8964,4988
64200,9300,4931,64210,8943,5028
64220,9311,4930,64230,8947,5002
64240,9329,4941,64250,8959,4994
64260,9292,4931,64270,8934,5002
64280,9319,4950,64290,8964,5009
64300,9316,4932,64310,8940,4990
64320,9303,4931,64330,8949,5021
64340,9330,4942,64350,8943,4996
64360,9295,4969,64370,8952,5041
64380,9316,4975,64390,8969,4992
64400,9302,4943,64410,8932,5013
64420,9305,4949,64430,8949,5005
64440,9322,4949,64450,8963,4990
64460,9294,4932,64470,8941,4990
64480,9310,4934,64490,8962,4978
64500,9316,5076,64510,8934,5000
64520,9305,4934,64530,8960,4994
64540,9315,4939,64550,8937,4987
64560,9296,4943,64570,8938,4997
64580,9308,4947,64590,8964,5016
64600,9324,4948,64610,8939,5002
64620,9287,4927,64630,8955,5028
64640,9323,4941,64650,8934,5005
64660,9293,4971,64670,8951,5000
64680,9325,4937,64690,8972,5041
64700,9309,4944,64710,8923,5006
64720,9294,4932,64730,8960,5007
64740,9323,4953,64750,8948,5000
64760,9291,4929,64770,8934,4991
64780,9312,4976,64790,8968,4994
64800,9312,4944,64810,8935,5010
64820,9304,4942,64830,8961,5017
64840,9322,4945,64850,8942,5005
64860,9291,4945,64870,8943,5002
64880,9328,4949,64890,8975,5005
64900,9294,4950,64910,8933,5020
64920,9290,5082,64930,8954,5165
64940,9324,5093,64950,8933,5158
64960,9285,5096,64970,8953,5172
64980,9321,5084,64990,8951,5153
65000,9293,5136,65010,8934,5162
65020,9302,5083,65030,8976,5184
65040,9323,5102,65050,8950,5184
65060,9304,5109,65070,8951,5150
65080,9332,5073,65090,8981,5154
65100,9312,5132,65110,8938,5147
65120,9307,5086,65130,8972,5157
65140,9326,4974,65150,8955,5027
65160,9295,4952,65170,8936,5011
65180,9330,4982,65190,8964,5031
65200,9312,4967,65210,8939,5026
65220,9306,4992,65230,8970,5043
65240,9312,4964,65250,8948,5028
65260,9291,4969,65270,8962,5044
65280,9329,4977,65290,8956,5020
65300,9306,4951,65310,8937,5019
65320,9319,4933,65330,8971,4989
65340,9317,4903,65350,8931,4966
65360,9300,4960,65370,8960,5044
65380,9321,5075,65390,8970,5000
65400,9303,4940,65410,8936,5004
65420,9294,4947,65430,8949,5144
65440,9316,4955,65450,8934,5000
65460,9301,4918,65470,8946,4997
65480,9325,4905,65490,8969,4974
65500,9300,4854,65510,8945,4999
65520,9308,4909,65530,8954,4990
65540,9325,4858,65550,8934,4975
65560,9291,4878,65570,8953,4955
65580,9328,4972,65590,8954,4980
65600,9318,4951,65610,8936,4992
65620,9317,4881,65630,8958,5000
65640,9303,4942,65650,8944,5004
65660,9290,4930,65670,8969,5103
65680,9309,4900,65690,8959,5011
65700,9306,4976,65710,8938,5107
65720,9323,4942,65730,8964,5151
65740,9322,4942,65750,8933,5085
65760,9308,4940,65770,8957,5021
65780,9325,5029,65790,8954,5030
65800,9292,5002,65810,8936,5058
65820,9319,4978,65830,8964,5038
65840,9313,4981,65850,8951,5110
65860,9293,5035,65870,8954,4977
65880,9330,4886,65890,8948,5018
65900,9289,4926,65910,8940,4990
65920,9311,4919,65930,8965,5031
65940,9329,4912,65950,8937,5038
65960,9304,4973,65970,8957,5044
65980,9326,4922,65990,8949,4970
66000,9302,4977,66010,8936,5047
66020,9310,4900,66030,8966,5007
66040,9310,5012,66050,8936,4953
66060,9302,4943,66070,8949,5017
66080,9316,4931,66090,8946,5013
66100,9306,4980,66110,8947,4946
66120,9304,4946,66130,8958,5023
66140,9309,4815,66150,8931,4954
66160,9299,4944,66170,8947,4954
66180,9314,4883,66190,8952,5025
66200,9292,4966,66210,8923,5030
66220,9297,4970,66230,8957,4999
66240,9328,4890,66250,8942,5006
66260,9297,4933,66270,8960,5034
66280,9331,4908,66290,8931,4996
66300,9288,4921,66310,8937,5042
66320,9316,4955,66330,8957,5038
66340,9316,4985,66350,8936,5030
66360,9304,4963,66370,8954,4988
66380,9323,4864,66390,8952,5027
66400,9289,4976,66410,8941,5017
66420,9326,4973,66430,8964,5037
66440,9313,5016,66450,8935,5081
66460,9293,5051,66470,8946,5078
66480,9323,5025,66490,8942,5060
66500,9279,5051,66510,8936,5090
66520,9326,5004,66530,8960,5081
66540,9282,5014,66550,8937,5050
66560,9304,5004,66570,8956,5082
66580,9319,5050,66590,8953,5059
66600,9277,5002,66610,8939,5080
66620,9324,4984,66630,8956,5081
66640,9305,5003,66650,8932,5105
66660,9293,4960,66670,8946,5067
66680,9312,4935,66690,8948,5081
66700,9286,4921,66710,8938,5022
66720,9312,4938,66730,8967,5027
66740,9293,4855,66750,8941,5028
66760,9279,4978,66770,8950,5012
66780,9315,4983,66790,8949,5030
66800,9306,4942,66810,8932,5084
66820,9311,4874,66830,8958,5007
66840,9302,4947,66850,8933,5077
66860,9296,4989,66870,8952,5077
66880,9319,4979,66890,8936,4908
66900,9288,4974,66910,8938,5022
66920,9311,4962,66930,8952,5069
66940,9297,4996,66950,8926,5040
66960,9293,5002,66970,8956,5036
66980,9316,4936,66990,8939,4999
67000,9289,4962,67010,8936,4890
67020,9317,4817,67030,8949,4851
67040,9293,4799,67050,8928,4844
67060,9293,4784,67070,8946,4878
67080,9322,4799,67090,8936,4857
67100,9296,4810,67110,8939,4876
67120,9314,4788,67130,8949,4853
67140,9288,4841,67150,8918,4945
67160,9301,4889,67170,8947,4941
67180,9314,4855,67190,8923,4931
67200,9279,4888,67210,8930,4955
67220,9324,4870,67230,8947,4936
67240,9288,4845,67250,8916,4911
67260,9288,4830,67270,8947,4903
67280,9307,4839,67290,8935,4910
67300,9277,4882,67310,8926,4887
67320,9315,4838,67330,8951,4881
67340,9273,4815,67350,8915,4860
67360,9278,4826,67370,8943,4889
67380,9294,4816,67390,8916,4860
67400,9276,4819,67410,8923,4858
67420,9296,4810,67430,8930,4871
67440,9260,4804,67450,8895,4882
67460,9260,4812,67470,8936,4858
67480,9274,4791,67490,8903,4884
67500,9270,4823,67510,8920,4888
67520,9292,4823,67530,8920,4856
67540,9260,4816,67550,8897,4857
67560,9264,4822,67570,8918,4887
67580,9274,4922,67590,8902,4978
67600,9248,4910,67610,8905,4950
67620,9275,4906,67630,8894,4956
67640,9248,4930,67650,8892,5000
67660,9266,4960,67670,8909,5041
67680,9269,4862,67690,8894,5034
67700,9251,4913,67710,8902,5034
67720,9263,4870,67730,8893,5027
67740,9240,4902,67750,8871,5041
67760,9248,4958,67770,8895,5017
67780,9251,4911,67790,8864,5027
67800,9250,4929,67810,8884,5016
67820,9258,4942,67830,8904,5001
67840,9237,4929,67850,8879,4995
67860,9241,4920,67870,8896,4994
67880,9249,5002,67890,8878,5012
67900,9234,4925,67910,8888,5043
67920,9252,4973,67930,8884,5025
67940,9228,4972,67950,8877,5021
67960,9249,4965,67970,8900,5087
67980,9242,4998,67990,8874,5088
68000,9225,5040,68010,8881,5094
68020,9252,5033,68030,8887,5172
68040,9231,5098,68050,8862,5145
68060,9210,5076,68070,8860,4919
68080,9220,5048,68090,8842,5053
68100,9206,4911,68110,8858,5063
68120,9225,5029,68130,8861,5055
68140,9201,4923,68150,8838,5114
68160,9227,5049,68170,8874,4939
68180,9229,5044,68190,8841,5026
68200,9216,4973,68210,8869,5080
68220,9218,4893,68230,8860,5114
68240,9199,5034,68250,8843,5062
68260,9202,5028,68270,8847,5160
68280,9211,5042,68290,8821,5082
68300,9188,5045,68310,8843,5065
68320,9203,5034,68330,8824,5108
68340,9186,5015,68350,8809,5008
68360,9181,5034,68370,8836,5120
68380,9196,4991,68390,8802,5138
68400,9172,5033,68410,8819,5113
68420,9187,5000,68430,8812,5119
68440,9165,5051,68450,8807,5122
68460,9180,5093,68470,8800,5121
68480,9176,5035,68490,8795,5085
68500,9154,5048,68510,8799,5048
68520,9175,4917,68530,8798,5051
68540,9139,4964,68550,8785,5129
68560,9143,5074,68570,8784,5172
68580,9128,5100,68590,8760,4901
68600,9122,4946,68610,8757,5079
68620,9137,4814,68630,8750,5046
68640,9119,5094,68650,8763,5096
68660,9141,5030,68670,8799,5129
68680,9146,4998,68690,8788,5043
68700,9140,5042,68710,8801,4889
68720,9174,5027,68730,8795,5091
68740,9153,4962,68750,8795,4971
68760,9168,5018,68770,8802,4937
68780,9152,4910,68790,8777,4947
68800,9141,4840,68810,8784,4922
68820,9154,4865,68830,8782,4933
68840,9143,4867,68850,8772,4941
68860,9152,4847,68870,8790,4899
68880,9149,4866,68890,8771,4956
68900,9132,4864,68910,8789,5012
68920,9157,4879,68930,8781,4939
68940,9125,4854,68950,8759,4936
68960,9137,4873,68970,8739,4932
68980,9114,4913,68990,8749,4983
69000,9123,4942,69010,8766,5003
69020,9126,4864,69030,8762,4945
69040,9120,4877,69050,8752,4949
69060,9120,4871,69070,8767,4914
69080,9121,4878,69090,8738,4902
69100,9097,4883,69110,8771,4909
69120,9118,4881,69130,8749,4943
69140,9105,4877,69150,8749,4954
69160,9120,4888,69170,8754,4935
69180,9104,4886,69190,8738,5021
69200,9113,4894,69210,8754,4952
69220,9127,4899,69230,8737,4944
69240,9092,4882,69250,8737,4939
69260,9107,4898,69270,8751,4908
69280,9108,4863,69290,8731,4956
69300,9096,4887,69310,8753,4942
69320,9113,4879,69330,8741,5003
69340,9089,4897,69350,8740,4963
69360,9121,4899,69370,8747,4995
69380,9095,4935,69390,8729,4939
69400,9100,4884,69410,8743,4947
69420,9103,4878,69430,8736,4935
69440,9099,4894,69450,8730,4943
69460,9112,4874,69470,8739,4952
69480,9099,4894,69490,8737,4956
