LED1 Timestamp (ms),LED1_PD1,LED1_PD2,LED2 Timestamp (ms),LED2_PD1,LED2_PD2
8000,12929,6293,8010,13104,6511
8020,12923,6299,8030,13098,6442
8040,12919,6437,8050,13080,6327
8060,12928,6477,8070,13089,6335
8080,12924,6392,8090,13075,6468
8100,12890,6290,8110,13085,6495
8120,12893,6302,8130,13071,6429
8140,12897,6448,8150,13063,6330
8160,12899,6462,8170,13062,6335
8180,12901,6404,8190,13072,6482
8200,12916,6292,8210,13076,6503
8220,12930,6303,8230,13086,6439
8240,12934,6448,8250,13085,6341
8260,12926,6463,8270,13087,6342
8280,12929,6397,8290,13096,6486
8300,12927,6288,8310,13086,6505
8320,12929,6324,8330,13088,6453
8340,12927,6449,8350,13090,6337
8360,12936,6475,8370,13092,6348
8380,12933,6400,8390,13092,6484
8400,12918,6297,8410,13095,6506
8420,12929,6307,8430,13099,6450
8440,12920,6454,8450,13084,6339
8460,12927,6466,8470,13089,6346
8480,12922,6405,8490,13085,6504
8500,12921,6300,8510,13088,6502
8520,12919,6305,8530,13101,6441
8540,12927,6458,8550,13091,6331
8560,12931,6471,8570,13092,6348
8580,12926,6393,8590,13088,6496
8600,12915,6292,8610,13088,6502
8620,12909,6317,8630,13082,6441
8640,12920,6458,8650,13096,6340
8660,12914,6463,8670,13088,6352
8680,12912,6404,8690,13085,6502
8700,12916,6294,8710,13079,6501
8720,12912,6310,8730,13073,6423
8740,12917,6457,8750,13082,6333
8760,12918,6454,8770,13084,6355
8780,12917,6400,8790,13081,6503
8800,12920,6290,8810,13087,6494
8820,12915,6305,8830,13084,6437
8840,12928,6461,8850,13088,6336
8860,12921,6461,8870,13093,6344
8880,12909,6389,8890,13094,6502
8900,12922,6292,8910,13075,6492
8920,12912,6308,8930,13073,6418
8940,12919,6463,8950,13094,6331
8960,12910,6467,8970,13085,6348
8980,12922,6397,8990,13085,6495
9000,12918,6294,9010,13087,6498
9020,12918,6315,9030,13075,6434
9040,12923,6471,9050,13091,6337
9060,12925,6453,9070,13075,6350
9080,12919,6383,9090,13086,6498
9100,12923,6280,9110,13094,6497
9120,12918,6296,9130,13095,6420
9140,12923,6461,9150,13087,6326
9160,12919,6444,9170,13066,6345
9180,12886,6369,9190,13053,6489
9200,12881,6281,9210,13058,6478
9220,12882,6307,9230,13041,6418
9240,12856,6471,9250,13035,6322
9260,12898,6450,9270,13063,6350
9280,12921,6391,9290,13057,6508
9300,12940,6300,9310,13076,6489
9320,12930,6313,9330,13080,6427
9340,12935,6475,9350,13075,6332
9360,12925,6464,9370,13085,6359
9380,12917,6392,9390,13084,6506
9400,12921,6308,9410,13081,6494
9420,12927,6328,9430,13078,6425
9440,12920,6474,9450,13088,6324
9460,12927,6459,9470,13079,6356
9480,12911,6392,9490,13081,6516
9500,12928,6284,9510,13084,6490
9520,12916,6322,9530,13080,6422
9540,12913,6478,9550,13086,6327
9560,12917,6455,9570,13078,6366
9580,12926,6382,9590,13085,6522
9600,12906,6290,9610,13087,6491
9620,12914,6325,9630,13087,6420
9640,12920,6471,9650,13078,6324
9660,12909,6455,9670,13086,6364
9680,12918,6376,9690,13079,6511
9700,12912,6293,9710,13079,6492
9720,12928,6322,9730,13091,6419
9740,12919,6484,9750,13099,6345
9760,12928,6449,9770,13087,6360
9780,12929,6376,9790,13096,6525
9800,12925,6304,9810,13093,6490
9820,12928,6325,9830,13090,6409
9840,12911,6478,9850,13092,6339
9860,12923,6445,9870,13098,6364
9880,12933,6382,9890,13081,6528
9900,12921,6299,9910,13093,6489
9920,12923,6328,9930,13091,6422
9940,12925,6487,9950,13094,6337
9960,12934,6446,9970,13101,6365
9980,12919,6392,9990,13085,6536
10000,12914,6300,10010,13098,6492
10020,12925,6332,10030,13078,6416
10040,12921,6492,10050,13091,6336
10060,12921,6459,10070,13097,6375
10080,12916,6380,10090,13100,6531
10100,12931,6306,10110,13101,6501
10120,12924,6331,10130,13083,6411
10140,12921,6487,10150,13087,6333
10160,12928,6441,10170,13089,6354
10180,12926,6366,10190,13092,6527
10200,12920,6295,10210,13084,6478
10220,12910,6327,10230,13083,6390
10240,12899,6469,10250,13058,6317
10260,12900,6441,10270,13043,6351
10280,12858,6338,10290,13040,6511
10300,12834,6285,10310,13013,6470
10320,12820,6308,10330,13074,6389
10340,12927,6485,10350,13080,6342
10360,12925,6447,10370,13090,6379
10380,12928,6361,10390,13089,6535
10400,12919,6297,10410,13087,6494
10420,12932,6343,10430,13085,6399
10440,12917,6489,10450,13077,6341
10460,12914,6445,10470,13085,6371
10480,12924,6364,10490,13090,6539
10500,12916,6304,10510,13095,6482
10520,12922,6337,10530,13071,6390
10540,12915,6496,10550,13087,6332
10560,12887,6444,10570,13070,6383
10580,12937,6357,10590,13072,6531
10600,12910,6304,10610,13092,6487
10620,12927,6344,10630,13090,6392
10640,12935,6493,10650,13107,6351
10660,12926,6449,10670,13090,6389
10680,12911,6354,10690,13098,6531
10700,12913,6300,10710,13106,6487
10720,12928,6355,10730,13106,6402
10740,12920,6498,10750,13095,6342
10760,12924,6441,10770,13094,6389
10780,12928,6359,10790,13087,6546
10800,12916,6299,10810,13089,6485
10820,12922,6351,10830,13087,6402
10840,12910,6494,10850,13108,6346
10860,12912,6441,10870,13101,6391
10880,12932,6359,10890,13111,6551
10900,12918,6307,10910,13079,6476
10920,12923,6352,10930,13100,6389
10940,12916,6500,10950,13088,6348
10960,12932,6441,10970,13095,6389
10980,12923,6352,10990,13089,6531
11000,12925,6305,11010,13096,6483
11020,12922,6367,11030,13094,6384
11040,12921,6501,11050,13091,6349
11060,12920,6434,11070,13091,6402
11080,12918,6338,11090,13088,6529
11100,12916,6299,11110,13100,6484
11120,12931,6370,11130,13089,6384
11140,12922,6500,11150,13088,6341
11160,12922,6434,11170,13094,6396
11180,12914,6344,11190,13090,6542
11200,12919,6303,11210,13091,6487
11220,12913,6347,11230,13093,6375
11240,12929,6488,11250,13085,6327
11260,12924,6432,11270,13086,6397
11280,12919,6333,11290,13082,6527
11300,12896,6286,11310,13071,6452
11320,12877,6343,11330,13050,6360
11340,12877,6480,11350,13044,6327
11360,12871,6439,11370,13041,6403
11380,12865,6336,11390,13044,6534
11400,12896,6308,11410,13067,6474
11420,12916,6369,11430,13055,6372
11440,12930,6500,11450,13071,6347
11460,12932,6437,11470,13080,6418
11480,12929,6337,11490,13078,6536
11500,12934,6306,11510,13085,6477
11520,12919,6372,11530,13079,6367
11540,12931,6502,11550,13079,6341
11560,12932,6430,11570,13085,6426
11580,12914,6332,11590,13101,6550
11600,12925,6306,11610,13098,6482
11620,12915,6380,11630,13095,6367
11640,12921,6502,11650,13098,6346
11660,12927,6442,11670,13087,6429
11680,12928,6336,11690,13107,6549
11700,12918,6305,11710,13095,6478
11720,12930,6388,11730,13097,6369
11740,12928,6511,11750,13102,6345
11760,12926,6438,11770,13084,6424
11780,12934,6328,11790,13090,6542
11800,12927,6306,11810,13096,6481
11820,12940,6399,11830,13086,6367
11840,12929,6504,11850,13089,6351
11860,12924,6433,11870,13098,6434
11880,12920,6324,11890,13095,6537
11900,12915,6308,11910,13091,6485
11920,12930,6388,11930,13086,6362
11940,12928,6499,11950,13097,6349
11960,12925,6434,11970,13095,6429
11980,12944,6324,11990,13101,6549
12000,12924,6306,12010,13092,6472
12020,12931,6392,12030,13098,6365
12040,12928,6511,12050,13097,6358
12060,12923,6411,12070,13107,6434
12080,12931,6330,12090,13093,6535
12100,12928,6308,12110,13104,6480
12120,12929,6407,12130,13099,6362
12140,12936,6502,12150,13094,6341
12160,12934,6438,12170,13095,6447
12180,12928,6328,12190,13109,6542
12200,12931,6310,12210,13093,6483
12220,12934,6401,12230,13094,6367
12240,12930,6501,12250,13098,6341
12260,12918,6430,12270,13092,6430
12280,12925,6324,12290,13093,6526
12300,12924,6296,12310,13083,6461
12320,12917,6409,12330,13108,6355
12340,12928,6507,12350,13103,6342
12360,12884,6398,12370,13083,6421
12380,12903,6310,12390,13065,6524
12400,12897,6302,12410,13064,6468
12420,12894,6405,12430,13072,6361
12440,12894,6497,12450,13065,6346
12460,12909,6433,12470,13073,6440
12480,12926,6315,12490,13092,6543
12500,12942,6313,12510,13083,6460
12520,12923,6409,12530,13086,6356
12540,12936,6499,12550,13085,6353
12560,12940,6424,12570,13083,6456
12580,12937,6324,12590,13083,6542
12600,12931,6312,12610,13085,6460
12620,12918,6410,12630,13090,6355
12640,12918,6494,12650,13088,6340
12660,12784,6383,12670,13085,6438
12680,12927,6311,12690,13078,6530
12700,12924,6315,12710,13082,6459
12720,12924,6414,12730,13094,6356
12740,12924,6486,12750,13090,6350
12760,12928,6429,12770,13094,6458
12780,12934,6319,12790,13090,6532
12800,12916,6310,12810,13088,6473
12820,12929,6425,12830,13084,6359
12840,12922,6497,12850,13103,6353
12860,12930,6426,12870,13091,6456
12880,12911,6313,12890,13092,6524
12900,12923,6307,12910,13094,6465
12920,12921,6424,12930,13095,6361
12940,12935,6495,12950,13095,6344
12960,12931,6436,12970,13096,6460
12980,12927,6318,12990,13093,6533
13000,12929,6318,13010,13081,6465
13020,12923,6426,13030,13097,6347
13040,12928,6492,13050,13094,6358
13060,12938,6444,13070,13107,6465
13080,12928,6317,13090,13106,6534
13100,12932,6309,13110,13102,6462
13120,12929,6429,13130,13090,6343
13140,12920,6489,13150,13080,6339
13160,12925,6418,13170,13091,6468
13180,12919,6305,13190,13091,6532
13200,12924,6310,13210,13099,6469
13220,12923,6433,13230,13092,6355
13240,12913,6502,13250,13088,6346
13260,12788,6383,13270,13096,6456
13280,12923,6307,13290,13089,6525
13300,12917,6313,13310,13090,6460
13320,12927,6434,13330,13090,6350
13340,12924,6485,13350,13095,6343
13360,12922,6415,13370,13090,6465
13380,12932,6304,13390,13087,6524
13400,12928,6300,13410,13091,6454
13420,12936,6429,13430,13091,6337
13440,12907,6477,13450,13079,6330
13460,12890,6402,13470,13065,6459
13480,12876,6308,13490,13048,6520
13500,12890,6318,13510,13060,6462
13520,12883,6446,13530,13056,6361
13540,12906,6486,13550,13075,6351
13560,12792,6382,13570,13013,6458
13580,12842,6301,13590,13019,6490
13600,12888,6309,13610,13040,6446
13620,12887,6439,13630,13092,6349
13640,12931,6478,13650,13075,6346
13660,12934,6435,13670,13084,6474
13680,12916,6310,13690,13090,6526
13700,12933,6315,13710,13096,6469
13720,12931,6445,13730,13089,6352
13740,12924,6484,13750,13091,6354
13760,12929,6420,13770,13074,6485
13780,12931,6311,13790,13101,6527
13800,12925,6321,13810,13105,6470
13820,12930,6437,13830,13092,6352
13840,12918,6482,13850,13098,6350
13860,12921,6429,13870,13089,6479
13880,12933,6319,13890,13099,6529
13900,12923,6316,13910,13077,6465
13920,12918,6451,13930,13088,6355
13940,12927,6487,13950,13084,6352
13960,12930,6429,13970,13097,6492
13980,12929,6304,13990,13094,6518
14000,12936,6317,14010,13096,6460
14020,12922,6450,14030,13097,6351
14040,12931,6496,14050,13093,6359
14060,12930,6436,14070,13101,6501
14080,12931,6311,14090,13098,6524
14100,12928,6317,14110,13103,6463
14120,12928,6456,14130,13102,6350
14140,12922,6483,14150,13106,6359
14160,12803,6372,14170,13079,6490
14180,12923,6300,14190,13100,6523
14200,12930,6317,14210,13094,6456
14220,12910,6459,14230,13099,6356
14240,12926,6487,14250,13108,6352
14260,12918,6420,14270,13096,6501
14280,12916,6312,14290,13099,6528
14300,12917,6322,14310,13088,6458
14320,12936,6458,14330,13093,6359
14340,12917,6479,14350,13099,6355
14360,12932,6420,14370,13104,6494
14380,12921,6318,14390,13100,6523
14400,12934,6326,14410,13109,6459
14420,12925,6455,14430,13097,6344
14440,12928,6475,14450,13099,6365
14460,12936,6411,14470,13099,6502
14480,12941,6302,14490,13097,6513
14500,12912,6309,14510,13083,6440
14520,12901,6450,14530,13062,6340
14540,12888,6475,14550,13060,6343
14560,12890,6414,14570,13069,6496
14580,12902,6311,14590,13072,6521
14600,12918,6327,14610,13082,6456
14620,12926,6476,14630,13089,6345
14640,12938,6476,14650,13086,6357
14660,12930,6415,14670,13084,6514
14680,12925,6311,14690,13089,6515
14700,12936,6316,14710,13089,6453
14720,12923,6465,14730,13079,6341
14740,12929,6478,14750,13093,6365
14760,12798,6374,14770,13077,6500
14780,12935,6308,14790,13081,6507
14800,12929,6314,14810,13070,6454
14820,12922,6466,14830,13097,6347
14840,12931,6479,14850,13101,6364
14860,12936,6422,14870,13088,6514
14880,12927,6310,14890,13102,6514
14900,12916,6322,14910,13096,6459
14920,12928,6488,14930,13100,6345
14940,12928,6474,14950,13092,6361
14960,12933,6408,14970,13102,6518
14980,12925,6315,14990,13095,6513
15000,12934,6319,15010,13087,6449
15020,12933,6481,15030,13095,6351
15040,12924,6483,15050,13108,6359
15060,12918,6405,15070,13084,6517
15080,12926,6308,15090,13083,6511
15100,12929,6324,15110,13097,6454
15120,12919,6476,15130,13090,6343
15140,12920,6473,15150,13094,6369
15160,12923,6415,15170,13092,6511
15180,12924,6310,15190,13092,6514
15200,12916,6320,15210,13100,6442
15220,12917,6480,15230,13085,6353
15240,12933,6480,15250,13083,6368
15260,12918,6410,15270,13093,6522
15280,12930,6306,15290,13107,6517
15300,12912,6325,15310,13097,6452
15320,12932,6480,15330,13097,6348
15340,12936,6472,15350,13097,6367
15360,12929,6412,15370,13095,6529
15380,12933,6313,15390,13092,6514
15400,12935,6331,15410,13094,6452
15420,12918,6483,15430,13102,6358
15440,12931,6473,15450,13087,6377
15460,12928,6406,15470,13093,6524
15480,12917,6296,15490,13091,6496
15500,12931,6322,15510,13091,6441
15520,12940,6476,15530,13096,6340
15540,12930,6466,15550,13096,6368
15560,12922,6389,15570,13082,6505
15580,12912,6291,15590,13067,6485
15600,12890,6313,15610,13057,6424
15620,12891,6482,15630,13053,6336
15640,12879,6464,15650,13047,6363
15660,12885,6397,15670,13009,6512
15680,12823,6283,15690,13023,6489
15700,12867,6327,15710,13013,6427
15720,12839,6493,15730,13078,6356
15740,12923,6470,15750,13081,6369
15760,12937,6402,15770,13093,6524
15780,12931,6315,15790,13092,6508
15800,12934,6328,15810,13091,6446
15820,12928,6491,15830,13094,6359
15840,12932,6474,15850,13082,6365
15860,12930,6397,15870,13094,6535
15880,12938,6315,15890,13097,6507
15900,12927,6337,15910,13094,6434
15920,12933,6493,15930,13090,6359
15940,12926,6466,15950,13093,6373
15960,12932,6401,15970,13103,6539
15980,12948,6322,15990,13096,6506
16000,12922,6337,16010,13101,6430
16020,12934,6486,16030,13089,6361
16040,12934,6472,16050,13088,6373
16060,12939,6406,16070,13094,6538
16080,12927,6314,16090,13092,6507
16100,12939,6343,16110,13116,6435
16120,12936,6500,16130,13099,6356
16140,12936,6462,16150,13096,6381
16160,12929,6406,16170,13087,6535
16180,12922,6317,16190,13096,6502
16200,12928,6330,16210,13102,6431
16220,12930,6499,16230,13085,6352
16240,12928,6459,16250,13091,6371
16260,12909,6380,16270,13093,6534
16280,12916,6316,16290,13077,6505
16300,12928,6337,16310,13093,6435
16320,12925,6508,16330,13086,6342
16340,12931,6474,16350,13099,6383
16360,12924,6392,16370,13099,6544
16380,12929,6312,16390,13093,6509
16400,12928,6340,16410,13094,6430
16420,12939,6498,16430,13098,6354
16440,12932,6467,16450,13087,6380
16460,12935,6393,16470,13106,6547
16480,12937,6319,16490,13102,6504
16500,12933,6340,16510,13107,6423
16520,12940,6500,16530,13109,6345
16540,12925,6460,16550,13108,6378
16560,12914,6377,16570,13093,6533
16580,12926,6303,16590,13087,6500
16600,12931,6333,16610,13088,6405
16620,12929,6486,16630,13095,6340
16640,12907,6448,16650,13081,6372
16660,12894,6370,16670,13068,6529
16680,12888,6307,16690,13066,6504
16700,12878,6347,16710,13048,6410
16720,12898,6506,16730,13075,6350
16740,12913,6463,16750,13089,6388
16760,12924,6377,16770,13076,6548
16780,12934,6311,16790,13095,6492
16800,12936,6352,16810,13076,6419
16820,12932,6510,16830,13094,6360
16840,12935,6462,16850,13096,6395
16860,12931,6378,16870,13085,6550
16880,12919,6318,16890,13084,6496
16900,12936,6352,16910,13092,6413
16920,12929,6513,16930,13095,6347
16940,12935,6469,16950,13087,6402
16960,12934,6371,16970,13096,6551
16980,12929,6324,16990,13099,6503
17000,12933,6364,17010,13095,6408
17020,12927,6512,17030,13099,6362
17040,12925,6464,17050,13084,6399
17060,12919,6369,17070,13093,6539
17080,12924,6318,17090,13096,6499
17100,12943,6362,17110,13100,6408
17120,12930,6502,17130,13100,6355
17140,12937,6473,17150,13080,6404
17160,12919,6370,17170,13099,6557
17180,12920,6313,17190,13096,6497
17200,12918,6368,17210,13092,6394
17220,12932,6503,17230,13102,6363
17240,12932,6460,17250,13093,6416
17260,12924,6374,17270,13103,6548
17280,12936,6327,17290,13111,6501
17300,12937,6373,17310,13115,6408
17320,12934,6507,17330,13108,6369
17340,12925,6465,17350,13102,6410
17360,12931,6373,17370,13098,6557
17380,12933,6323,17390,13104,6507
17400,12930,6375,17410,13101,6412
17420,12941,6518,17430,13104,6359
17440,12939,6467,17450,13108,6414
17460,12940,6359,17470,13099,6561
17480,12937,6323,17490,13096,6506
17500,12932,6380,17510,13096,6411
17520,12925,6522,17530,13104,6359
17540,12934,6460,17550,13101,6417
17560,12926,6363,17570,13103,6556
17580,12926,6321,17590,13109,6501
17600,12925,6380,17610,13099,6400
17620,12932,6508,17630,13097,6348
17640,12924,6451,17650,13097,6410
17660,12932,6356,17670,13102,6542
17680,12933,6308,17690,13095,6478
17700,12927,6365,17710,13088,6368
17720,12907,6499,17730,13069,6336
17740,12879,6445,17750,13059,6401
17760,12870,6350,17770,13032,6536
17780,12837,6290,17790,13017,6477
17800,12839,6371,17810,13027,6368
17820,12844,6518,17830,13074,6350
17840,12943,6452,17850,13081,6427
17860,12938,6350,17870,13089,6557
17880,12940,6323,17890,13089,6496
17900,12944,6386,17910,13091,6401
17920,12930,6518,17930,13093,6357
17940,12933,6457,17950,13080,6424
17960,12939,6345,17970,13088,6553
17980,12938,6322,17990,13100,6496
18000,12930,6385,18010,13107,6394
18020,12942,6521,18030,13110,6370
18040,12937,6461,18050,13097,6427
18060,12921,6344,18070,13088,6545
18080,12929,6321,18090,13086,6491
18100,12937,6393,18110,13089,6380
18120,12929,6514,18130,13097,6353
18140,12927,6453,18150,13105,6426
18160,12935,6349,18170,13095,6549
18180,12923,6321,18190,13096,6491
18200,12927,6397,18210,13106,6382
18220,12928,6515,18230,13096,6357
18240,12915,6452,18250,13092,6431
18260,12935,6350,18270,13099,6557
18280,12933,6321,18290,13101,6482
18300,12935,6399,18310,13108,6388
18320,12936,6517,18330,13104,6361
18340,12923,6456,18350,13099,6438
18360,12929,6346,18370,13094,6557
18380,12933,6329,18390,13095,6487
18400,12933,6398,18410,13099,6375
18420,12928,6517,18430,13085,6351
18440,12937,6454,18450,13096,6440
18460,12933,6338,18470,13104,6556
18480,12935,6324,18490,13095,6500
18500,12928,6398,18510,13089,6373
18520,12938,6514,18530,13095,6361
18540,12935,6457,18550,13098,6442
18560,12939,6347,18570,13104,6555
18580,12930,6321,18590,13096,6481
18600,12916,6396,18610,13096,6371
18620,12926,6505,18630,13102,6361
18640,12925,6446,18650,13100,6458
18660,12918,6339,18670,13087,6550
18680,12929,6315,18690,13092,6479
18700,12924,6400,18710,13084,6355
18720,12937,6509,18730,13103,6350
18740,12945,6440,18750,13099,6443
18760,12928,6324,18770,13088,6537
18780,12909,6304,18790,13080,6471
18800,12914,6407,18810,13077,6364
18820,12912,6515,18830,13057,6350
18840,12903,6452,18850,13047,6444
18860,12903,6344,18870,13078,6553
18880,12930,6322,18890,13085,6482
18900,12935,6408,18910,13075,6372
18920,12939,6510,18930,13093,6356
18940,12934,6448,18950,13098,6455
18960,12934,6339,18970,13091,6551
18980,12942,6338,18990,13100,6491
19000,12936,6423,19010,13081,6375
19020,12937,6511,19030,13091,6361
19040,12935,6450,19050,13087,6457
19060,12940,6334,19070,13091,6552
19080,12936,6327,19090,13099,6480
19100,12944,6430,19110,13089,6374
19120,12938,6517,19130,13100,6363
19140,12938,6438,19150,13097,6457
19160,12938,6342,19170,13096,6558
19180,12938,6325,19190,13096,6484
19200,12929,6427,19210,13110,6368
19220,12941,6508,19230,13093,6365
19240,12930,6444,19250,13110,6480
19260,12940,6335,19270,13098,6545
19280,12935,6322,19290,13101,6481
19300,12934,6425,19310,13090,6374
19320,12925,6505,19330,13101,6362
19340,12930,6445,19350,13094,6477
19360,12948,6339,19370,13096,6555
19380,12934,6325,19390,13101,6476
19400,12929,6428,19410,13090,6362
19420,12938,6511,19430,13106,6362
19440,12931,6434,19450,13095,6463
19460,12932,6330,19470,13101,6549
19480,12933,6325,19490,13108,6481
19500,12937,6425,19510,13106,6364
19520,12928,6505,19530,13095,6369
19540,12937,6441,19550,13100,6473
19560,12932,6333,19570,13100,6552
19580,12937,6325,19590,13096,6478
19600,12925,6432,19610,13100,6370
19620,12922,6504,19630,13102,6359
19640,12925,6435,19650,13096,6479
19660,12930,6336,19670,13097,6547
19680,12930,6326,19690,13089,6479
19700,12936,6433,19710,13101,6372
19720,12936,6509,19730,13108,6358
19740,12942,6442,19750,13104,6479
19760,12935,6329,19770,13095,6531
19780,12935,6314,19790,13106,6474
19800,12942,6437,19810,13100,6363
19820,12935,6492,19830,13103,6350
19840,12935,6422,19850,13078,6460
19860,12903,6315,19870,13063,6514
19880,12888,6317,19890,13057,6460
19900,12888,6444,19910,13062,6363
19920,12890,6502,19930,13050,6359
19940,12895,6438,19950,13069,6484
19960,12931,6339,19970,13089,6547
19980,12931,6330,19990,13087,6481
20000,12941,6443,20010,13094,6370
20020,12932,6510,20030,13090,6377
20040,12930,6444,20050,13089,6484
20060,12936,6330,20070,13085,6529
20080,12935,6324,20090,13105,6472
20100,12944,6455,20110,13094,6359
20120,12940,6499,20130,13095,6368
20140,12922,6439,20150,13099,6495
20160,12942,6332,20170,13057,6532
20180,12929,6320,20190,13085,6475
20200,12921,6449,20210,13087,6363
20220,12926,6507,20230,13101,6365
20240,12938,6434,20250,13098,6487
20260,12943,6316,20270,13092,6539
20280,12921,6319,20290,13087,6467
20300,12931,6449,20310,13103,6370
20320,12932,6491,20330,13090,6357
20340,12928,6438,20350,13102,6491
20360,12926,6323,20370,13093,6535
20380,12927,6317,20390,13100,6472
20400,12929,6453,20410,13095,6366
20420,12926,6493,20430,13086,6365
20440,12925,6438,20450,13100,6493
20460,12932,6331,20470,13097,6536
20480,12924,6328,20490,13099,6464
20500,12923,6445,20510,13108,6358
20520,12925,6501,20530,13101,6364
20540,12924,6425,20550,13101,6496
20560,12936,6313,20570,13108,6536
20580,12924,6323,20590,13099,6486
20600,12927,6460,20610,13095,6361
20620,12933,6500,20630,13089,6365
20640,12929,6435,20650,13094,6498
20660,12932,6327,20670,13099,6529
20680,12943,6324,20690,13089,6459
20700,12934,6459,20710,13099,6367
20720,12934,6498,20730,13102,6371
20740,12936,6442,20750,13109,6494
20760,12928,6333,20770,13102,6528
20780,12921,6330,20790,13089,6463
20800,12928,6456,20810,13086,6356
20820,12939,6492,20830,13106,6363
20840,12940,6417,20850,13100,6494
20860,12934,6307,20870,13108,6532
20880,12944,6320,20890,13091,6474
20900,12943,6452,20910,13083,6352
20920,12912,6480,20930,13081,6355
20940,12904,6417,20950,13076,6503
20960,12896,6320,20970,13082,6527
20980,12891,6333,20990,13057,6472
21000,12918,6472,21010,13085,6364
21020,12939,6498,21030,13087,6375
21040,12934,6428,21050,13094,6506
21060,12862,6334,21070,13053,6537
21080,12950,6338,21090,13052,6469
21100,12887,6471,21110,13080,6357
21120,12934,6488,21130,13100,6371
21140,12939,6427,21150,13103,6509
21160,12939,6330,21170,13102,6525
21180,12939,6335,21190,13102,6469
21200,12939,6474,21210,13096,6370
21220,12939,6494,21230,13104,6366
21240,12925,6423,21250,13094,6515
21260,12940,6328,21270,13114,6524
21280,12954,6342,21290,13102,6467
21300,12935,6476,21310,13104,6363
21320,12927,6500,21330,13108,6370
21340,12932,6431,21350,13096,6510
21360,12930,6319,21370,13103,6521
21380,12928,6328,21390,13092,6463
21400,12933,6474,21410,13099,6361
21420,12945,6492,21430,13099,6375
21440,12934,6428,21450,13089,6517
21460,12939,6321,21470,13103,6533
21480,12939,6338,21490,13101,6458
21500,12935,6487,21510,13106,6363
21520,12930,6492,21530,13106,6374
21540,12931,6424,21550,13099,6520
21560,12944,6330,21570,13107,6532
21580,12938,6331,21590,13106,6474
21600,12941,6479,21610,13101,6360
21620,12947,6480,21630,13114,6374
21640,12936,6429,21650,13095,6517
21660,12946,6324,21670,13102,6527
21680,12932,6328,21690,13096,6462
21700,12923,6497,21710,13091,6363
21720,12937,6487,21730,13112,6369
21740,12930,6419,21750,13100,6532
21760,12932,6320,21770,13093,6521
21780,12938,6332,21790,13104,6452
21800,12934,6486,21810,13096,6362
21820,12929,6479,21830,13097,6375
21840,12939,6435,21850,13097,6528
21860,12934,6320,21870,13101,6516
21880,12939,6334,21890,13102,6468
21900,12935,6482,21910,13101,6353
21920,12929,6470,21930,13096,6371
21940,12929,6408,21950,13100,6516
21960,12927,6310,21970,13081,6504
21980,12917,6315,21990,13080,6438
22000,12896,6467,22010,13057,6336
22020,12883,6466,22030,13067,6356
22040,12879,6415,22050,13053,6521
22060,12891,6318,22070,13057,6515
22080,12919,6339,22090,13065,6454
22100,12943,6495,22110,13084,6365
22120,12924,6487,22130,13091,6379
22140,12947,6428,22150,13090,6544
22160,12942,6328,22170,13107,6518
22180,12938,6339,22190,13093,6456
22200,12925,6485,22210,13084,6354
22220,12930,6476,22230,13093,6373
22240,12925,6420,22250,13091,6528
22260,12943,6318,22270,13047,6518
22280,12943,6340,22290,13078,6455
22300,12939,6508,22310,13079,6358
22320,12934,6475,22330,13105,6384
22340,12947,6414,22350,13100,6542
22360,12932,6317,22370,13106,6517
22380,12926,6347,22390,13088,6452
22400,12949,6500,22410,13106,6369
22420,12940,6476,22430,13106,6381
22440,12930,6409,22450,13099,6540
22460,12936,6313,22470,13106,6519
22480,12935,6354,22490,13101,6451
22500,12935,6496,22510,13108,6370
22520,12943,6483,22530,13108,6385
22540,12936,6417,22550,13101,6540
22560,12944,6328,22570,13096,6523
22580,12936,6338,22590,13103,6451
22600,12937,6500,22610,13097,6360
22620,12929,6479,22630,13100,6383
22640,12938,6412,22650,13095,6544
22660,12933,6317,22670,13105,6521
22680,12945,6350,22690,13101,6448
22700,12923,6506,22710,13104,6355
22720,12930,6477,22730,13110,6383
22740,12936,6417,22750,13107,6543
22760,12935,6325,22770,13107,6526
22780,12926,6350,22790,13101,6444
22800,12924,6507,22810,13100,6355
22820,12931,6477,22830,13107,6390
22840,12930,6403,22850,13106,6549
22860,12940,6325,22870,13098,6514
22880,12922,6352,22890,13099,6443
22900,12940,6507,22910,13092,6355
22920,12938,6474,22930,13100,6395
22940,12933,6412,22950,13098,6549
22960,12929,6316,22970,13088,6507
22980,12925,6338,22990,13097,6434
23000,12923,6495,23010,13096,6347
23020,12939,6463,23030,13096,6377
23040,12917,6400,23050,13081,6531
23060,12893,6311,23070,13070,6504
23080,12883,6343,23090,13073,6438
23100,12909,6511,23110,13065,6362
23120,12908,6473,23130,13055,6378
23140,12914,6400,23150,12990,6515
23160,12825,6300,23170,13016,6490
23180,12901,6346,23190,13039,6423
23200,12880,6509,23210,13027,6347
23220,12933,6470,23230,13090,6398
23240,12930,6395,23250,13094,6550
23260,12938,6321,23270,13095,6516
23280,12937,6357,23290,13099,6437
23300,12939,6512,23310,13099,6363
23320,12935,6477,23330,13090,6396
23340,12931,6392,23350,13100,6551
23360,12937,6317,23370,13104,6504
23380,12930,6369,23390,13101,6427
23400,12926,6508,23410,13101,6363
23420,12928,6463,23430,13087,6390
23440,12924,6394,23450,13023,6531
23460,12930,6324,23470,13093,6505
23480,12938,6370,23490,13098,6431
23500,12940,6517,23510,13104,6361
23520,12940,6470,23530,13107,6408
23540,12937,6386,23550,13104,6560
23560,12946,6336,23570,13103,6515
23580,12951,6365,23590,13101,6424
23600,12918,6518,23610,13090,6358
23620,12921,6467,23630,13096,6405
23640,12940,6391,23650,13098,6560
23660,12944,6331,23670,13114,6497
23680,12941,6369,23690,13115,6429
23700,12928,6517,23710,13100,6364
23720,12928,6462,23730,13094,6405
23740,12938,6377,23750,13020,6516
23760,12923,6313,23770,13093,6504
23780,12928,6365,23790,13110,6420
23800,12930,6516,23810,13092,6361
23820,12941,6467,23830,13093,6407
23840,12949,6389,23850,13108,6549
23860,12930,6326,23870,13102,6503
23880,12939,6373,23890,13120,6427
23900,12939,6515,23910,13102,6369
23920,12934,6468,23930,13104,6419
23940,12935,6387,23950,13097,6557
23960,12934,6317,23970,13103,6510
23980,12942,6380,23990,13101,6419
24000,12935,6521,24010,13106,6370
24020,12929,6469,24030,13098,6405
24040,12941,6372,24050,12984,6511
24060,12926,6291,24070,13100,6485
24080,12930,6362,24090,13094,6389
24100,12938,6501,24110,13081,6335
24120,12931,6441,24130,13073,6399
24140,12896,6339,24150,13060,6533
24160,12879,6319,24170,13068,6496
24180,12886,6375,24190,13060,6417
24200,12893,6522,24210,13064,6350
24220,12916,6463,24230,13072,6428
24240,12933,6373,24250,13093,6567
24260,12948,6322,24270,13081,6505
24280,12941,6390,24290,13093,6408
24300,12949,6520,24310,13096,6368
24320,12924,6467,24330,13097,6432
24340,12944,6368,24350,13099,6570
24360,12938,6323,24370,13094,6501
24380,12941,6384,24390,13101,6407
24400,12935,6516,24410,13100,6370
24420,12933,6466,24430,13100,6424
24440,12939,6368,24450,13106,6559
24460,12937,6324,24470,13099,6494
24480,12941,6393,24490,13105,6402
24500,12947,6526,24510,13113,6369
24520,12940,6465,24530,13101,6432
24540,12942,6373,24550,13114,6557
24560,12940,6325,24570,13112,6496
24580,12945,6403,24590,13091,6388
24600,12928,6515,24610,13097,6360
24620,12933,6455,24630,13098,6439
24640,12945,6363,24650,12989,6528
24660,12931,6331,24670,13095,6496
24680,12919,6390,24690,13095,6394
24700,12935,6525,24710,13098,6359
24720,12936,6463,24730,13104,6440
24740,12941,6349,24750,13098,6559
24760,12940,6326,24770,13106,6498
24780,12943,6410,24790,13097,6388
24800,12928,6524,24810,13100,6369
24820,12943,6468,24830,13100,6439
24840,12936,6346,24850,13106,6558
24860,12926,6330,24870,13095,6496
24880,12938,6409,24890,13103,6383
24900,12951,6529,24910,13104,6366
24920,12939,6455,24930,13099,6456
24940,12935,6339,24950,13098,6560
24960,12927,6317,24970,13112,6494
24980,12931,6406,24990,13105,6388
25000,12948,6524,25010,13097,6364
25020,12937,6446,25030,13102,6453
25040,12933,6350,25050,13102,6559
25060,12930,6326,25070,13104,6501
25080,12934,6415,25090,13100,6373
25100,12950,6523,25110,13095,6360
25120,12927,6445,25130,13111,6446
25140,12933,6338,25150,13108,6564
25160,12929,6329,25170,13103,6493
25180,12938,6411,25190,13090,6371
25200,12906,6507,25210,13085,6357
25220,12898,6444,25230,13068,6451
25240,12897,6342,25250,12953,6540
25260,12840,6296,25270,13018,6465
25280,12843,6412,25290,13014,6366
25300,12842,6527,25310,13021,6350
25320,12933,6455,25330,13084,6455
25340,12922,6334,25350,13092,6554
25360,12936,6333,25370,13093,6486
25380,12939,6432,25390,13107,6376
25400,12939,6523,25410,13101,6358
25420,12938,6458,25430,13099,6463
25440,12941,6344,25450,13103,6554
25460,12935,6338,25470,13107,6495
25480,12943,6432,25490,13115,6379
25500,12943,6531,25510,13109,6375
25520,12953,6463,25530,13107,6466
25540,12948,6348,25550,12996,6530
25560,12938,6308,25570,13090,6488
25580,12932,6425,25590,13102,6378
25600,12938,6512,25610,13098,6375
25620,12934,6458,25630,13106,6467
25640,12941,6335,25650,13094,6556
25660,12931,6320,25670,13107,6505
25680,12931,6428,25690,13092,6374
25700,12927,6522,25710,13097,6357
25720,12937,6444,25730,13107,6478
25740,12943,6345,25750,13107,6558
25760,12931,6324,25770,13094,6493
25780,12943,6438,25790,13109,6380
25800,12933,6511,25810,13101,6371
25820,12929,6449,25830,13089,6473
25840,12935,6345,25850,13105,6564
25860,12942,6333,25870,13103,6493
25880,12933,6450,25890,13107,6381
25900,12950,6510,25910,13103,6376
25920,12938,6452,25930,13113,6475
25940,12943,6349,25950,13103,6548
25960,12942,6337,25970,13097,6485
25980,12953,6449,25990,13105,6387
26000,12937,6514,26010,13110,6373
26020,12936,6450,26030,13098,6481
26040,12942,6341,26050,13112,6563
26060,12941,6326,26070,13106,6481
26080,12931,6443,26090,13092,6379
26100,12946,6516,26110,13113,6377
26120,12936,6449,26130,13112,6490
26140,12948,6333,26150,13092,6548
26160,12925,6334,26170,13096,6479
26180,12931,6445,26190,13102,6365
26200,12929,6496,26210,13098,6365
26220,12946,6440,26230,13118,6488
26240,12931,6326,26250,13098,6535
26260,12917,6317,26270,13078,6479
26280,12899,6431,26290,13076,6356
26300,12894,6512,26310,13062,6368
26320,12891,6453,26330,13060,6481
26340,12900,6336,26350,13069,6547
26360,12915,6335,26370,13075,6488
26380,12936,6448,26390,13086,6376
26400,12936,6515,26410,13095,6370
26420,12945,6451,26430,13081,6491
26440,12948,6339,26450,13090,6553
26460,12936,6332,26470,13087,6485
26480,12941,6456,26490,13098,6370
26500,12945,6517,26510,13099,6362
26520,12958,6457,26530,13107,6497
26540,12931,6331,26550,13098,6537
26560,12945,6334,26570,13097,6485
26580,12944,6454,26590,13103,6380
26600,12940,6509,26610,13097,6372
26620,12928,6452,26630,13095,6493
26640,12946,6328,26650,13101,6541
26660,12933,6333,26670,13100,6498
26680,12945,6460,26690,13111,6378
26700,12937,6513,26710,13102,6371
26720,12940,6440,26730,13109,6508
26740,12941,6341,26750,13087,6540
26760,12922,6332,26770,13096,6479
26780,12933,6456,26790,13087,6357
26800,12929,6502,26810,13098,6362
26820,12936,6446,26830,13107,6499
26840,12931,6334,26850,13098,6542
26860,12948,6335,26870,13108,6489
26880,12935,6459,26890,13099,6371
26900,12935,6510,26910,13120,6381
26920,12931,6451,26930,13102,6508
26940,12929,6330,26950,13107,6552
26960,12927,6322,26970,13097,6483
26980,12931,6468,26990,13110,6368
27000,12928,6508,27010,13102,6371
27020,12926,6445,27030,13105,6514
27040,12943,6333,27050,13103,6547
27060,12925,6334,27070,13095,6485
27080,12941,6474,27090,13096,6375
27100,12948,6509,27110,13094,6366
27120,12931,6434,27130,13094,6513
27140,12932,6332,27150,13104,6543
27160,12924,6325,27170,13094,6488
27180,12932,6467,27190,13101,6375
27200,12938,6504,27210,13100,6376
27220,12931,6444,27230,13104,6503
27240,12937,6327,27250,13088,6538
27260,12938,6324,27270,13105,6472
27280,12946,6460,27290,13102,6366
27300,12943,6491,27310,13101,6353
27320,12922,6407,27330,13090,6498
27340,12907,6308,27350,13071,6528
27360,12903,6336,27370,13066,6463
27380,12905,6466,27390,13070,6366
27400,12905,6502,27410,13069,6376
27420,12918,6434,27430,13080,6512
27440,12928,6328,27450,13084,6532
27460,12928,6329,27470,13081,6463
27480,12944,6483,27490,13093,6368
27500,12945,6497,27510,13091,6373
27520,12918,6434,27530,13089,6511
27540,12935,6321,27550,13088,6534
27560,12934,6339,27570,13083,6475
27580,12938,6479,27590,13099,6374
27600,12937,6510,27610,13105,6378
27620,12945,6441,27630,13101,6519
27640,12933,6324,27650,13074,6537
27660,12941,6340,27670,13087,6470
27680,12937,6482,27690,13085,6368
27700,12937,6500,27710,13096,6372
27720,12938,6440,27730,13100,6518
27740,12937,6326,27750,13111,6533
27760,12924,6341,27770,13108,6471
27780,12930,6481,27790,13116,6369
27800,12940,6503,27810,13104,6379
27820,12943,6439,27830,13102,6524
27840,12940,6326,27850,13109,6539
27860,12932,6338,27870,13109,6474
27880,12945,6491,27890,13102,6368
27900,12944,6496,27910,13105,6377
27920,12941,6440,27930,13098,6521
27940,12934,6336,27950,13106,6535
27960,12936,6343,27970,13094,6467
27980,12936,6494,27990,13100,6366
28000,12940,6504,28010,13111,6378
28020,12941,6436,28030,13096,6534
28040,12927,6328,28050,13090,6527
28060,12939,6340,28070,13100,6471
28080,12953,6486,28090,13114,6366
28100,12934,6495,28110,13092,6380
28120,12934,6434,28130,13107,6535
28140,12945,6337,28150,13100,6536
28160,12940,6340,28170,13106,6470
28180,12923,6488,28190,13113,6365
28200,12943,6504,28210,13109,6389
28220,12948,6434,28230,13108,6541
28240,12935,6330,28250,13095,6539
28260,12941,6341,28270,13099,6469
28280,12942,6495,28290,13098,6360
28300,12944,6494,28310,13103,6380
28320,12944,6415,28330,13108,6531
28340,12926,6314,28350,13095,6512
28360,12937,6334,28370,13091,6456
28380,12932,6487,28390,13091,6340
28400,12911,6470,28410,13093,6353
28420,12898,6411,28430,13071,6519
28440,12894,6322,28450,13048,6515
28460,12898,6340,28470,13052,6454
28480,12893,6503,28490,13079,6356
28500,12908,6492,28510,13090,6379
28520,12941,6423,28530,13097,6545
28540,12942,6336,28550,13087,6537
28560,12928,6351,28570,13069,6464
28580,12896,6511,28590,13043,6363
28600,12906,6492,28610,13072,6380
28620,12955,6434,28630,13067,6541
28640,12944,6326,28650,13045,6514
28660,12943,6347,28670,13073,6461
28680,12947,6503,28690,13110,6371
28700,12946,6499,28710,13105,6390
28720,12948,6425,28730,13093,6543
28740,12946,6332,28750,13105,6539
28760,12942,6340,28770,13098,6462
28780,12941,6509,28790,13099,6360
28800,12940,6492,28810,13104,6388
28820,12946,6431,28830,13096,6536
28840,12944,6322,28850,13117,6525
28860,12939,6359,28870,13084,6461
28880,12946,6502,28890,13097,6370
28900,12942,6483,28910,13100,6380
28920,12928,6416,28930,13108,6542
28940,12936,6339,28950,13092,6524
28960,12927,6346,28970,13101,6445
28980,12932,6504,28990,13096,6366
29000,12943,6487,29010,13096,6381
29020,12941,6426,29030,13103,6545
29040,12943,6320,29050,13104,6522
29060,12931,6352,29070,13109,6462
29080,12934,6515,29090,13117,6379
29100,12936,6488,29110,13113,6390
29120,12933,6417,29130,13097,6540
29140,12937,6335,29150,13102,6523
29160,12935,6347,29170,13098,6446
29180,12945,6517,29190,13099,6361
29200,12935,6481,29210,13113,6397
29220,12936,6419,29230,13115,6550
29240,12940,6325,29250,13103,6516
29260,12938,6358,29270,13110,6460
29280,12928,6515,29290,13104,6366
29300,12928,6481,29310,13109,6388
29320,12933,6421,29330,13109,6563
29340,12934,6333,29350,13104,6518
29360,12928,6358,29370,13105,6452
29380,12936,6505,29390,13107,6362
29400,12945,6473,29410,13104,6386
29420,12929,6409,29430,13100,6558
29440,12936,6322,29450,13097,6507
29460,12933,6351,29470,13074,6442
29480,12907,6504,29490,13082,6353
29500,12896,6479,29510,13082,6388
29520,12908,6412,29530,13078,6556
29540,12908,6336,29550,13065,6516
29560,12922,6355,29570,13076,6453
29580,12931,6521,29590,13082,6367
29600,12940,6481,29610,13090,6396
29620,12944,6417,29630,13094,6555
29640,12944,6339,29650,13092,6518
29660,12943,6357,29670,13097,6447
29680,12939,6523,29690,13103,6366
29700,12939,6474,29710,13109,6407
29720,12927,6412,29730,13097,6559
29740,12931,6332,29750,13069,6515
29760,12933,6365,29770,13088,6447
29780,12942,6511,29790,13090,6378
29800,12942,6489,29810,13105,6406
29820,12945,6404,29830,13101,6559
29840,12928,6327,29850,13091,6519
29860,12925,6362,29870,13092,6444
29880,12945,6531,29890,13105,6366
29900,12937,6486,29910,13096,6398
29920,12944,6407,29930,13092,6554
29940,12930,6333,29950,13098,6519
29960,12941,6370,29970,13104,6441
29980,12940,6517,29990,13100,6371
30000,12937,6476,30010,13113,6407
30020,12940,6413,30030,13107,6560
30040,12940,6333,30050,13089,6521
30060,12941,6373,30070,13100,6436
30080,12947,6511,30090,13103,6367
30100,12935,6474,30110,13109,6414
30120,12947,6400,30130,13112,6558
30140,12938,6330,30150,13109,6515
30160,12941,6370,30170,13109,6435
30180,12930,6519,30190,13108,6369
30200,12927,6477,30210,13109,6423
30220,12924,6387,30230,13101,6561
30240,12949,6329,30250,13106,6526
30260,12926,6373,30270,13107,6441
30280,12943,6537,30290,13113,6369
30300,12938,6478,30310,13106,6421
30320,12938,6398,30330,13116,6572
30340,12939,6334,30350,13096,6512
30360,12930,6380,30370,13098,6431
30380,12946,6530,30390,13094,6366
30400,12937,6481,30410,13113,6418
30420,12932,6396,30430,13109,6569
30440,12927,6326,30450,13100,6509
30460,12939,6375,30470,13100,6415
30480,12942,6507,30490,13106,6369
30500,12934,6466,30510,13104,6410
30520,12943,6376,30530,13075,6544
30540,12912,6313,30550,13081,6486
30560,12890,6360,30570,13068,6411
30580,12888,6514,30590,13074,6360
30600,12892,6472,30610,13041,6414
30620,12901,6391,30630,13068,6558
30640,12929,6330,30650,13043,6503
30660,12885,6381,30670,13043,6406
30680,12879,6532,30690,13033,6352
30700,12863,6467,30710,13095,6418
30720,12941,6382,30730,13106,6569
30740,12949,6333,30750,13104,6508
30760,12942,6386,30770,13105,6422
30780,12935,6527,30790,13099,6357
30800,12929,6474,30810,13091,6434
30820,12934,6383,30830,13105,6566
30840,12939,6338,30850,13110,6517
30860,12931,6389,30870,13096,6415
30880,12952,6528,30890,13105,6377
30900,12935,6478,30910,13098,6431
30920,12947,6382,30930,13105,6563
30940,12938,6327,30950,13117,6524
30960,12946,6391,30970,13099,6421
30980,12932,6518,30990,13109,6373
31000,12949,6462,31010,13106,6437
31020,12947,6379,31030,13109,6566
31040,12953,6334,31050,13113,6505
31060,12935,6398,31070,13101,6423
31080,12938,6535,31090,13115,6382
31100,12937,6470,31110,13107,6434
31120,12943,6375,31130,13112,6571
31140,12932,6334,31150,13096,6507
31160,12949,6403,31170,13103,6409
31180,12941,6534,31190,13104,6364
31200,12938,6477,31210,13106,6442
31220,12926,6381,31230,13114,6568
31240,12950,6333,31250,13107,6501
31260,12939,6404,31270,13093,6396
31280,12935,6530,31290,13102,6375
31300,12939,6476,31310,13113,6452
31320,12944,6366,31330,13103,6566
31340,12941,6332,31350,13105,6506
31360,12943,6405,31370,13106,6398
31380,12954,6534,31390,13105,6368
31400,12939,6475,31410,13124,6451
31420,12949,6372,31430,13114,6570
31440,12933,6335,31450,13110,6504
31460,12942,6400,31470,13107,6411
31480,12934,6528,31490,13112,6373
31500,12924,6462,31510,13099,6437
31520,12952,6364,31530,13109,6565
31540,12939,6324,31550,13109,6508
31560,12940,6401,31570,13105,6398
31580,12955,6529,31590,13104,6362
31600,12923,6455,31610,13087,6443
31620,12900,6336,31630,13084,6566
31640,12901,6333,31650,13085,6497
31660,12905,6417,31670,13054,6390
31680,12908,6522,31690,13074,6367
31700,12931,6466,31710,13098,6460
31720,12941,6341,31730,13104,6567
31740,12945,6347,31750,13110,6513
31760,12948,6426,31770,13091,6393
31780,12945,6535,31790,13100,6374
31800,12940,6474,31810,13098,6448
31820,12946,6363,31830,13105,6569
31840,12938,6331,31850,13084,6496
31860,12941,6420,31870,13067,6388
31880,12940,6538,31890,13092,6371
31900,12933,6462,31910,13106,6451
31920,12935,6348,31930,13094,6569
31940,12929,6328,31950,13097,6497
31960,12938,6431,31970,13098,6386
31980,12950,6522,31990,13099,6366
32000,12944,6469,32010,13108,6460
32020,12937,6364,32030,13113,6574
32040,12945,6335,32050,13105,6498
32060,12936,6427,32070,13107,6389
32080,12931,6543,32090,13116,6375
32100,12944,6456,32110,13103,6461
32120,12943,6354,32130,13104,6564
32140,12919,6328,32150,13095,6495
32160,12940,6428,32170,13092,6389
32180,12933,6530,32190,13110,6377
32200,12950,6460,32210,13107,6464
32220,12943,6354,32230,13108,6568
32240,12943,6342,32250,13100,6513
32260,12931,6427,32270,13112,6393
32280,12939,6530,32290,13116,6380
32300,12941,6461,32310,13116,6469
32320,12949,6350,32330,13111,6574
32340,12941,6337,32350,13107,6507
32360,12946,6432,32370,13116,6401
32380,12936,6537,32390,13102,6378
32400,12945,6470,32410,13111,6475
32420,12950,6345,32430,13107,6571
32440,12925,6332,32450,13106,6501
32460,12927,6431,32470,13097,6390
32480,12944,6524,32490,13117,6371
32500,12935,6454,32510,13105,6481
32520,12937,6336,32530,13110,6557
32540,12944,6334,32550,13112,6501
32560,12935,6438,32570,13113,6380
32580,12926,6517,32590,13104,6369
32600,12932,6451,32610,13104,6466
32620,12936,6336,32630,13113,6552
32640,12946,6326,32650,13096,6484
32660,12929,6432,32670,13099,6370
32680,12916,6505,32690,13083,6356
32700,12899,6447,32710,13076,6462
32720,12891,6345,32730,13066,6546
32740,12893,6328,32750,13023,6480
32760,12837,6406,32770,13036,6365
32780,12851,6514,32790,13020,6350
32800,12824,6439,32810,13092,6468
32820,12946,6344,32830,13090,6562
32840,12945,6337,32850,13097,6489
32860,12948,6446,32870,13107,6395
32880,12941,6523,32890,13107,6381
32900,12946,6452,32910,13091,6479
32920,12933,6350,32930,13099,6566
32940,12940,6339,32950,13113,6494
32960,12949,6443,32970,13111,6390
32980,12947,6522,32990,13100,6368
33000,12946,6465,33010,13102,6481
33020,12945,6351,33030,13115,6563
33040,12956,6334,33050,13105,6503
33060,12951,6461,33070,13104,6382
33080,12956,6528,33090,13114,6381
33100,12946,6462,33110,13107,6504
33120,12946,6349,33130,13111,6567
33140,12943,6343,33150,13107,6498
33160,12949,6448,33170,13116,6390
33180,12947,6521,33190,13103,6382
33200,12941,6456,33210,13102,6497
33220,12941,6347,33230,13108,6566
33240,12953,6337,33250,13106,6492
33260,12930,6460,33270,13112,6375
33280,12945,6517,33290,13105,6372
33300,12937,6454,33310,13116,6492
33320,12945,6350,33330,13116,6565
33340,12937,6338,33350,13111,6496
33360,12946,6461,33370,13104,6386
33380,12942,6526,33390,13110,6380
33400,12943,6465,33410,13117,6503
33420,12949,6344,33430,13105,6558
33440,12943,6348,33450,13119,6498
33460,12951,6463,33470,13107,6391
33480,12940,6517,33490,13115,6375
33500,12950,6462,33510,13096,6505
33520,12936,6350,33530,13108,6565
33540,12931,6337,33550,13100,6486
33560,12942,6463,33570,13107,6380
33580,12937,6514,33590,13102,6378
33600,12947,6453,33610,13104,6504
33620,12948,6343,33630,13109,6555
33640,12936,6336,33650,13109,6487
33660,12946,6459,33670,13098,6369
33680,12940,6509,33690,13102,6357
33700,12936,6438,33710,13111,6497
33720,12942,6336,33730,13108,6549
33740,12931,6331,33750,13097,6469
33760,12900,6450,33770,13082,6367
33780,12894,6509,33790,13074,6381
33800,12895,6440,33810,13073,6500
33820,12910,6343,33830,13073,6553
33840,12932,6329,33850,13088,6488
33860,12944,6469,33870,13095,6382
33880,12948,6515,33890,13107,6385
33900,12946,6461,33910,13101,6506
33920,12945,6339,33930,13115,6564
33940,12804,6311,33950,13103,6485
33960,12954,6469,33970,13109,6381
33980,12944,6515,33990,13098,6382
34000,12948,6450,34010,13123,6517
34020,12940,6341,34030,13101,6550
34040,12950,6345,34050,13106,6494
34060,12947,6476,34070,13115,6386
34080,12944,6517,34090,13108,6380
34100,12942,6442,34110,13109,6511
34120,12951,6338,34130,13094,6558
34140,12937,6344,34150,13110,6494
34160,12943,6468,34170,13108,6384
34180,12933,6518,34190,13100,6384
34200,12947,6448,34210,13115,6506
34220,12946,6338,34230,13109,6561
34240,12796,6303,34250,13106,6484
34260,12942,6472,34270,13122,6380
34280,12940,6511,34290,13098,6386
34300,12943,6461,34310,13110,6527
34320,12937,6343,34330,13108,6556
34340,12945,6342,34350,13105,6487
34360,12945,6475,34370,13114,6388
34380,12936,6508,34390,13114,6390
34400,12933,6445,34410,13117,6530
34420,12939,6353,34430,13112,6548
34440,12942,6344,34450,13119,6482
34460,12945,6477,34470,13107,6378
34480,12954,6519,34490,13103,6394
34500,12943,6446,34510,13112,6524
34520,12944,6343,34530,13115,6543
34540,12799,6302,34550,13103,6473
34560,12940,6482,34570,13103,6377
34580,12943,6510,34590,13098,6386
34600,12945,6444,34610,13112,6523
34620,12941,6339,34630,13114,6556
34640,12952,6353,34650,13112,6486
34660,12940,6495,34670,13102,6380
34680,12941,6504,34690,13090,6380
34700,12932,6454,34710,13112,6524
34720,12940,6336,34730,13104,6532
34740,12940,6333,34750,13100,6479
34760,12943,6479,34770,13104,6365
34780,12939,6505,34790,13108,6377
34800,12938,6427,34810,13092,6506
34820,12916,6316,34830,13078,6514
34840,12893,6325,34850,13067,6472
34860,12884,6488,34870,13057,6361
34880,12900,6496,34890,13059,6383
34900,12900,6434,34910,13065,6515
34920,12908,6339,34930,13080,6543
34940,12943,6351,34950,13080,6478
34960,12960,6495,34970,13092,6368
34980,12949,6509,34990,13092,6382
35000,12939,6443,35010,13104,6527
35020,12947,6338,35030,13095,6536
35040,12945,6347,35050,13086,6468
35060,12953,6486,35070,13097,6374
35080,12949,6508,35090,13108,6389
35100,12940,6437,35110,13107,6525
35120,12939,6339,35130,13106,6542
35140,12807,6309,35150,13011,6450
35160,12945,6494,35170,13106,6363
35180,12949,6509,35190,13095,6380
35200,12948,6445,35210,13116,6533
35220,12935,6342,35230,13108,6550
35240,12946,6347,35250,13103,6476
35260,12937,6500,35270,13098,6367
35280,12941,6507,35290,13116,6398
35300,12956,6446,35310,13100,6535
35320,12944,6338,35330,13104,6542
35340,12941,6350,35350,13108,6481
35360,12936,6500,35370,13105,6375
35380,12939,6503,35390,13105,6386
35400,12926,6436,35410,13098,6535
35420,12939,6336,35430,13110,6548
35440,12938,6346,35450,13112,6474
35460,12936,6493,35470,13097,6375
35480,12939,6503,35490,13099,6383
35500,12933,6436,35510,13097,6535
35520,12950,6342,35530,13097,6535
35540,12942,6343,35550,13095,6474
35560,12931,6494,35570,13114,6378
35580,12956,6513,35590,13101,6393
35600,12946,6443,35610,13113,6550
35620,12948,6340,35630,13099,6543
35640,12932,6342,35650,13104,6472
35660,12944,6504,35670,13104,6370
35680,12944,6501,35690,13112,6378
35700,12946,6441,35710,13105,6551
35720,12951,6341,35730,13115,6540
35740,12820,6319,35750,13107,6457
35760,12932,6505,35770,13116,6373
35780,12937,6499,35790,13118,6384
35800,12943,6424,35810,13104,6545
35820,12945,6330,35830,13107,6536
35840,12942,6345,35850,13110,6471
35860,12933,6513,35870,13111,6366
35880,12931,6484,35890,13076,6370
35900,12903,6431,35910,13087,6541
35920,12927,6330,35930,13081,6530
35940,12911,6363,35950,13086,6483
35960,12912,6514,35970,13086,6365
35980,12944,6509,35990,13099,6407
36000,12955,6431,36010,13106,6549
36020,12951,6330,36030,13095,6531
36040,12803,6332,36050,13034,6457
36060,12951,6511,36070,13058,6360
36080,12923,6492,36090,13065,6388
36100,12953,6436,36110,13102,6552
36120,12942,6339,36130,13095,6537
36140,12943,6350,36150,13109,6471
36160,12947,6514,36170,13100,6379
36180,12941,6497,36190,13114,6401
36200,12943,6437,36210,13113,6556
36220,12931,6335,36230,13107,6536
36240,12944,6356,36250,13106,6468
36260,12934,6511,36270,13093,6370
36280,12940,6486,36290,13103,6386
36300,12942,6429,36310,13111,6558
36320,12931,6334,36330,13113,6544
36340,12946,6350,36350,13101,6469
36360,12940,6527,36370,13100,6367
36380,12940,6490,36390,13095,6395
36400,12949,6432,36410,13112,6549
36420,12937,6332,36430,13103,6533
36440,12929,6357,36450,13103,6464
36460,12956,6518,36470,13115,6380
36480,12952,6502,36490,13098,6395
36500,12944,6431,36510,13112,6566
36520,12950,6327,36530,13097,6524
36540,12943,6347,36550,13107,6469
36560,12947,6525,36570,13114,6377
36580,12940,6493,36590,13109,6405
36600,12940,6426,36610,13113,6551
36620,12943,6335,36630,13108,6531
36640,12801,6343,36650,13101,6466
36660,12931,6517,36670,13105,6366
36680,12930,6484,36690,13103,6406
36700,12937,6416,36710,13110,6563
36720,12934,6334,36730,13110,6532
36740,12941,6358,36750,13095,6458
36760,12941,6522,36770,13111,6372
36780,12940,6493,36790,13122,6403
36800,12932,6415,36810,13093,6560
36820,12938,6335,36830,13101,6522
36840,12939,6364,36850,13091,6452
36860,12939,6512,36870,13111,6364
36880,12949,6487,36890,13108,6389
36900,12941,6407,36910,13115,6564
36920,12930,6330,36930,13112,6517
36940,12931,6347,36950,13080,6445
36960,12914,6511,36970,13069,6352
36980,12889,6478,36990,13066,6387
37000,12894,6424,37010,13066,6568
37020,12896,6349,37030,13059,6528
37040,12916,6375,37050,13064,6452
37060,12927,6533,37070,13095,6380
37080,12944,6495,37090,13095,6402
37100,12960,6422,37110,13092,6574
37120,12955,6347,37130,13090,6538
37140,12942,6365,37150,13102,6456
37160,12945,6537,37170,13100,6373
37180,12939,6497,37190,13111,6410
37200,12941,6416,37210,13108,6569
37220,12938,6337,37230,13113,6523
37240,12941,6370,37250,13027,6429
37260,12961,6518,37270,13102,6372
37280,12954,6479,37290,13101,6395
37300,12883,6413,37310,13121,6569
37320,12951,6340,37330,13115,6528
37340,12948,6373,37350,13109,6440
37360,12949,6526,37370,13101,6377
37380,12948,6486,37390,13108,6402
37400,12940,6416,37410,13101,6562
37420,12946,6340,37430,13120,6521
37440,12952,6376,37450,13112,6459
37460,12944,6529,37470,13097,6381
37480,12934,6476,37490,13109,6417
37500,12942,6415,37510,13107,6571
37520,12937,6340,37530,13109,6531
37540,12940,6373,37550,13106,6455
37560,12948,6530,37570,13104,6366
37580,12936,6489,37590,13101,6418
37600,12949,6413,37610,13110,6574
37620,12946,6338,37630,13109,6521
37640,12954,6372,37650,13107,6442
37660,12944,6536,37670,13112,6376
37680,12940,6481,37690,13111,6432
37700,12947,6399,37710,13106,6565
37720,12935,6337,37730,13111,6523
37740,12941,6380,37750,13112,6445
37760,12932,6530,37770,13106,6377
37780,12938,6474,37790,13099,6421
37800,12938,6395,37810,13101,6564
37820,12947,6340,37830,13113,6526
37840,12947,6386,37850,13121,6430
37860,12949,6546,37870,13109,6383
37880,12948,6489,37890,13111,6422
37900,12931,6394,37910,13106,6580
37920,12945,6334,37930,13102,6515
37940,12954,6385,37950,13104,6430
37960,12950,6533,37970,13116,6371
37980,12946,6482,37990,13105,6430
38000,12947,6393,38010,13105,6553
38020,12926,6318,38030,13087,6493
38040,12912,6381,38050,13090,6429
38060,12907,6534,38070,13078,6374
38080,12920,6485,38090,13072,6420
38100,12910,6384,38110,13088,6570
38120,12934,6349,38130,13100,6530
38140,12929,6390,38150,13023,6408
38160,12895,6540,38170,13050,6368
38180,12873,6474,38190,13068,6426
38200,12850,6389,38210,13098,6575
38220,12951,6343,38230,13109,6519
38240,12939,6396,38250,13100,6420
38260,12931,6538,38270,13104,6377
38280,12945,6485,38290,13103,6437
38300,12942,6400,38310,13099,6571
38320,12944,6342,38330,13101,6528
38340,12949,6395,38350,13098,6428
38360,12935,6526,38370,13122,6366
38380,12936,6483,38390,13107,6436
38400,12951,6389,38410,13102,6569
38420,12939,6343,38430,13108,6514
38440,12939,6395,38450,13104,6419
38460,12933,6531,38470,13105,6383
38480,12942,6482,38490,13102,6443
38500,12943,6392,38510,13114,6569
38520,12937,6332,38530,13095,6513
38540,12949,6407,38550,13111,6424
38560,12949,6538,38570,13108,6378
38580,12955,6488,38590,13122,6448
38600,12942,6386,38610,13102,6576
38620,12942,6347,38630,13112,6516
38640,12946,6406,38650,13113,6416
38660,12941,6548,38670,13103,6387
38680,12943,6473,38690,13108,6449
38700,12939,6394,38710,13112,6571
38720,12931,6339,38730,13116,6517
38740,12930,6408,38750,13108,6414
38760,12940,6536,38770,13108,6385
38780,12935,6467,38790,13103,6440
38800,12945,6377,38810,13107,6572
38820,12940,6338,38830,13105,6523
38840,12944,6412,38850,13105,6407
38860,12932,6536,38870,13108,6381
38880,12941,6478,38890,13095,6449
38900,12951,6380,38910,13105,6588
38920,12932,6348,38930,13106,6519
38940,12939,6414,38950,13106,6404
38960,12942,6541,38970,13106,6377
38980,12933,6471,38990,13109,6438
39000,12937,6367,39010,13103,6566
39020,12945,6327,39030,13114,6499
39040,12918,6403,39050,13108,6400
39060,12935,6520,39070,13105,6365
39080,12946,6450,39090,13081,6418
39100,12906,6320,39110,13068,6547
39120,12891,6319,39130,13069,6490
39140,12883,6421,39150,13057,6392
39160,12887,6541,39170,13056,6377
39180,12905,6471,39190,13072,6457
39200,12950,6378,39210,13085,6570
39220,12946,6340,39230,13099,6509
39240,12943,6418,39250,13095,6412
39260,12949,6545,39270,13092,6381
39280,12944,6464,39290,13099,6460
39300,12942,6364,39310,13095,6572
39320,12951,6340,39330,13102,6506
39340,12943,6428,39350,13101,6405
39360,12959,6535,39370,13112,6377
39380,12946,6483,39390,13105,6459
39400,12943,6369,39410,13108,6577
39420,12940,6342,39430,13100,6501
39440,12939,6416,39450,13116,6406
39460,12952,6534,39470,13104,6373
39480,12939,6471,39490,13096,6462
39500,12945,6368,39510,13106,6575
39520,12942,6344,39530,13115,6513
39540,12951,6441,39550,13112,6413
39560,12938,6529,39570,13108,6382
39580,12940,6477,39590,13122,6471
39600,12939,6364,39610,13112,6576
39620,12945,6344,39630,13109,6511
39640,12936,6431,39650,13106,6402
39660,12950,6550,39670,13103,6382
39680,12946,6481,39690,13101,6473
39700,12953,6368,39710,13104,6580
39720,12939,6344,39730,13110,6516
39740,12938,6434,39750,13102,6390
39760,12937,6539,39770,13106,6378
39780,12939,6483,39790,13112,6468
39800,12947,6361,39810,13108,6570
39820,12931,6341,39830,13104,6509
39840,12937,6445,39850,13123,6403
39860,12938,6543,39870,13111,6385
39880,12941,6469,39890,13111,6476
39900,12949,6367,39910,13110,6571
39920,12947,6348,39930,13112,6509
39940,12948,6448,39950,13107,6402
39960,12949,6528,39970,13103,6387
39980,12929,6467,39990,13109,6469
40000,12933,6347,40010,13112,6573
40020,12936,6345,40030,13116,6510
40040,12947,6437,40050,13106,6386
40060,12927,6532,40070,13117,6378
40080,12948,6457,40090,13108,6467
40100,12938,6353,40110,13113,6573
40120,12939,6327,40130,13100,6500
40140,12931,6431,40150,13097,6380
40160,12924,6516,40170,13082,6358
40180,12910,6454,40190,13081,6472
40200,12911,6356,40210,13065,6562
40220,12906,6353,40230,13086,6510
40240,12842,6440,40250,13034,6372
40260,12870,6521,40270,13028,6357
40280,12863,6456,40290,13026,6471
40300,12948,6348,40310,13108,6567
40320,12952,6341,40330,13099,6500
40340,12946,6441,40350,13099,6391
40360,12941,6534,40370,13100,6382
40380,12945,6466,40390,13095,6481
40400,12947,6357,40410,13101,6563
40420,12949,6338,40430,13105,6506
40440,12943,6454,40450,13099,6386
40460,12939,6535,40470,13109,6384
40480,12932,6466,40490,13103,6493
40500,12934,6353,40510,13108,6564
40520,12936,6348,40530,13108,6503
40540,12932,6448,40550,13108,6395
40560,12952,6533,40570,13110,6386
40580,12953,6459,40590,13103,6491
40600,12948,6355,40610,13105,6569
40620,12941,6347,40630,13104,6497
40640,12953,6457,40650,13117,6392
40660,12945,6531,40670,13114,6377
40680,12944,6460,40690,13113,6493
40700,12953,6356,40710,13107,6567
40720,12950,6339,40730,13113,6498
40740,12936,6457,40750,13108,6396
40760,12953,6527,40770,13125,6386
40780,12943,6471,40790,13100,6500
40800,12946,6356,40810,13095,6563
40820,12946,6350,40830,13113,6499
40840,12921,6456,40850,13099,6390
40860,12929,6525,40870,13106,6383
40880,12937,6456,40890,13108,6495
40900,12948,6347,40910,13109,6564
40920,12940,6349,40930,13110,6509
40940,12930,6460,40950,13118,6399
40960,12936,6527,40970,13108,6382
40980,12949,6465,40990,13106,6500
41000,12936,6347,41010,13108,6562
41020,12936,6342,41030,13107,6497
41040,12932,6461,41050,13105,6368
41060,12941,6524,41070,13103,6382
41080,12946,6465,41090,13104,6503
41100,12938,6345,41110,13110,6559
41120,12940,6342,41130,13115,6490
41140,12931,6454,41150,13087,6376
41160,12939,6517,41170,13101,6367
41180,12937,6438,41190,13101,6486
41200,12944,6336,41210,13103,6553
41220,12932,6326,41230,13078,6472
41240,12924,6449,41250,13074,6362
41260,12895,6505,41270,13073,6363
41280,12884,6450,41290,13049,6492
41300,12886,6354,41310,13053,6557
41320,12920,6349,41330,13075,6494
41340,12939,6478,41350,13089,6389
41360,12940,6515,41370,13084,6380
41380,12946,6456,41390,13095,6514
41400,12946,6346,41410,13098,6566
41420,12938,6343,41430,13105,6490
41440,12947,6482,41450,13100,6396
41460,12937,6524,41470,13106,6389
41480,12947,6454,41490,13109,6510
41500,12944,6351,41510,13102,6562
41520,12948,6352,41530,13102,6499
41540,12929,6479,41550,13091,6379
41560,12942,6516,41570,13091,6380
41580,12939,6449,41590,13107,6521
41600,12951,6344,41610,13114,6563
41620,12941,6355,41630,13107,6497
41640,12948,6474,41650,13091,6375
41660,12943,6529,41670,13104,6384
41680,12949,6468,41690,13101,6521
41700,12947,6342,41710,13126,6564
41720,12943,6344,41730,13107,6488
41740,12949,6488,41750,13103,6388
41760,12936,6522,41770,13109,6380
41780,12947,6456,41790,13109,6518
41800,12941,6348,41810,13101,6558
41820,12948,6348,41830,13107,6488
41840,12944,6483,41850,13111,6389
41860,12945,6513,41870,13105,6382
41880,12926,6451,41890,13102,6516
41900,12935,6351,41910,13105,6550
41920,12937,6350,41930,13107,6498
41940,12934,6483,41950,13099,6383
41960,12942,6520,41970,13088,6386
41980,12934,6454,41990,13100,6514
42000,12935,6341,42010,13092,6545
42020,12936,6353,42030,13106,6501
42040,12938,6483,42050,13106,6380
42060,12938,6522,42070,13107,6385
42080,12936,6455,42090,13094,6519
42100,12945,6340,42110,13105,6559
42120,12943,6339,42130,13109,6492
42140,12939,6488,42150,13105,6390
42160,12939,6519,42170,13102,6377
42180,12944,6458,42190,13106,6531
42200,12935,6340,42210,13115,6557
42220,12949,6340,42230,13115,6480
42240,12943,6473,42250,13102,6380
42260,12940,6513,42270,13110,6375
42280,12941,6451,42290,13097,6518
42300,12918,6322,42310,13083,6541
42320,12902,6336,42330,13070,6477
42340,12911,6488,42350,13087,6380
42360,12914,6507,42370,13066,6378
42380,12905,6451,42390,13077,6524
42400,12937,6344,42410,13092,6549
42420,12946,6355,42430,13104,6481
42440,12934,6496,42450,13120,6383
42460,12945,6519,42470,13099,6382
42480,12945,6459,42490,13102,6531
42500,12941,6335,42510,13096,6553
42520,12949,6345,42530,13117,6486
42540,12936,6491,42550,13105,6387
42560,12953,6511,42570,13107,6390
42580,12945,6453,42590,13113,6533
42600,12937,6335,42610,13091,6546
42620,12948,6347,42630,13099,6493
42640,12943,6504,42650,13091,6378
42660,12944,6506,42670,13095,6391
42680,12935,6450,42690,13095,6540
42700,12929,6337,42710,13110,6548
42720,12946,6345,42730,13102,6481
42740,12935,6494,42750,13102,6376
42760,12940,6515,42770,13097,6383
42780,12951,6449,42790,13125,6544
42800,12939,6327,42810,13108,6543
42820,12934,6353,42830,13112,6482
42840,12939,6498,42850,13104,6387
42860,12926,6499,42870,13109,6397
42880,12939,6441,42890,13121,6544
42900,12932,6346,42910,13108,6554
42920,12936,6358,42930,13093,6481
42940,12951,6505,42950,13106,6373
42960,12945,6508,42970,13113,6403
42980,12940,6444,42990,13104,6547
43000,12942,6338,43010,13106,6538
43020,12934,6359,43030,13106,6488
43040,12947,6498,43050,13118,6388
43060,12944,6506,43070,13104,6392
43080,12960,6448,43090,13119,6550
43100,12942,6345,43110,13109,6544
43120,12935,6354,43130,13119,6475
43140,12953,6507,43150,13116,6393
43160,12949,6499,43170,13126,6397
43180,12942,6448,43190,13107,6553
43200,12946,6340,43210,13113,6540
43220,12935,6354,43230,13091,6474
43240,12935,6505,43250,13107,6379
43260,12927,6496,43270,13112,6393
43280,12945,6444,43290,13106,6543
43300,12935,6328,43310,13114,6533
43320,12954,6343,43330,13113,6476
43340,12958,6509,43350,13112,6375
43360,12922,6486,43370,13088,6382
43380,12906,6420,43390,13066,6527
43400,12889,6333,43410,13062,6532
43420,12898,6361,43430,13072,6473
43440,12907,6520,43450,13058,6377
43460,12917,6505,43470,13088,6392
43480,12951,6444,43490,13092,6548
43500,12944,6350,43510,13105,6544
43520,12941,6361,43530,13076,6481
43540,12938,6533,43550,13085,6370
43560,12910,6503,43570,13050,6396
43580,12947,6443,43590,13078,6547
43600,12945,6343,43610,13104,6533
43620,12952,6359,43630,13101,6477
43640,12944,6519,43650,13117,6380
43660,12944,6512,43670,13115,6396
43680,12941,6435,43690,13103,6564
43700,12944,6334,43710,13105,6538
43720,12942,6362,43730,13093,6471
43740,12945,6518,43750,13107,6381
43760,12951,6498,43770,13099,6402
43780,12945,6432,43790,13114,6563
43800,12942,6334,43810,13106,6532
43820,12938,6358,43830,13106,6461
43840,12955,6521,43850,13102,6374
43860,12938,6495,43870,13117,6400
43880,12946,6433,43890,13113,6558
43900,12935,6339,43910,13114,6531
43920,12930,6364,43930,13117,6475
43940,12942,6519,43950,13111,6382
43960,12940,6504,43970,13108,6401
43980,12952,6422,43990,13104,6563
44000,12954,6340,44010,13107,6538
44020,12947,6367,44030,13104,6468
44040,12930,6523,44050,13120,6380
44060,12941,6496,44070,13117,6392
44080,12962,6436,44090,13122,6566
44100,12934,6335,44110,13114,6543
44120,12933,6367,44130,13113,6466
44140,12940,6532,44150,13102,6385
44160,12942,6489,44170,13113,6396
44180,12939,6421,44190,13100,6565
44200,12935,6342,44210,13118,6532
44220,12946,6367,44230,13104,6456
44240,12939,6525,44250,13103,6382
44260,12947,6497,44270,13103,6405
44280,12945,6419,44290,13110,6568
44300,12949,6345,44310,13110,6530
44320,12951,6369,44330,13108,6465
44340,12940,6516,44350,13114,6363
44360,12957,6488,44370,13112,6400
44380,12940,6413,44390,13112,6566
44400,12947,6339,44410,13108,6528
44420,12951,6362,44430,13099,6454
44440,12926,6525,44450,13080,6361
44460,12919,6491,44470,13089,6394
44480,12916,6421,44490,13071,6560
44500,12913,6341,44510,13074,6530
44520,12931,6376,44530,13085,6461
44540,12940,6532,44550,13097,6377
44560,12961,6488,44570,13111,6409
44580,12954,6428,44590,13095,6567
44600,12951,6347,44610,13103,6524
44620,12937,6367,44630,13094,6460
44640,12939,6536,44650,13091,6386
44660,12945,6492,44670,13102,6402
44680,12943,6417,44690,13095,6567
44700,12944,6343,44710,13099,6538
44720,12940,6376,44730,12995,6419
44740,12948,6537,44750,13088,6378
44760,12943,6489,44770,13076,6420
44780,12936,6405,44790,13096,6562
44800,12944,6344,44810,13107,6538
44820,12945,6378,44830,13120,6459
44840,12941,6537,44850,13111,6384
44860,12948,6494,44870,13115,6423
44880,12944,6411,44890,13102,6575
44900,12947,6339,44910,13107,6520
44920,12932,6378,44930,13102,6451
44940,12939,6540,44950,13108,6382
44960,12943,6489,44970,13113,6426
44980,12938,6414,44990,13102,6572
45000,12940,6343,45010,13103,6530
45020,12942,6383,45030,12975,6399
45040,12943,6525,45050,13109,6366
45060,12948,6487,45070,13110,6421
45080,12952,6414,45090,13103,6586
45100,12944,6342,45110,13104,6529
45120,12941,6387,45130,13100,6428
45140,12940,6539,45150,13115,6385
45160,12952,6489,45170,13109,6429
45180,12933,6398,45190,13116,6584
45200,12944,6341,45210,13109,6527
45220,12945,6390,45230,13117,6433
45240,12950,6546,45250,13109,6387
45260,12946,6486,45270,13115,6432
45280,12943,6401,45290,13100,6571
45300,12951,6344,45310,13116,6529
45320,12945,6388,45330,13079,6432
45340,12948,6537,45350,13107,6380
45360,12946,6493,45370,13105,6438
45380,12936,6399,45390,13103,6567
45400,12954,6342,45410,13099,6517
45420,12937,6388,45430,13108,6426
45440,12940,6526,45450,13123,6368
45460,12948,6467,45470,13107,6426
45480,12944,6387,45490,13106,6567
45500,12930,6326,45510,13096,6500
45520,12913,6366,45530,13064,6418
45540,12890,6522,45550,13056,6363
45560,12889,6490,45570,13065,6432
45580,12903,6401,45590,13062,6564
45600,12909,6348,45610,13080,6516
45620,12945,6398,45630,12996,6397
45640,12863,6517,45650,13032,6353
45660,12910,6477,45670,13037,6426
45680,12888,6401,45690,13042,6553
45700,12953,6338,45710,13104,6520
45720,12951,6401,45730,13099,6418
45740,12948,6537,45750,13108,6373
45760,12953,6488,45770,13092,6441
45780,12940,6388,45790,13084,6574
45800,12941,6349,45810,13099,6524
45820,12933,6407,45830,13104,6428
45840,12934,6535,45850,13116,6382
45860,12937,6482,45870,13098,6441
45880,12945,6382,45890,13113,6580
45900,12951,6348,45910,13098,6526
45920,12947,6407,45930,13100,6422
45940,12947,6541,45950,13112,6394
45960,12939,6482,45970,13105,6446
45980,12941,6378,45990,13105,6575
