LED1 Timestamp (ms),LED1_PD1,LED1_PD2,LED2 Timestamp (ms),LED2_PD1,LED2_PD2
248000,8671,8674,248010,8666,8593
248020,8612,8598,248030,8620,8531
248040,8569,8548,248050,8580,8488
248060,8544,8540,248070,8558,8492
248080,8539,8543,248090,8575,8505
248100,8562,8564,248110,8615,8529
248120,8624,8584,248130,8676,8589
248140,8686,8678,248150,8768,8703
248160,8775,8796,248170,8823,8781
248180,8853,8858,248190,8921,8875
248200,8928,8961,248210,8976,8937
248220,8948,8974,248230,8974,8912
248240,8938,8945,248250,8977,8906
248260,8934,8926,248270,8951,8865
248280,8914,8911,248290,8934,8859
248300,8911,8898,248310,8917,8829
248320,8865,8839,248330,8894,8783
248340,8848,8817,248350,8876,8771
248360,8843,8796,248370,8858,8738
248380,8832,8769,248390,8866,8732
248400,8835,8784,248410,8859,8731
248420,8821,8777,248430,8831,8725
248440,8796,8754,248450,8816,8700
248460,8770,8731,248470,8784,8682
248480,8751,8734,248490,8792,8674
248500,8758,8736,248510,8799,8660
248520,8744,8697,248530,8789,8634
248540,8741,8694,248550,8787,8656
248560,8746,8676,248570,8772,8642
248580,8739,8682,248590,8781,8655
248600,8759,8697,248610,8786,8651
248620,8760,8710,248630,8800,8703
248640,8782,8768,248650,8839,8739
248660,8805,8783,248670,8847,8763
248680,8832,8798,248690,8872,8770
248700,8866,8846,248710,8908,8805
248720,8901,8869,248730,8961,8857
248740,8933,8912,248750,9000,8909
248760,8969,8957,248770,9020,8943
248780,8991,8998,248790,9048,8992
248800,9030,9050,248810,9069,9036
248820,9030,9094,248830,9078,9074
248840,9050,9125,248850,9106,9107
248860,9074,9138,248870,9128,9101
248880,9096,9159,248890,9138,9123
248900,9116,9172,248910,9136,9122
248920,9121,9180,248930,9138,9135
248940,9115,9202,248950,9120,9138
248960,9126,9191,248970,9100,9110
248980,9105,9187,248990,9086,9091
249000,9109,9181,249010,9081,9076
249020,9096,9180,249030,9069,9068
249040,9127,9173,249050,9069,9057
249060,9204,9208,249070,9060,9047
249080,9360,9272,249090,9007,9033
249100,9486,9271,249110,8547,8780
249120,9824,8889,249130,8403,8476
249140,9962,8673,249150,8387,8421
249160,10047,8727,249170,8407,8500
249180,9136,8893,249190,8526,8624
249200,8817,8878,249210,8630,8705
249220,8752,8879,249230,8680,8780
249240,8774,8910,249250,8744,8845
249260,8792,8939,249270,8762,8851
249280,8790,8939,249290,8758,8832
249300,8753,8899,249310,8694,8765
249320,8704,8840,249330,8672,8760
249340,8728,8861,249350,8675,8776
249360,8723,8866,249370,8685,8771
249380,8727,8856,249390,8693,8768
249400,8715,8849,249410,8695,8771
249420,8719,8857,249430,8716,8799
249440,8755,8894,249450,8753,8826
249460,8764,8899,249470,8749,8824
249480,8773,8903,249490,8761,8813
249500,8777,8902,249510,8769,8825
249520,8768,8890,249530,8757,8821
249540,8768,8885,249550,8732,8795
249560,8729,8854,249570,8705,8763
249580,8733,8855,249590,8707,8768
249600,8714,8836,249610,8690,8749
249620,8700,8809,249630,8681,8724
249640,8681,8781,249650,8669,8694
249660,8654,8733,249670,8632,8638
249680,8627,8705,249690,8628,8621
249700,8609,8690,249710,8606,8592
249720,8591,8654,249730,8615,8588
249740,8604,8642,249750,8595,8587
249760,8587,8623,249770,8578,8555
249780,8572,8624,249790,8587,8562
249800,8567,8620,249810,8572,8550
249820,8573,8624,249830,8572,8552
249840,8594,8647,249850,8570,8560
249860,8591,8639,249870,8562,8543
249880,8611,8662,249890,8572,8545
249900,8621,8677,249910,8567,8547
249920,8615,8677,249930,8570,8583
249940,8619,8692,249950,8576,8586
249960,8618,8684,249970,8571,8567
249980,8634,8700,249990,8576,8571
250000,8645,8712,250010,8570,8569
250020,8646,8705,250030,8567,8576
250040,8660,8709,250050,8577,8580
250060,8683,8719,250070,8565,8556
250080,8734,8746,250090,8566,8570
250100,8723,8758,250110,8557,8579
250120,8698,8742,250130,8573,8570
250140,8732,8737,250150,8572,8559
250160,8775,8753,250170,8612,8612
250180,8808,8849,250190,8674,8689
250200,8817,8848,250210,8685,8699
250220,8796,8853,250230,8653,8690
250240,8787,8834,250250,8586,8625
250260,8779,8795,250270,8533,8561
250280,8831,8781,250290,8543,8535
250300,8879,8780,250310,8533,8484
250320,8918,8723,250330,8507,8440
250340,8939,8694,250350,8506,8445
250360,8927,8723,250370,8512,8471
250380,8887,8743,250390,8511,8500
250400,8883,8749,250410,8504,8476
250420,8916,8712,250430,8489,8459
250440,8930,8695,250450,8497,8442
250460,8929,8719,250470,8514,8458
250480,8922,8710,250490,8495,8430
250500,8969,8679,250510,8476,8392
250520,9018,8658,250530,8464,8400
250540,9030,8674,250550,8444,8405
250560,9045,8698,250570,8423,8389
250580,9158,8694,250590,8420,8385
250600,9195,8680,250610,8435,8391
250620,9204,8692,250630,8436,8391
250640,9242,8672,250650,8425,8391
250660,9296,8655,250670,8403,8363
250680,9377,8641,250690,8392,8371
250700,9384,8641,250710,8402,8365
250720,9275,8662,250730,8424,8386
250740,9159,8690,250750,8427,8404
250760,9109,8685,250770,8412,8382
250780,9163,8680,250790,8406,8385
250800,9261,8670,250810,8400,8373
250820,9331,8651,250830,8392,8371
250840,9348,8643,250850,8397,8379
250860,9358,8645,250870,8394,8369
250880,9431,8655,250890,8389,8363
250900,9565,8616,250910,8393,8358
250920,9667,8593,250930,8393,8376
250940,9683,8631,250950,8388,8371
250960,9708,8632,250970,8387,8347
250980,9790,8616,250990,8387,8352
251000,9677,8659,251010,8421,8376
251020,9505,8720,251030,8437,8410
251040,9461,8723,251050,8424,8386
251060,9524,8693,251070,8405,8374
251080,9653,8670,251090,8393,8361
251100,9746,8646,251110,8393,8363
251120,9789,8634,251130,8394,8366
251140,9811,8622,251150,8389,8364
251160,9818,8613,251170,8394,8355
251180,9855,8609,251190,8381,8342
251200,9880,8547,251210,8387,8337
251220,9874,8533,251230,8380,8334
251240,9863,8529,251250,8370,8330
251260,9845,8527,251270,8372,8319
251280,9834,8523,251290,8368,8316
251300,9842,8517,251310,8366,8315
251320,9814,8498,251330,8366,8305
251340,9801,8491,251350,8365,8295
251360,9802,8490,251370,8367,8289
251380,9821,8496,251390,8370,8274
251400,9823,8476,251410,8349,8271
251420,9809,8459,251430,8342,8262
251440,9880,8456,251450,8332,8252
251460,10043,8490,251470,8339,8235
251480,10289,8531,251490,8330,8224
251500,10499,8579,251510,8338,8243
251520,10647,8585,251530,8346,8253
251540,10773,8614,251550,8339,8249
251560,10864,8660,251570,8327,8229
251580,10959,8691,251590,8337,8226
251600,11014,8710,251610,8353,8233
251620,11052,8709,251630,8352,8247
251640,11074,8706,251650,8354,8252
251660,11081,8742,251670,8347,8223
251680,11079,8760,251690,8345,8232
251700,11141,8765,251710,8353,8254
251720,11141,8742,251730,8356,8258
251740,11198,8742,251750,8349,8243
251760,11216,8757,251770,8341,8234
251780,11256,8788,251790,8354,8222
251800,11267,8784,251810,8370,8253
251820,11252,8762,251830,8364,8253
251840,11265,8768,251850,8349,8247
251860,11281,8787,251870,8350,8227
251880,11297,8808,251890,8357,8227
251900,11282,8797,251910,8374,8249
251920,11276,8773,251930,8370,8264
251940,11281,8772,251950,8359,8248
251960,11287,8796,251970,8347,8224
251980,11290,8806,251990,8352,8228
252000,11296,8800,252010,8363,8243
252020,11297,8773,252030,8368,8251
252040,11293,8783,252050,8353,8254
252060,11306,8803,252070,8347,8226
252080,11313,8826,252090,8352,8228
252100,11313,8808,252110,8371,8252
252120,11294,8784,252130,8362,8260
252140,11308,8781,252150,8351,8241
252160,11304,8812,252170,8360,8227
252180,11313,8814,252190,8359,8238
252200,11306,8803,252210,8370,8248
252220,11300,8786,252230,8368,8264
252240,11301,8791,252250,8358,8247
252260,11319,8813,252270,8351,8232
252280,11304,8811,252290,8369,8230
252300,11300,8806,252310,8376,8246
252320,11298,8792,252330,8373,8258
252340,11329,8793,252350,8355,8241
252360,11325,8816,252370,8346,8224
252380,11341,8819,252390,8357,8236
252400,11330,8803,252410,8374,8256
252420,11317,8788,252430,8367,8258
252440,11320,8795,252450,8368,8245
252460,11343,8818,252470,8345,8226
252480,11364,8825,252490,8360,8235
252500,11359,8806,252510,8375,8249
252520,11342,8791,252530,8365,8259
252540,11357,8807,252550,8366,8246
252560,11354,8810,252570,8352,8221
252580,11369,8824,252590,8359,8222
252600,11350,8810,252610,8378,8252
252620,11346,8786,252630,8366,8247
252640,11356,8791,252650,8359,8244
252660,11359,8815,252670,8345,8229
252680,11345,8830,252690,8355,8230
252700,11325,8812,252710,8370,8240
252720,11293,8799,252730,8366,8258
252740,11289,8797,252750,8355,8240
252760,11326,8809,252770,8351,8223
252780,11357,8828,252790,8356,8225
252800,11362,8820,252810,8361,8244
252820,11334,8793,252830,8363,8255
252840,11339,8800,252850,8349,8241
252860,11337,8813,252870,8347,8220
252880,11321,8815,252890,8360,8227
252900,11326,8799,252910,8358,8255
252920,11349,8798,252930,8364,8262
252940,11352,8813,252950,8350,8246
252960,11362,8823,252970,8362,8237
252980,11373,8832,252990,8369,8237
253000,11349,8816,253010,8380,8249
253020,11362,8808,253030,8373,8258
253040,11357,8812,253050,8360,8246
253060,11363,8827,253070,8355,8220
253080,11362,8840,253090,8369,8237
253100,11350,8816,253110,8372,8258
253120,11355,8802,253130,8376,8256
253140,11358,8804,253150,8346,8242
253160,11351,8828,253170,8361,8230
253180,11360,8836,253190,8359,8222
253200,11351,8818,253210,8371,8249
253220,11349,8793,253230,8368,8256
253240,11354,8794,253250,8355,8239
253260,11364,8823,253270,8358,8222
253280,11368,8826,253290,8360,8221
253300,11364,8816,253310,8374,8259
253320,11346,8798,253330,8362,8253
253340,11356,8813,253350,8354,8249
253360,11365,8835,253370,8364,8227
253380,11368,8838,253390,8362,8236
253400,11361,8814,253410,8381,8261
253420,11356,8809,253430,8371,8262
253440,11358,8809,253450,8355,8247
253460,11361,8836,253470,8360,8236
253480,11363,8831,253490,8363,8227
253500,11346,8815,253510,8374,8257
253520,11358,8808,253530,8370,8262
253540,11347,8800,253550,8363,8244
253560,11364,8833,253570,8359,8236
253580,11363,8835,253590,8369,8238
253600,11350,8821,253610,8381,8259
253620,11353,8803,253630,8369,8252
253640,11370,8805,253650,8357,8238
253660,11370,8825,253670,8362,8225
253680,11367,8835,253690,8362,8241
253700,11360,8822,253710,8382,8256
253720,11358,8794,253730,8373,8261
253740,11353,8820,253750,8361,8241
253760,11365,8842,253770,8373,8225
253780,11332,8829,253790,8356,8232
253800,11308,8808,253810,8383,8257
253820,11288,8800,253830,8375,8262
253840,11374,8825,253850,8358,8236
253860,11379,8840,253870,8354,8228
253880,11373,8848,253890,8371,8238
253900,11364,8819,253910,8376,8264
253920,11363,8809,253930,8375,8266
253940,11372,8806,253950,8353,8241
253960,11371,8832,253970,8352,8227
253980,11372,8840,253990,8368,8239
254000,11357,8806,254010,8371,8254
254020,11352,8801,254030,8375,8258
254040,11363,8822,254050,8352,8238
254060,11376,8835,254070,8359,8239
254080,11372,8833,254090,8360,8230
254100,11364,8816,254110,8372,8254
254120,11359,8806,254130,8367,8257
254140,11366,8828,254150,8352,8234
254160,11384,8840,254170,8359,8226
254180,11367,8840,254190,8361,8232
254200,11355,8815,254210,8368,8263
254220,11363,8800,254230,8366,8256
254240,11366,8815,254250,8355,8235
254260,11364,8841,254270,8354,8223
254280,11377,8834,254290,8375,8231
254300,11360,8810,254310,8369,8262
254320,11368,8800,254330,8357,8253
254340,11357,8829,254350,8354,8234
254360,11385,8839,254370,8352,8225
254380,11376,8842,254390,8369,8233
254400,11359,8819,254410,8370,8264
254420,11373,8802,254430,8376,8258
254440,11363,8825,254450,8348,8232
254460,11363,8841,254470,8346,8226
254480,11370,8840,254490,8363,8242
254500,11371,8829,254510,8380,8261
254520,11369,8811,254530,8365,8253
254540,11370,8824,254550,8353,8236
254560,11372,8852,254570,8354,8234
254580,11375,8834,254590,8373,8238
254600,11369,8810,254610,8370,8245
254620,11359,8807,254630,8362,8254
254640,11365,8820,254650,8357,8236
254660,11367,8840,254670,8356,8231
254680,11380,8831,254690,8370,8247
254700,11371,8812,254710,8377,8257
254720,11357,8794,254730,8362,8249
254740,11368,8814,254750,8356,8242
254760,11377,8827,254770,8353,8226
254780,11375,8833,254790,8368,8238
254800,11365,8806,254810,8377,8259
254820,11358,8800,254830,8362,8258
254840,11357,8815,254850,8356,8234
254860,11341,8837,254870,8343,8216
254880,11333,8837,254890,8370,8235
254900,11325,8813,254910,8371,8249
254920,11359,8807,254930,8370,8250
254940,11387,8816,254950,8348,8225
254960,11388,8828,254970,8358,8221
254980,11381,8827,254990,8362,8237
255000,11356,8812,255010,8364,8256
255020,11370,8811,255030,8370,8249
255040,11374,8811,255050,8358,8228
255060,11396,8842,255070,8359,8228
255080,11384,8828,255090,8366,8240
255100,11366,8827,255110,8374,8265
255120,11376,8821,255130,8364,8257
255140,11389,8821,255150,8360,8235
255160,11385,8838,255170,8358,8220
255180,11385,8841,255190,8375,8237
255200,11380,8826,255210,8374,8262
255220,11390,8813,255230,8378,8255
255240,11394,8831,255250,8364,8244
255260,11400,8851,255270,8354,8235
255280,11382,8841,255290,8375,8245
255300,11374,8824,255310,8374,8255
255320,11366,8812,255330,8373,8260
255340,11380,8824,255350,8359,8238
255360,11388,8834,255370,8354,8217
255380,11382,8825,255390,8367,8234
255400,11371,8797,255410,8360,8250
255420,11360,8801,255430,8352,8249
255440,11381,8826,255450,8356,8231
255460,11396,8831,255470,8354,8231
255480,11378,8840,255490,8369,8234
255500,11371,8820,255510,8379,8252
255520,11368,8810,255530,8368,8244
255540,11382,8826,255550,8360,8223
255560,11388,8837,255570,8362,8224
255580,11380,8845,255590,8375,8235
255600,11359,8808,255610,8374,8248
255620,11376,8806,255630,8365,8250
255640,11382,8832,255650,8358,8230
255660,11384,8837,255670,8361,8230
255680,11379,8833,255690,8377,8249
255700,11383,8801,255710,8377,8266
255720,11371,8808,255730,8357,8245
255740,11387,8837,255750,8359,8232
255760,11397,8837,255770,8351,8218
255780,11388,8841,255790,8371,8244
255800,11374,8816,255810,8378,8255
255820,11387,8818,255830,8365,8255
255840,11386,8831,255850,8356,8230
255860,11405,8853,255870,8358,8231
255880,11397,8837,255890,8360,8249
255900,11383,8823,255910,8366,8259
255920,11368,8820,255930,8360,8246
255940,11355,8842,255950,8348,8232
255960,11350,8845,255970,8367,8224
255980,11375,8842,255990,8374,8242
256000,11397,8829,256010,8370,8256
256020,11397,8816,256030,8356,8256
256040,11401,8847,256050,8362,8226
256060,11402,8854,256070,8358,8227
256080,11417,8840,256090,8371,8247
256100,11391,8822,256110,8384,8255
256120,11385,8814,256130,8358,8250
256140,11400,8833,256150,8357,8221
256160,11397,8849,256170,8359,8228
256180,11410,8832,256190,8379,8245
256200,11391,8813,256210,8378,8262
256220,11391,8815,256230,8356,8252
256240,11387,8829,256250,8352,8226
256260,11401,8837,256270,8362,8229
256280,11394,8829,256290,8374,8246
256300,11375,8815,256310,8378,8258
256320,11382,8807,256330,8354,8238
256340,11399,8828,256350,8356,8218
256360,11386,8839,256370,8351,8222
256380,11387,8835,256390,8376,8249
256400,11376,8801,256410,8372,8252
256420,11392,8816,256430,8355,8243
256440,11398,8836,256450,8348,8221
256460,11408,8851,256470,8352,8224
256480,11392,8828,256490,8376,8247
256500,11380,8803,256510,8369,8268
256520,11388,8821,256530,8370,8244
256540,11406,8839,256550,8354,8227
256560,11389,8841,256570,8358,8218
256580,11387,8832,256590,8371,8248
256600,11383,8815,256610,8367,8257
256620,11393,8815,256630,8367,8243
256640,11392,8843,256650,8357,8222
256660,11402,8843,256670,8357,8227
256680,11396,8826,256690,8379,8243
256700,11388,8809,256710,8368,8257
256720,11391,8820,256730,8358,8243
256740,11400,8842,256750,8352,8230
256760,11408,8849,256770,8362,8228
256780,11385,8828,256790,8368,8252
256800,11375,8806,256810,8377,8259
256820,11390,8813,256830,8355,8236
256840,11389,8830,256850,8350,8223
256860,11391,8841,256870,8364,8224
256880,11401,8829,256890,8372,8234
256900,11389,8807,256910,8370,8249
256920,11390,8798,256930,8362,8239
256940,11397,8815,256950,8351,8220
256960,11388,8841,256970,8351,8226
256980,11376,8820,256990,8369,8238
257000,11349,8815,257010,8365,8248
257020,11352,8810,257030,8363,8246
257040,11351,8827,257050,8351,8220
257060,11361,8841,257070,8357,8220
257080,11328,8829,257090,8373,8248
257100,11335,8809,257110,8363,8263
257120,11366,8823,257130,8368,8227
257140,11404,8837,257150,8360,8227
257160,11399,8842,257170,8355,8235
257180,11392,8830,257190,8377,8250
257200,11388,8805,257210,8371,8254
257220,11389,8817,257230,8361,8240
257240,11396,8841,257250,8354,8223
257260,11406,8842,257270,8362,8229
257280,11393,8834,257290,8389,8257
257300,11389,8825,257310,8376,8260
257320,11393,8826,257330,8366,8246
257340,11387,8850,257350,8363,8219
257360,11401,8841,257370,8363,8228
257380,11397,8830,257390,8372,8251
257400,11388,8818,257410,8371,8258
257420,11391,8820,257430,8362,8247
257440,11394,8845,257450,8353,8230
257460,11393,8847,257470,8365,8226
257480,11388,8830,257490,8385,8252
257500,11385,8812,257510,8366,8258
257520,11378,8814,257530,8350,8238
257540,11390,8846,257550,8357,8222
257560,11389,8845,257570,8364,8227
257580,11387,8819,257590,8379,8247
257600,11388,8808,257610,8371,8261
257620,11391,8815,257630,8359,8246
257640,11401,8843,257650,8350,8230
257660,11395,8845,257670,8367,8233
257680,11395,8835,257690,8385,8246
257700,11391,8809,257710,8372,8259
257720,11389,8826,257730,8369,8233
257740,11399,8836,257750,8361,8220
257760,11390,8847,257770,8365,8233
257780,11389,8826,257790,8373,8245
257800,11376,8811,257810,8371,8252
257820,11381,8821,257830,8356,8242
257840,11401,8848,257850,8358,8229
257860,11397,8850,257870,8369,8238
257880,11394,8820,257890,8383,8258
257900,11390,8817,257910,8377,8264
257920,11385,8826,257930,8362,8243
257940,11395,8842,257950,8356,8220
257960,11403,8843,257970,8363,8239
257980,11383,8828,257990,8387,8262
258000,11389,8806,258010,8373,8261
258020,11386,8823,258030,8361,8237
258040,11388,8836,258050,8359,8223
258060,11387,8834,258070,8364,8235
258080,11367,8821,258090,8383,8250
258100,11349,8813,258110,8368,8265
258120,11363,8827,258130,8358,8238
258140,11388,8849,258150,8363,8222
258160,11412,8845,258170,8358,8239
258180,11397,8824,258190,8378,8253
258200,11380,8821,258210,8371,8257
258220,11390,8820,258230,8366,8234
258240,11403,8851,258250,8357,8231
258260,11396,8840,258270,8369,8250
258280,11375,8823,258290,8377,8258
258300,11374,8812,258310,8365,8251
258320,11383,8826,258330,8356,8238
258340,11384,8845,258350,8353,8223
258360,11385,8835,258370,8361,8237
258380,11378,8820,258390,8374,8263
258400,11377,8808,258410,8372,8239
258420,11382,8820,258430,8369,8239
258440,11391,8836,258450,8352,8227
258460,11391,8834,258470,8375,8235
258480,11379,8812,258490,8380,8257
258500,11376,8799,258510,8371,8256
258520,11383,8833,258530,8359,8239
258540,11396,8835,258550,8363,8233
258560,11393,8831,258570,8363,8233
258580,11378,8821,258590,8377,8263
258600,11373,8819,258610,8369,8259
258620,11379,8813,258630,8358,8231
258640,11379,8842,258650,8356,8226
258660,11379,8829,258670,8375,8245
258680,11373,8821,258690,8379,8258
258700,11374,8809,258710,8363,8256
258720,11375,8826,258730,8375,8235
258740,11390,8844,258750,8362,8227
258760,11385,8833,258770,8375,8244
258780,11378,8823,258790,8371,8260
258800,11374,8823,258810,8372,8261
258820,11377,8825,258830,8352,8243
258840,11382,8851,258850,8365,8224
258860,11377,8836,258870,8366,8237
258880,11367,8812,258890,8384,8258
258900,11371,8816,258910,8361,8254
258920,11370,8822,258930,8355,8240
258940,11373,8844,258950,8360,8238
258960,11385,8847,258970,8374,8247
258980,11386,8826,258990,8375,8266
259000,11378,8811,259010,8373,8257
259020,11370,8826,259030,8362,8236
259040,11379,8841,259050,8359,8233
259060,11378,8831,259070,8366,8236
259080,11355,8809,259090,8372,8256
259100,11367,8794,259110,8367,8256
259120,11368,8808,259130,8362,8236
259140,11376,8830,259150,8367,8230
259160,11344,8821,259170,8372,8233
259180,11322,8802,259190,8371,8255
259200,11308,8795,259210,8374,8261
259220,11310,8812,259230,8360,8228
259240,11382,8834,259250,8364,8234
259260,11401,8835,259270,8366,8249
259280,11382,8816,259290,8377,8269
259300,11377,8808,259310,8358,8255
259320,11379,8827,259330,8357,8231
259340,11384,8844,259350,8356,8226
259360,11367,8834,259370,8370,8238
259380,11362,8812,259390,8372,8260
259400,11356,8790,259410,8379,8255
259420,11369,8815,259430,8361,8235
259440,11369,8826,259450,8363,8226
259460,11384,8838,259470,8370,8238
259480,11367,8818,259490,8368,8260
259500,11370,8810,259510,8361,8255
259520,11385,8834,259530,8358,8241
259540,11382,8836,259550,8361,8229
259560,11388,8842,259570,8378,8247
259580,11371,8800,259590,8375,8267
259600,11364,8812,259610,8368,8256
259620,11377,8834,259630,8360,8226
259640,11379,8846,259650,8354,8230
259660,11386,8834,259670,8369,8246
259680,11361,8813,259690,8376,8262
259700,11364,8801,259710,8359,8261
259720,11361,8835,259730,8355,8231
259740,11383,8845,259750,8357,8227
259760,11377,8830,259770,8363,8242
259780,11356,8815,259790,8377,8249
259800,11360,8810,259810,8365,8253
259820,11365,8811,259830,8364,8221
259840,11368,8833,259850,8352,8218
259860,11363,8816,259870,8370,8246
259880,11352,8785,259890,8373,8263
259900,11356,8806,259910,8356,8248
259920,11356,8816,259930,8347,8231
259940,11368,8830,259950,8367,8234
259960,11355,8821,259970,8371,8249
259980,11346,8794,259990,8377,8260
260000,11339,8801,260010,8365,8251
260020,11338,8822,260030,8354,8233
260040,11341,8818,260050,8356,8232
260060,11316,8804,260070,8368,8248
260080,11299,8789,260090,8381,8256
260100,11291,8782,260110,8352,8249
260120,11288,8803,260130,8362,8239
260140,11263,8813,260150,8347,8226
260160,11235,8777,260170,8368,8249
260180,11196,8760,260190,8364,8256
260200,11160,8754,260210,8360,8249
260220,11127,8758,260230,8340,8224
260240,11085,8753,260250,8345,8231
260260,11023,8721,260270,8360,8242
260280,10963,8695,260290,8351,8254
260300,10918,8684,260310,8316,8242
260320,10797,8679,260330,8319,8240
260340,10710,8670,260350,8328,8237
260360,10637,8645,260370,8349,8242
260380,10585,8621,260390,8343,8259
260400,10558,8625,260410,8338,8254
260420,10551,8621,260430,8339,8238
260440,10537,8624,260450,8350,8251
260460,10494,8606,260470,8347,8261
260480,10460,8584,260490,8356,8263
260500,10411,8580,260510,8349,8256
260520,10379,8581,260530,8357,8251
260540,10407,8581,260550,8368,8276
260560,10350,8575,260570,8357,8276
260580,10265,8548,260590,8358,8282
260600,10188,8541,260610,8349,8276
260620,10124,8535,260630,8364,8275
260640,10117,8535,260650,8364,8275
260660,10070,8525,260670,8368,8277
260680,10074,8514,260690,8368,8286
260700,10066,8522,260710,8370,8287
260720,10059,8529,260730,8371,8289
260740,10028,8535,260750,8375,8306
260760,9979,8527,260770,8372,8310
260780,9949,8513,260790,8379,8314
260800,9790,8517,260810,8384,8323
260820,9687,8522,260830,8408,8350
260840,9486,8544,260850,8432,8358
260860,9407,8539,260870,8442,8373
260880,9357,8531,260890,8468,8375
260900,9330,8541,260910,8468,8377
260920,9310,8544,260930,8474,8376
260940,9298,8550,260950,8495,8398
260960,9446,8709,260970,8621,8704
260980,9349,9123,260990,8845,8922
261000,9253,9138,261010,8823,8911
261020,9048,9088,261030,8829,8869
261040,8930,9009,261050,8808,8861
261060,8877,8986,261070,8813,8859
261080,8844,8944,261090,8787,8828
261100,8800,8900,261110,8805,8845
261120,8853,8959,261130,8903,8943
261140,8971,9043,261150,9104,9038
261160,9100,9150,261170,9119,9126
261180,9083,9163,261190,9108,9106
261200,9065,9108,261210,9069,9046
261220,9002,9046,261230,9000,8952
261240,8933,8963,261250,8929,8870
261260,8864,8861,261270,8854,8774
261280,8788,8789,261290,8797,8703
261300,8708,8690,261310,8706,8621
261320,8645,8629,261330,8662,8575
261340,8640,8626,261350,8678,8565
261360,8670,8624,261370,8727,8599
261380,8745,8672,261390,8790,8643
261400,8791,8709,261410,8855,8690
261420,8865,8780,261430,8932,8755
261440,8971,8866,261450,9048,8857
261460,9075,9014,261470,9150,9052
261480,9149,9175,261490,9196,9142
261500,9135,9168,261510,9164,9118
261520,9107,9129,261530,9128,9075
261540,9082,9040,261550,9056,8948
261560,8987,8935,261570,8995,8867
261580,8942,8880,261590,8952,8843
261600,8915,8865,261610,8954,8851
261620,8935,8931,261630,8984,8928
261640,8989,9025,261650,9052,9021
261660,9030,9092,261670,9097,9089
261680,9080,9157,261690,9136,9166
261700,9094,9202,261710,9154,9175
261720,9111,9212,261730,9162,9169
261740,9118,9210,261750,9130,9089
261760,9028,9012,261770,8985,8911
261780,8883,8888,261790,8903,8840
261800,8839,8850,261810,8907,8844
261820,8971,8960,261830,9137,9072
261840,9119,9194,261850,9156,9173
261860,9110,9202,261870,9158,9153
261880,9110,9110,261890,9071,8935
261900,8813,8810,261910,8699,8686
261920,8639,8668,261930,8665,8625
261940,8606,8658,261950,8611,8613
261960,8594,8668,261970,8648,8685
261980,8664,8778,261990,8781,8816
262000,8805,8925,262010,8928,8973
262020,8943,9075,262030,9020,9073
262040,9034,9164,262050,9132,9159
262060,9121,9211,262070,9150,9181
262080,9117,9232,262090,9152,9177
262100,9133,9212,262110,9159,9161
262120,9134,9231,262130,9154,9160
262140,9140,9226,262150,9131,9146
262160,9141,9224,262170,9140,9154
262180,9136,9238,262190,9122,9161
262200,9111,9191,262210,9099,9096
262220,9124,9213,262230,9112,9115
262240,9151,9233,262250,9114,9129
262260,9183,9252,262270,9122,9134
262280,9230,9270,262290,9141,9147
262300,9231,9276,262310,9146,9150
262320,9239,9290,262330,9153,9150
262340,9243,9277,262350,9140,9146
262360,9245,9279,262370,9141,9141
262380,9268,9285,262390,9134,9125
262400,9247,9274,262410,8902,8966
262420,9021,9047,262430,8667,8726
262440,8982,8946,262450,8617,8686
262460,9032,8919,262470,8581,8604
262480,9068,8845,262490,8520,8534
262500,9060,8829,262510,8489,8509
262520,9140,8815,262530,8457,8474
262540,9384,8767,262550,8414,8403
262560,9647,8635,262570,8388,8344
262580,9782,8603,262590,8389,8344
262600,9859,8607,262610,8378,8340
262620,9829,8572,262630,8384,8326
262640,9797,8537,262650,8361,8314
262660,9802,8489,262670,8366,8323
262680,9807,8478,262690,8362,8309
262700,9824,8503,262710,8372,8322
262720,9838,8525,262730,8365,8311
262740,9834,8517,262750,8361,8303
262760,9853,8469,262770,8357,8280
262780,9833,8442,262790,8347,8280
262800,9830,8446,262810,8347,8270
262820,9856,8472,262830,8361,8289
262840,9825,8484,262850,8364,8312
262860,9831,8477,262870,8353,8302
262880,9857,8473,262890,8355,8299
262900,9874,8458,262910,8338,8257
262920,10039,8484,262930,8342,8234
262940,10446,8535,262950,8348,8243
262960,10674,8573,262970,8349,8250
262980,10824,8600,262990,8346,8244
263000,10939,8634,263010,8344,8228
263020,11079,8694,263030,8329,8212
263040,11132,8711,263050,8354,8243
263060,11167,8707,263070,8365,8259
263080,11184,8694,263090,8363,8259
263100,11198,8726,263110,8354,8241
263120,11243,8750,263130,8353,8230
263140,11265,8759,263150,8360,8244
263160,11280,8750,263170,8368,8266
263180,11290,8746,263190,8358,8258
263200,11293,8760,263210,8359,8236
263220,11321,8775,263230,8353,8229
263240,11312,8788,263250,8368,8240
263260,11315,8766,263270,8357,8263
263280,11324,8752,263290,8361,8252
263300,11321,8762,263310,8350,8230
263320,11325,8790,263330,8359,8218
263340,11321,8779,263350,8359,8235
263360,11319,8756,263370,8380,8261
263380,11331,8759,263390,8366,8257
263400,11341,8785,263410,8359,8231
263420,11360,8795,263430,8356,8229
263440,11332,8793,263450,8369,8244
263460,11308,8774,263470,8373,8262
263480,11289,8758,263490,8370,8242
263500,11273,8781,263510,8352,8223
263520,11288,8801,263530,8356,8223
263540,11322,8789,263550,8369,8249
263560,11340,8759,263570,8381,8249
263580,11340,8761,263590,8357,8250
263600,11349,8774,263610,8345,8220
263620,11348,8800,263630,8348,8225
263640,11345,8794,263650,8373,8235
263660,11333,8772,263670,8377,8262
263680,11344,8764,263690,8353,8239
263700,11362,8795,263710,8355,8230
263720,11363,8816,263730,8357,8222
263740,11358,8799,263750,8370,8240
263760,11340,8776,263770,8367,8258
263780,11343,8768,263790,8360,8252
263800,11344,8786,263810,8353,8224
263820,11356,8808,263830,8359,8225
263840,11351,8796,263850,8377,8245
263860,11339,8765,263870,8380,8269
263880,11341,8776,263890,8366,8245
263900,11359,8790,263910,8354,8230
263920,11358,8813,263930,8365,8239
263940,11360,8798,263950,8376,8257
263960,11346,8773,263970,8387,8261
263980,11333,8770,263990,8365,8246
264000,11349,8802,264010,8358,8229
264020,11364,8817,264030,8364,8219
264040,11345,8794,264050,8379,8244
264060,11339,8778,264070,8368,8254
264080,11340,8777,264090,8361,8244
264100,11346,8799,264110,8352,8224
264120,11366,8804,264130,8354,8232
264140,11359,8787,264150,8378,8250
264160,11344,8781,264170,8368,8267
264180,11353,8777,264190,8358,8248
264200,11364,8813,264210,8350,8222
264220,11357,8802,264230,8362,8228
264240,11356,8798,264250,8379,8250
264260,11289,8767,264270,8378,8262
264280,11351,8786,264290,8365,8252
264300,11353,8804,264310,8360,8227
264320,11348,8808,264330,8367,8219
264340,11354,8793,264350,8379,8237
264360,11344,8781,264370,8378,8266
264380,11348,8768,264390,8365,8253
264400,11358,8806,264410,8357,8226
264420,11354,8814,264430,8368,8235
264440,11361,8794,264450,8369,8246
264460,11341,8776,264470,8375,8263
264480,11354,8788,264490,8353,8251
264500,11349,8804,264510,8356,8221
264520,11343,8809,264530,8369,8239
264540,11336,8788,264550,8379,8254
264560,11306,8776,264570,8371,8251
264580,11284,8774,264590,8362,8246
264600,11281,8797,264610,8362,8219
264620,11296,8808,264630,8357,8218
264640,11360,8799,264650,8371,8241
264660,11339,8777,264670,8368,8253
264680,11349,8785,264690,8361,8239
264700,11356,8803,264710,8361,8225
264720,11366,8816,264730,8354,8229
264740,11355,8803,264750,8375,8258
264760,11352,8788,264770,8372,8264
264780,11342,8791,264790,8359,8247
264800,11359,8794,264810,8361,8224
264820,11360,8810,264830,8362,8237
264840,11348,8798,264850,8381,8261
264860,11348,8781,264870,8371,8260
264880,11338,8780,264890,8374,8241
264900,11346,8810,264910,8352,8234
264920,11350,8816,264930,8365,8232
264940,11353,8800,264950,8373,8255
264960,11345,8779,264970,8362,8264
264980,11346,8791,264990,8359,8239
265000,11338,8796,265010,8350,8233
265020,11360,8813,265030,8367,8228
265040,11345,8802,265050,8382,8253
265060,11335,8778,265070,8372,8259
265080,11350,8782,265090,8364,8239
265100,11345,8790,265110,8351,8232
265120,11350,8815,265130,8366,8235
265140,11347,8790,265150,8370,8246
265160,11295,8780,265170,8369,8261
265180,11336,8775,265190,8366,8252
265200,11339,8803,265210,8359,8229
265220,11346,8815,265230,8355,8231
265240,11345,8801,265250,8372,8255
265260,11328,8766,265270,8368,8264
265280,11336,8779,265290,8353,8236
265300,11345,8809,265310,8364,8220
265320,11352,8814,265330,8364,8235
265340,11337,8793,265350,8367,8260
265360,11344,8785,265370,8377,8261
265380,11345,8775,265390,8358,8244
265400,11351,8806,265410,8349,8229
265420,11347,8812,265430,8357,8231
265440,11339,8794,265450,8373,8258
265460,11339,8777,265470,8362,8274
265480,11350,8792,265490,8363,8230
265500,11346,8804,265510,8362,8230
265520,11348,8823,265530,8364,8226
265540,11338,8784,265550,8385,8259
265560,11337,8770,265570,8373,8264
265580,11335,8773,265590,8357,8236
265600,11328,8801,265610,8357,8229
265620,11326,8817,265630,8367,8239
265640,11318,8788,265650,8382,8255
265660,11289,8781,265670,8365,8256
265680,11302,8794,265690,8361,8245
265700,11344,8819,265710,8353,8229
265720,11356,8819,265730,8361,8242
265740,11347,8792,265750,8385,8259
265760,11310,8779,265770,8363,8258
265780,11352,8797,265790,8361,8235
265800,11366,8817,265810,8361,8227
265820,11334,8818,265830,8376,8234
265840,11343,8793,265850,8387,8270
265860,11336,8774,265870,8376,8261
265880,11339,8798,265890,8360,8237
265900,11349,8810,265910,8354,8235
265920,11351,8823,265930,8370,8244
265940,11339,8786,265950,8383,8266
265960,11338,8769,265970,8371,8268
265980,11334,8795,265990,8356,8242
266000,11362,8824,266010,8348,8225
266020,11356,8813,266030,8364,8250
266040,11347,8799,266050,8389,8262
266060,11297,8769,266070,8374,8260
266080,11354,8800,266090,8355,8240
266100,11359,8809,266110,8358,8228
266120,11341,8809,266130,8372,8246
266140,11346,8795,266150,8376,8263
266160,11336,8789,266170,8371,8256
266180,11343,8796,266190,8352,8230
266200,11354,8816,266210,8353,8216
266220,11351,8817,266230,8373,8239
266240,11345,8796,266250,8392,8255
266260,11332,8785,266270,8380,8257
266280,11351,8797,266290,8354,8239
266300,11365,8820,266310,8359,8227
266320,11344,8815,266330,8375,8245
266340,11345,8787,266350,8382,8262
266360,11330,8778,266370,8363,8252
266380,11338,8788,266390,8352,8225
266400,11349,8822,266410,8352,8225
266420,11345,8816,266430,8368,8246
266440,11346,8798,266450,8383,8267
266460,11337,8785,266470,8359,8253
266480,11346,8804,266490,8358,8249
266500,11352,8820,266510,8360,8228
266520,11358,8815,266530,8365,8246
266540,11344,8789,266550,8384,8267
266560,11341,8787,266570,8376,8256
266580,11354,8790,266590,8359,8232
266600,11361,8810,266610,8356,8226
266620,11352,8804,266630,8374,8242
266640,11340,8777,266650,8378,8272
266660,11319,8776,266670,8371,8268
266680,11340,8789,266690,8354,8234
266700,11321,8803,266710,8362,8223
266720,11321,8803,266730,8375,8249
266740,11318,8797,266750,8390,8262
266760,11329,8784,266770,8383,8261
266780,11360,8807,266790,8359,8238
266800,11353,8814,266810,8360,8227
266820,11355,8808,266830,8373,8251
266840,11339,8787,266850,8372,8260
266860,11337,8775,266870,8373,8261
266880,11336,8796,266890,8357,8223
266900,11356,8819,266910,8357,8231
266920,11352,8805,266930,8368,8235
266940,11341,8792,266950,8380,8252
266960,11344,8780,266970,8364,8247
266980,11350,8803,266990,8352,8226
267000,11347,8809,267010,8362,8226
267020,11342,8800,267030,8368,8243
267040,11333,8786,267050,8368,8256
267060,11336,8780,267070,8370,8256
267080,11350,8798,267090,8344,8232
267100,11356,8815,267110,8359,8225
267120,11358,8818,267130,8383,8253
267140,11337,8793,267150,8368,8261
267160,11336,8778,267170,8366,8265
267180,11349,8799,267190,8361,8227
267200,11346,8815,267210,8363,8230
267220,11361,8815,267230,8377,8253
267240,11343,8793,267250,8374,8258
267260,11329,8781,267270,8369,8247
267280,11350,8804,267290,8354,8233
267300,11354,8810,267310,8368,8224
267320,11344,8799,267330,8380,8245
267340,11336,8783,267350,8375,8262
267360,11350,8772,267370,8365,8258
267380,11344,8804,267390,8348,8219
267400,11348,8808,267410,8353,8238
267420,11337,8803,267430,8366,8239
267440,11335,8773,267450,8366,8254
267460,11346,8782,267470,8361,8252
267480,11345,8793,267490,8356,8234
267500,11348,8820,267510,8362,8227
267520,11337,8821,267530,8378,8239
267540,11337,8778,267550,8373,8255
267560,11325,8772,267570,8358,8257
267580,11344,8800,267590,8356,8230
267600,11350,8809,267610,8350,8226
267620,11340,8802,267630,8370,8251
267640,11330,8782,267650,8374,8260
267660,11336,8778,267670,8368,8257
267680,11336,8803,267690,8361,8235
267700,11344,8812,267710,8356,8232
267720,11340,8795,267730,8379,8241
267740,11326,8772,267750,8383,8270
267760,11324,8776,267770,8362,8245
267780,11327,8811,267790,8368,8232
267800,11322,8812,267810,8364,8233
267820,11310,8814,267830,8374,8258
267840,11313,8790,267850,8381,8267
267860,11335,8781,267870,8366,8257
267880,11362,8809,267890,8363,8227
267900,11364,8820,267910,8355,8229
267920,11336,8804,267930,8377,8253
267940,11334,8787,267950,8377,8266
267960,11330,8778,267970,8363,8239
267980,11334,8809,267990,8352,8227
268000,11338,8817,268010,8360,8225
268020,11335,8798,268030,8386,8252
268040,11328,8785,268050,8373,8266
268060,11324,8773,268070,8359,8242
268080,11333,8800,268090,8360,8222
268100,11342,8806,268110,8362,8232
268120,11336,8795,268130,8380,8253
268140,11328,8776,268150,8366,8262
268160,11325,8777,268170,8365,8244
268180,11332,8806,268190,8360,8227
268200,11350,8821,268210,8366,8242
268220,11327,8788,268230,8372,8246
268240,11330,8772,268250,8366,8263
268260,11333,8780,268270,8361,8233
268280,11338,8810,268290,8356,8224
268300,11349,8815,268310,8353,8232
268320,11327,8789,268330,8380,8252
268340,11328,8780,268350,8364,8267
268360,11336,8777,268370,8361,8240
268380,11345,8809,268390,8348,8219
268400,11346,8824,268410,8368,8230
268420,11338,8793,268430,8372,8249
268440,11329,8773,268450,8377,8259
268460,11329,8780,268470,8362,8243
268480,11347,8793,268490,8361,8220
268500,11341,8803,268510,8356,8235
268520,11326,8790,268530,8369,8243
268540,11321,8777,268550,8372,8251
268560,11323,8783,268570,8357,8241
268580,11325,8805,268590,8355,8226
268600,11334,8820,268610,8366,8238
268620,11334,8807,268630,8381,8248
268640,11330,8790,268650,8372,8265
268660,11327,8780,268670,8364,8243
268680,11341,8810,268690,8361,8228
268700,11342,8810,268710,8364,8217
268720,11333,8792,268730,8372,8248
268740,11331,8766,268750,8370,8258
268760,11319,8774,268770,8354,8235
268780,11330,8800,268790,8351,8229
268800,11331,8806,268810,8352,8233
268820,11325,8781,268830,8380,8251
268840,11314,8770,268850,8371,8259
268860,11290,8776,268870,8364,8240
268880,11316,8795,268890,8361,8229
268900,11297,8808,268910,8365,8223
268920,11319,8788,268930,8374,8252
268940,11342,8767,268950,8370,8266
268960,11327,8781,268970,8362,8238
268980,11333,8811,268990,8345,8217
269000,11327,8801,269010,8355,8223
269020,11328,8797,269030,8373,8247
269040,11314,8776,269050,8368,8266
269060,11318,8778,269070,8362,8250
269080,11346,8815,269090,8358,8219
269100,11327,8802,269110,8365,8237
269120,11335,8798,269130,8377,8252
269140,11337,8782,269150,8374,8268
269160,11325,8778,269170,8358,8246
269180,11345,8810,269190,8349,8226
269200,11333,8814,269210,8355,8228
269220,11319,8785,269230,8367,8252
269240,11317,8778,269250,8371,8257
269260,11314,8784,269270,8360,8243
269280,11327,8802,269290,8359,8224
269300,11318,8813,269310,8369,8238
269320,11332,8795,269330,8375,8263
269340,11318,8777,269350,8379,8270
269360,11325,8781,269370,8364,8231
269380,11340,8818,269390,8352,8226
269400,11338,8814,269410,8365,8230
269420,11327,8794,269430,8389,8265
269440,11312,8774,269450,8365,8271
269460,11329,8784,269470,8350,8226
269480,11330,8802,269490,8347,8233
269500,11331,8804,269510,8367,8235
269520,11312,8782,269530,8376,8258
269540,11320,8768,269550,8367,8266
269560,11313,8787,269570,8364,8246
269580,11333,8815,269590,8362,8219
269600,11331,8797,269610,8363,8251
269620,11329,8767,269630,8386,8253
269640,11318,8776,269650,8379,8268
269660,11310,8771,269670,8343,8229
269680,11331,8805,269690,8356,8224
269700,11326,8811,269710,8373,8238
269720,11318,8792,269730,8373,8267
269740,11322,8775,269750,8369,8267
269760,11317,8792,269770,8366,8244
269780,11329,8815,269790,8361,8225
269800,11325,8801,269810,8373,8243
269820,11319,8790,269830,8387,8261
269840,11312,8768,269850,8368,8272
269860,11324,8793,269870,8356,8245
269880,11336,8804,269890,8360,8220
269900,11316,8796,269910,8370,8238
269920,11310,8790,269930,8380,8266
269940,11294,8769,269950,8383,8266
269960,11283,8795,269970,8365,8236
269980,11290,8813,269990,8358,8228
270000,11302,8809,270010,8368,8246
270020,11327,8786,270030,8375,8259
270040,11328,8771,270050,8373,8262
270060,11332,8782,270070,8357,8246
270080,11328,8811,270090,8347,8218
270100,11332,8807,270110,8378,8238
270120,11330,8792,270130,8383,8265
270140,11324,8789,270150,8367,8252
270160,11330,8800,270170,8359,8241
270180,11332,8808,270190,8366,8220
270200,11335,8809,270210,8363,8242
270220,11317,8785,270230,8384,8273
270240,11316,8772,270250,8366,8249
270260,11317,8786,270270,8358,8233
270280,11331,8811,270290,8362,8225
270300,11320,8796,270310,8373,8244
270320,11311,8792,270330,8379,8259
270340,11317,8767,270350,8368,8246
270360,11323,8798,270370,8370,8238
270380,11329,8802,270390,8360,8230
270400,11323,8803,270410,8368,8249
270420,11319,8784,270430,8376,8258
270440,11325,8781,270450,8372,8252
270460,11325,8787,270470,8363,8233
270480,11340,8807,270490,8354,8232
270500,11330,8800,270510,8368,8244
270520,11318,8794,270530,8379,8257
270540,11309,8773,270550,8365,8257
270560,11315,8798,270570,8360,8229
270580,11326,8812,270590,8357,8228
270600,11323,8806,270610,8365,8237
270620,11315,8779,270630,8381,8257
270640,11310,8769,270650,8365,8254
270660,11309,8790,270670,8363,8234
270680,11313,8801,270690,8359,8222
270700,11304,8797,270710,8371,8246
270720,11288,8775,270730,8379,8265
270740,11276,8777,270750,8369,8267
270760,11272,8783,270770,8364,8236
270780,11247,8785,270790,8354,8231
270800,11219,8778,270810,8372,8237
270820,11187,8748,270830,8366,8259
270840,11176,8742,270850,8364,8255
270860,11162,8757,270870,8359,8237
270880,11115,8765,270890,8351,8228
270900,11048,8728,270910,8362,8253
270920,10878,8681,270930,8348,8257
270940,10736,8641,270950,8350,8273
270960,10659,8646,270970,8341,8233
270980,10581,8641,270990,8346,8242
271000,10590,8641,271010,8366,8263
271020,10529,8651,271030,8379,8299
271040,10489,8647,271050,8387,8322
271060,10555,8625,271070,8407,8343
271080,10280,8610,271090,8411,8350
271100,9952,8604,271110,8429,8372
271120,9618,8596,271130,8434,8364
271140,9446,8589,271150,8442,8374
271160,9309,8584,271170,8434,8379
271180,9190,8591,271190,8446,8381
271200,9118,8574,271210,8444,8386
271220,9027,8643,271230,8555,8516
271240,8630,8673,271250,8557,8559
271260,8637,8676,271270,8634,8635
271280,8564,8653,271290,8582,8579
271300,8616,8676,271310,8661,8633
271320,8609,8678,271330,8616,8616
271340,8567,8622,271350,8571,8564
271360,8549,8602,271370,8609,8566
271380,8629,8613,271390,8686,8571
271400,8648,8616,271410,8675,8570
271420,8632,8609,271430,8667,8586
271440,8628,8619,271450,8658,8577
271460,8600,8623,271470,8642,8592
271480,8630,8645,271490,8664,8606
271500,8641,8651,271510,8695,8592
271520,8685,8651,271530,8755,8653
271540,8748,8715,271550,8815,8732
271560,8806,8797,271570,8889,8785
271580,8868,8853,271590,8931,8835
271600,8897,8882,271610,8960,8874
271620,8939,8928,271630,9021,8956
271640,8994,9025,271650,9058,9025
271660,9034,9075,271670,9106,9075
271680,9083,9147,271690,9134,9117
271700,9101,9162,271710,9143,9150
271720,9115,9201,271730,9190,9207
271740,9146,9230,271750,9198,9216
271760,9179,9256,271770,9276,9253
271780,9270,9341,271790,9314,9330
271800,9280,9352,271810,9317,9321
271820,9273,9354,271830,9337,9346
271840,9279,9362,271850,9329,9339
271860,9281,9365,271870,9331,9337
271880,9289,9383,271890,9334,9346
271900,9295,9377,271910,9336,9341
271920,9286,9361,271930,9358,9360
271940,9306,9377,271950,9356,9361
271960,9295,9374,271970,9349,9347
271980,9315,9393,271990,9382,9367
272000,9326,9404,272010,9377,9369
272020,9338,9417,272030,9389,9401
272040,9324,9405,272050,9376,9400
272060,9338,9417,272070,9389,9393
272080,9343,9434,272090,9384,9399
272100,9335,9416,272110,9383,9399
272120,9339,9409,272130,9394,9400
272140,9325,9417,272150,9384,9380
272160,9317,9402,272170,9390,9391
272180,9344,9429,272190,9385,9387
272200,9321,9406,272210,9371,9384
272220,9324,9412,272230,9389,9403
272240,9330,9414,272250,9370,9395
272260,9325,9414,272270,9387,9392
272280,9339,9436,272290,9379,9393
272300,9331,9424,272310,9377,9389
272320,9330,9427,272330,9396,9415
272340,9333,9428,272350,9382,9393
272360,9325,9422,272370,9397,9401
272380,9347,9435,272390,9386,9389
272400,9319,9410,272410,9372,9378
272420,9319,9417,272430,9385,9395
272440,9316,9400,272450,9371,9378
272460,9323,9399,272470,9385,9387
272480,9336,9416,272490,9376,9374
272500,9319,9402,272510,9369,9387
272520,9321,9405,272530,9388,9387
272540,9325,9398,272550,9374,9384
272560,9319,9399,272570,9376,9388
272580,9330,9421,272590,9378,9371
272600,9318,9408,272610,9373,9379
272620,9316,9407,272630,9375,9390
272640,9319,9408,272650,9376,9387
272660,9329,9407,272670,9383,9391
272680,9333,9419,272690,9377,9377
272700,9323,9412,272710,9370,9382
272720,9328,9421,272730,9390,9399
272740,9340,9413,272750,9367,9383
272760,9321,9409,272770,9383,9400
272780,9330,9431,272790,9383,9383
272800,9329,9407,272810,9376,9378
272820,9337,9407,272830,9388,9400
272840,9327,9420,272850,9374,9382
272860,9319,9414,272870,9377,9381
272880,9334,9423,272890,9380,9381
272900,9314,9406,272910,9364,9376
272920,9339,9407,272930,9375,9392
272940,9318,9410,272950,9374,9388
272960,9320,9406,272970,9380,9388
272980,9332,9416,272990,9373,9378
273000,9318,9401,273010,9376,9375
273020,9335,9416,273030,9381,9386
273040,9319,9401,273050,9373,9365
273060,9325,9395,273070,9380,9386
273080,9327,9415,273090,9382,9391
273100,9327,9401,273110,9364,9383
273120,9329,9409,273130,9388,9411
273140,9333,9410,273150,9383,9389
273160,9330,9418,273170,9392,9395
273180,9344,9428,273190,9391,9381
273200,9330,9414,273210,9378,9389
273220,9338,9437,273230,9387,9398
273240,9331,9414,273250,9385,9385
273260,9332,9423,273270,9400,9398
273280,9343,9429,273290,9382,9380
273300,9333,9394,273310,9376,9387
273320,9336,9416,273330,9399,9391
273340,9340,9413,273350,9379,9377
273360,9328,9412,273370,9383,9381
273380,9342,9423,273390,9376,9383
273400,9325,9413,273410,9369,9384
273420,9337,9423,273430,9396,9385
273440,9321,9400,273450,9371,9377
273460,9332,9411,273470,9377,9393
273480,9341,9423,273490,9379,9394
273500,9325,9403,273510,9379,9383
273520,9340,9421,273530,9383,9400
273540,9315,9404,273550,9378,9389
273560,9322,9421,273570,9392,9395
273580,9335,9426,273590,9392,9386
273600,9333,9411,273610,9385,9393
273620,9340,9437,273630,9393,9393
273640,9328,9406,273650,9373,9383
273660,9335,9414,273670,9392,9394
273680,9337,9414,273690,9374,9379
273700,9316,9414,273710,9384,9388
273720,9344,9416,273730,9390,9386
273740,9331,9413,273750,9378,9379
273760,9333,9405,273770,9393,9401
273780,9335,9412,273790,9384,9382
273800,9313,9409,273810,9391,9385
273820,9338,9412,273830,9387,9387
273840,9326,9402,273850,9382,9376
273860,9335,9400,273870,9383,9384
273880,9328,9416,273890,9375,9370
273900,9319,9395,273910,9378,9386
273920,9347,9418,273930,9386,9385
273940,9323,9404,273950,9371,9375
273960,9334,9406,273970,9384,9398
273980,9330,9412,273990,9375,9386
274000,9317,9410,274010,9380,9387
274020,9337,9413,274030,9375,9378
274040,9337,9405,274050,9382,9378
274060,9340,9408,274070,9390,9386
274080,9331,9403,274090,9375,9376
274100,9332,9405,274110,9381,9388
274120,9341,9410,274130,9398,9386
274140,9315,9396,274150,9367,9360
274160,9334,9398,274170,9390,9389
274180,9339,9410,274190,9374,9374
274200,9315,9399,274210,9381,9385
274220,9341,9405,274230,9379,9383
274240,9327,9399,274250,9368,9379
274260,9321,9397,274270,9384,9383
274280,9334,9412,274290,9383,9373
274300,9330,9395,274310,9379,9382
274320,9330,9406,274330,9369,9374
274340,9312,9389,274350,9367,9366
274360,9320,9415,274370,9388,9377
274380,9328,9401,274390,9376,9382
274400,9321,9399,274410,9395,9380
274420,9338,9411,274430,9378,9377
274440,9331,9400,274450,9369,9370
274460,9329,9414,274470,9392,9383
274480,9325,9402,274490,9384,9374
