LED1 Timestamp (ms),LED1_PD1,LED1_PD2,LED2 Timestamp (ms),LED2_PD1,LED2_PD2
26000,1172,15054,26010,900,15093
26020,1231,15050,26030,937,15093
26040,1206,15048,26050,877,15090
26060,1185,15066,26070,935,15084
26080,1237,15053,26090,908,15076
26100,1170,15061,26110,882,15080
26120,1231,15045,26130,958,15081
26140,1208,15041,26150,879,15089
26160,1192,15056,26170,945,15089
26180,1233,15055,26190,923,15086
26200,1170,15053,26210,884,15082
26220,1231,15054,26230,949,15084
26240,1214,15054,26250,878,15081
26260,1196,15058,26270,941,15091
26280,1242,15055,26290,917,15095
26300,1192,15058,26310,889,15082
26320,1238,15061,26330,932,15092
26340,1209,15053,26350,869,15101
26360,1181,15056,26370,946,15083
26380,1255,15054,26390,924,15083
26400,1179,15056,26410,891,15093
26420,1236,15056,26430,940,15096
26440,1210,15062,26450,874,15104
26460,1182,15064,26470,944,15096
26480,1227,15053,26490,905,15094
26500,1165,15045,26510,903,15085
26520,1233,15052,26530,940,15095
26540,1206,15064,26550,867,15102
26560,1185,15061,26570,943,15089
26580,1236,15060,26590,928,15088
26600,1161,15064,26610,910,15083
26620,1239,15035,26630,940,15078
26640,1203,15046,26650,868,15066
26660,1199,15043,26670,957,15082
26680,1226,15060,26690,906,15088
26700,1159,15049,26710,895,15099
26720,1255,15055,26730,922,15100
26740,1187,15045,26750,863,15094
26760,1190,15044,26770,940,15093
26780,1230,15058,26790,896,15095
26800,1164,15049,26810,902,15085
26820,1247,15064,26830,942,15086
26840,1182,15054,26850,840,15085
26860,1192,15050,26870,951,15088
26880,1234,15063,26890,910,15092
26900,1168,15050,26910,899,15096
26920,1244,15062,26930,933,15096
26940,1185,15050,26950,850,15090
26960,1199,15043,26970,956,15076
26980,1216,15063,26990,905,15093
27000,1152,15046,27010,915,15085
27020,1246,15049,27030,932,15092
27040,1189,15055,27050,869,15086
27060,1205,15053,27070,957,15085
27080,1224,15053,27090,898,15085
27100,1151,15060,27110,910,15094
27120,1241,15063,27130,941,15092
27140,1174,15055,27150,867,15095
27160,1197,15062,27170,953,15094
27180,1215,15047,27190,891,15088
27200,1156,15049,27210,911,15076
27220,1247,15054,27230,932,15097
27240,1193,15050,27250,862,15090
27260,1201,15065,27270,924,15092
27280,1227,15054,27290,895,15081
27300,1153,15046,27310,906,15078
27320,1245,15067,27330,921,15093
27340,1185,15063,27350,871,15099
27360,1208,15060,27370,951,15098
27380,1226,15048,27390,885,15090
27400,1155,15055,27410,917,15085
27420,1236,15050,27430,903,15084
27440,1170,15044,27450,851,15086
27460,1216,15060,27470,952,15102
27480,1217,15049,27490,891,15087
27500,1156,15050,27510,927,15078
27520,1236,15049,27530,922,15097
27540,1176,15058,27550,865,15091
27560,1191,15061,27570,947,15093
27580,1230,15057,27590,870,15080
27600,1162,15048,27610,926,15079
27620,1239,15058,27630,919,15085
27640,1191,15058,27650,874,15097
27660,1213,15051,27670,945,15089
27680,1219,15066,27690,888,15089
27700,1167,15044,27710,929,15090
27720,1236,15051,27730,923,15079
27740,1182,15052,27750,875,15092
27760,1221,15042,27770,948,15079
27780,1203,15043,27790,879,15088
27800,1159,15042,27810,935,15102
27820,1238,15048,27830,922,15102
27840,1181,15070,27850,861,15094
27860,1230,15059,27870,953,15070
27880,1216,15055,27890,877,15085
27900,1167,15069,27910,926,15095
27920,1244,15058,27930,916,15084
27940,1176,15058,27950,885,15092
27960,1229,15054,27970,940,15092
27980,1215,15048,27990,875,15079
28000,1166,15049,28010,925,15085
28020,1235,15056,28030,911,15079
28040,1167,15052,28050,888,15081
28060,1225,15062,28070,941,15089
28080,1203,15056,28090,872,15086
28100,1167,15030,28110,936,15094
28120,1235,15054,28130,924,15084
28140,1160,15052,28150,864,15097
28160,1224,15049,28170,948,15083
28180,1207,15062,28190,872,15098
28200,1172,15068,28210,931,15094
28220,1234,15055,28230,912,15094
28240,1167,15064,28250,877,15090
28260,1222,15048,28270,949,15104
28280,1216,15057,28290,879,15089
28300,1174,15065,28310,930,15096
28320,1231,15055,28330,909,15086
28340,1173,15039,28350,879,15088
28360,1232,15059,28370,953,15088
28380,1190,15042,28390,867,15086
28400,1189,15053,28410,938,15089
28420,1230,15051,28430,904,15097
28440,1171,15059,28450,870,15084
28460,1234,15058,28470,948,15090
28480,1212,15050,28490,865,15091
28500,1188,15055,28510,927,15100
28520,1233,15062,28530,913,15099
28540,1162,15061,28550,878,15095
28560,1228,15054,28570,939,15084
28580,1204,15052,28590,862,15079
28600,1179,15050,28610,931,15072
28620,1236,15052,28630,913,15093
28640,1157,15057,28650,884,15092
28660,1231,15042,28670,947,15086
28680,1195,15057,28690,886,15091
28700,1178,15062,28710,936,15092
28720,1228,15063,28730,908,15094
28740,1145,15048,28750,890,15079
28760,1224,15043,28770,919,15083
28780,1192,15045,28790,870,15076
28800,1187,15057,28810,937,15085
28820,1246,15055,28830,908,15082
28840,1157,15054,28850,887,15082
28860,1231,15053,28870,928,15088
28880,1185,15045,28890,857,15104
28900,1187,15046,28910,935,15084
28920,1241,15055,28930,903,15086
28940,1156,15045,28950,895,15101
28960,1233,15064,28970,934,15080
28980,1208,15061,28990,858,15083
29000,1186,15052,29010,947,15096
29020,1229,15043,29030,900,15088
29040,1161,15056,29050,896,15097
29060,1229,15056,29070,927,15080
29080,1188,15056,29090,859,15092
29100,1195,15054,29110,959,15080
29120,1217,15057,29130,889,15096
29140,1166,15064,29150,904,15090
29160,1236,15046,29170,936,15092
29180,1198,15044,29190,862,15094
29200,1206,15053,29210,944,15087
29220,1238,15062,29230,888,15088
29240,1148,15033,29250,903,15101
29260,1236,15054,29270,937,15083
29280,1197,15055,29290,872,15091
29300,1217,15050,29310,960,15088
29320,1231,15060,29330,902,15084
29340,1161,15052,29350,897,15090
29360,1237,15043,29370,926,15092
29380,1197,15052,29390,856,15085
29400,1222,15045,29410,942,15089
29420,1226,15045,29430,893,15104
29440,1163,15077,29450,905,15103
29460,1250,15058,29470,928,15085
29480,1198,15061,29490,868,15091
29500,1213,15050,29510,947,15081
29520,1231,15064,29530,909,15090
29540,1152,15048,29550,919,15080
29560,1255,15064,29570,922,15096
29580,1188,15048,29590,867,15089
29600,1192,15059,29610,946,15088
29620,1237,15061,29630,894,15095
29640,1164,15056,29650,921,15087
29660,1222,15054,29670,939,15088
29680,1182,15047,29690,874,15094
29700,1202,15063,29710,954,15081
29720,1221,15055,29730,880,15088
29740,1168,15057,29750,916,15101
29760,1239,15048,29770,936,15093
29780,1186,15062,29790,871,15098
29800,1218,15060,29810,945,15089
29820,1219,15060,29830,888,15073
29840,1156,15054,29850,911,15084
29860,1235,15049,29870,932,15083
29880,1185,15047,29890,869,15080
29900,1214,15050,29910,948,15094
29920,1213,15057,29930,886,15091
29940,1157,15051,29950,902,15086
29960,1244,15047,29970,927,15081
29980,1179,15057,29990,864,15097
30000,1228,15053,30010,952,15084
30020,1226,15054,30030,890,15092
30040,1169,15041,30050,923,15094
30060,1256,15060,30070,927,15087
30080,1158,15059,30090,878,15099
30100,1217,15057,30110,944,15090
30120,1214,15059,30130,871,15081
30140,1156,15054,30150,924,15086
30160,1240,15053,30170,917,15084
30180,1180,15045,30190,863,15088
30200,1230,15049,30210,937,15081
30220,1214,15063,30230,885,15089
30240,1148,15057,30250,915,15075
30260,1225,15063,30270,916,15089
30280,1175,15060,30290,863,15087
30300,1218,15055,30310,933,15100
30320,1205,15066,30330,865,15084
30340,1149,15066,30350,918,15093
30360,1227,15067,30370,891,15097
30380,1163,15050,30390,861,15081
30400,1215,15064,30410,917,15097
30420,1202,15055,30430,862,15100
30440,1148,15062,30450,917,15102
30460,1218,15056,30470,879,15093
30480,1154,15061,30490,854,15088
30500,1200,15057,30510,927,15087
30520,1193,15056,30530,837,15095
30540,1144,15057,30550,899,15089
30560,1216,15047,30570,884,15089
30580,1136,15042,30590,857,15085
30600,1187,15044,30610,909,15076
30620,1186,15055,30630,852,15095
30640,1144,15061,30650,894,15084
30660,1185,15057,30670,879,15103
30680,1132,15049,30690,850,15095
30700,1190,15053,30710,903,15096
30720,1164,15053,30730,847,15103
30740,1143,15051,30750,897,15098
30760,1206,15059,30770,884,15097
30780,1129,15053,30790,852,15090
30800,1188,15057,30810,899,15084
30820,1170,15050,30830,836,15093
30840,1147,15047,30850,901,15091
30860,1205,15054,30870,868,15093
30880,1130,15042,30890,842,15081
30900,1191,15055,30910,909,15096
30920,1167,15058,30930,838,15096
30940,1142,15054,30950,886,15093
30960,1202,15054,30970,873,15090
30980,1139,15055,30990,861,15088
31000,1197,15048,31010,911,15083
31020,1174,15052,31030,849,15091
31040,1143,15049,31050,905,15094
31060,1191,15054,31070,872,15086
31080,1126,15053,31090,857,15072
31100,1207,15058,31110,896,15084
31120,1169,15048,31130,842,15093
31140,1154,15064,31150,900,15092
31160,1199,15055,31170,871,15085
31180,1137,15053,31190,857,15103
31200,1204,15050,31210,924,15094
31220,1167,15047,31230,845,15105
31240,1151,15062,31250,922,15092
31260,1215,15054,31270,890,15085
31280,1151,15048,31290,869,15092
31300,1204,15052,31310,928,15089
31320,1177,15052,31330,845,15087
31340,1170,15064,31350,925,15098
31360,1219,15050,31370,902,15097
31380,1160,15058,31390,877,15082
31400,1225,15049,31410,928,15098
31420,1186,15052,31430,856,15100
31440,1190,15045,31450,928,15098
31460,1225,15056,31470,890,15095
31480,1155,15059,31490,883,15086
31500,1246,15062,31510,927,15088
31520,1206,15060,31530,857,15101
31540,1181,15062,31550,942,15094
31560,1219,15055,31570,904,15097
31580,1166,15052,31590,904,15088
31600,1239,15065,31610,928,15096
31620,1190,15049,31630,868,15081
31640,1184,15051,31650,938,15079
31660,1216,15050,31670,883,15083
31680,1148,15045,31690,893,15087
31700,1237,15058,31710,933,15088
31720,1209,15049,31730,861,15094
31740,1209,15050,31750,949,15090
31760,1233,15054,31770,894,15081
31780,1155,15058,31790,921,15091
31800,1250,15054,31810,920,15094
31820,1186,15056,31830,870,15098
31840,1193,15051,31850,945,15099
31860,1229,15058,31870,910,15097
31880,1158,15057,31890,903,15093
31900,1245,15062,31910,936,15098
31920,1203,15044,31930,868,15102
31940,1211,15067,31950,941,15091
31960,1219,15059,31970,893,15100
31980,1157,15067,31990,890,15099
39500,1213,15066,39510,910,15097
39520,1274,15060,39530,980,15090
39540,1243,15047,39550,909,15096
39560,1223,15051,39570,977,15102
39580,1275,15055,39590,945,15104
39600,1202,15062,39610,940,15091
39620,1277,15043,39630,975,15106
39640,1253,15046,39650,906,15090
39660,1220,15066,39670,981,15095
39680,1268,15049,39690,941,15096
39700,1195,15065,39710,931,15090
39720,1282,15053,39730,970,15098
39740,1240,15055,39750,895,15088
39760,1212,15053,39770,993,15107
39780,1284,15054,39790,958,15098
39800,1209,15049,39810,924,15096
39820,1282,15068,39830,994,15089
39840,1245,15058,39850,914,15088
39860,1229,15045,39870,980,15091
39880,1273,15060,39890,953,15095
39900,1199,15055,39910,935,15101
39920,1279,15062,39930,993,15095
39940,1245,15058,39950,917,15089
39960,1226,15060,39970,977,15091
39980,1283,15045,39990,957,15104
40000,1207,15071,40010,941,15086
40020,1280,15059,40030,957,15096
40040,1238,15049,40050,920,15085
40060,1234,15048,40070,992,15089
40080,1284,15061,40090,950,15092
40100,1207,15049,40110,948,15088
40120,1274,15061,40130,969,15093
40140,1232,15053,40150,903,15080
40160,1232,15067,40170,988,15093
40180,1272,15057,40190,952,15090
40200,1195,15060,40210,940,15094
40220,1283,15058,40230,965,15087
40240,1242,15062,40250,905,15088
40260,1225,15060,40270,993,15089
40280,1277,15067,40290,939,15088
40300,1205,15053,40310,950,15103
40320,1254,15062,40330,969,15102
40340,1240,15049,40350,919,15106
40360,1234,15059,40370,985,15094
40380,1263,15067,40390,937,15083
40400,1196,15046,40410,943,15099
40420,1286,15043,40430,971,15078
40440,1240,15048,40450,895,15098
40460,1235,15067,40470,982,15099
40480,1252,15064,40490,925,15086
40500,1197,15059,40510,933,15082
40520,1283,15037,40530,961,15090
40540,1229,15049,40550,894,15090
40560,1241,15049,40570,974,15093
40580,1254,15051,40590,929,15086
40600,1201,15044,40610,911,15077
40620,1272,15060,40630,966,15085
40640,1214,15061,40650,899,15099
40660,1228,15043,40670,978,15089
40680,1254,15062,40690,929,15093
40700,1194,15046,40710,945,15085
40720,1269,15052,40730,968,15082
40740,1196,15053,40750,888,15091
40760,1245,15058,40770,979,15086
40780,1265,15051,40790,928,15085
40800,1188,15049,40810,947,15090
40820,1274,15045,40830,951,15089
40840,1210,15051,40850,873,15096
40860,1229,15053,40870,970,15091
40880,1256,15050,40890,918,15094
40900,1180,15058,40910,930,15089
40920,1270,15054,40930,944,15092
40940,1201,15053,40950,880,15093
40960,1232,15051,40970,967,15093
40980,1239,15060,40990,910,15105
41000,1163,15062,41010,937,15091
41020,1264,15061,41030,939,15089
41040,1212,15062,41050,887,15091
41060,1225,15066,41070,970,15094
41080,1238,15057,41090,916,15075
41100,1171,15061,41110,921,15106
41120,1273,15047,41130,951,15093
41140,1210,15047,41150,885,15102
41160,1223,15049,41170,957,15072
41180,1256,15053,41190,909,15080
41200,1191,15053,41210,942,15093
41220,1274,15057,41230,969,15098
41240,1217,15058,41250,885,15095
41260,1234,15059,41270,976,15092
41280,1256,15052,41290,937,15082
41300,1181,15053,41310,944,15088
41320,1265,15052,41330,956,15084
41340,1205,15055,41350,900,15090
41360,1251,15056,41370,972,15078
41380,1259,15051,41390,924,15099
41400,1187,15060,41410,955,15103
41420,1267,15054,41430,949,15086
41440,1212,15068,41450,888,15091
41460,1250,15056,41470,989,15098
41480,1256,15051,41490,923,15091
41500,1191,15045,41510,956,15090
41520,1273,15053,41530,947,15089
41540,1213,15062,41550,906,15094
41560,1253,15049,41570,978,15076
41580,1267,15048,41590,916,15089
41600,1198,15041,41610,963,15092
41620,1272,15046,41630,973,15094
41640,1210,15060,41650,898,15101
41660,1260,15061,41670,988,15088
41680,1255,15058,41690,918,15091
41700,1200,15059,41710,976,15088
41720,1275,15051,41730,953,15091
41740,1219,15046,41750,917,15096
41760,1263,15054,41770,979,15097
41780,1252,15066,41790,926,15089
41800,1208,15049,41810,963,15097
41820,1286,15060,41830,953,15096
41840,1220,15063,41850,905,15111
41860,1266,15056,41870,1007,15100
41880,1253,15059,41890,927,15098
41900,1219,15056,41910,979,15090
41920,1286,15060,41930,962,15101
41940,1224,15061,41950,925,15100
41960,1279,15065,41970,1010,15093
41980,1264,15071,41990,926,15095
42000,1246,15055,42010,988,15091
42020,1291,15061,42030,965,15099
42040,1233,15054,42050,937,15095
42060,1277,15062,42070,991,15093
42080,1265,15049,42090,926,15102
42100,1223,15053,42110,976,15087
42120,1293,15056,42130,973,15090
42140,1229,15066,42150,941,15086
42160,1292,15053,42170,994,15090
42180,1274,15066,42190,939,15099
42200,1218,15060,42210,992,15092
42220,1292,15054,42230,973,15100
42240,1215,15049,42250,942,15082
42260,1279,15059,42270,1004,15093
42280,1262,15056,42290,950,15095
42300,1218,15061,42310,985,15099
42320,1303,15066,42330,981,15093
42340,1227,15064,42350,929,15094
42360,1287,15056,42370,997,15088
42380,1271,15062,42390,928,15096
42400,1240,15059,42410,987,15107
42420,1293,15055,42430,962,15094
42440,1218,15060,42450,936,15082
42460,1295,15056,42470,1003,15095
42480,1265,15050,42490,932,15093
42500,1239,15058,42510,992,15094
42520,1300,15059,42530,972,15094
42540,1234,15066,42550,922,15093
42560,1294,15063,42570,1011,15079
42580,1261,15057,42590,932,15088
42600,1232,15054,42610,991,15091
42620,1292,15048,42630,957,15094
42640,1222,15048,42650,938,15088
42660,1292,15056,42670,1002,15093
42680,1246,15065,42690,917,15087
42700,1242,15053,42710,1005,15094
42720,1289,15050,42730,967,15085
42740,1230,15048,42750,938,15084
42760,1290,15052,42770,1008,15100
42780,1260,15055,42790,924,15103
42800,1247,15058,42810,1004,15089
42820,1299,15051,42830,974,15091
42840,1206,15040,42850,946,15072
42860,1285,15048,42870,999,15084
42880,1257,15056,42890,931,15091
42900,1243,15053,42910,1002,15094
42920,1290,15053,42930,972,15087
42940,1231,15060,42950,955,15087
42960,1298,15045,42970,968,15093
42980,1269,15060,42990,932,15088
43000,1251,15051,43010,1013,15088
43020,1286,15051,43030,961,15087
43040,1230,15044,43050,948,15100
43060,1298,15054,43070,1008,15090
43080,1266,15070,43090,912,15093
43100,1253,15055,43110,1012,15092
43120,1290,15055,43130,959,15086
43140,1228,15057,43150,958,15083
43160,1304,15051,43170,1001,15089
43180,1258,15066,43190,931,15097
43200,1262,15065,43210,1007,15097
43220,1305,15055,43230,980,15091
43240,1234,15057,43250,958,15089
43260,1302,15063,43270,993,15098
43280,1277,15074,43290,937,15096
43300,1266,15057,43310,1014,15100
43320,1305,15051,43330,974,15100
43340,1229,15065,43350,957,15078
43360,1313,15054,43370,1003,15098
43380,1260,15059,43390,938,15081
43400,1262,15057,43410,1016,15086
43420,1299,15060,43430,964,15092
43440,1232,15049,43450,975,15095
43460,1319,15056,43470,1006,15103
43480,1262,15063,43490,936,15094
43500,1264,15054,43510,1019,15100
43520,1321,15052,43530,975,15090
43540,1225,15065,43550,990,15091
43560,1331,15057,43570,1014,15086
43580,1274,15048,43590,946,15095
43600,1290,15059,43610,1043,15086
43620,1316,15066,43630,974,15079
43640,1240,15046,43650,1002,15090
43660,1339,15053,43670,1019,15102
43680,1274,15047,43690,940,15080
43700,1275,15051,43710,1040,15082
43720,1302,15057,43730,983,15089
43740,1242,15054,43750,1008,15082
43760,1335,15046,43770,1001,15082
43780,1273,15053,43790,953,15095
43800,1286,15063,43810,1059,15094
43820,1321,15062,43830,966,15084
43840,1225,15058,43850,1003,15085
43860,1328,15055,43870,1015,15088
43880,1270,15056,43890,942,15091
43900,1297,15056,43910,1031,15087
43920,1311,15046,43930,976,15084
43940,1249,15062,43950,1003,15097
43960,1331,15064,43970,1001,15085
43980,1259,15055,43990,941,15087
44000,1294,15052,44010,1030,15090
44020,1299,15042,44030,969,15086
44040,1237,15052,44050,997,15105
44060,1328,15064,44070,1007,15088
44080,1265,15048,44090,936,15089
44100,1315,15060,44110,1037,15080
44120,1305,15047,44130,972,15101
44140,1226,15055,44150,999,15081
44160,1321,15043,44170,1020,15091
44180,1262,15048,44190,937,15085
44200,1286,15047,44210,1030,15089
44220,1314,15056,44230,988,15091
44240,1230,15043,44250,996,15088
44260,1318,15038,44270,1006,15080
44280,1272,15043,44290,947,15086
44300,1285,15056,44310,1028,15087
44320,1280,15064,44330,962,15099
44340,1236,15054,44350,993,15087
44360,1328,15049,44370,1003,15089
44380,1260,15040,44390,946,15102
44400,1300,15059,44410,1034,15097
44420,1298,15071,44430,963,15087
44440,1232,15051,44450,1000,15095
44460,1315,15070,44470,1006,15094
44480,1266,15057,44490,934,15099
50500,1302,15040,50510,934,15088
50520,1236,15042,50530,993,15086
50540,1313,15053,50550,979,15078
50560,1223,15047,50570,943,15100
50580,1291,15057,50590,1001,15083
50600,1268,15049,50610,945,15083
50620,1239,15033,50630,1007,15089
50640,1301,15058,50650,973,15080
50660,1235,15059,50670,943,15095
50680,1290,15068,50690,998,15090
50700,1264,15052,50710,940,15085
50720,1235,15044,50730,981,15086
50740,1296,15051,50750,963,15090
50760,1237,15060,50770,948,15088
50780,1300,15059,50790,1012,15088
50800,1271,15054,50810,938,15091
50820,1250,15070,50830,989,15092
50840,1307,15060,50850,979,15091
50860,1227,15052,50870,941,15100
50880,1299,15049,50890,998,15088
50900,1274,15056,50910,932,15092
50920,1260,15060,50930,1003,15084
50940,1313,15062,50950,978,15095
50960,1230,15052,50970,951,15094
50980,1295,15060,50990,997,15080
51000,1280,15064,51010,954,15094
51020,1252,15060,51030,1004,15092
51040,1306,15049,51050,982,15078
51060,1224,15051,51070,954,15095
51080,1305,15042,51090,1014,15089
51100,1274,15048,51110,927,15093
51120,1235,15067,51130,1015,15104
51140,1309,15062,51150,981,15091
51160,1231,15062,51170,963,15089
51180,1289,15064,51190,1010,15093
51200,1274,15065,51210,947,15091
51220,1241,15052,51230,996,15094
51240,1288,15054,51250,971,15091
51260,1228,15055,51270,964,15078
51280,1297,15061,51290,1010,15096
51300,1265,15065,51310,934,15086
51320,1256,15052,51330,1001,15092
51340,1306,15064,51350,978,15101
51360,1227,15053,51370,945,15087
51380,1296,15053,51390,1012,15096
51400,1267,15050,51410,944,15086
51420,1261,15041,51430,1019,15088
51440,1296,15062,51450,961,15094
51460,1225,15058,51470,939,15090
51480,1301,15066,51490,1011,15106
51500,1264,15059,51510,926,15108
51520,1256,15059,51530,1005,15095
51540,1295,15047,51550,971,15088
51560,1229,15049,51570,970,15095
51580,1294,15051,51590,1008,15090
51600,1236,15055,51610,935,15090
51620,1256,15047,51630,1002,15094
51640,1298,15048,51650,967,15088
51660,1236,15046,51670,952,15090
51680,1312,15051,51690,988,15084
51700,1266,15064,51710,933,15084
51720,1251,15052,51730,1012,15087
51740,1290,15054,51750,974,15105
51760,1213,15066,51770,957,15091
51780,1303,15068,51790,1015,15090
51800,1262,15072,51810,931,15103
51820,1247,15057,51830,1018,15103
51840,1295,15076,51850,968,15102
51860,1224,15053,51870,962,15110
51880,1316,15051,51890,985,15095
51900,1267,15066,51910,924,15100
51920,1266,15070,51930,1002,15097
51940,1292,15070,51950,964,15099
51960,1233,15059,51970,961,15093
51980,1307,15065,51990,1003,15094
52000,1268,15065,52010,933,15081
52020,1258,15057,52030,1009,15090
52040,1296,15061,52050,947,15092
52060,1214,15051,52070,953,15095
52080,1299,15061,52090,987,15098
52100,1247,15055,52110,916,15095
52120,1252,15078,52130,1006,15099
52140,1291,15067,52150,974,15085
52160,1208,15063,52170,952,15084
52180,1298,15060,52190,988,15087
52200,1251,15051,52210,916,15085
52220,1265,15053,52230,1005,15093
52240,1293,15055,52250,951,15089
52260,1204,15054,52270,969,15096
52280,1291,15056,52290,978,15093
52300,1238,15050,52310,912,15084
52320,1270,15054,52330,1004,15092
52340,1280,15057,52350,957,15099
52360,1218,15065,52370,965,15094
52380,1306,15066,52390,979,15074
52400,1242,15054,52410,919,15090
52420,1261,15044,52430,996,15088
52440,1294,15046,52450,955,15097
52460,1206,15045,52470,964,15091
52480,1298,15053,52490,976,15095
52500,1244,15061,52510,925,15098
52520,1267,15054,52530,1017,15109
52540,1270,15060,52550,946,15089
52560,1215,15058,52570,990,15085
52580,1296,15040,52590,983,15096
52600,1236,15052,52610,924,15089
52620,1267,15057,52630,1004,15082
52640,1289,15047,52650,937,15094
52660,1218,15064,52670,966,15093
52680,1302,15065,52690,985,15101
52700,1251,15061,52710,926,15097
52720,1279,15064,52730,1005,15088
52740,1288,15052,52750,939,15097
52760,1214,15068,52770,984,15099
52780,1305,15059,52790,983,15099
52800,1236,15062,52810,916,15099
52820,1271,15068,52830,1000,15095
52840,1281,15070,52850,939,15099
52860,1239,15052,52870,993,15083
52880,1295,15054,52890,982,15091
52900,1231,15061,52910,930,15089
52920,1278,15054,52930,996,15085
52940,1280,15052,52950,944,15090
52960,1221,15056,52970,977,15094
52980,1307,15068,52990,991,15093
53000,1246,15054,53010,926,15087
53020,1277,15053,53030,1019,15090
53040,1287,15052,53050,941,15093
53060,1218,15042,53070,979,15096
53080,1297,15057,53090,992,15104
53100,1244,15073,53110,931,15095
53120,1253,15050,53130,1009,15095
53140,1271,15064,53150,957,15107
53160,1223,15077,53170,986,15088
53180,1311,15064,53190,988,15087
53200,1236,15049,53210,936,15096
53220,1289,15062,53230,1011,15103
53240,1276,15065,53250,909,15079
53260,1226,15057,53270,985,15094
53280,1301,15049,53290,987,15104
53300,1234,15035,53310,942,15089
53320,1284,15065,53330,998,15096
53340,1268,15051,53350,925,15090
53360,1230,15053,53370,986,15097
53380,1288,15059,53390,978,15097
53400,1232,15056,53410,927,15097
53420,1281,15061,53430,997,15085
53440,1271,15048,53450,934,15095
53460,1233,15053,53470,993,15092
53480,1295,15054,53490,961,15090
53500,1221,15054,53510,927,15100
53520,1288,15058,53530,996,15094
53540,1251,15066,53550,935,15094
53560,1233,15071,53570,984,15098
53580,1309,15065,53590,970,15095
53600,1221,15061,53610,941,15103
53620,1291,15060,53630,994,15097
53640,1266,15060,53650,935,15098
53660,1234,15060,53670,985,15101
53680,1302,15057,53690,971,15099
53700,1231,15065,53710,937,15096
53720,1302,15070,53730,996,15091
53740,1269,15048,53750,925,15086
53760,1231,15068,53770,1005,15098
53780,1293,15069,53790,961,15085
53800,1240,15055,53810,941,15104
53820,1287,15063,53830,987,15094
53840,1268,15056,53850,921,15103
53860,1233,15061,53870,999,15081
53880,1289,15052,53890,969,15089
53900,1235,15056,53910,940,15090
53920,1287,15041,53930,1005,15093
53940,1257,15051,53950,921,15080
53960,1240,15045,53970,986,15085
53980,1294,15045,53990,956,15083
54000,1225,15050,54010,938,15090
54020,1296,15048,54030,995,15084
54040,1258,15063,54050,935,15076
54060,1247,15036,54070,1002,15089
54080,1286,15061,54090,983,15103
54100,1221,15047,54110,938,15090
54120,1279,15038,54130,984,15094
54140,1262,15047,54150,928,15089
54160,1232,15056,54170,985,15084
54180,1303,15065,54190,962,15093
54200,1218,15060,54210,939,15094
54220,1320,15058,54230,992,15101
54240,1247,15063,54250,921,15094
54260,1253,15068,54270,996,15086
54280,1292,15055,54290,969,15093
54300,1219,15057,54310,947,15085
54320,1283,15063,54330,983,15087
54340,1255,15056,54350,917,15086
54360,1252,15050,54370,997,15087
54380,1297,15055,54390,953,15092
54400,1213,15050,54410,946,15081
54420,1301,15047,54430,998,15082
54440,1256,15052,54450,914,15093
54460,1240,15041,54470,999,15086
54480,1269,15060,54490,957,15097
54500,1219,15065,54510,970,15088
54520,1289,15070,54530,988,15094
54540,1257,15056,54550,922,15097
54560,1256,15058,54570,996,15091
54580,1293,15053,54590,965,15099
54600,1219,15055,54610,943,15092
54620,1298,15068,54630,990,15089
54640,1263,15052,54650,917,15075
54660,1252,15046,54670,1001,15087
54680,1278,15045,54690,962,15085
54700,1214,15056,54710,950,15088
54720,1299,15063,54730,991,15086
54740,1257,15065,54750,922,15094
54760,1255,15063,54770,982,15092
54780,1286,15048,54790,966,15105
54800,1224,15060,54810,965,15091
54820,1294,15055,54830,986,15093
54840,1256,15064,54850,917,15091
54860,1255,15057,54870,1010,15087
54880,1297,15060,54890,956,15093
54900,1202,15062,54910,955,15082
54920,1304,15056,54930,989,15082
54940,1231,15048,54950,920,15099
54960,1247,15042,54970,1007,15097
54980,1284,15056,54990,949,15092
55000,1221,15067,55010,962,15088
55020,1298,15058,55030,973,15095
55040,1246,15052,55050,918,15093
55060,1247,15064,55070,996,15089
55080,1275,15054,55090,959,15091
55100,1216,15066,55110,958,15087
55120,1292,15049,55130,988,15103
55140,1235,15058,55150,915,15102
55160,1256,15055,55170,1015,15091
55180,1278,15053,55190,926,15084
55200,1204,15063,55210,971,15087
55220,1297,15053,55230,974,15083
55240,1243,15051,55250,920,15097
55260,1266,15061,55270,997,15100
55280,1265,15049,55290,935,15091
55300,1210,15040,55310,960,15080
55320,1287,15050,55330,985,15098
55340,1242,15068,55350,909,15103
55360,1269,15051,55370,997,15104
55380,1272,15062,55390,938,15090
55400,1217,15054,55410,972,15096
55420,1296,15052,55430,969,15079
55440,1237,15039,55450,914,15081
55460,1262,15045,55470,1003,15093
55480,1261,15062,55490,947,15081
55500,1214,15053,55510,972,15086
55520,1290,15046,55530,955,15093
55540,1234,15062,55550,914,15091
55560,1252,15051,55570,995,15087
55580,1280,15052,55590,940,15102
55600,1205,15046,55610,981,15088
55620,1296,15049,55630,972,15080
55640,1229,15057,55650,916,15090
55660,1254,15046,55670,991,15089
55680,1273,15047,55690,937,15083
55700,1215,15056,55710,970,15084
55720,1296,15062,55730,981,15093
55740,1243,15056,55750,907,15088
55760,1278,15044,55770,991,15094
55780,1264,15060,55790,933,15092
55800,1214,15065,55810,970,15083
55820,1301,15054,55830,980,15093
55840,1231,15044,55850,912,15075
55860,1270,15064,55870,1015,15079
55880,1264,15039,55890,933,15076
55900,1212,15054,55910,976,15093
55920,1291,15043,55930,974,15067
55940,1232,15042,55950,922,15105
55960,1276,15049,55970,1008,15084
55980,1261,15062,55990,926,15085
62000,1302,15039,62010,974,15102
62020,1225,15071,62030,925,15090
62040,1284,15060,62050,985,15090
62060,1264,15057,62070,945,15092
62080,1227,15053,62090,990,15084
62100,1294,15054,62110,970,15080
62120,1216,15057,62130,931,15096
62140,1283,15071,62150,997,15084
62160,1259,15067,62170,934,15100
62180,1226,15055,62190,988,15079
62200,1300,15049,62210,964,15085
62220,1221,15046,62230,937,15094
62240,1259,15056,62250,991,15089
62260,1254,15069,62270,930,15095
62280,1220,15048,62290,972,15081
62300,1290,15056,62310,966,15086
62320,1219,15054,62330,938,15084
62340,1278,15057,62350,992,15104
62360,1260,15056,62370,912,15093
62380,1231,15063,62390,991,15092
62400,1283,15041,62410,958,15085
62420,1213,15053,62430,939,15088
62440,1289,15048,62450,987,15084
62460,1255,15037,62470,917,15093
62480,1210,15042,62490,988,15075
62500,1275,15058,62510,956,15079
62520,1215,15052,62530,920,15081
62540,1288,15055,62550,996,15098
62560,1261,15058,62570,923,15099
62580,1226,15051,62590,977,15083
62600,1289,15046,62610,959,15086
62620,1210,15048,62630,929,15088
62640,1282,15046,62650,996,15091
62660,1238,15053,62670,920,15087
62680,1219,15060,62690,981,15096
62700,1277,15043,62710,956,15102
62720,1216,15070,62730,950,15083
62740,1281,15059,62750,991,15100
62760,1263,15055,62770,911,15100
62780,1229,15051,62790,993,15080
62800,1287,15055,62810,957,15092
62820,1217,15053,62830,930,15084
62840,1287,15051,62850,986,15083
62860,1251,15054,62870,908,15083
62880,1235,15046,62890,994,15082
62900,1275,15053,62910,947,15076
62920,1218,15053,62930,944,15090
62940,1276,15056,62950,977,15086
62960,1251,15062,62970,904,15092
62980,1235,15047,62990,994,15080
63000,1282,15052,63010,952,15087
63020,1210,15047,63030,949,15090
63040,1296,15053,63050,994,15088
63060,1247,15050,63070,916,15092
63080,1236,15054,63090,989,15092
63100,1281,15053,63110,956,15077
63120,1205,15046,63130,943,15086
63140,1283,15050,63150,987,15093
63160,1246,15053,63170,924,15084
63180,1246,15054,63190,995,15096
63200,1263,15048,63210,985,15088
63220,1214,15050,63230,940,15098
63240,1300,15057,63250,978,15077
63260,1242,15062,63270,913,15086
63280,1240,15047,63290,1004,15095
63300,1298,15048,63310,939,15098
63320,1219,15067,63330,939,15080
63340,1311,15049,63350,982,15093
63360,1255,15056,63370,909,15101
63380,1239,15046,63390,1001,15092
63400,1285,15062,63410,956,15090
63420,1215,15051,63430,952,15088
63440,1278,15052,63450,979,15069
63460,1246,15060,63470,910,15095
63480,1242,15055,63490,1000,15101
63500,1302,15049,63510,950,15100
63520,1222,15043,63530,956,15090
63540,1301,15042,63550,988,15084
63560,1242,15057,63570,908,15086
63580,1246,15042,63590,994,15092
63600,1278,15052,63610,944,15089
63620,1225,15045,63630,986,15091
63640,1304,15054,63650,991,15083
63660,1246,15048,63670,914,15087
63680,1258,15047,63690,994,15094
63700,1285,15056,63710,956,15075
63720,1217,15061,63730,946,15092
63740,1296,15042,63750,980,15085
63760,1250,15040,63770,922,15096
63780,1252,15045,63790,1014,15083
63800,1275,15049,63810,942,15090
63820,1214,15065,63830,958,15080
63840,1292,15052,63850,980,15086
63860,1236,15042,63870,919,15076
63880,1252,15051,63890,985,15090
63900,1271,15042,63910,934,15080
63920,1224,15061,63930,961,15083
63940,1299,15056,63950,986,15092
63960,1227,15053,63970,912,15083
63980,1262,15056,63990,1014,15079
64000,1293,15050,64010,960,15086
64020,1214,15043,64030,970,15080
64040,1295,15052,64050,978,15095
64060,1243,15049,64070,916,15097
64080,1259,15056,64090,997,15097
64100,1283,15059,64110,949,15087
64120,1207,15059,64130,979,15086
64140,1297,15049,64150,976,15087
64160,1241,15057,64170,918,15091
64180,1243,15059,64190,1011,15089
64200,1277,15054,64210,928,15091
64220,1197,15065,64230,950,15100
64240,1250,15063,64250,945,15096
64260,1213,15065,64270,880,15082
64280,1236,15056,64290,896,15094
64300,1101,15046,64310,724,15084
64320,961,15046,64330,680,15087
64340,999,15066,64350,667,15088
64360,916,15055,64370,581,15095
64380,895,15046,64390,605,15106
64400,867,15069,64410,507,15101
64420,737,15051,64430,449,15083
64440,738,15054,64450,410,15088
64460,657,15057,64470,313,15086
64480,624,15044,64490,338,15095
64500,604,15060,64510,272,15093
64520,528,15052,64530,232,15087
64540,519,15051,64550,184,15094
64560,455,15057,64570,126,15104
64580,426,15066,64590,106,15092
64600,383,15064,64610,78,15094
64620,368,15064,64630,60,15093
64640,354,15060,64650,51,15084
64660,350,15060,64670,46,15100
64680,355,15055,64690,38,15103
64700,335,15071,64710,32,15097
64720,334,15061,64730,30,15095
64740,330,15062,64750,25,15098
64760,317,15048,64770,22,15088
64780,322,15055,64790,18,15085
64800,322,15047,64810,13,15089
64820,320,15052,64830,17,15097
64840,318,15061,64850,15,15092
64860,329,15053,64870,7,15094
64880,326,15059,64890,7,15082
64900,331,15052,64910,15,15086
64920,324,15060,64930,19,15096
64940,331,15055,64950,11,15093
64960,333,15052,64970,2,15089
64980,331,15056,64990,8,15098
65000,329,15048,65010,9,15088
65020,322,15048,65030,5,15094
65040,332,15046,65050,11,15086
65060,329,15043,65070,12,15095
65080,334,15047,65090,8,15097
65100,326,15052,65110,10,15088
65120,327,15064,65130,22,15090
65140,329,15056,65150,10,15081
65160,335,15060,65170,13,15093
65180,339,15063,65190,3,15082
65200,331,15049,65210,7,15083
65220,344,15051,65230,7,15088
65240,335,15051,65250,4,15081
65260,340,15045,65270,0,15081
65280,343,15057,65290,10,15087
65300,341,15049,65310,12,15091
65320,330,15065,65330,2,15090
65340,335,15047,65350,9,15099
65360,342,15064,65370,10,15086
65380,343,15057,65390,4,15091
65400,345,15060,65410,0,15091
65420,360,15051,65430,-4,15093
65440,351,15059,65450,4,15086
65460,343,15056,65470,3,15092
65480,352,15058,65490,0,15090
65500,353,15069,65510,-7,15091
65520,346,15047,65530,-2,15061
65540,346,15043,65550,9,15077
65560,347,15053,65570,-1,15084
65580,344,15047,65590,4,15081
65600,351,15047,65610,-2,15086
65620,352,15038,65630,6,15079
65640,348,15044,65650,2,15089
65660,348,15049,65670,1,15081
65680,347,15052,65690,5,15095
65700,341,15052,65710,3,15091
65720,342,15056,65730,8,15086
65740,348,15060,65750,9,15083
65760,343,15059,65770,5,15077
65780,345,15042,65790,-1,15081
65800,331,15054,65810,9,15092
65820,332,15060,65830,5,15094
65840,335,15052,65850,16,15095
65860,333,15038,65870,-1,15092
65880,331,15063,65890,12,15092
65900,328,15056,65910,14,15094
65920,313,15063,65930,10,15091
65940,314,15053,65950,13,15085
65960,321,15059,65970,18,15097
65980,328,15062,65990,23,15094
66000,329,15053,66010,27,15088
66020,335,15051,66030,33,15089
66040,349,15050,66050,49,15098
66060,357,15061,66070,61,15109
66080,378,15064,66090,92,15107
66100,385,15050,66110,92,15105
66120,386,15053,66130,77,15084
66140,366,15056,66150,55,15087
66160,342,15050,66170,48,15081
66180,342,15045,66190,38,15089
66200,332,15046,66210,35,15088
66220,325,15056,66230,32,15086
66240,331,15049,66250,23,15090
66260,323,15057,66270,26,15088
66280,327,15044,66290,15,15089
66300,320,15059,66310,19,15086
66320,320,15062,66330,18,15099
66340,326,15058,66350,19,15088
66360,326,15057,66370,9,15101
66380,322,15055,66390,8,15091
66400,330,15056,66410,12,15085
66420,321,15048,66430,18,15087
66440,322,15061,66450,17,15085
66460,321,15045,66470,9,15084
66480,321,15045,66490,10,15082
66500,326,15053,66510,12,15087
66520,329,15067,66530,2,15081
66540,325,15060,66550,8,15092
66560,324,15047,66570,14,15092
66580,326,15054,66590,12,15084
66600,323,15051,66610,6,15091
66620,323,15047,66630,8,15086
66640,335,15051,66650,10,15096
66660,327,15033,66670,13,15092
66680,320,15058,66690,10,15086
66700,316,15053,66710,3,15096
66720,321,15053,66730,4,15101
66740,325,15071,66750,16,15099
66760,325,15044,66770,5,15091
66780,334,15051,66790,10,15087
66800,334,15051,66810,2,15076
66820,333,15057,66830,10,15084
66840,326,15048,66850,11,15080
66860,327,15051,66870,9,15081
66880,337,15052,66890,8,15101
66900,330,15057,66910,-1,15087
66920,337,15070,66930,3,15091
66940,326,15040,66950,12,15079
66960,324,15056,66970,12,15084
66980,330,15050,66990,13,15093
74000,1219,15049,74010,984,15082
74020,1277,15053,74030,944,15092
74040,1211,15062,74050,918,15105
74060,1270,15057,74070,972,15076
74080,1245,15055,74090,896,15098
74100,1235,15055,74110,995,15090
74120,1272,15056,74130,960,15090
74140,1199,15055,74150,930,15085
74160,1293,15053,74170,960,15088
74180,1239,15051,74190,913,15086
74200,1250,15061,74210,994,15098
74220,1273,15058,74230,947,15099
74240,1215,15059,74250,944,15091
74260,1274,15043,74270,985,15093
74280,1235,15050,74290,915,15101
74300,1235,15060,74310,990,15082
74320,1297,15047,74330,950,15092
74340,1207,15054,74350,930,15086
74360,1283,15067,74370,970,15090
74380,1249,15055,74390,913,15099
74400,1250,15064,74410,987,15102
74420,1272,15062,74430,944,15078
74440,1210,15051,74450,936,15084
74460,1264,15047,74470,992,15091
74480,1247,15061,74490,904,15101
74500,1231,15056,74510,995,15100
74520,1269,15063,74530,937,15091
74540,1197,15045,74550,940,15075
74560,1275,15059,74570,966,15086
74580,1229,15051,74590,878,15102
74600,1242,15059,74610,1002,15090
74620,1275,15050,74630,945,15092
74640,1183,15060,74650,941,15090
74660,1280,15061,74670,974,15092
74680,1227,15047,74690,894,15090
74700,1243,15056,74710,986,15092
74720,1275,15052,74730,936,15077
74740,1193,15045,74750,934,15099
74760,1294,15062,74770,975,15076
74780,1237,15056,74790,889,15085
74800,1230,15060,74810,980,15085
74820,1262,15046,74830,936,15090
74840,1190,15056,74850,948,15078
74860,1277,15055,74870,976,15089
74880,1208,15055,74890,910,15105
74900,1234,15050,74910,978,15084
74920,1275,15057,74930,948,15092
74940,1203,15081,74950,945,15090
74960,1283,15069,74970,967,15096
74980,1229,15051,74990,886,15103
75000,1251,15042,75010,981,15100
75020,1265,15049,75030,944,15086
75040,1192,15062,75050,955,15095
75060,1290,15058,75070,976,15097
75080,1225,15057,75090,903,15091
75100,1240,15060,75110,988,15098
75120,1269,15056,75130,945,15088
75140,1196,15061,75150,958,15095
75160,1282,15060,75170,955,15099
75180,1234,15052,75190,900,15091
75200,1234,15048,75210,985,15098
75220,1268,15061,75230,926,15086
75240,1198,15064,75250,943,15085
75260,1285,15060,75270,956,15102
75280,1221,15052,75290,896,15102
75300,1240,15052,75310,990,15082
75320,1260,15069,75330,928,15082
75340,1190,15066,75350,945,15107
75360,1272,15045,75370,959,15094
75380,1212,15056,75390,909,15094
75400,1245,15052,75410,987,15082
75420,1257,15057,75430,949,15083
75440,1184,15061,75450,944,15094
75460,1264,15051,75470,967,15087
75480,1209,15055,75490,904,15088
75500,1240,15062,75510,966,15083
75520,1250,15060,75530,922,15093
75540,1178,15060,75550,944,15100
75560,1283,15042,75570,960,15098
75580,1214,15051,75590,881,15097
75600,1238,15058,75610,977,15093
75620,1251,15071,75630,919,15107
75640,1176,15060,75650,943,15103
75660,1274,15054,75670,953,15100
75680,1208,15046,75690,884,15092
75700,1237,15052,75710,978,15101
75720,1272,15070,75730,899,15090
75740,1188,15058,75750,951,15094
75760,1261,15052,75770,967,15103
75780,1224,15057,75790,892,15104
75800,1236,15062,75810,972,15082
75820,1247,15054,75830,917,15091
75840,1191,15044,75850,981,15085
75860,1281,15055,75870,950,15087
75880,1214,15039,75890,901,15092
75900,1255,15051,75910,983,15099
75920,1261,15051,75930,920,15086
75940,1197,15050,75950,959,15091
75960,1277,15057,75970,949,15091
75980,1212,15054,75990,895,15091
76000,1259,15063,76010,996,15100
76020,1248,15055,76030,923,15096
76040,1211,15052,76050,955,15084
76060,1291,15065,76070,965,15081
76080,1213,15047,76090,908,15085
76100,1255,15047,76110,975,15091
76120,1261,15060,76130,916,15099
76140,1222,15055,76150,956,15084
76160,1287,15060,76170,968,15097
76180,1217,15056,76190,909,15091
76200,1270,15050,76210,993,15092
76220,1260,15060,76230,919,15096
76240,1203,15060,76250,973,15083
76260,1287,15057,76270,957,15089
76280,1219,15052,76290,912,15094
76300,1270,15052,76310,986,15091
76320,1268,15045,76330,922,15105
76340,1196,15056,76350,973,15090
76360,1282,15052,76370,978,15097
76380,1227,15062,76390,922,15088
76400,1251,15048,76410,1000,15080
76420,1268,15065,76430,950,15083
76440,1220,15061,76450,967,15085
76460,1291,15050,76470,968,15098
76480,1222,15065,76490,920,15095
76500,1272,15047,76510,998,15095
76520,1273,15049,76530,918,15088
76540,1212,15052,76550,980,15095
76560,1291,15049,76570,967,15084
76580,1220,15051,76590,925,15089
76600,1267,15052,76610,1001,15084
76620,1256,15060,76630,931,15088
76640,1209,15051,76650,971,15083
76660,1280,15048,76670,961,15092
76680,1226,15050,76690,903,15081
76700,1276,15042,76710,992,15083
76720,1260,15056,76730,918,15090
76740,1215,15058,76750,961,15086
76760,1283,15048,76770,955,15085
76780,1210,15056,76790,921,15093
76800,1261,15065,76810,975,15092
76820,1222,15054,76830,903,15096
76840,1206,15054,76850,961,15083
76860,1262,15051,76870,945,15087
76880,1199,15054,76890,903,15096
76900,1250,15062,76910,952,15096
76920,1240,15065,76930,896,15103
76940,1194,15063,76950,953,15101
76960,1262,15058,76970,933,15101
76980,1169,15059,76990,901,15094
77000,1251,15052,77010,950,15085
77020,1214,15045,77030,883,15101
77040,1187,15057,77050,949,15090
77060,1252,15045,77070,913,15094
77080,1166,15057,77090,887,15088
77100,1229,15046,77110,933,15094
77120,1226,15053,77130,890,15095
77140,1172,15060,77150,944,15084
77160,1244,15050,77170,918,15101
77180,1181,15057,77190,871,15093
77200,1226,15051,77210,936,15084
77220,1210,15052,77230,873,15091
77240,1171,15058,77250,944,15097
77260,1243,15064,77270,921,15097
77280,1174,15061,77290,874,15082
77300,1217,15043,77310,950,15091
77320,1207,15060,77330,865,15090
77340,1166,15057,77350,939,15107
77360,1238,15064,77370,935,15103
77380,1182,15047,77390,880,15089
77400,1218,15062,77410,949,15102
77420,1198,15048,77430,868,15088
77440,1171,15048,77450,937,15085
77460,1243,15059,77470,908,15104
77480,1167,15054,77490,878,15088
77500,1244,15056,77510,941,15091
77520,1210,15051,77530,876,15093
77540,1177,15055,77550,932,15095
77560,1239,15062,77570,907,15102
77580,1176,15053,77590,883,15083
77600,1250,15063,77610,938,15084
77620,1215,15055,77630,873,15099
77640,1176,15076,77650,932,15092
77660,1251,15050,77670,910,15089
77680,1150,15056,77690,877,15098
77700,1236,15049,77710,943,15092
77720,1209,15065,77730,877,15087
77740,1177,15050,77750,937,15092
77760,1231,15047,77770,905,15098
77780,1158,15053,77790,900,15091
77800,1234,15052,77810,948,15090
77820,1197,15051,77830,864,15091
77840,1180,15054,77850,929,15084
77860,1235,15057,77870,895,15091
77880,1168,15052,77890,890,15102
77900,1222,15066,77910,944,15087
77920,1200,15062,77930,870,15091
77940,1189,15067,77950,942,15091
77960,1241,15050,77970,917,15100
77980,1164,15059,77990,885,15090
78000,1224,15048,78010,939,15097
78020,1204,15059,78030,872,15098
78040,1178,15049,78050,921,15084
78060,1232,15071,78070,909,15080
78080,1176,15044,78090,882,15088
78100,1241,15058,78110,942,15093
78120,1208,15052,78130,864,15095
78140,1175,15045,78150,942,15088
78160,1241,15052,78170,901,15099
78180,1153,15063,78190,890,15092
78200,1230,15050,78210,945,15101
78220,1199,15054,78230,873,15092
78240,1179,15058,78250,935,15093
78260,1233,15056,78270,907,15089
78280,1159,15045,78290,885,15090
78300,1232,15047,78310,941,15092
78320,1196,15045,78330,858,15096
78340,1171,15061,78350,935,15091
78360,1216,15058,78370,891,15102
78380,1146,15068,78390,863,15087
78400,1234,15053,78410,916,15082
78420,1199,15053,78430,851,15091
78440,1187,15055,78450,935,15090
78460,1231,15055,78470,873,15094
78480,1153,15065,78490,875,15090
78500,1215,15053,78510,928,15088
78520,1188,15058,78530,849,15089
78540,1181,15063,78550,929,15099
78560,1225,15059,78570,898,15113
78580,1141,15057,78590,884,15095
78600,1224,15055,78610,925,15086
78620,1189,15057,78630,842,15095
78640,1173,15055,78650,921,15092
78660,1222,15060,78670,882,15096
78680,1149,15045,78690,888,15100
78700,1236,15063,78710,918,15088
78720,1192,15062,78730,844,15094
78740,1182,15056,78750,934,15085
78760,1206,15063,78770,887,15099
78780,1155,15065,78790,888,15104
78800,1219,15040,78810,930,15093
78820,1206,15061,78830,859,15096
78840,1189,15068,78850,934,15090
78860,1211,15048,78870,892,15095
78880,1143,15061,78890,894,15095
78900,1225,15058,78910,932,15090
78920,1192,15055,78930,855,15096
78940,1179,15048,78950,932,15090
78960,1221,15062,78970,891,15094
78980,1145,15062,78990,889,15099
79000,1221,15047,79010,932,15095
79020,1203,15059,79030,858,15088
79040,1177,15062,79050,932,15084
79060,1233,15052,79070,881,15106
79080,1152,15060,79090,880,15084
79100,1228,15060,79110,925,15092
79120,1184,15064,79130,854,15091
79140,1190,15057,79150,940,15084
79160,1218,15065,79170,884,15089
79180,1156,15056,79190,889,15094
79200,1225,15042,79210,927,15086
79220,1182,15058,79230,846,15092
79240,1178,15056,79250,930,15084
79260,1223,15050,79270,890,15085
79280,1155,15058,79290,890,15085
79300,1233,15055,79310,934,15094
79320,1184,15052,79330,854,15089
79340,1185,15045,79350,926,15086
79360,1220,15037,79370,892,15086
79380,1146,15049,79390,880,15094
79400,1228,15062,79410,923,15090
79420,1176,15058,79430,834,15096
79440,1204,15050,79450,943,15089
79460,1222,15061,79470,879,15098
79480,1144,15039,79490,887,15086
87000,1196,15058,87010,855,15092
87020,1144,15062,87030,894,15081
87040,1221,15062,87050,895,15100
87060,1150,15048,87070,871,15099
87080,1194,15042,87090,919,15100
87100,1175,15055,87110,858,15096
87120,1143,15060,87130,900,15092
87140,1202,15059,87150,895,15096
87160,1135,15055,87170,848,15090
87180,1200,15054,87190,908,15095
87200,1219,15053,87210,851,15090
87220,1145,15060,87230,894,15084
87240,1231,15056,87250,898,15092
87260,1147,15055,87270,855,15097
87280,1213,15048,87290,912,15093
87300,1203,15041,87310,855,15096
87320,1148,15060,87330,918,15081
87340,1227,15061,87350,901,15097
87360,1169,15052,87370,856,15085
87380,1208,15056,87390,927,15084
87400,1193,15050,87410,859,15090
87420,1166,15060,87430,912,15093
87440,1219,15050,87450,903,15092
87460,1167,15069,87470,872,15091
87480,1210,15053,87490,944,15087
87500,1200,15049,87510,861,15086
87520,1161,15050,87530,922,15102
87540,1220,15041,87550,899,15090
87560,1157,15046,87570,868,15074
87580,1227,15057,87590,931,15083
87600,1190,15053,87610,862,15081
87620,1160,15069,87630,917,15091
87640,1232,15050,87650,899,15091
87660,1154,15060,87670,867,15084
87680,1213,15050,87690,933,15082
87700,1195,15055,87710,873,15093
87720,1163,15062,87730,926,15107
87740,1233,15046,87750,878,15080
87760,1162,15050,87770,867,15083
87780,1222,15043,87790,932,15092
87800,1189,15063,87810,838,15089
87820,1151,15053,87830,931,15083
87840,1225,15047,87850,896,15083
87860,1140,15042,87870,869,15081
87880,1208,15053,87890,916,15095
87900,1187,15048,87910,855,15092
87920,1160,15035,87930,923,15070
87940,1228,15056,87950,904,15093
87960,1159,15042,87970,849,15100
87980,1219,15061,87990,909,15075
88000,1194,15052,88010,849,15093
88020,1169,15038,88030,918,15081
88040,1194,15052,88050,894,15082
88060,1148,15055,88070,872,15091
88080,1201,15052,88090,926,15095
88100,1182,15056,88110,848,15096
88120,1157,15052,88130,919,15096
88140,1216,15057,88150,896,15088
88160,1160,15055,88170,836,15089
88180,1211,15053,88190,933,15079
88200,1198,15052,88210,848,15095
88220,1170,15052,88230,906,15081
88240,1218,15063,88250,894,15094
88260,1141,15055,88270,860,15088
88280,1218,15058,88290,926,15090
88300,1184,15046,88310,859,15092
88320,1167,15059,88330,900,15090
88340,1217,15061,88350,886,15094
88360,1152,15059,88370,875,15089
88380,1207,15059,88390,915,15097
88400,1184,15051,88410,855,15089
88420,1154,15052,88430,915,15078
88440,1205,15057,88450,888,15085
88460,1123,15050,88470,863,15082
88480,1212,15065,88490,911,15094
88500,1195,15067,88510,841,15093
88520,1168,15053,88530,920,15080
88540,1216,15064,88550,887,15096
88560,1145,15053,88570,859,15076
88580,1219,15052,88590,910,15088
88600,1183,15059,88610,844,15089
88620,1160,15055,88630,918,15095
88640,1215,15061,88650,883,15091
88660,1141,15053,88670,861,15096
88680,1202,15048,88690,904,15094
88700,1175,15049,88710,843,15089
88720,1155,15056,88730,913,15089
88740,1211,15066,88750,867,15097
88760,1136,15052,88770,854,15082
88780,1200,15048,88790,903,15090
88800,1166,15058,88810,846,15084
88820,1163,15053,88830,906,15093
88840,1205,15059,88850,885,15102
88860,1131,15063,88870,853,15092
88880,1214,15055,88890,912,15094
88900,1176,15050,88910,831,15099
88920,1157,15064,88930,916,15100
88940,1206,15047,88950,877,15095
88960,1129,15046,88970,871,15091
88980,1211,15040,88990,903,15093
89000,1169,15045,89010,847,15089
89020,1160,15059,89030,917,15091
89040,1198,15060,89050,886,15088
89060,1137,15058,89070,875,15096
89080,1201,15056,89090,907,15092
89100,1163,15044,89110,843,15093
89120,1154,15055,89130,919,15093
89140,1219,15061,89150,880,15091
89160,1132,15052,89170,865,15084
89180,1206,15055,89190,910,15096
89200,1174,15066,89210,842,15099
89220,1178,15059,89230,917,15095
89240,1205,15056,89250,883,15092
89260,1141,15064,89270,872,15094
89280,1220,15044,89290,910,15099
89300,1188,15045,89310,834,15085
89320,1168,15045,89330,918,15091
89340,1195,15048,89350,882,15081
89360,1138,15051,89370,869,15093
89380,1218,15040,89390,914,15083
89400,1168,15041,89410,838,15086
89420,1169,15051,89430,950,15086
89440,1206,15053,89450,863,15082
89460,1137,15054,89470,871,15085
89480,1214,15059,89490,912,15087
89500,1175,15051,89510,836,15094
89520,1166,15041,89530,916,15096
89540,1207,15045,89550,863,15079
89560,1131,15046,89570,866,15089
89580,1225,15067,89590,917,15093
89600,1171,15061,89610,844,15089
89620,1172,15058,89630,916,15088
89640,1208,15062,89650,875,15102
89660,1129,15060,89670,866,15106
89680,1207,15056,89690,885,15087
89700,1175,15056,89710,837,15097
89720,1195,15063,89730,922,15106
89740,1208,15053,89750,873,15098
89760,1141,15061,89770,881,15092
89780,1210,15065,89790,904,15090
89800,1169,15056,89810,833,15097
89820,1162,15059,89830,918,15096
89840,1210,15052,89850,871,15093
89860,1133,15049,89870,876,15088
89880,1225,15072,89890,906,15115
89900,1171,15058,89910,834,15094
89920,1173,15053,89930,919,15102
89940,1198,15055,89950,873,15086
89960,1132,15053,89970,879,15093
89980,1208,15063,89990,913,15106
90000,1164,15051,90010,848,15086
90020,1172,15054,90030,919,15081
90040,1192,15067,90050,858,15082
90060,1122,15066,90070,870,15094
90080,1209,15059,90090,910,15084
90100,1167,15057,90110,834,15100
90120,1182,15056,90130,918,15086
90140,1202,15053,90150,874,15093
90160,1135,15057,90170,875,15081
90180,1216,15064,90190,912,15093
90200,1162,15053,90210,844,15090
90220,1178,15050,90230,932,15095
90240,1193,15068,90250,868,15089
90260,1148,15055,90270,867,15092
90280,1222,15055,90290,916,15093
90300,1173,15067,90310,837,15092
90320,1180,15054,90330,921,15093
90340,1206,15052,90350,869,15100
90360,1149,15069,90370,882,15078
90380,1219,15049,90390,918,15078
90400,1154,15049,90410,842,15088
90420,1186,15061,90430,932,15104
90440,1200,15053,90450,875,15104
90460,1136,15062,90470,900,15094
90480,1223,15049,90490,899,15097
90500,1173,15054,90510,846,15080
90520,1183,15050,90530,910,15087
90540,1197,15047,90550,869,15087
90560,1126,15047,90570,889,15084
90580,1225,15057,90590,904,15086
90600,1159,15056,90610,844,15099
90620,1194,15062,90630,932,15078
90640,1207,15056,90650,873,15078
90660,1137,15066,90670,890,15084
90680,1218,15059,90690,890,15082
90700,1177,15058,90710,849,15086
90720,1197,15055,90730,938,15096
90740,1200,15062,90750,880,15096
90760,1125,15062,90770,888,15095
90780,1217,15066,90790,903,15094
90800,1171,15053,90810,847,15098
90820,1185,15058,90830,931,15082
90840,1209,15048,90850,871,15098
90860,1141,15058,90870,894,15091
90880,1225,15046,90890,910,15085
90900,1159,15056,90910,843,15091
90920,1188,15050,90930,933,15099
90940,1218,15059,90950,881,15091
90960,1131,15050,90970,898,15080
90980,1217,15057,90990,901,15080
91000,1161,15056,91010,838,15084
91020,1182,15039,91030,932,15073
91040,1206,15056,91050,880,15068
91060,1140,15055,91070,895,15097
91080,1228,15062,91090,911,15090
91100,1166,15050,91110,844,15076
91120,1187,15048,91130,911,15087
91140,1198,15053,91150,870,15100
91160,1142,15061,91170,903,15091
91180,1224,15058,91190,915,15093
91200,1167,15051,91210,849,15075
91220,1193,15057,91230,918,15087
91240,1221,15063,91250,868,15094
91260,1127,15057,91270,874,15097
91280,1238,15055,91290,915,15100
91300,1169,15052,91310,852,15086
91320,1196,15058,91330,937,15092
91340,1191,15052,91350,884,15093
91360,1147,15050,91370,918,15106
91380,1230,15056,91390,910,15089
91400,1167,15064,91410,850,15083
91420,1196,15057,91430,923,15085
91440,1212,15057,91450,864,15085
91460,1141,15062,91470,888,15082
91480,1217,15039,91490,908,15096
91500,1167,15065,91510,840,15092
91520,1195,15051,91530,950,15099
91540,1208,15058,91550,869,15100
91560,1137,15059,91570,907,15094
91580,1222,15066,91590,909,15092
91600,1166,15045,91610,833,15094
91620,1199,15052,91630,935,15080
91640,1196,15045,91650,863,15095
91660,1168,15057,91670,906,15102
91680,1229,15047,91690,901,15096
91700,1158,15050,91710,846,15095
91720,1184,15056,91730,927,15090
91740,1203,15059,91750,877,15096
91760,1142,15043,91770,911,15095
91780,1221,15054,91790,909,15082
91800,1155,15051,91810,852,15080
91820,1207,15056,91830,932,15093
91840,1207,15053,91850,859,15108
91860,1144,15063,91870,906,15100
91880,1230,15056,91890,905,15101
91900,1158,15058,91910,854,15090
91920,1169,15053,91930,920,15091
91940,1206,15043,91950,881,15103
91960,1150,15052,91970,904,15090
91980,1222,15052,91990,890,15099
92000,1156,15053,92010,853,15085
92020,1209,15063,92030,933,15093
92040,1204,15041,92050,842,15079
92060,1149,15053,92070,907,15077
92080,1227,15057,92090,900,15109
92100,1154,15068,92110,855,15103
92120,1197,15061,92130,933,15096
92140,1198,15061,92150,868,15096
92160,1153,15058,92170,905,15087
92180,1216,15067,92190,893,15091
92200,1161,15073,92210,832,15093
92220,1200,15062,92230,920,15083
92240,1200,15045,92250,857,15087
92260,1149,15049,92270,912,15087
92280,1229,15057,92290,907,15095
92300,1155,15046,92310,848,15091
92320,1210,15063,92330,914,15104
92340,1191,15052,92350,864,15107
92360,1148,15052,92370,902,15087
92380,1220,15058,92390,912,15084
92400,1154,15052,92410,850,15092
92420,1216,15053,92430,912,15090
92440,1194,15064,92450,858,15092
92460,1149,15056,92470,915,15081
92480,1232,15050,92490,903,15083
98500,1016,15064,98510,775,15096
98520,1067,15059,98530,745,15100
98540,995,15051,98550,719,15100
98560,1038,15062,98570,746,15092
98580,1014,15055,98590,685,15095
98600,976,15046,98610,730,15096
98620,1033,15048,98630,706,15084
98640,968,15061,98650,667,15091
98660,1005,15056,98670,716,15093
98680,984,15037,98690,658,15073
98700,956,15047,98710,704,15079
98720,1019,15048,98730,689,15083
98740,951,15039,98750,660,15071
98760,993,15045,98770,712,15090
98780,984,15051,98790,649,15076
98800,946,15048,98810,698,15075
98820,1012,15052,98830,689,15090
98840,949,15049,98850,663,15082
98860,1005,15048,98870,719,15081
98880,987,15047,98890,659,15087
98900,956,15047,98910,702,15077
98920,1011,15052,98930,698,15086
98940,943,15052,98950,665,15087
98960,1005,15058,98970,715,15098
98980,989,15044,98990,658,15077
99000,956,15046,99010,713,15081
99020,1018,15049,99030,685,15085
99040,955,15050,99050,664,15100
99060,1007,15058,99070,727,15096
99080,992,15044,99090,651,15089
99100,962,15051,99110,710,15089
99120,1016,15052,99130,694,15084
99140,958,15049,99150,671,15074
99160,1015,15056,99170,719,15093
99180,999,15066,99190,650,15099
99200,956,15044,99210,717,15094
99220,1013,15055,99230,688,15091
99240,948,15048,99250,661,15096
99260,1014,15068,99270,721,15094
99280,993,15057,99290,655,15100
99300,955,15053,99310,711,15097
99320,1013,15068,99330,690,15102
99340,949,15053,99350,671,15098
99360,1017,15066,99370,713,15096
99380,998,15064,99390,659,15093
99400,969,15056,99410,718,15088
99420,1018,15055,99430,700,15093
99440,951,15051,99450,672,15083
99460,1008,15067,99470,729,15106
99480,983,15059,99490,660,15092
99500,970,15065,99510,718,15088
99520,1003,15049,99530,706,15097
99540,951,15064,99550,673,15087
99560,1026,15067,99570,729,15098
99580,1005,15049,99590,666,15078
99600,972,15047,99610,720,15098
99620,1027,15043,99630,710,15091
99640,953,15051,99650,684,15092
99660,1028,15047,99670,731,15085
99680,1012,15048,99690,664,15091
99700,986,15055,99710,733,15097
99720,1019,15061,99730,702,15084
99740,970,15055,99750,673,15075
99760,1025,15044,99770,732,15082
99780,1001,15066,99790,664,15091
99800,991,15049,99810,723,15096
99820,1032,15057,99830,704,15080
99840,959,15042,99850,688,15087
99860,1037,15049,99870,721,15088
99880,994,15051,99890,664,15085
99900,993,15056,99910,729,15084
99920,1017,15050,99930,702,15099
99940,966,15042,99950,693,15092
99960,1030,15061,99970,730,15093
99980,1007,15065,99990,669,15091
100000,989,15063,100010,728,15103
100020,1024,15061,100030,716,15090
100040,963,15055,100050,694,15083
100060,1032,15058,100070,754,15088
100080,993,15048,100090,675,15100
100100,993,15047,100110,743,15091
100120,1037,15053,100130,707,15087
100140,970,15052,100150,688,15087
100160,1046,15062,100170,742,15091
100180,1019,15059,100190,673,15092
100200,1010,15050,100210,735,15084
100220,1036,15052,100230,708,15082
100240,971,15065,100250,691,15087
100260,1037,15053,100270,735,15097
100280,1015,15058,100290,669,15081
100300,1001,15046,100310,742,15087
100320,1035,15062,100330,712,15091
100340,965,15058,100350,700,15095
100360,1049,15060,100370,739,15101
100380,1014,15058,100390,670,15097
100400,1007,15058,100410,755,15087
100420,1025,15050,100430,714,15078
100440,966,15044,100450,698,15076
100460,1049,15051,100470,743,15078
100480,1006,15047,100490,692,15089
100500,1002,15056,100510,747,15092
100520,1048,15050,100530,710,15089
100540,974,15044,100550,704,15083
100560,1037,15056,100570,736,15086
100580,1013,15048,100590,677,15093
100600,1003,15039,100610,754,15089
100620,1036,15057,100630,713,15092
100640,980,15052,100650,708,15083
100660,1049,15069,100670,746,15089
100680,997,15055,100690,675,15089
100700,999,15059,100710,743,15099
100720,1036,15060,100730,703,15090
100740,968,15047,100750,698,15076
100760,1047,15050,100770,735,15082
100780,1016,15049,100790,668,15083
100800,1005,15048,100810,753,15088
100820,1031,15058,100830,704,15086
100840,964,15049,100850,715,15094
100860,1033,15056,100870,739,15076
100880,1003,15059,100890,675,15100
100900,1008,15054,100910,748,15088
100920,1037,15051,100930,693,15076
100940,962,15057,100950,707,15096
100960,1048,15042,100970,727,15089
100980,1003,15050,100990,667,15085
101000,1002,15052,101010,746,15083
101020,1028,15029,101030,712,15080
101040,950,15043,101050,703,15081
101060,1040,15049,101070,750,15088
101080,1001,15041,101090,662,15090
101100,1004,15050,101110,746,15083
101120,1031,15064,101130,706,15088
101140,958,15046,101150,714,15092
101160,1047,15053,101170,719,15089
101180,1008,15052,101190,672,15097
101200,1008,15055,101210,746,15091
101220,1036,15053,101230,700,15091
101240,981,15053,101250,723,15088
101260,1057,15041,101270,740,15083
101280,1001,15051,101290,676,15095
101300,1012,15044,101310,753,15099
101320,1032,15053,101330,699,15075
101340,973,15057,101350,721,15082
101360,1050,15042,101370,746,15092
101380,996,15056,101390,685,15083
101400,1022,15049,101410,758,15085
101420,1024,15049,101430,708,15093
101440,971,15044,101450,722,15080
101460,1047,15056,101470,746,15093
101480,1001,15055,101490,683,15085
101500,1020,15050,101510,755,15082
101520,1043,15047,101530,702,15091
101540,969,15055,101550,724,15100
101560,1047,15055,101570,740,15074
101580,1003,15035,101590,674,15083
101600,1015,15060,101610,759,15086
101620,1030,15047,101630,707,15084
101640,982,15048,101650,727,15082
101660,1058,15049,101670,743,15079
101680,1004,15055,101690,687,15084
101700,1031,15058,101710,762,15080
101720,1043,15047,101730,706,15088
101740,979,15048,101750,716,15084
101760,1066,15055,101770,739,15092
101780,1000,15055,101790,680,15086
101800,1026,15052,101810,762,15086
101820,1037,15061,101830,709,15091
101840,984,15050,101850,724,15091
101860,1065,15052,101870,754,15087
101880,1007,15064,101890,688,15083
101900,1037,15043,101910,764,15098
101920,1039,15051,101930,699,15072
101940,974,15052,101950,735,15093
101960,1062,15038,101970,743,15087
101980,1002,15049,101990,688,15072
102000,1029,15037,102010,784,15088
102020,1036,15042,102030,712,15081
102040,985,15059,102050,729,15089
102060,1057,15041,102070,740,15078
102080,1004,15047,102090,686,15076
102100,1029,15053,102110,764,15076
102120,1051,15044,102130,710,15085
102140,996,15052,102150,740,15082
102160,1055,15046,102170,743,15088
102180,1016,15040,102190,690,15079
102200,1045,15047,102210,774,15081
102220,1041,15051,102230,695,15092
102240,996,15052,102250,721,15087
102260,1051,15054,102270,741,15097
102280,999,15064,102290,688,15090
102300,1053,15056,102310,760,15090
102320,1034,15056,102330,713,15095
102340,980,15055,102350,742,15102
102360,1071,15057,102370,759,15086
102380,1014,15052,102390,704,15096
102400,1036,15052,102410,776,15092
102420,1051,15045,102430,736,15091
102440,1005,15046,102450,748,15093
102460,1073,15047,102470,749,15094
102480,1022,15046,102490,698,15092
102500,1050,15051,102510,788,15090
102520,1067,15051,102530,723,15091
102540,1008,15056,102550,750,15090
102560,1078,15051,102570,775,15093
102580,1016,15061,102590,714,15089
102600,1061,15044,102610,794,15086
102620,1069,15046,102630,739,15092
102640,1015,15054,102650,775,15089
102660,1088,15048,102670,770,15084
102680,1035,15047,102690,713,15091
102700,1056,15029,102710,797,15085
102720,1083,15057,102730,740,15107
102740,1010,15041,102750,774,15076
102760,1091,15045,102770,776,15087
102780,1047,15049,102790,725,15094
102800,1084,15045,102810,801,15093
102820,1068,15048,102830,752,15101
102840,1028,15044,102850,777,15087
102860,1103,15052,102870,786,15098
102880,1039,15047,102890,735,15090
102900,1077,15047,102910,794,15093
102920,1078,15041,102930,754,15090
102940,1029,15055,102950,787,15093
102960,1098,15062,102970,790,15093
102980,1029,15063,102990,738,15099
103000,1083,15051,103010,796,15075
103020,1088,15052,103030,739,15082
103040,1034,15055,103050,785,15073
103060,1100,15046,103070,785,15082
103080,1034,15042,103090,740,15080
103100,1095,15067,103110,784,15088
103120,1072,15044,103130,751,15078
103140,1041,15054,103150,788,15081
103160,1102,15052,103170,782,15080
103180,1049,15049,103190,744,15074
103200,1087,15052,103210,810,15085
103220,1067,15048,103230,736,15080
103240,1032,15049,103250,776,15083
103260,1089,15045,103270,765,15079
103280,1037,15050,103290,735,15079
103300,1087,15043,103310,795,15089
103320,1064,15047,103330,731,15081
103340,1028,15051,103350,782,15078
103360,1090,15051,103370,764,15080
103380,1033,15047,103390,731,15079
103400,1066,15045,103410,791,15078
103420,1063,15044,103430,732,15072
103440,1028,15040,103450,785,15076
103460,1093,15067,103470,772,15101
103480,1026,15057,103490,728,15087
103500,1086,15056,103510,805,15086
103520,1074,15046,103530,736,15087
103540,1035,15050,103550,785,15079
103560,1081,15055,103570,775,15079
103580,1027,15057,103590,730,15089
103600,1069,15041,103610,787,15081
103620,1059,15053,103630,737,15093
103640,1035,15042,103650,776,15085
103660,1103,15046,103670,773,15084
103680,1029,15058,103690,732,15081
103700,1080,15042,103710,796,15081
103720,1069,15047,103730,733,15076
103740,1032,15055,103750,793,15096
103760,1098,15047,103770,783,15092
103780,1019,15048,103790,743,15081
103800,1085,15052,103810,802,15095
103820,1064,15048,103830,734,15083
103840,1039,15054,103850,783,15089
103860,1107,15046,103870,767,15094
103880,1037,15043,103890,742,15082
103900,1098,15052,103910,810,15076
103920,1073,15051,103930,736,15079
103940,1038,15042,103950,796,15082
103960,1106,15042,103970,776,15083
103980,1040,15055,103990,740,15086
110000,1122,15062,110010,787,15085
110020,1053,15050,110030,771,15078
110040,1098,15047,110050,815,15094
110060,1103,15053,110070,752,15096
110080,1063,15041,110090,821,15091
110100,1104,15053,110110,779,15098
110120,1047,15044,110130,761,15093
110140,1117,15055,110150,826,15095
110160,1082,15059,110170,747,15088
110180,1067,15053,110190,814,15094
110200,1116,15042,110210,781,15076
110220,1037,15036,110230,769,15088
110240,1111,15041,110250,815,15076
110260,1075,15043,110270,749,15077
110280,1069,15051,110290,808,15084
110300,1111,15044,110310,786,15086
110320,1043,15033,110330,767,15076
110340,1117,15052,110350,830,15085
110360,1082,15054,110370,748,15091
110380,1065,15044,110390,820,15084
110400,1117,15055,110410,782,15085
110420,1045,15051,110430,760,15083
110440,1119,15055,110450,812,15094
110460,1082,15065,110470,754,15089
110480,1062,15041,110490,814,15089
110500,1104,15052,110510,775,15086
110520,1036,15057,110530,748,15089
110540,1097,15055,110550,800,15100
110560,1051,15037,110570,727,15086
110580,1042,15063,110590,776,15088
110600,1075,15063,110610,753,15091
110620,997,15060,110630,718,15098
110640,1069,15056,110650,749,15098
110660,1015,15064,110670,674,15093
110680,1000,15049,110690,740,15086
110700,1035,15048,110710,711,15084
110720,973,15056,110730,705,15085
110740,1046,15053,110750,758,15099
110760,1037,15050,110770,718,15078
110780,1031,15046,110790,781,15090
110800,1081,15059,110810,759,15100
110820,1009,15058,110830,739,15091
110840,1079,15058,110850,790,15090
110860,1064,15048,110870,726,15091
110880,1037,15048,110890,801,15087
110900,1098,15049,110910,761,15086
110920,1027,15043,110930,757,15082
110940,1097,15037,110950,801,15083
110960,1070,15041,110970,735,15078
110980,1065,15041,110990,817,15081
111000,1119,15041,111010,793,15073
111020,1049,15045,111030,769,15094
111040,1135,15036,111050,825,15066
111060,1111,15044,111070,776,15092
111080,1094,15054,111090,857,15080
111100,1146,15056,111110,827,15087
111120,1081,15045,111130,821,15085
111140,1165,15051,111150,854,15093
111160,1118,15037,111170,801,15093
111180,1124,15046,111190,874,15079
111200,1186,15063,111210,853,15086
111220,1129,15057,111230,860,15081
111240,1221,15051,111250,908,15084
111260,1187,15047,111270,848,15090
111280,1186,15047,111290,941,15086
111300,1226,15050,111310,901,15089
111320,1148,15046,111330,901,15063
111340,1259,15046,111350,950,15077
111360,1211,15050,111370,881,15080
111380,1215,15046,111390,966,15083
111400,1240,15048,111410,916,15090
111420,1177,15065,111430,921,15089
111440,1267,15058,111450,939,15082
111460,1226,15053,111470,907,15092
111480,1231,15054,111490,986,15089
111500,1278,15041,111510,937,15088
111520,1197,15057,111530,931,15093
111540,1281,15063,111550,974,15089
111560,1216,15052,111570,899,15098
111580,1245,15055,111590,993,15083
111600,1287,15046,111610,935,15081
111620,1213,15057,111630,949,15089
111640,1300,15058,111650,995,15078
111660,1248,15063,111670,928,15078
111680,1244,15048,111690,1004,15089
111700,1284,15073,111710,960,15089
111720,1212,15052,111730,960,15082
111740,1288,15056,111750,991,15083
111760,1257,15056,111770,929,15082
111780,1258,15059,111790,1012,15084
111800,1293,15051,111810,965,15086
111820,1211,15056,111830,956,15080
111840,1306,15040,111850,990,15097
111860,1245,15046,111870,923,15078
111880,1262,15053,111890,1014,15091
111900,1284,15051,111910,963,15087
111920,1230,15058,111930,968,15084
111940,1309,15054,111950,1000,15080
111960,1250,15059,111970,933,15087
111980,1284,15059,111990,1012,15087
112000,1313,15060,112010,959,15084
112020,1217,15054,112030,968,15079
112040,1314,15062,112050,1009,15100
112060,1266,15043,112070,939,15082
112080,1267,15045,112090,1020,15090
112100,1296,15054,112110,968,15083
112120,1225,15056,112130,983,15085
112140,1309,15038,112150,1008,15091
112160,1257,15046,112170,947,15094
112180,1291,15047,112190,1023,15089
112200,1309,15056,112210,964,15085
112220,1230,15046,112230,972,15097
112240,1320,15047,112250,994,15091
112260,1253,15049,112270,924,15087
112280,1275,15049,112290,1036,15075
112300,1287,15042,112310,980,15075
112320,1223,15063,112330,985,15093
112340,1325,15050,112350,1000,15082
112360,1258,15049,112370,941,15083
112380,1275,15037,112390,1033,15073
112400,1289,15056,112410,968,15096
112420,1245,15038,112430,985,15076
112440,1326,15043,112450,1004,15083
112460,1274,15051,112470,940,15083
112480,1276,15039,112490,1026,15084
112500,1312,15044,112510,959,15097
112520,1235,15047,112530,989,15089
112540,1330,15052,112550,1008,15085
112560,1258,15058,112570,942,15078
112580,1304,15052,112590,1020,15091
112600,1298,15057,112610,954,15091
112620,1230,15057,112630,987,15096
112640,1316,15064,112650,1021,15086
112660,1261,15032,112670,934,15080
112680,1286,15055,112690,1032,15077
112700,1301,15064,112710,991,15086
112720,1230,15052,112730,990,15093
112740,1308,15056,112750,1004,15096
112760,1256,15053,112770,937,15093
112780,1276,15058,112790,1028,15095
112800,1311,15040,112810,966,15080
112820,1235,15052,112830,989,15096
112840,1320,15055,112850,996,15090
112860,1235,15045,112870,941,15074
112880,1294,15056,112890,1021,15093
112900,1285,15059,112910,964,15089
112920,1238,15057,112930,994,15086
112940,1329,15043,112950,1002,15086
112960,1260,15043,112970,917,15080
112980,1277,15056,112990,1031,15083
113000,1296,15047,113010,962,15077
113020,1239,15041,113030,979,15072
113040,1307,15035,113050,998,15085
113060,1248,15055,113070,949,15074
113080,1276,15047,113090,1022,15095
113100,1275,15059,113110,953,15091
113120,1227,15050,113130,987,15082
113140,1307,15056,113150,985,15084
113160,1234,15062,113170,919,15094
113180,1263,15050,113190,1009,15089
113200,1286,15052,113210,943,15083
113220,1206,15051,113230,981,15090
113240,1301,15054,113250,964,15091
113260,1227,15061,113270,904,15087
113280,1266,15050,113290,997,15089
113300,1258,15043,113310,931,15084
113320,1211,15055,113330,962,15077
113340,1292,15047,113350,958,15075
113360,1227,15050,113370,907,15089
113380,1266,15048,113390,974,15092
113400,1260,15050,113410,935,15085
113420,1198,15050,113430,964,15075
113440,1298,15060,113450,969,15084
113460,1220,15051,113470,915,15090
113480,1251,15050,113490,980,15099
113500,1269,15059,113510,934,15087
113520,1209,15049,113530,950,15088
113540,1277,15039,113550,958,15085
113560,1224,15053,113570,897,15087
113580,1259,15050,113590,1001,15093
113600,1259,15060,113610,929,15088
113620,1197,15056,113630,960,15096
113640,1286,15066,113650,962,15095
113660,1215,15043,113670,911,15085
113680,1232,15048,113690,981,15091
113700,1249,15052,113710,908,15088
113720,1186,15055,113730,957,15085
113740,1269,15047,113750,966,15083
113760,1224,15042,113770,900,15088
113780,1260,15045,113790,989,15093
113800,1256,15056,113810,902,15081
113820,1198,15050,113830,965,15085
113840,1275,15036,113850,955,15083
113860,1218,15045,113870,911,15073
113880,1253,15048,113890,973,15088
113900,1257,15044,113910,924,15097
113920,1201,15055,113930,966,15096
113940,1293,15061,113950,952,15100
113960,1206,15052,113970,894,15095
113980,1268,15059,113990,972,15097
114000,1275,15042,114010,926,15084
114020,1215,15064,114030,966,15096
114040,1276,15051,114050,969,15084
114060,1212,15050,114070,900,15084
114080,1258,15044,114090,986,15084
114100,1254,15053,114110,928,15093
114120,1201,15053,114130,963,15086
114140,1287,15057,114150,955,15081
114160,1230,15056,114170,918,15083
114180,1248,15054,114190,982,15081
114200,1247,15061,114210,916,15083
114220,1213,15055,114230,985,15075
114240,1277,15034,114250,958,15081
114260,1214,15059,114270,907,15079
114280,1258,15051,114290,986,15089
114300,1254,15044,114310,907,15080
114320,1204,15048,114330,954,15079
114340,1257,15052,114350,958,15088
114360,1225,15056,114370,906,15070
114380,1271,15050,114390,985,15095
114400,1253,15054,114410,921,15081
114420,1197,15042,114430,965,15086
114440,1273,15049,114450,955,15095
114460,1210,15043,114470,898,15073
114480,1252,15048,114490,982,15091
114500,1250,15054,114510,908,15083
114520,1217,15044,114530,965,15099
114540,1270,15052,114550,960,15092
114560,1211,15047,114570,909,15080
114580,1255,15042,114590,989,15080
114600,1240,15058,114610,915,15087
114620,1208,15057,114630,959,15085
114640,1287,15054,114650,966,15079
114660,1198,15042,114670,905,15080
114680,1256,15050,114690,977,15087
114700,1251,15051,114710,907,15089
114720,1198,15055,114730,977,15087
114740,1267,15052,114750,954,15087
114760,1211,15052,114770,902,15099
114780,1255,15056,114790,978,15092
114800,1247,15053,114810,922,15094
114820,1203,15054,114830,977,15085
114840,1281,15047,114850,957,15084
114860,1207,15050,114870,929,15076
114880,1263,15039,114890,992,15079
114900,1244,15058,114910,903,15094
114920,1209,15057,114930,960,15088
114940,1288,15049,114950,953,15098
114960,1205,15054,114970,915,15096
114980,1273,15057,114990,984,15088
123000,1223,15045,123010,969,15084
123020,1308,15041,123030,997,15094
123040,1252,15063,123050,935,15091
123060,1262,15056,123070,1008,15100
123080,1308,15051,123090,943,15100
123100,1222,15050,123110,960,15082
123120,1290,15051,123130,1000,15083
123140,1259,15060,123150,935,15094
123160,1251,15061,123170,1009,15087
123180,1288,15049,123190,959,15095
123200,1218,15053,123210,969,15106
123220,1303,15052,123230,998,15094
123240,1258,15055,123250,911,15096
123260,1254,15061,123270,1013,15087
123280,1319,15065,123290,949,15089
123300,1222,15064,123310,970,15078
123320,1309,15067,123330,985,15087
123340,1252,15042,123350,918,15093
123360,1279,15044,123370,1012,15100
123380,1290,15056,123390,957,15083
123400,1223,15060,123410,972,15082
123420,1312,15040,123430,992,15077
123440,1263,15037,123450,925,15089
123460,1264,15057,123470,1012,15087
123480,1295,15053,123490,965,15084
