LED1 Timestamp (ms),LED1_PD1,LED1_PD2,LED2 Timestamp (ms),LED2_PD1,LED2_PD2
405500,8420,58,405510,7755,6521
405520,8670,-306,405530,8269,9763
405540,8268,1269,405550,8414,73
405560,7759,6555,405570,8640,-236
405580,8298,9760,405590,8238,1252
405600,8451,101,405610,7783,6571
405620,8573,-369,405630,8217,9801
405640,8257,1258,405650,8417,58
405660,7800,6627,405670,8605,-251
405680,8228,9790,405690,8226,1316
405700,8467,134,405710,7722,6628
405720,8657,-401,405730,8240,9724
405740,8215,1281,405750,8404,66
405760,7703,6709,405770,8695,-168
405780,8263,9720,405790,8235,1332
405800,8415,141,405810,7697,6672
405820,8642,-128,405830,8242,9745
405840,8230,1298,405850,8419,96
405860,7761,6789,405870,8600,-281
405880,8261,9741,405890,8207,1361
405900,8419,78,405910,7767,6796
405920,8591,-264,405930,8289,9732
405940,8206,1260,405950,8422,93
405960,7778,6864,405970,8625,-368
405980,8251,9725,405990,8245,1291
406000,8396,99,406010,7720,6892
406020,8703,-157,406030,8284,9750
406040,8232,1280,406050,8430,126
406060,7760,6938,406070,8653,-106
406080,8249,9730,406090,8236,1361
406100,8397,15,406110,7768,7000
406120,8574,-70,406130,8263,9714
406140,8251,1341,406150,8459,152
406160,7776,6982,406170,8493,-139
406180,8267,9716,406190,8218,1335
406200,8410,55,406210,7801,7127
406220,8534,74,406230,8267,9806
406240,8257,1338,406250,8423,140
406260,7728,7078,406270,8583,-155
406280,8257,9772,406290,8219,1308
406300,8393,56,406310,7682,7116
406320,8513,284,406330,8232,9797
406340,8261,1352,406350,8429,122
406360,7734,7174,406370,8537,12
406380,8305,9697,406390,8247,1326
406400,8399,44,406410,7761,7219
406420,8500,-15,406430,8367,9667
406440,8237,1398,406450,8413,95
406460,7756,7215,406470,8530,-94
406480,8306,9673,406490,8224,1374
406500,8422,134,406510,7715,7289
406520,8442,255,406530,8234,9808
406540,8261,1331,406550,8383,45
406560,7700,7287,406570,8435,358
406580,8244,9766,406590,8261,1376
406600,8423,88,406610,7695,7317
406620,8343,514,406630,8248,9743
406640,8257,1332,406650,8430,38
406660,7768,7418,406670,8299,412
406680,8282,9658,406690,8275,1377
406700,8486,129,406710,7740,7438
406720,8300,418,406730,8275,9701
406740,8234,1317,406750,8416,39
406760,7744,7531,406770,8307,336
406780,8273,9643,406790,8260,1379
406800,8435,120,406810,7668,7488
406820,8345,423,406830,8284,9736
406840,8254,1287,406850,8403,63
406860,7770,7550,406870,8299,559
406880,8273,9680,406890,8280,1376
406900,8434,-16,406910,7806,7584
406920,8241,588,406930,8260,9652
406940,8234,1364,406950,8456,119
406960,7820,7634,406970,8215,585
406980,8299,9697,406990,8227,1396
407000,8436,56,407010,7767,7698
407020,8268,525,407030,8301,9590
407040,8240,1352,407050,8441,100
407060,7794,7662,407070,8304,556
407080,8287,9663,407090,8242,1346
407100,8396,2,407110,7762,7715
407120,8275,655,407130,8284,9485
407140,8262,1367,407150,8438,167
407160,7793,7701,407170,8246,795
407180,8272,9510,407190,8229,1414
407200,8465,90,407210,7831,7790
407220,8191,725,407230,8309,9510
407240,8240,1425,407250,8423,54
407260,7784,7798,407270,8264,563
407280,8336,9541,407290,8217,1374
407300,8462,135,407310,7737,7835
407320,8303,680,407330,8308,9527
407340,8232,1361,407350,8415,121
407360,7745,7811,407370,8286,766
407380,8251,9437,407390,8251,1380
407400,8454,145,407410,7739,7780
407420,8208,818,407430,8242,9399
407440,8246,1396,407450,8477,-4
407460,7775,7867,407470,8126,886
407480,8340,9255,407490,8229,1446
407500,8457,206,407510,7802,7884
407520,8201,820,407530,8326,9347
407540,8237,1415,407550,8474,200
407560,7725,7929,407570,8232,809
407580,8298,9354,407590,8223,1434
407600,8453,153,407610,7748,7887
407620,8219,857,407630,8309,9365
407640,8256,1411,407650,8429,216
407660,7798,7985,407670,8229,909
407680,8283,9255,407690,8242,1473
407700,8556,95,407710,7822,7909
407720,8131,918,407730,8324,9166
407740,8220,1448,407750,8563,184
407760,7838,8036,407770,8144,882
407780,8331,9131,407790,8241,1509
407800,8491,193,407810,7749,8052
407820,8180,875,407830,8368,9185
407840,8214,1439,407850,8397,168
407860,7759,8066,407870,8233,850
407880,8291,9160,407890,8270,1487
407900,8391,111,407910,7777,8071
407920,8213,883,407930,8290,9064
407940,8250,1469,407950,8373,91
407960,7851,8052,407970,8187,954
407980,8361,9041,407990,8231,1486
408000,8392,95,408010,7842,8140
408020,8182,918,408030,8339,8983
408040,8221,1501,408050,8356,95
408060,7759,8119,408070,8189,964
408080,8402,8994,408090,8219,1471
408100,8389,150,408110,7758,8138
408120,8252,909,408130,8353,9019
408140,8280,1498,408150,8392,105
408160,7742,8143,408170,8281,961
408180,8341,8923,408190,8225,1467
408200,8369,-9,408210,7785,8189
408220,8154,908,408230,8317,8832
408240,8258,1546,408250,8443,58
408260,7793,8229,408270,8215,961
408280,8408,8807,408290,8216,1554
408300,8430,93,408310,7811,8222
408320,8229,862,408330,8385,8849
408340,8233,1546,408350,8415,100
408360,7746,8264,408370,8291,851
408380,8336,8826,408390,8226,1566
408400,8408,57,408410,7770,8250
408420,8289,808,408430,8344,8799
408440,8259,1539,408450,8407,112
408460,7858,8354,408470,8294,924
408480,8284,8654,408490,8223,1580
408500,8474,95,408510,7864,8322
408520,8189,969,408530,8386,8666
408540,8212,1552,408550,8450,129
408560,7861,8390,408570,8286,817
408580,8404,8506,408590,8220,1621
408600,8454,176,408610,7778,8382
408620,8269,814,408630,8416,8571
408640,8224,1550,408650,8404,177
408660,7851,8397,408670,8289,792
408680,8321,8493,408690,8261,1587
408700,8393,156,408710,7871,8401
408720,8308,911,408730,8355,8407
408740,8245,1594,408750,8407,93
408760,7899,8423,408770,8260,861
408780,8386,8436,408790,8226,1627
408800,8417,149,408810,7813,8441
408820,8260,833,408830,8410,8294
408840,8218,1588,408850,8431,295
408860,7815,8398,408870,8273,854
408880,8425,8341,408890,8221,1621
408900,8378,136,408910,7849,8502
408920,8247,790,408930,8355,8254
408940,8248,1613,408950,8377,196
408960,7855,8455,408970,8289,833
408980,8385,8255,408990,8248,1656
409000,8380,154,409010,7827,8582
409020,8261,826,409030,8403,8300
409040,8240,1664,409050,8387,164
409060,7800,8510,409070,8234,960
409080,8422,8221,409090,8206,1638
409100,8420,347,409110,7771,8521
409120,8262,845,409130,8421,8194
409140,8223,1653,409150,8328,207
409160,7826,8551,409170,8314,858
409180,8394,8135,409190,8223,1655
409200,8339,250,409210,7894,8635
409220,8281,731,409230,8343,8053
409240,8247,1695,409250,8382,261
409260,7886,8645,409270,8299,835
409280,8370,8007,409290,8219,1712
409300,8374,139,409310,7825,8621
409320,8242,767,409330,8415,8007
409340,8225,1688,409350,8379,178
409360,7849,8644,409370,8263,769
409380,8383,7953,409390,8201,1709
409400,8348,163,409410,7890,8680
409420,8264,729,409430,8395,7927
409440,8240,1671,409450,8364,117
409460,7960,8784,409470,8299,745
409480,8376,7883,409490,8240,1728
409500,8379,127,409510,7895,8742
409520,8284,771,409530,8387,7850
409540,8214,1701,409550,8337,179
409560,7874,8772,409570,8275,796
409580,8413,7705,409590,8207,1761
409600,8366,192,409610,7838,8732
409620,8255,746,409630,8425,7707
409640,8219,1731,409650,8352,88
409660,7891,8783,409670,8300,713
409680,8411,7686,409690,8233,1753
409700,8373,87,409710,7895,8854
409720,8329,712,409730,8369,7658
409740,8239,1748,409750,8396,74
409760,7879,8846,409770,8309,755
409780,8398,7602,409790,8229,1778
409800,8392,11,409810,7819,8921
409820,8284,764,409830,8381,7612
409840,8216,1772,409850,8457,167
409860,7783,8813,409870,8242,782
409880,8421,7476,409890,8213,1799
409900,8408,84,409910,7815,8919
409920,8291,708,409930,8388,7470
409940,8242,1781,409950,8410,122
409960,7877,8901,409970,8315,717
409980,8390,7511,409990,8224,1773
410000,8426,78,410010,7871,8978
410020,8351,720,410030,8390,7460
410040,8225,1780,410050,8388,73
410060,7817,8941,410070,8259,823
410080,8430,7242,410090,8211,1798
410100,8467,143,410110,7805,8888
410120,8223,759,410130,8432,7318
410140,8241,1836,410150,8407,73
410160,7875,8928,410170,8257,741
410180,8393,7270,410190,8208,1847
410200,8439,127,410210,7937,8964
410220,8287,666,410230,8393,7256
410240,8258,1816,410250,8413,44
410260,7959,9054,410270,8328,762
410280,8409,7098,410290,8243,1868
410300,8426,48,410310,7869,8982
410320,8243,699,410330,8397,7132
410340,8221,1837,410350,8429,158
410360,7862,9048,410370,8245,776
410380,8429,7095,410390,8220,1895
410400,8437,93,410410,7904,9034
410420,8250,827,410430,8428,7106
410440,8200,1826,410450,8394,86
410460,7957,9049,410470,8276,708
410480,8404,7035,410490,8232,1880
410500,8413,39,410510,7954,9066
410520,8298,714,410530,8436,7018
410540,8227,1891,410550,8402,62
410560,7908,9160,410570,8276,759
410580,8391,6899,410590,8223,1951
410600,8444,72,410610,7902,9128
410620,8303,772,410630,8415,6834
410640,8213,1936,410650,8414,112
410660,7860,9084,410670,8228,695
410680,8421,6852,410690,8201,1940
410700,8394,70,410710,7883,9106
410720,8268,684,410730,8421,6829
410740,8235,1924,410750,8425,101
410760,7883,9167,410770,8294,764
410780,8417,6794,410790,8231,1919
410800,8410,22,410810,7924,9262
410820,8304,734,410830,8391,6762
410840,8230,1976,410850,8464,80
410860,7848,9174,410870,8263,778
410880,8413,6654,410890,8198,1932
410900,8454,81,410910,7848,9135
410920,8269,755,410930,8445,6686
410940,8231,1978,410950,8391,1
410960,7842,9108,410970,8306,730
410980,8408,6574,410990,8216,1975
411000,8412,102,411010,7946,9287
411020,8300,726,411030,8376,6586
411040,8242,2019,411050,8416,-28
411060,7923,9298,411070,8332,784
411080,8397,6462,411090,8231,1986
411100,8441,16,411110,7919,9305
411120,8251,798,411130,8434,6539
411140,8238,1954,411150,8425,72
411160,7886,9258,411170,8280,742
411180,8415,6350,411190,8240,2072
411200,8404,31,411210,7956,9237
411220,8276,743,411230,8456,6396
411240,8225,2005,411250,8437,98
411260,7977,9352,411270,8285,664
411280,8392,6350,411290,8252,2072
411300,8451,-6,411310,8017,9363
411320,8295,669,411330,8455,6356
411340,8241,2050,411350,8404,-5
411360,7944,9384,411370,8271,739
411380,8455,6234,411390,8228,2104
411400,8459,56,411410,7867,9315
411420,8272,744,411430,8448,6175
411440,8214,2072,411450,8437,69
411460,7875,9282,411470,8243,714
411480,8454,6181,411490,8243,2146
411500,8382,-23,411510,7968,9321
411520,8305,676,411530,8416,6103
411540,8216,2126,411550,8450,44
411560,7970,9381,411570,8282,731
411580,8438,6060,411590,8237,2141
411600,8444,-64,411610,7929,9425
411620,8284,718,411630,8392,5967
411640,8221,2150,411650,8482,76
411660,7842,9341,411670,8217,707
411680,8434,5942,411690,8170,2146
411700,8457,51,411710,7888,9351
411720,8239,689,411730,8415,5932
411740,8231,2188,411750,8417,19
411760,7909,9362,411770,8276,729
411780,8423,5904,411790,8191,2167
411800,8441,26,411810,7998,9495
411820,8294,699,411830,8396,5789
411840,8200,2181,411850,8440,-23
411860,7969,9537,411870,8325,822
411880,8437,5706,411890,8192,2181
411900,8434,0,411910,7895,9520
411920,8209,731,411930,8444,5659
411940,8193,2089,411950,8434,52
411960,7873,9407,411970,8239,730
411980,8398,5613,411990,8181,2101
412000,8450,40,412010,7927,9385
412020,8268,725,412030,8422,5645
412040,8237,2095,412050,8403,-15
412060,8005,9500,412070,8303,778
412080,8395,5603,412090,8207,2248
412100,8447,-50,412110,7937,9580
412120,8296,768,412130,8435,5563
412140,8214,2192,412150,8431,-16
412160,7900,9592,412170,8259,765
412180,8440,5499,412190,8227,2274
412200,8457,40,412210,7884,9496
412220,8240,762,412230,8443,5511
412240,8218,2230,412250,8450,45
412260,7927,9522,412270,8257,753
412280,8441,5414,412290,8257,2330
412300,8407,-51,412310,7949,9557
412320,8282,753,412330,8423,5416
412340,8262,2305,412350,8442,32
412360,7992,9610,412370,8290,743
412380,8410,5400,412390,8231,2343
412400,8462,-40,412410,7879,9586
412420,8285,773,412430,8400,5402
412440,8222,2326,412450,8456,15
412460,7876,9592,412470,8257,815
412480,8449,5418,412490,8232,2405
412500,8451,61,412510,7931,9608
412520,8284,767,412530,8420,5340
412540,8204,2296,412550,8450,7
412560,7945,9583,412570,8316,821
412580,8439,5325,412590,8221,2411
412600,8427,-24,412610,8029,9725
412620,8303,740,412630,8394,5207
412640,8219,2422,412650,8463,40
412660,7912,9696,412670,8286,839
412680,8420,5159,412690,8188,2402
412700,8448,20,412710,7891,9677
412720,8265,778,412730,8434,5088
412740,8242,2430,412750,8428,20
412760,7914,9677,412770,8247,791
412780,8419,5061,412790,8188,2457
412800,8450,33,412810,7989,9744
412820,8273,748,412830,8411,5086
412840,8226,2483,412850,8422,-13
412860,8006,9791,412870,8308,805
412880,8418,4962,412890,8214,2499
412900,8478,-3,412910,7963,9813
412920,8252,782,412930,8427,4973
412940,8236,2471,412950,8448,4
412960,7866,9794,412970,8216,833
412980,8429,4854,412990,8219,2513
413000,8478,29,413010,7887,9773
413020,8230,831,413030,8457,4867
413040,8225,2462,413050,8444,14
413060,7957,9804,413070,8247,756
413080,8405,4796,413090,8191,2512
413100,8445,0,413110,7984,9905
413120,8312,797,413130,8430,4822
413140,8204,2558,413150,8456,-1
413160,7924,9947,413170,8260,817
413180,8430,4739,413190,8225,2524
413200,8466,-35,413210,7822,9918
413220,8274,827,413230,8413,4671
413240,8211,2460,413250,8446,48
413260,7908,9874,413270,8199,816
413280,8434,4635,413290,8234,2504
413300,8435,43,413310,7933,9864
413320,8222,776,413330,8425,4568
413340,8209,2576,413350,8441,24
413360,7934,9918,413370,8306,777
413380,8445,4502,413390,8194,2599
413400,8439,-50,413410,7922,10022
413420,8290,797,413430,8392,4449
413440,8208,2615,413450,8465,23
413460,7833,9943,413470,8294,842
413480,8449,4454,413490,8185,2597
413500,8438,-10,413510,7860,9966
413520,8249,810,413530,8449,4362
413540,8226,2650,413550,8423,10
413560,7921,9924,413570,8242,815
413580,8466,4288,413590,8171,2666
413600,8458,-3,413610,7921,9993
413620,8290,804,413630,8434,4284
413640,8214,2690,413650,8448,-17
413660,7972,10030,413670,8279,781
413680,8454,4229,413690,8178,2710
413700,8463,-19,413710,7937,9984
413720,8240,817,413730,8426,4165
413740,8177,2640,413750,8463,-29
413760,7906,9943,413770,8225,858
413780,8440,4087,413790,8205,2739
413800,8445,3,413810,7969,9944
413820,8257,838,413830,8470,4057
413840,8214,2736,413850,8442,-27
413860,7985,9961,413870,8274,771
413880,8449,3933,413890,8171,2764
413900,8476,-31,413910,7961,10010
413920,8288,760,413930,8449,3916
413940,8185,2824,413950,8448,-25
413960,7982,10018,413970,8280,770
413980,8451,3877,413990,8213,2780
414000,8484,-1,414010,7935,10023
414020,8230,796,414030,8454,3847
414040,8173,2709,414050,8463,5
414060,7962,9923,414070,8215,787
414080,8472,3901,414090,8206,2860
414100,8452,22,414110,8042,9951
414120,8276,871,414130,8464,3755
414140,8188,2853,414150,8495,-27
414160,8022,10051,414170,8271,801
414180,8452,3661,414190,8166,2863
414200,8459,-96,414210,7982,10132
414220,8276,810,414230,8458,3640
414240,8195,2874,414250,8468,-61
414260,7916,10046,414270,8258,823
414280,8461,3616,414290,8215,2875
414300,8457,-47,414310,7950,10042
414320,8244,772,414330,8462,3554
414340,8217,2917,414350,8479,0
414360,8022,9959,414370,8258,834
414380,8476,3546,414390,8186,2957
414400,8439,-50,414410,8057,10047
414420,8269,798,414430,8444,3522
414440,8205,2995,414450,8469,-76
414460,8013,10066,414470,8265,860
414480,8470,3400,414490,8189,2943
414500,8475,-67,414510,7950,10040
414520,8271,786,414530,8437,3349
414540,8231,3035,414550,8463,-11
414560,7953,10020,414570,8267,819
414580,8460,3294,414590,8183,3023
414600,8476,12,414610,8014,10019
414620,8246,810,414630,8448,3370
414640,8195,3048,414650,8429,-94
414660,8017,10075,414670,8235,873
414680,8444,3244,414690,8168,3090
414700,8462,-63,414710,8033,10104
414720,8225,839,414730,8463,3244
414740,8193,3043,414750,8468,-7
414760,7964,10176,414770,8234,837
414780,8441,3073,414790,8181,3127
414800,8485,-54,414810,7926,10070
414820,8257,809,414830,8446,3092
414840,8220,3097,414850,8441,4
414860,7972,10112,414870,8276,818
414880,8422,3035,414890,8183,3166
414900,8480,-10,414910,7984,10129
414920,8243,894,414930,8467,2969
414940,8165,3049,414950,8439,-24
414960,8039,10230,414970,8237,816
414980,8459,2925,414990,8179,3093
415000,8484,-61,415010,8030,10262
415020,8249,873,415030,8455,2885
415040,8156,3109,415050,8487,10
415060,7912,10222,415070,8273,838
415080,8495,2854,415090,8215,3151
415100,8455,-44,415110,7910,10168
415120,8275,821,415130,8445,2740
415140,8193,3125,415150,8490,-25
415160,8034,10216,415170,8328,896
415180,8464,2651,415190,8176,3238
415200,8429,-93,415210,8105,10372
415220,8229,900,415230,8459,2664
415240,8178,3255,415250,8483,-19
415260,8022,10303,415270,8220,894
415280,8464,2627,415290,8157,3280
415300,8471,-104,415310,7975,10318
415320,8271,818,415330,8432,2564
415340,8186,3337,415350,8456,-79
415360,7911,10157,415370,8264,867
415380,8445,2550,415390,8171,3346
415400,8458,-62,415410,7939,10115
415420,8324,886,415430,8462,2523
415440,8155,3364,415450,8465,-77
415460,8013,10279,415470,8288,935
415480,8476,2338,415490,8130,3465
415500,8479,-135,415510,8026,10268
415520,8228,907,415530,8450,2331
415540,8181,3506,415550,8506,-49
415560,7907,10284,415570,8246,918
415580,8460,2272,415590,8177,3373
415600,8494,-39,415610,7938,10223
415620,8225,909,415630,8475,2309
415640,8190,3502,415650,8449,-53
415660,7970,10176,415670,8276,897
415680,8435,2124,415690,8151,3489
415700,8471,-34,415710,8003,10158
415720,8235,879,415730,8478,2122
415740,8150,3494,415750,8446,-107
415760,8049,10254,415770,8207,901
415780,8439,2137,415790,8154,3657
415800,8478,-115,415810,7976,10168
415820,8267,961,415830,8449,1994
415840,8174,3592,415850,8508,-367
415860,7987,10189,415870,8244,941
415880,8470,1976,415890,8270,3665
415900,8462,-54,415910,8010,10162
415920,8277,954,415930,8449,1933
415940,8149,3637,415950,8474,16
415960,8113,10175,415970,8229,845
415980,8491,1889,415990,8180,3641
416000,8433,-111,416010,8136,10293
416020,8257,853,416030,8440,1826
416040,8134,3614,416050,8482,5
416060,8057,10276,416070,8228,882
416080,8495,1793,416090,8168,3594
416100,8484,-85,416110,8010,10286
416120,8260,858,416130,8447,1719
416140,8172,3735,416150,8565,-488
416160,8063,10140,416170,8248,924
416180,8450,1659,416190,8167,3725
416200,8513,-456,416210,8150,10220
416220,8264,868,416230,8439,1633
416240,8183,3729,416250,8471,-78
416260,8154,10262,416270,8251,903
416280,8473,1520,416290,8154,3686
416300,8484,-57,416310,8096,10183
416320,8263,825,416330,8442,1549
416340,8181,3726,416350,8464,-165
416360,8080,10237,416370,8270,919
416380,8432,1389,416390,8238,3800
416400,8500,-316,416410,8040,10258
416420,8269,974,416430,8418,1427
416440,8186,3817,416450,8450,-81
416460,8111,10128,416470,8290,919
416480,8434,1250,416490,8147,3830
416500,8485,-80,416510,8152,10155
416520,8294,888,416530,8479,1210
416540,8151,3839,416550,8464,-124
416560,8201,10219,416570,8268,858
416580,8479,1183,416590,8153,3930
416600,8481,-112,416610,8126,10195
416620,8248,916,416630,8448,1151
416640,8145,3900,416650,8774,-467
416660,8102,10179,416670,8285,970
416680,8431,1012,416690,8168,4015
416700,8755,-469,416710,8078,10172
416720,8300,1048,416730,8458,988
416740,8166,4005,416750,8664,-489
416760,8166,10190,416770,8256,916
416780,8475,975,416790,8093,4003
416800,8556,-556,416810,8186,10222
416820,8272,889,416830,8468,857
416840,8119,3970,416850,8580,-389
416860,8136,10206,416870,8246,912
416880,8479,800,416890,8118,3975
416900,8534,-381,416910,8129,10238
416920,8298,943,416930,8473,724
416940,8163,4010,416950,8524,-462
416960,8140,10120,416970,8280,911
416980,8459,687,416990,8138,3994
417000,8516,-461,417010,8094,10131
417020,8260,886,417030,8464,596
417040,8129,4000,417050,8658,-517
417060,8197,10160,417070,8262,996
417080,8476,592,417090,8155,3996
417100,8640,-453,417110,8130,10188
417120,8255,897,417130,8430,521
417140,8165,4032,417150,8691,-391
417160,8109,10203,417170,8237,935
417180,8451,361,417190,8173,4004
417200,8704,-355,417210,8105,10071
417220,8236,905,417230,8425,360
417240,8210,4003,417250,8681,-418
417260,8158,10068,417270,8245,1004
417280,8453,287,417290,8162,4074
417300,8752,-371,417310,8191,10091
417320,8283,970,417330,8456,279
417340,8167,4113,417350,8777,-378
417360,8201,10161,417370,8273,997
417380,8466,197,417390,8226,4154
417400,8762,-308,417410,8180,10149
417420,8255,1038,417430,8462,189
417440,8215,4163,417450,8653,-428
417460,8154,10092,417470,8266,1007
417480,8440,99,417490,8226,4273
417500,8630,-447,417510,8180,10069
417520,8245,1000,417530,8468,89
417540,8188,4287,417550,8668,-396
417560,8260,10125,417570,8258,1001
417580,8478,103,417590,8180,4277
417600,8663,-442,417610,8228,10093
417620,8299,987,417630,8486,113
417640,8212,4340,417650,8617,-297
417660,8218,10229,417670,8273,988
417680,8462,87,417690,8189,4388
417700,8624,-375,417710,8209,10144
417720,8275,983,417730,8454,79
417740,8137,4417,417750,8594,-452
417760,8164,10117,417770,8271,1023
417780,8446,44,417790,8053,4547
417800,8615,-463,417810,8168,10171
417820,8273,911,417830,8459,59
417840,7988,4508,417850,8684,-393
417860,8211,10156,417870,8249,896
417880,8464,94,417890,7940,4547
417900,8656,-370,417910,8246,10216
417920,8267,980,417930,8431,53
417940,7953,4580,417950,8629,-339
417960,8169,10235,417970,8232,903
417980,8418,64,417990,7912,4599
418000,8620,-398,418010,8213,10219
418020,8287,869,418030,8420,30
418040,7876,4639,418050,8661,-428
418060,8199,10125,418070,8240,857
418080,8442,37,418090,7833,4602
418100,8746,-317,418110,8223,10176
418120,8291,860,418130,8442,85
418140,7766,4612,418150,8690,-254
418160,8210,10214,418170,8281,940
418180,8441,57,418190,7857,4685
418200,8656,-268,418210,8180,10191
418220,8244,970,418230,8445,73
418240,7866,4677,418250,8625,-387
418260,8185,10097,418270,8260,990
418280,8413,3,418290,7822,4750
418300,8697,-341,418310,8182,10104
418320,8251,978,418330,8436,69
418340,7720,4725,418350,8727,-324
418360,8260,10030,418370,8271,985
418380,8441,31,418390,7741,4803
418400,8691,-327,418410,8249,10088
418420,8263,995,418430,8439,83
418440,7763,4797,418450,8588,-285
418460,8190,10099,418470,8229,984
418480,8424,74,418490,7849,4879
418500,8559,-380,418510,8183,10089
418520,8276,1036,418530,8424,46
418540,7797,4877,418550,8562,-439
418560,8215,10045,418570,8273,948
418580,8432,15,418590,7781,4927
418600,8632,-395,418610,8240,10049
418620,8312,970,418630,8437,44
418640,7761,4880,418650,8618,-299
418660,8268,10030,418670,8253,981
418680,8453,104,418690,7799,4888
418700,8545,-331,418710,8190,10152
418720,8236,1012,418730,8434,38
418740,7827,4954,418750,8589,-350
418760,8190,10079,418770,8259,924
418780,8429,81,418790,7802,5012
418800,8574,-379,418810,8176,10093
418820,8296,920,418830,8423,25
418840,7773,5034,418850,8654,-351
418860,8203,9967,418870,8237,905
418880,8461,74,418890,7718,5038
418900,8683,-235,418910,8255,10058
418920,8262,923,418930,8446,101
418940,7752,5097,418950,8605,-202
418960,8198,10025,418970,8248,1013
418980,8438,106,418990,7786,5100
419000,8611,-226,419010,8218,10057
419020,8252,896,419030,8418,71
419040,7834,5193,419050,8540,-386
419060,8197,9984,419070,8272,994
419080,8402,15,419090,7731,5198
419100,8641,-291,419110,8213,9949
419120,8284,985,419130,8420,98
419140,7751,5237,419150,8668,-264
419160,8232,9930,419170,8251,1053
419180,8429,41,419190,7747,5308
419200,8642,-251,419210,8268,9985
419220,8254,1052,419230,8425,100
419240,7826,5316,419250,8516,-257
419260,8193,10097,419270,8241,980
419280,8399,40,419290,7860,5391
419300,8513,-308,419310,8158,9989
419320,8255,974,419330,8429,59
419340,7770,5396,419350,8569,-490
419360,8260,9924,419370,8258,978
419380,8441,38,419390,7718,5473
419400,8646,-236,419410,8221,9954
419420,8237,1080,419430,8460,73
419440,7690,5413,419450,8563,-279
419460,8208,9976,419470,8231,954
419480,8437,51,419490,7842,5513
419500,8561,-276,419510,8256,10046
419520,8280,1004,419530,8429,53
419540,7804,5486,419550,8560,-333
419560,8223,9964,419570,8228,1056
419580,8405,79,419590,7771,5597
419600,8580,-403,419610,8233,9947
419620,8286,972,419630,8420,30
419640,7679,5643,419650,8675,-312
419660,8264,9862,419670,8233,1001
419680,8458,80,419690,7680,5610
419700,8652,-228,419710,8244,9962
419720,8267,1095,419730,8424,97
419740,7794,5690,419750,8603,-153
419760,8242,9986,419770,8239,1079
419780,8428,48,419790,7834,5727
419800,8542,-237,419810,8256,10001
419820,8276,1028,419830,8427,127
419840,7848,5803,419850,8600,-350
419860,8194,9925,419870,8236,1048
419880,8423,77,419890,7744,5809
419900,8654,-332,419910,8218,9890
419920,8231,966,419930,8413,108
419940,7772,5807,419950,8661,-180
419960,8256,9922,419970,8248,999
419980,8404,55,419990,7772,5816
420000,8548,-106,420010,8217,9900
420020,8279,997,420030,8419,123
420040,7875,5929,420050,8503,-310
420060,8155,9938,420070,8191,1077
420080,8417,38,420090,7870,5985
420100,8556,-228,420110,8186,9957
420120,8257,1004,420130,8439,141
420140,7751,5962,420150,8566,-377
420160,8268,9897,420170,8254,1029
420180,8398,84,420190,7744,6014
420200,8630,-328,420210,8249,9862
420220,8263,1029,420230,8428,111
420240,7720,5986,420250,8617,-214
420260,8246,9893,420270,8223,1098
420280,8398,46,420290,7801,6067
420300,8561,-305,420310,8253,9864
420320,8261,1166,420330,8439,88
420340,7798,6099,420350,8541,-411
420360,8235,9814,420370,8206,1109
420380,8415,64,420390,7767,6187
420400,8631,-406,420410,8245,9791
420420,8282,1138,420430,8438,113
420440,7682,6139,420450,8708,-341
420460,8292,9766,420470,8244,1140
420480,8428,94,420490,7727,6253
420500,8627,-270,420510,8286,9823
420520,8269,1183,420530,8377,4
420540,7750,6250,420550,8588,-224
420560,8251,9854,420570,8241,1133
420580,8445,95,420590,7773,6317
420600,8575,-294,420610,8212,9904
420620,8234,1082,420630,8426,53
420640,7753,6318,420650,8636,-319
420660,8209,9675,420670,8260,1184
420680,8424,74,420690,7685,6328
420700,8684,-256,420710,8292,9746
420720,8242,1138,420730,8405,38
420740,7740,6417,420750,8655,-168
420760,8259,9676,420770,8237,1216
420780,8441,26,420790,7762,6369
420800,8633,-264,420810,8222,9748
420820,8249,1044,420830,8456,70
420840,7829,6413,420850,8568,-309
420860,8213,9712,420870,8218,1139
420880,8447,86,420890,7802,6376
420900,8537,-361,420910,8220,9693
420920,8230,1085,420930,8447,132
420940,7768,6477,420950,8684,-363
420960,8310,9745,420970,8218,1144
420980,8399,50,420990,7750,6599
421000,8633,-280,421010,8280,9693
421020,8269,1092,421030,8432,59
421040,7800,6559,421050,8566,-301
421060,8291,9699,421070,8248,1203
421080,8419,75,421090,7796,6699
421100,8580,-222,421110,8245,9726
421120,8230,1147,421130,8440,79
421140,7735,6734,421150,8596,-337
421160,8281,9806,421170,8222,1149
421180,8417,140,421190,7719,6844
421200,8640,-349,421210,8270,9730
421220,8226,1222,421230,8410,105
421240,7664,6919,421250,8595,122
421260,8284,9898,421270,8232,1257
421280,8427,74,421290,7711,7017
421300,8493,173,421310,8264,9824
421320,8243,1275,421330,8442,26
421340,7741,7069,421350,8529,39
421360,8277,9835,421370,8224,1265
421380,8448,138,421390,7733,7209
421400,8498,-17,421410,8250,9928
421420,8239,1270,421430,8427,92
421440,7674,7258,421450,8617,-262
421460,8247,9868,421470,8256,1247
421480,8405,98,421490,7669,7274
421500,8501,316,421510,8261,9947
421520,8278,1310,421530,8414,57
421540,7699,7368,421550,8540,197
421560,8290,9842,421570,8252,1283
421580,8480,81,421590,7813,7318
421600,8476,204,421610,8275,9843
421620,8237,1260,421630,8463,67
421640,7816,7362,421650,8515,-169
421660,8299,9710,421670,8230,1313
421680,8446,136,421690,7744,7332
421700,8385,280,421710,8258,9809
421720,8242,1277,421730,8398,116
421740,7760,7295,421750,8404,322
421760,8265,9894,421770,8236,1234
421780,8419,40,421790,7724,7290
421800,8555,-136,421810,8198,9548
421820,8267,1191,421830,8436,80
421840,7790,7218,421850,8474,-166
421860,8275,9470,421870,8226,1219
421880,8427,53,421890,7842,7179
421900,8461,-152,421910,8311,9223
421920,8241,1220,421930,8464,119
421940,7778,7123,421950,8457,-126
421960,8346,9285,421970,8253,1266
421980,8383,68,421990,7650,7135
422000,8545,-121,422010,8271,9274
422020,8263,1239,422030,8413,87
422040,7663,7015,422050,8566,-59
422060,8279,9195,422070,8268,1247
422080,8405,63,422090,7770,7027
422100,8511,51,422110,8237,9004
422120,8273,1276,422130,8462,117
422140,7777,6959,422150,8468,-4
422160,8333,8929,422170,8210,1349
422180,8456,41,422190,7738,7038
422200,8269,440,422210,8353,9020
422220,8245,1378,422230,8454,30
422240,7701,7066,422250,8308,573
422260,8338,9085,422270,8241,1372
422280,8411,45,422290,7693,7133
422300,8450,331,422310,8226,9023
422320,8276,1374,422330,8404,51
422340,7762,7117,422350,8271,784
422360,8252,8914,422370,8233,1401
422380,8452,4,422390,7862,7177
422400,8183,783,422410,8296,8871
422420,8243,1421,422430,8416,-13
422440,7812,7233,422450,8180,721
422460,8326,8882,422470,8191,1447
422480,8460,143,422490,7769,7235
422500,8299,568,422510,8298,8962
422520,8239,1421,422530,8496,164
422540,7772,7231,422550,8248,692
422560,8282,8927,422570,8224,1432
422580,8395,76,422590,7758,7201
422600,8198,777,422610,8275,8758
422620,8255,1407,422630,8551,178
422640,7841,7299,422650,8171,781
422660,8337,8697,422670,8236,1503
422680,8543,130,422690,7833,7370
422700,8105,906,422710,8376,8748
422720,8209,1367,422730,8544,254
422740,7768,7356,422750,8301,361
422760,8407,8747,422770,8240,1350
422780,8470,187,422790,7700,7392
422800,8383,364,422810,8320,8678
422820,8262,1287,422830,8443,180
422840,7728,7416,422850,8302,622
422860,8312,8695,422870,8251,1382
422880,8369,90,422890,7772,7512
422900,8347,537,422910,8289,8635
422920,8256,1370,422930,8458,147
422940,7766,7553,422950,8223,497
422960,8377,8607,422970,8221,1341
422980,8398,157,422990,7721,7649
423000,8271,468,423010,8395,8637
423020,8231,1353,423030,8371,134
423040,7710,7669,423050,8328,571
423060,8359,8728,423070,8250,1346
423080,8364,140,423090,7673,7758
423100,8266,691,423110,8266,8774
423120,8278,1417,423130,8373,22
423140,7799,7866,423150,8254,671
423160,8306,8635,423170,8225,1399
423180,8413,79,423190,7842,8033
423200,8199,646,423210,8401,8637
423220,8215,1410,423230,8427,-6
423240,7841,8093,423250,8189,638
423260,8398,8651,423270,8202,1424
423280,8428,117,423290,7764,8114
423300,8191,835,423310,8399,8774
423320,8237,1469,423330,8394,102
423340,7761,8247,423350,8307,939
423360,8297,8742,423370,8257,1535
423380,8428,113,423390,7873,8277
423400,8238,1009,423410,8348,8684
423420,8230,1531,423430,8456,104
423440,7881,8472,423450,8233,922
423460,8383,8770,423470,8219,1615
423480,8493,154,423490,7800,8578
423500,8260,983,423510,8421,8764
423520,8186,1487,423530,8439,119
423540,7801,8676,423550,8213,812
423560,8432,8702,423570,8242,1467
423580,8431,260,423590,7730,8685
423600,8273,834,423610,8409,8822
423620,8254,1452,423630,8380,198
423640,7816,8789,423650,8218,843
423660,8304,8838,423670,8242,1558
423680,8426,139,423690,7815,8935
423700,8216,912,423710,8377,8756
423720,8221,1529,423730,8429,172
423740,7702,8890,423750,8186,953
423760,8433,8800,423770,8227,1650
423780,8387,249,423790,7741,8970
423800,8266,915,423810,8419,8813
423820,8228,1598,423830,8353,254
423840,7802,9029,423850,8233,867
423860,8410,8724,423870,8246,1515
423880,8337,150,423890,7866,9139
423900,8226,863,423910,8355,8652
423920,8231,1524,423930,8363,147
423940,7872,9257,423950,8222,937
423960,8391,8572,423970,8228,1574
423980,8421,206,423990,7824,9280
424000,8251,811,424010,8384,8615
424020,8213,1654,424030,8361,214
424040,7797,9249,424050,8233,885
424060,8436,8531,424070,8225,1570
424080,8353,240,424090,7905,9284
424100,8234,807,424110,8373,8606
424120,8243,1555,424130,8327,68
424140,7970,9401,424150,8295,894
424160,8390,8524,424170,8239,1591
424180,8393,112,424190,7914,9375
424200,8303,868,424210,8344,8483
424220,8217,1705,424230,8381,91
424240,7898,9497,424250,8225,944
424260,8400,8308,424270,8209,1656
424280,8435,157,424290,7850,9446
424300,8258,787,424310,8406,8375
424320,8219,1715,424330,8361,75
424340,7889,9413,424350,8266,862
424360,8398,8250,424370,8236,1786
424380,8412,107,424390,7900,9487
424400,8313,714,424410,8405,8175
424420,8234,1750,424430,8387,53
424440,7921,9552,424450,8321,729
424460,8389,8149,424470,8252,1812
424480,8427,79,424490,7806,9499
424500,8290,838,424510,8426,8137
424520,8205,1791,424530,8451,148
424540,7781,9420,424550,8222,822
424560,8435,8035,424570,8240,1811
424580,8415,126,424590,7813,9549
424600,8326,741,424610,8417,7983
424620,8226,1776,424630,8406,114
424640,7889,9753,424650,8280,727
424660,8415,8121,424670,8252,1839
424680,8402,43,424690,7876,10031
424700,8341,745,424710,8399,8179
424720,8229,1839,424730,8459,105
424740,7801,10051,424750,8264,897
424760,8423,8195,424770,8201,1819
424780,8410,21,424790,7816,10140
424800,8258,838,424810,8407,8410
424820,8253,1872,424830,8439,145
424840,7874,10325,424850,8256,879
424860,8410,8487,424870,8218,1814
424880,8396,47,424890,7947,10579
424900,8287,725,424910,8386,8490
424920,8235,1842,424930,8414,94
424940,7930,10831,424950,8327,809
424960,8393,8558,424970,8220,1772
424980,8407,42,424990,7932,10917
425000,8275,759,425010,8403,8505
425020,8231,1756,425030,8439,90
425040,7892,10909,425050,8267,845
425060,8418,8403,425070,8190,1834
425080,8421,119,425090,7924,10868
425100,8219,722,425110,8402,8503
425120,8227,1856,425130,8397,92
425140,7954,10962,425150,8317,706
425160,8388,8347,425170,8221,1827
425180,8413,51,425190,7956,10970
425200,8280,681,425210,8404,8319
425220,8213,1767,425230,8411,27
425240,7897,10999,425250,8262,757
425260,8382,8158,425270,8226,1911
425280,8440,100,425290,7799,10940
425300,8229,792,425310,8411,8093
425320,8209,1955,425330,8407,56
425340,7839,10869,425350,8231,720
425360,8432,8045,425370,8228,2033
425380,8443,79,425390,7905,10906
425400,8307,692,425410,8448,8075
425420,8238,2025,425430,8374,11
425440,8002,11055,425450,8297,703
425460,8396,7942,425470,8259,2063
425480,8446,39,425490,7920,11116
425500,8299,745,425510,8424,7901
425520,8254,2062,425530,8433,9
425540,7893,11122,425550,8244,844
425560,8415,7798,425570,8186,2090
425580,8434,50,425590,7831,10979
425600,8263,848,425610,8449,7737
425620,8208,2102,425630,8401,25
425640,7902,10837,425650,8272,773
425660,8440,7566,425670,8205,2139
425680,8417,-11,425690,7994,10797
425700,8298,693,425710,8402,7221
425720,8232,2148,425730,8436,-4
425740,7962,10610,425750,8270,804
425760,8394,6922,425770,8187,2141
425780,8462,21,425790,7913,10488
425800,8263,703,425810,8425,6693
425820,8202,2100,425830,8466,59
425840,7824,10353,425850,8237,752
425860,8444,6595,425870,8177,2120
425880,8441,53,425890,7954,10442
425900,8253,749,425910,8385,6864
425920,8232,2131,425930,8435,48
425940,7984,11241,425950,8270,734
425960,8404,7588,425970,8210,2099
425980,8446,-4,425990,7954,12001
426000,8304,748,426010,8397,7796
426020,8229,2033,426030,8445,39
426040,7905,12072,426050,8233,737
426060,8417,7651,426070,8208,2081
426080,8431,44,426090,7835,11997
426100,8210,748,426110,8450,7583
426120,8217,2018,426130,8433,58
426140,7927,12011,426150,8221,771
426160,8470,7390,426170,8243,2098
426180,8439,22,426190,7974,12119
426200,8259,691,426210,8419,7455
426220,8177,2047,426230,8422,-4
426240,7966,12284,426250,8277,695
426260,8441,7444,426270,8226,2106
426280,8473,4,426290,7904,12569
426300,8291,784,426310,8413,7382
426320,8212,2047,426330,8464,17
426340,7886,12707,426350,8207,762
426360,8453,7304,426370,8236,2108
426380,8441,12,426390,7833,12772
426400,8261,805,426410,8426,7325
426420,8224,2181,426430,8444,8
426440,7971,12738,426450,8218,664
426460,8429,7240,426470,8194,2151
426480,8416,-38,426490,7978,12944
426500,8308,751,426510,8408,7160
426520,8205,2152,426530,8450,-10
426540,7911,12928,426550,8266,796
426560,8415,7059,426570,8183,2160
426580,8453,36,426590,7854,12945
426600,8266,732,426610,8416,7029
426620,8236,2345,426630,8462,23
426640,7821,12875,426650,8226,759
426660,8434,6998,426670,8184,2619
426680,8458,-7,426690,7872,12999
426700,8244,690,426710,8459,6694
426720,8214,2329,426730,8489,-80
426740,7922,13017,426750,8290,826
426760,8483,6436,426770,8184,2347
426780,8463,-57,426790,7992,12642
426800,8446,983,426810,8581,312
426820,8378,456,426830,8609,284
426840,8051,3537,426850,8400,437
426860,8524,256,426870,8335,478
426880,8616,337,426890,7991,3912
426900,8332,413,426910,8543,89
426920,8339,445,426930,8565,296
426940,8066,3563,426950,8347,396
426960,8552,47,426970,8338,487
426980,8570,314,426990,8040,4227
427000,8383,419,427010,8472,40
427020,8213,513,427030,8483,-79
427040,7990,5487,427050,8275,467
427060,8447,772,427070,8202,948
427080,8477,-62,427090,7840,8838
427100,8289,694,427110,8469,1403
427120,8232,544,427130,8493,-42
427140,7853,5871,427150,8253,477
427160,8453,237,427170,8181,628
427180,8459,-101,427190,7894,7444
427200,8302,765,427210,8500,955
427220,8195,663,427230,8455,-83
427240,8019,7250,427250,8301,909
427260,8487,2085,427270,8167,2182
427280,8500,-225,427290,7973,8620
427300,8312,756,427310,8495,1159
427320,8189,1071,427330,8524,-158
427340,7936,8413,427350,8276,673
427360,8500,127,427370,8230,1120
427380,8535,-172,427390,7822,7250
427400,8262,657,427410,8489,214
427420,8222,903,427430,8519,-159
427440,7874,7370,427450,8263,731
427460,8525,168,427470,8224,688
427480,8552,-191,427490,8033,7256
427500,8322,659,427510,8475,-62
427520,8172,653,427530,8530,-175
427540,8015,7309,427550,8298,683
427560,8503,-49,427570,8176,573
427580,8555,-213,427590,7981,7329
427600,8279,487,427610,8524,-25
427620,8242,613,427630,8557,-148
427640,7883,7236,427650,8339,491
427660,8512,-103,427670,8192,591
427680,8569,-143,427690,7900,7154
427700,8380,404,427710,8505,-29
427720,8267,620,427730,8505,-196
427740,8087,7090,427750,8274,451
427760,8507,-131,427770,8195,622
427780,8535,-157,427790,8099,7082
427800,8300,467,427810,8512,-27
427820,8201,583,427830,8532,-228
427840,8053,7137,427850,8296,496
427860,8503,-19,427870,8239,663
427880,8572,-216,427890,7927,7660
427900,8295,661,427910,8520,-56
427920,8236,600,427930,8574,-58
427940,7950,6735,427950,8315,446
427960,8559,-51,427970,8286,636
427980,8586,-148,427990,8016,6484
428000,8411,454,428010,8586,-36
428020,8270,572,428030,8586,20
428040,8117,6071,428050,8367,425
428060,8622,-34,428070,8296,512
428080,8681,264,428090,8161,5737
428100,8405,479,428110,8644,-6
428120,8286,529,428130,8680,311
428140,8063,5451,428150,8393,409
428160,8603,-32,428170,8317,515
428180,8654,250,428190,8018,5421
428200,8460,443,428210,8649,-25
428220,8383,505,428230,8712,282
428240,8170,4595,428250,8547,422
428260,8724,286,428270,8416,449
428280,8802,209,428290,8376,3486
428300,8636,390,428310,8832,312
428320,8525,434,428330,8907,185
428340,8426,2888,428350,8587,391
428360,8873,330,428370,8536,440
428380,8921,181,428390,8418,2934
428400,8549,391,428410,8851,327
428420,8623,431,428430,8912,205
428440,8397,3008,428450,8547,358
428460,8850,320,428470,8693,454
428480,8989,223,428490,8365,2823
428500,8562,350,428510,8824,316
428520,8634,452,428530,9044,181
428540,8539,2374,428550,8649,384
428560,8876,308,428570,8609,431
428580,8976,222,428590,8567,2348
428600,8688,360,428610,8965,327
428620,8726,440,428630,9190,180
428640,8786,1452,428650,8879,361
428660,9166,291,428670,8911,396
428680,9477,326,428690,9000,435
428700,9248,312,428710,9522,340
428720,9317,379,428730,10190,304
428740,9574,344,428750,10194,375
428760,10789,333,428770,10886,398
428780,12007,379,428790,11599,386
428800,12449,427,428810,13092,447
428820,12958,436,428830,13125,411
428840,12970,468,428850,13127,446
428860,12973,436,428870,13130,462
428880,12964,444,428890,13130,450
428900,12958,459,428910,13132,457
428920,12968,444,428930,13131,448
428940,12972,434,428950,13126,458
428960,12974,438,428970,13125,463
428980,12973,453,428990,13131,456
429000,12955,464,429010,13126,447
429020,12978,455,429030,13128,457
429040,12962,435,429050,13130,470
429060,12961,459,429070,12683,439
429080,12613,391,429090,11508,409
429100,10916,395,429110,10651,341
429120,10181,386,429130,10651,340
429140,10370,379,429150,10453,358
429160,10683,377,429170,10213,377
429180,10496,295,429190,9815,412
429200,9875,367,429210,10030,333
429220,9655,405,429230,10212,295
429240,9318,384,429250,9490,364
429260,9736,345,429270,9516,400
429280,10210,273,429290,9494,390
429300,9584,348,429310,9664,313
429320,9301,427,429330,9838,261
429340,9116,428,429350,9105,408
429360,9246,324,429370,9025,404
429380,9868,300,429390,9277,404
429400,9304,346,429410,9402,329
429420,9061,435,429430,9673,276
429440,9022,399,429450,9083,358
429460,9269,330,429470,9039,428
429480,9602,323,429490,8917,380
429500,8988,314,429510,9202,340
429520,8985,455,429530,9477,219
429540,8958,378,429550,9036,360
429560,9243,310,429570,8990,477
429580,9488,278,429590,9034,367
429600,9121,376,429610,9342,347
429620,9072,504,429630,9590,253
429640,9158,367,429650,9230,384
429660,9386,336,429670,9062,503
429680,9680,286,429690,9187,349
429700,9268,362,429710,9461,345
429720,9143,456,429730,9701,247
429740,9214,391,429750,9311,325
429760,9433,323,429770,9065,524
429780,9651,247,429790,9149,343
429800,9288,383,429810,9477,365
429820,9074,518,429830,9637,284
429840,9265,379,429850,9335,316
429860,9478,339,429870,8936,517
429880,9806,308,429890,9295,314
429900,9353,357,429910,9506,317
429920,8834,547,429930,9821,302
429940,9261,338,429950,9236,350
429960,9460,369,429970,8797,525
429980,9754,302,429990,9185,429
430000,9283,380,430010,9413,325
430020,8782,558,430030,9618,312
430040,9138,355,430050,9203,344
430060,9414,355,430070,8786,553
430080,9619,259,430090,9120,353
430100,9235,362,430110,9318,326
430120,8616,622,430130,9700,268
430140,9118,357,430150,9178,376
430160,9373,340,430170,8577,569
430180,9578,261,430190,9160,403
430200,9141,348,430210,9340,331
430220,8635,543,430230,9575,286
430240,9148,364,430250,9157,366
430260,9352,329,430270,8690,579
430280,9513,302,430290,9052,397
430300,9151,353,430310,9330,329
430320,8751,587,430330,9557,228
430340,9104,378,430350,9140,392
430360,9368,319,430370,8633,580
430380,9638,278,430390,9151,362
430400,9219,348,430410,9369,350
430420,8639,594,430430,9648,275
430440,9233,314,430450,9188,365
430460,9387,324,430470,8651,584
430480,9664,277,430490,9181,345
430500,9163,350,430510,9378,347
430520,8740,598,430530,9590,295
430540,9124,401,430550,9231,351
430560,9392,325,430570,8801,632
430580,9614,265,430590,9104,313
430600,9243,369,430610,9397,325
430620,8729,594,430630,9690,279
430640,9150,344,430650,9236,354
430660,9445,329,430670,8669,646
430680,9777,298,430690,9223,337
430700,9238,360,430710,9450,319
430720,8682,600,430730,9733,312
430740,9214,376,430750,9216,350
430760,9457,338,430770,8701,601
430780,9646,259,430790,9207,376
430800,9288,352,430810,9430,310
430820,8796,607,430830,9646,322
430840,9224,354,430850,9284,349
430860,9456,331,430870,8714,594
430880,9647,263,430890,9196,369
430900,9312,363,430910,9451,310
430920,8662,603,430930,9735,319
430940,9313,325,430950,9315,362
430960,9507,334,430970,8724,577
430980,9724,305,430990,9318,388
431000,9342,377,431010,9479,321
431020,8762,565,431030,9674,322
431040,9226,347,431050,9276,364
431060,9480,335,431070,8785,585
431080,9667,262,431090,9195,426
431100,9328,353,431110,9448,324
431120,8783,644,431130,9721,251
431140,9233,336,431150,9301,394
431160,9504,337,431170,8730,601
431180,9820,311,431190,9294,328
431200,9311,314,431210,9505,335
431220,8706,602,431230,9787,273
431240,9327,370,431250,9304,385
431260,9493,327,431270,8789,625
431280,9748,358,431290,9298,386
431300,9289,328,431310,9492,370
431320,8877,594,431330,9647,258
431340,9170,410,431350,9323,370
431360,9487,306,431370,8820,576
431380,9664,308,431390,9175,336
431400,9297,369,431410,9497,358
431420,8720,551,431430,9700,290
431440,9272,396,431450,9273,340
431460,9487,307,431470,8632,653
431480,9806,303,431490,9328,325
431500,9332,374,431510,9521,353
431520,8760,559,431530,9755,288
431540,9349,399,431550,9337,356
431560,9559,330,431570,8854,634
431580,9626,280,431590,9311,334
431600,9346,384,431610,9515,339
431620,8847,616,431630,9681,267
431640,9283,312,431650,9365,332
431660,9540,355,431670,8736,639
431680,9763,273,431690,9325,378
431700,9404,384,431710,9639,304
431720,8813,566,431730,9918,302
431740,9375,417,431750,9309,344
431760,9559,360,431770,8831,599
431780,9899,244,431790,9479,320
431800,9516,350,431810,9673,314
431820,8981,510,431830,9981,311
431840,9531,283,431850,9484,363
431860,9697,360,431870,9044,496
431880,9776,281,431890,9403,324
431900,9387,376,431910,9560,324
431920,8789,614,431930,9788,277
431940,9259,343,431950,9261,363
431960,9436,327,431970,8550,643
431980,9645,293,431990,9216,381
432000,9198,367,432010,9362,304
432020,8644,607,432030,9675,295
432040,9168,344,432050,9081,361
432060,9184,341,432070,8444,761
432080,9296,302,432090,8881,368
432100,8819,341,432110,9006,330
432120,8311,1074,432130,9059,247
432140,8666,354,432150,8693,430
432160,8915,270,432170,8127,1306
432180,9050,256,432190,8602,469
432200,8619,387,432210,8800,335
432220,7951,1559,432230,9047,261
432240,8557,1540,432250,8536,400
432260,8692,279,432270,7826,1761
432280,8990,242,432290,8504,2404
432300,8442,459,432310,8662,336
432320,7925,1909,432330,8838,254
432340,8460,3003,432350,8411,426
432360,8608,303,432370,7901,2121
432380,8782,204,432390,8354,3196
432400,8420,478,432410,8636,350
432420,7928,2042,432430,8803,204
432440,8388,3492,432450,8385,416
432460,8596,325,432470,7817,2267
432480,8879,195,432490,8380,3521
432500,8401,457,432510,8601,320
432520,7770,2194,432530,8837,290
432540,8446,3440,432550,8386,430
432560,8602,324,432570,7854,2248
432580,8813,212,432590,8447,3361
432600,8373,463,432610,8589,308
432620,7874,2167,432630,8665,289
432640,8388,3245,432650,8342,446
432660,8605,349,432670,7881,2297
432680,8656,252,432690,8397,3543
432700,8341,440,432710,8532,302
432720,7738,2375,432730,8696,344
432740,8359,3732,432750,8322,458
432760,8563,331,432770,7711,2414
432780,8716,330,432790,8428,3813
432800,8328,456,432810,8513,165
432820,7746,2458,432830,8643,336
432840,8415,3878,432850,8341,458
432860,8576,141,432870,7781,2499
432880,8592,344,432890,8416,3935
432900,8325,452,432910,8536,120
432920,7752,2583,432930,8672,307
432940,8370,3950,432950,8353,506
432960,8572,159,432970,7711,2578
432980,8681,252,432990,8390,3916
433000,8323,426,433010,8477,120
433020,7703,2605,433030,8750,267
433040,8341,3980,433050,8349,490
433060,8498,87,433070,7756,2656
433080,8727,291,433090,8323,4005
433100,8322,471,433110,8542,102
433120,7807,2719,433130,8599,262
433140,8282,4023,433150,8336,489
433160,8554,-6,433170,7860,2825
433180,8617,245,433190,8468,4070
433200,8325,475,433210,8566,122
433220,7801,2875,433230,8627,226
433240,8414,4301,433250,8323,447
433260,8507,3,433270,7736,2996
433280,8649,247,433290,8394,4344
433300,8358,472,433310,8550,35
433320,7710,3002,433330,8639,318
433340,8371,4423,433350,8338,446
433360,8540,-37,433370,7809,3124
433380,8352,397,433390,8321,4498
433400,8350,500,433410,8563,-10
433420,7786,3204,433430,8313,430
433440,8421,4517,433450,8301,449
433460,8579,13,433470,7724,3375
433480,8359,356,433490,8411,4512
433500,8324,475,433510,8563,-48
433520,7667,3364,433530,8410,401
433540,8385,4582,433550,8339,458
433560,8528,74,433570,7668,3362
433580,8451,419,433590,8308,4557
433600,8349,501,433610,8498,-135
433620,7758,3381,433630,8441,494
433640,8371,4467,433650,8333,470
433660,8559,-74,433670,7821,3471
433680,8315,402,433690,8355,4566
433700,8317,473,433710,8512,-39
433720,7810,3532,433730,8266,389
433740,8397,4572,433750,8282,466
433760,8548,82,433770,7745,3623
433780,8347,427,433790,8383,4692
433800,8335,449,433810,8599,44
433820,7719,3610,433830,8466,424
433840,8320,4685,433850,8359,492
433860,8608,118,433870,7751,3730
433880,8362,493,433890,8321,4626
433900,8323,481,433910,8708,29
433920,7805,3755,433930,8232,487
433940,8403,4663,433950,8332,506
433960,8667,-8,433970,7766,3916
433980,8289,464,433990,8490,4790
434000,8275,455,434010,8709,51
434020,7704,3964,434030,8470,368
434040,8467,4802,434050,8334,494
434060,8680,107,434070,7588,3956
434080,8512,420,434090,8363,4709
434100,8339,473,434110,8549,35
434120,7679,4038,434130,8413,498
434140,8407,4703,434150,8336,481
434160,8512,-48,434170,7717,4087
434180,8318,442,434190,8398,4690
434200,8356,488,434210,8486,-15
434220,7771,4120,434230,8255,412
434240,8505,4590,434250,8311,456
434260,8479,-53,434270,7740,4154
434280,8287,359,434290,8441,4553
434300,8311,510,434310,8499,62
434320,7720,4056,434330,8336,415
434340,8460,4382,434350,8297,465
434360,8447,2,434370,7740,4132
434380,8353,420,434390,8364,4174
434400,8358,488,434410,8465,-76
434420,7800,4103,434430,8292,531
434440,8442,4104,434450,8313,476
434460,8527,12,434470,7930,4125
434480,8265,429,434490,8479,4042
434500,8259,485,434510,8515,-65
434520,7817,4219,434530,8254,392
434540,8515,4114,434550,8279,475
434560,8532,95,434570,7761,4320
434580,8317,410,434590,8473,4308
434600,8319,482,434610,8442,8
434620,7781,4319,434630,8331,447
434640,8439,4043,434650,8341,510
434660,8505,5,434670,7834,4283
434680,8349,469,434690,8444,3782
434700,8346,471,434710,8523,-43
434720,7883,4226,434730,8311,438
434740,8516,3532,434750,8333,500
434760,8542,98,434770,7820,4342
434780,8234,467,434790,8495,3907
434800,8285,479,434810,8463,169
434820,7798,4482,434830,8335,416
434840,8467,4216,434850,8305,510
434860,8425,125,434870,7852,4582
434880,8333,470,434890,8433,4232
434900,8285,506,434910,8446,108
434920,7910,4675,434930,8281,475
434940,8372,4307,434950,8294,532
434960,8379,43,434970,7873,4657
434980,8217,541,434990,8419,4102
435000,8262,510,435010,8452,159
435020,7893,4586,435030,8192,451
435040,8482,4072,435050,8254,522
435060,8434,214,435070,7874,4577
435080,8263,518,435090,8438,4067
435100,8233,547,435110,8378,102
435120,7901,4728,435130,8279,661
435140,8451,4427,435150,8253,540
435160,8313,113,435170,7947,5024
435180,8300,747,435190,8355,4678
435200,8280,797,435210,8385,23
435220,7868,5315,435230,8307,877
435240,8388,4941,435250,8224,1190
435260,8428,112,435270,7788,6269
435280,8216,730,435290,8438,5759
435300,8217,1595,435310,8439,133
435320,7780,6709,435330,8305,762
435340,8425,5865,435350,8257,502
435360,8452,261,435370,7893,4288
435380,8306,424,435390,8469,3316
435400,8275,502,435410,8432,65
435420,7878,4507,435430,8356,492
435440,8378,3895,435450,8208,574
435460,8405,-3,435470,7811,5083
435480,8261,682,435490,8368,4541
435500,8221,797,435510,8418,50
435520,7832,10138,435530,8243,899
435540,8421,9791,435550,8188,1494
435560,8442,118,435570,7809,12086
435580,8195,777,435590,8428,9541
435600,8231,1673,435610,8407,72
435620,7885,11064,435630,8292,706
435640,8434,9364,435650,8235,1630
435660,8470,78,435670,7919,11962
435680,8330,685,435690,8418,9460
435700,8235,1556,435710,8409,35
435720,7841,11617,435730,8292,702
435740,8400,9225,435750,8250,1762
435760,8446,32,435770,7760,11021
435780,8235,750,435790,8428,9096
435800,8207,1636,435810,8430,153
435820,7826,11494,435830,8225,674
435840,8431,9098,435850,8226,1581
435860,8419,102,435870,7855,11368
435880,8352,658,435890,8418,9179
435900,8213,1570,435910,8423,128
435920,7866,12118,435930,8283,674
435940,8451,9090,435950,8223,1692
435960,8402,12,435970,7867,12334
435980,8317,771,435990,8400,8942
436000,8230,1684,436010,8466,59
436020,7820,11883,436030,8220,737
436040,8432,8862,436050,8201,1755
436060,8438,86,436070,7774,11374
436080,8249,741,436090,8388,8671
436100,8204,1809,436110,8416,96
436120,7853,11550,436130,8271,720
436140,8442,8717,436150,8203,1770
436160,8427,98,436170,7971,11649
436180,8297,652,436190,8417,8692
436200,8214,1841,436210,8415,4
436220,7937,11494,436230,8346,790
436240,8410,8427,436250,8220,1950
436260,8430,20,436270,7887,11360
436280,8259,704,436290,8394,8522
436300,8239,1964,436310,8463,68
436320,7832,11598,436330,8252,799
436340,8431,8375,436350,8227,2013
436360,8428,13,436370,7851,11410
436380,8267,697,436390,8427,8156
436400,8221,2008,436410,8446,55
436420,7923,11119,436430,8302,696
436440,8435,7870,436450,8235,2127
436460,8437,35,436470,7941,11065
436480,8335,710,436490,8391,7821
436500,8244,2073,436510,8470,0
436520,7900,11099,436530,8269,772
436540,8412,7474,436550,8226,2141
436560,8468,60,436570,7778,10662
436580,8245,764,436590,8467,7046
436600,8191,2112,436610,8465,101
436620,7851,10342,436630,8233,733
436640,8436,6962,436650,8206,2191
436660,8429,3,436670,7871,10690
436680,8265,666,436690,8434,7324
436700,8197,2083,436710,8450,46
436720,7945,11162,436730,8263,791
436740,8402,7394,436750,8200,2132
436760,8430,-71,436770,7909,11206
436780,8293,688,436790,8407,7261
436800,8186,2084,436810,8507,77
436820,7833,11296,436830,8270,789
436840,8463,7280,436850,8228,2232
436860,8445,6,436870,7827,11104
436880,8270,778,436890,8442,6895
436900,8219,2266,436910,8438,-10
436920,7907,10658,436930,8271,681
436940,8460,6519,436950,8211,2210
436960,8479,28,436970,8001,10541
436980,8325,722,436990,8422,6203
437000,8251,2249,437010,8452,-24
437020,7950,10375,437030,8291,712
437040,8411,5870,437050,8174,2171
437060,8484,14,437070,7840,10246
437080,8240,683,437090,8463,5823
437100,8241,2231,437110,8469,38
437120,7831,10182,437130,8269,775
437140,8468,5721,437150,8206,2233
437160,8476,-13,437170,7881,10187
437180,8251,696,437190,8464,5598
437200,8233,2200,437210,8453,-25
437220,7895,10222,437230,8293,730
437240,8453,5454,437250,8188,2273
437260,8478,32,437270,7949,10327
437280,8288,726,437290,8450,5404
437300,8196,2289,437310,8457,-2
437320,7857,10395,437330,8262,815
437340,8458,5328,437350,8225,2446
437360,8498,12,437370,7879,10316
437380,8276,828,437390,8470,5240
437400,8218,2410,437410,8434,-4
437420,7886,10364,437430,8232,714
437440,8477,5196,437450,8219,2534
437460,8476,-15,437470,7931,10322
437480,8296,782,437490,8463,5165
437500,8200,2513,437510,8479,-19
437520,7932,10462,437530,8268,752
437540,8423,5044,437550,8185,2500
437560,8501,-77,437570,7848,10499
437580,8294,831,437590,8432,4918
437600,8222,2546,437610,8501,74
437620,7782,10453,437630,8243,845
437640,8470,4850,437650,8232,2653
437660,8444,-62,437670,7838,10377
437680,8243,780,437690,8474,4746
437700,8201,2616,437710,8481,18
437720,7876,10310,437730,8310,780
437740,8479,4742,437750,8194,2705
437760,8464,-50,437770,7938,10499
437780,8307,716,437790,8424,4608
437800,8165,2675,437810,8509,-41
437820,7894,10504,437830,8274,779
437840,8474,4498,437850,8175,2744
437860,8479,-6,437870,7835,10558
437880,8264,833,437890,8445,4501
437900,8202,2752,437910,8484,-18
437920,7921,10494,437930,8217,826
437940,8480,4361,437950,8178,2653
437960,8474,-14,437970,7940,10533
437980,8253,734,437990,8469,4231
438000,8192,2699,438010,8456,-52
438020,7960,10591,438030,8276,804
438040,8470,4068,438050,8140,2708
438060,8485,-36,438070,7907,10612
438080,8274,801,438090,8465,4161
438100,8195,2714,438110,8481,4
438120,7868,10601,438130,8231,773
438140,8455,3951,438150,8189,2769
438160,8488,-25,438170,7852,10542
438180,8275,806,438190,8486,4039
438200,8218,2877,438210,8464,-10
438220,7894,10471,438230,8273,848
438240,8457,3831,438250,8158,2914
438260,8470,-31,438270,7907,10436
438280,8256,845,438290,8473,3727
438300,8172,2911,438310,8493,-49
438320,8015,10371,438330,8325,831
438340,8474,3710,438350,8199,3046
438360,8489,6,438370,7982,10499
438380,8313,823,438390,8457,3657
438400,8181,2990,438410,8495,-25
438420,7951,10477,438430,8283,779
438440,8433,3513,438450,8218,3117
438460,8480,-23,438470,8036,10510
438480,8281,793,438490,8463,3465
438500,8178,3144,438510,8433,-65
438520,8057,10543,438530,8292,900
438540,8463,3374,438550,8144,3208
438560,8506,-100,438570,8081,10699
438580,8291,923,438590,8464,3299
438600,8169,3184,438610,8511,-48
438620,8007,10701,438630,8263,885
438640,8473,3299,438650,8171,3225
438660,8493,-9,438670,7936,10820
438680,8262,818,438690,8464,3171
438700,8203,3287,438710,8509,10
438720,7915,10760,438730,8294,852
438740,8474,3102,438750,8150,3332
438760,8465,-74,438770,7990,10764
438780,8218,820,438790,8461,3035
438800,8148,3317,438810,8490,-57
438820,8006,10768,438830,8277,924
438840,8483,2819,438850,8133,3327
438860,8507,7,438870,7941,10790
438880,8215,861,438890,8454,2768
438900,8167,3271,438910,8496,-46
438920,7942,10737,438930,8241,875
438940,8463,2622,438950,8171,3355
438960,8491,-29,438970,7953,10649
438980,8256,842,438990,8482,2672
439000,8200,3502,439010,8420,-78
439020,7963,10627,439030,8254,920
439040,8441,2576,439050,8108,3582
439060,8474,-62,439070,8049,10672
439080,8195,851,439090,8478,2543
439100,8149,3513,439110,8501,-71
439120,8044,10735,439130,8259,933
439140,8447,2298,439150,8141,3524
439160,8479,-56,439170,7988,10697
439180,8248,892,439190,8466,2229
439200,8195,3559,439210,8484,-42
439220,8006,10660,439230,8220,880
439240,8435,2086,439250,8286,3655
439260,8545,-324,439270,8024,10574
439280,8257,926,439290,8474,2118
439300,8225,3689,439310,8510,-329
439320,8128,10580,439330,8223,862
439340,8488,2029,439350,8179,3779
439360,8494,-90,439370,8064,10599
439380,8219,938,439390,8508,1989
439400,8177,3857,439410,8549,-309
439420,8090,10737,439430,8235,839
439440,8482,1902,439450,8185,3799
439460,8499,-40,439470,8025,10678
439480,8245,826,439490,8452,1780
439500,8203,3806,439510,8479,-36
439520,8085,10672,439530,8275,860
439540,8505,1698,439550,8185,3937
439560,8479,-67,439570,8145,10766
439580,8278,889,439590,8461,1585
439600,8156,3972,439610,8483,-120
439620,8134,10635,439630,8250,859
439640,8505,1453,439650,8140,4001
439660,8493,-420,439670,8127,10750
439680,8317,905,439690,8469,1437
439700,8174,4115,439710,8529,-332
439720,8087,10627,439730,8249,910
439740,8475,1265,439750,8137,4074
439760,8488,-238,439770,8118,10587
439780,8262,868,439790,8474,1154
439800,8140,4117,439810,8523,-329
439820,8144,10573,439830,8239,944
439840,8476,1067,439850,8093,4217
439860,8792,-456,439870,8143,10685
439880,8217,917,439890,8496,1030
439900,8151,4254,439910,8796,-502
439920,8158,10760,439930,8261,1017
439940,8461,927,439950,8108,4238
439960,8611,-259,439970,8128,10743
439980,8257,868,439990,8463,858
440000,8162,4186,440010,8581,-314
440020,8119,10721,440030,8266,915
440040,8473,752,440050,8184,4289
440060,8685,-370,440070,8120,10536
440080,8242,846,440090,8487,730
440100,8110,4200,440110,8682,-434
440120,8226,10538,440130,8247,962
440140,8480,638,440150,8187,4354
440160,8761,-456,440170,8154,10590
440180,8282,1089,440190,8487,660
440200,8224,4373,440210,8726,-338
440220,8181,10644,440230,8232,1043
440240,8468,458,440250,8215,4515
440260,8638,-473,440270,8121,10565
440280,8279,951,440290,8460,394
440300,8200,4474,440310,8690,-390
440320,8202,10576,440330,8232,938
440340,8462,260,440350,8166,4568
440360,8672,-492,440370,8239,10448
440380,8295,864,440390,8475,158
440400,8162,4664,440410,8747,-398
440420,8247,10541,440430,8213,976
440440,8492,136,440450,8159,4682
440460,8713,-351,440470,8196,10538
440480,8280,890,440490,8450,121
440500,8119,4693,440510,8673,-266
440520,8143,10464,440530,8212,928
440540,8464,124,440550,8039,4807
440560,8668,-432,440570,8187,10496
440580,8282,847,440590,8461,70
440600,7929,4872,440610,8715,-423
440620,8184,10449,440630,8266,885
440640,8490,80,440650,7800,4876
440660,8737,-307,440670,8199,10522
440680,8273,888,440690,8497,98
440700,7737,4939,440710,8687,-301
440720,8215,10486,440730,8263,1047
440740,8477,65,440750,7771,5012
440760,8622,-313,440770,8169,10537
440780,8273,952,440790,8441,95
440800,7766,5039,440810,8597,-396
440820,8179,10514,440830,8310,976
440840,8448,45,440850,7743,5026
440860,8681,-348,440870,8208,10413
440880,8242,900,440890,8470,78
440900,7681,5061,440910,8708,-310
440920,8242,10396,440930,8264,935
440940,8450,62,440950,7677,5152
440960,8686,-276,440970,8275,10426
440980,8270,966,440990,8451,98
441000,7777,5142,441010,8618,-227
441020,8214,10402,441030,8256,985
441040,8436,43,441050,7789,5211
441060,8619,-321,441070,8140,10394
441080,8233,1030,441090,8431,25
441100,7760,5270,441110,8680,-274
441120,8218,10427,441130,8257,1015
441140,8453,40,441150,7780,5401
441160,8657,-330,441170,8243,10511
441180,8279,923,441190,8452,58
441200,7744,5385,441210,8683,-222
441220,8241,10410,441230,8260,918
441240,8486,103,441250,7799,5420
441260,8605,-184,441270,8194,10556
441280,8269,944,441290,8450,66
441300,7790,5482,441310,8547,-251
441320,8184,10483,441330,8245,989
441340,8469,92,441350,7770,5579
441360,8603,-318,441370,8225,10540
441380,8288,881,441390,8433,54
441400,7697,5614,441410,8647,-361
441420,8253,10450,441430,8299,947
441440,8466,78,441450,7658,5575
441460,8684,-231,441470,8265,10491
441480,8226,871,441490,8437,90
441500,7715,5647,441510,8624,-245
441520,8240,10472,441530,8305,964
441540,8437,63,441550,7793,5666
441560,8591,-286,441570,8155,10525
441580,8214,978,441590,8404,62
441600,7780,5803,441610,8609,-341
441620,8165,10439,441630,8278,938
441640,8444,34,441650,7706,5783
441660,8666,-311,441670,8225,10426
441680,8234,900,441690,8470,78
441700,7744,5850,441710,8655,-280
441720,8279,10409,441730,8259,975
441740,8448,45,441750,7721,5906
441760,8699,-209,441770,8269,10393
441780,8235,947,441790,8458,117
441800,7780,5922,441810,8541,-289
441820,8212,10380,441830,8261,988
441840,8427,77,441850,7786,5971
441860,8599,-377,441870,8208,10301
441880,8294,933,441890,8465,88
441900,7712,5917,441910,8598,-348
441920,8266,10259,441930,8272,979
441940,8451,84,441950,7653,5999
441960,8671,-280,441970,8255,10258
441980,8242,1062,441990,8417,93
442000,7696,6026,442010,8675,-193
442020,8250,10312,442030,8220,980
442040,8424,45,442050,7756,6111
442060,8608,-249,442070,8189,10339
442080,8271,1009,442090,8440,83
442100,7740,6148,442110,8544,-272
442120,8163,10190,442130,8207,946
442140,8432,76,442150,7736,6219
442160,8603,-332,442170,8206,10182
442180,8240,979,442190,8440,67
442200,7707,6261,442210,8684,-332
442220,8273,10102,442230,8235,1126
442240,8430,116,442250,7730,6289
442260,8655,-267,442270,8260,10227
442280,8221,1119,442290,8401,71
442300,7750,6438,442310,8635,-261
442320,8246,10281,442330,8227,1158
442340,8455,70,442350,7749,6501
442360,8570,-342,442370,8238,10371
442380,8225,1132,442390,8420,79
442400,7720,6621,442410,8601,-384
442420,8217,10276,442430,8212,1144
442440,8408,103,442450,7646,6603
442460,8645,-378,442470,8248,10290
442480,8269,1134,442490,8409,84
442500,7631,6694,442510,8722,-324
442520,8272,10305,442530,8238,1177
442540,8432,41,442550,7677,6707
442560,8671,-190,442570,8272,10300
442580,8216,1151,442590,8431,53
442600,7747,6806,442610,8578,-305
442620,8240,10330,442630,8246,1222
442640,8447,14,442650,7692,6854
442660,8629,-335,442670,8245,10301
442680,8244,1187,442690,8462,104
442700,7686,6911,442710,8735,-301
442720,8270,10244,442730,8249,1186
442740,8413,29,442750,7699,6942
442760,8721,-314,442770,8282,10261
442780,8268,1164,442790,8447,55
442800,7710,6929,442810,8667,-242
442820,8249,10230,442830,8228,1189
442840,8468,63,442850,7783,7049
442860,8598,-310,442870,8216,10208
442880,8225,1173,442890,8459,57
442900,7751,7059,442910,8573,-350
442920,8277,10218,442930,8255,1189
442940,8446,97,442950,7652,7132
442960,8623,-362,442970,8278,10204
442980,8243,1136,442990,8415,78
443000,7646,7119,443010,8695,-324
443020,8262,10099,443030,8214,1126
443040,8429,54,443050,7634,7175
443060,8662,-224,443070,8261,10156
443080,8239,1151,443090,8456,79
443100,7713,7267,443110,8617,-68
443120,8262,10003,443130,8214,1272
443140,8470,103,443150,7762,7293
443160,8563,-118,443170,8285,10094
443180,8242,1113,443190,8412,43
443200,7701,7360,443210,8633,-273
443220,8272,10046,443230,8258,1197
443240,8435,144,443250,7639,7338
443260,8649,-195,443270,8218,10150
443280,8264,1132,443290,8402,49
443300,7707,7417,443310,8604,-123
443320,8283,9930,443330,8248,1268
443340,8411,8,443350,7689,7367
443360,8559,-134,443370,8251,9894
443380,8230,1156,443390,8484,85
443400,7825,7381,443410,8490,-192
443420,8314,9830,443430,8246,1198
443440,8451,100,443450,7712,7402
443460,8528,-215,443470,8293,9829
443480,8211,1152,443490,8420,75
443500,7710,7450,443510,8559,-172
443520,8310,9828,443530,8269,1264
443540,8404,15,443550,7675,7498
443560,8549,-192,443570,8295,9676
443580,8284,1210,443590,8457,94
443600,7656,7434,443610,8536,-106
443620,8285,9637,443630,8251,1217
443640,8446,38,443650,7712,7441
443660,8520,-121,443670,8253,9559
443680,8246,1261,443690,8463,63
443700,7621,7509,443710,8494,-95
443720,8322,9576,443730,8244,1312
443740,8443,173,443750,7653,7690
443760,8468,232,443770,8304,9778
443780,8281,1252,443790,8433,122
443800,7654,7731,443810,8590,-48
443820,8228,9687,443830,8235,1183
443840,8415,14,443850,7764,7765
443860,8582,41,443870,8256,9585
443880,8266,1279,443890,8473,114
443900,7808,7779,443910,8469,86
443920,8298,9452,443930,8240,1289
443940,8478,54,443950,7797,7801
443960,8488,94,443970,8321,9407
443980,8243,1319,443990,8452,122
444000,7651,7867,444010,8502,103
444020,8310,9444,444030,8203,1324
444040,8486,150,444050,7656,7848
444060,8505,252,444070,8301,9523
444080,8287,1241,444090,8530,221
444100,7676,7890,444110,8447,265
444120,8260,9324,444130,8240,1290
444140,8574,108,444150,7705,7922
444160,8370,361,444170,8326,9265
444180,8236,1293,444190,8559,142
444200,7712,7980,444210,8213,691
444220,8381,9166,444230,8231,1374
444240,8594,211,444250,7721,8077
444260,8386,323,444270,8389,9186
444280,8218,1285,444290,8410,175
444300,7745,8084,444310,8312,489
444320,8328,9175,444330,8250,1368
444340,8424,129,444350,7707,8080
444360,8352,621,444370,8303,9141
444380,8230,1326,444390,8367,95
444400,7778,8136,444410,8204,603
444420,8332,8985,444430,8220,1427
444440,8439,36,444450,7807,8163
444460,8190,608,444470,8406,8809
444480,8205,1392,444490,8413,113
444500,7734,8162,444510,8189,651
444520,8412,8816,444530,8238,1460
444540,8428,104,444550,7732,8221
444560,8241,821,444570,8393,8825
444580,8250,1451,444590,8438,125
444600,7697,8373,444610,8311,962
444620,8339,8968,444630,8245,1508
444640,8419,78,444650,7770,8549
444660,8265,952,444670,8330,8870
444680,8225,1515,444690,8470,60
444700,7800,8528,444710,8187,801
444720,8392,8695,444730,8212,1492
444740,8485,113,444750,7799,8607
444760,8180,843,444770,8416,8677
444780,8227,1482,444790,8473,186
444800,7744,8573,444810,8229,842
444820,8452,8552,444830,8221,1483
444840,8413,195,444850,7851,8625
444860,8282,880,444870,8416,8491
444880,8250,1507,444890,8379,166
444900,7851,8677,444910,8249,834
444920,8381,8360,444930,8242,1580
444940,8400,169,444950,7840,8753
444960,8158,854,444970,8413,8344
444980,8254,1504,444990,8388,200
445000,7762,8716,445010,8184,841
445020,8410,8199,445030,8240,1547
445040,8381,203,445050,7724,8633
445060,8274,823,445070,8446,8190
445080,8233,1622,445090,8302,231
445100,7819,8697,445110,8281,779
445120,8417,7950,445130,8237,1628
445140,8305,92,445150,7891,8716
445160,8313,764,445170,8372,7843
445180,8216,1628,445190,8345,95
445200,7856,8886,445210,8305,787
445220,8388,7861,445230,8213,1714
445240,8420,84,445250,7811,8925
445260,8259,813,445270,8442,7700
445280,8193,1592,445290,8385,159
445300,7833,8954,445310,8219,750
445320,8434,7760,445330,8212,1627
445340,8403,97,445350,7888,8929
445360,8300,771,445370,8421,7579
445380,8246,1631,445390,8433,54
445400,7861,9006,445410,8316,800
445420,8414,7510,445430,8250,1666
445440,8458,33,445450,7826,9086
445460,8329,739,445470,8389,7419
445480,8245,1740,445490,8466,72
445500,7711,9001,445510,8280,847
445520,8463,7373,445530,8230,1714
445540,8455,123,445550,7790,9046
445560,8293,746,445570,8433,7301
445580,8231,1733,445590,8417,97
445600,7866,9015,445610,8282,712
445620,8437,7106,445630,8219,1712
445640,8394,46,445650,7927,9038
445660,8299,702,445670,8399,6932
445680,8236,1798,445690,8393,13
445700,7950,9069,445710,8335,803
445720,8398,6751,445730,8199,1864
445740,8460,95,445750,7842,9184
445760,8240,736,445770,8412,6754
445780,8235,1819,445790,8445,94
445800,7861,9172,445810,8250,760
445820,8462,6729,445830,8206,1785
445840,8456,151,445850,7857,9231
445860,8297,677,445870,8437,6753
445880,8252,1844,445890,8391,67
445900,7923,9341,445910,8331,697
445920,8413,6498,445930,8267,1909
445940,8430,26,445950,7906,9372
445960,8306,732,445970,8428,6529
445980,8212,1829,445990,8421,-10
446000,7864,9455,446010,8246,720
446020,8458,6394,446030,8227,1935
446040,8479,80,446050,7798,9422
446060,8269,662,446070,8472,6287
446080,8216,1915,446090,8455,26
446100,7884,9375,446110,8291,719
446120,8482,6196,446130,8234,2007
446140,8438,2,446150,7924,9397
446160,8316,739,446170,8437,6026
446180,8220,2115,446190,8446,71
446200,7964,9502,446210,8246,709
446220,8414,5960,446230,8221,2130
446240,8473,-43,446250,7876,9639
446260,8264,752,446270,8422,5899
446280,8193,2102,446290,8467,40
446300,7847,9655,446310,8216,712
446320,8456,5754,446330,8172,2092
446340,8499,29,446350,7844,9623
446360,8271,711,446370,8437,5784
446380,8183,2128,446390,8469,11
446400,7912,9710,446410,8306,666
446420,8447,5722,446430,8224,2130
446440,8473,22,446450,7969,9837
446460,8322,674,446470,8436,5594
446480,8243,2149,446490,8477,30
446500,7896,9871,446510,8267,774
446520,8467,5445,446530,8192,2162
446540,8454,22,446550,7923,9833
446560,8246,696,446570,8440,5310
446580,8250,2215,446590,8442,22
446600,7891,9739,446610,8224,751
446620,8439,5124,446630,8208,2298
446640,8443,-10,446650,7915,9774
446660,8281,723,446670,8423,5026
446680,8236,2323,446690,8444,-32
446700,7931,9928,446710,8259,772
446720,8445,4945,446730,8211,2268
446740,8490,-2,446750,7862,9974
446760,8260,767,446770,8460,4904
446780,8212,2313,446790,8467,-9
446800,7804,10038,446810,8279,833
446820,8448,4767,446830,8216,2455
446840,8511,27,446850,7842,10033
446860,8215,763,446870,8452,4690
446880,8200,2371,446890,8472,-19
446900,7918,10072,446910,8269,731
446920,8445,4515,446930,8179,2485
446940,8470,-30,446950,7945,10152
446960,8273,755,446970,8435,4473
446980,8153,2457,446990,8471,-25
447000,7911,10114,447010,8260,711
447020,8454,4312,447030,8189,2559
447040,8495,-1,447050,7875,10054
447060,8292,877,447070,8477,4169
447080,8189,2667,447090,8478,84
447100,7899,9975,447110,8253,843
447120,8461,4039,447130,8202,2654
447140,8451,24,447150,7846,10037
447160,8245,851,447170,8456,3995
447180,8193,2649,447190,8462,-33
447200,7938,10162,447210,8234,777
447220,8474,3839,447230,8168,2720
447240,8470,-76,447250,7939,10379
447260,8229,820,447270,8464,3727
447280,8194,2834,447290,8498,0
447300,7885,10254,447310,8224,822
447320,8495,3661,447330,8195,2817
447340,8500,-16,447350,7910,10326
447360,8263,755,447370,8457,3538
447380,8214,2838,447390,8521,2
447400,7913,10236,447410,8297,863
447420,8478,3398,447430,8186,2897
447440,8499,-19,447450,7959,10320
447460,8248,825,447470,8451,3308
447480,8203,2958,447490,8465,-109
447500,8017,10329,447510,8299,897
447520,8475,3153,447530,8161,2978
447540,8513,-55,447550,7923,10220
447560,8317,821,447570,8469,3035
447580,8184,3125,447590,8481,-62
447600,7962,10222,447610,8267,918
447620,8461,2851,447630,8196,3158
447640,8479,-4,447650,7981,10271
447660,8314,814,447670,8465,2718
447680,8159,3132,447690,8464,-35
447700,7963,10374,447710,8327,848
447720,8457,2599,447730,8166,3323
447740,8476,-53,447750,7981,10484
447760,8251,846,447770,8475,2610
447780,8157,3304,447790,8465,-70
447800,7953,10540,447810,8232,878
447820,8479,2395,447830,8168,3420
447840,8496,-85,447850,7909,10442
447860,8277,885,447870,8473,2311
447880,8161,3323,447890,8482,-56
447900,7942,10340,447910,8262,852
447920,8472,2178,447930,8197,3507
447940,8512,-54,447950,8003,10270
447960,8279,898,447970,8481,2124
447980,8112,3499,447990,8498,-33
448000,8095,10372,448010,8264,871
448020,8493,1919,448030,8132,3576
448040,8506,-73,448050,8029,10325
448060,8209,859,448070,8487,1789
448080,8168,3615,448090,8505,-16
448100,8086,10311,448110,8263,882
448120,8490,1666,448130,8246,3651
448140,8503,-41,448150,8089,10263
448160,8302,869,448170,8459,1521
448180,8198,3817,448190,8569,-457
448200,8092,10282,448210,8264,939
448220,8492,1444,448230,8138,3828
448240,8522,-78,448250,8120,10335
448260,8271,849,448270,8453,1317
448280,8159,3890,448290,8525,-67
448300,8126,10301,448310,8264,878
448320,8497,1139,448330,8143,3819
448340,8512,-46,448350,8105,10342
448360,8256,830,448370,8487,1068
448380,8139,3922,448390,8525,-260
448400,8122,10222,448410,8265,988
448420,8489,956,448430,8165,3986
448440,8524,-182,448450,8121,10213
448460,8254,837,448470,8491,772
448480,8182,4017,448490,8520,-398
448500,8158,10207,448510,8268,877
448520,8486,599,448530,8140,3985
448540,8535,-446,448550,8137,10248
448560,8251,889,448570,8495,620
448580,8185,3990,448590,8723,-374
448600,8159,10313,448610,8269,955
448620,8462,391,448630,8198,4081
448640,8763,-411,448650,8138,10202
448660,8284,928,448670,8460,293
448680,8184,4045,448690,8746,-383
448700,8142,10150,448710,8275,936
448720,8460,169,448730,8168,4124
448740,8737,-407,448750,8169,10112
448760,8276,906,448770,8481,149
448780,8163,4139,448790,8764,-352
448800,8186,10123,448810,8290,917
448820,8461,86,448830,8163,4260
448840,8715,-334,448850,8189,10149
448860,8283,957,448870,8460,63
448880,8172,4315,448890,8634,-314
448900,8189,10281,448910,8242,874
448920,8480,106,448930,8092,4445
448940,8592,-502,448950,8133,10210
448960,8256,879,448970,8445,34
448980,7970,4509,448990,8641,-451
449000,8183,10154,449010,8267,894
449020,8471,76,449030,7765,4508
449040,8731,-360,449050,8179,10074
449060,8279,879,449070,8448,48
449080,7771,4530,449090,8717,-320
449100,8239,10071,449110,8257,931
449120,8470,70,449130,7742,4594
449140,8676,-334,449150,8209,10111
449160,8298,930,449170,8418,66
449180,7764,4673,449190,8645,-283
449200,8172,10086,449210,8299,962
449220,8467,53,449230,7755,4749
449240,8606,-410,449250,8199,10099
449260,8282,891,449270,8447,51
449280,7752,4804,449290,8676,-385
449300,8203,10038,449310,8301,1014
449320,8460,26,449330,7706,4856
449340,8682,-256,449350,8218,10092
449360,8250,973,449370,8443,56
449380,7735,4925,449390,8633,-287
449400,8220,10156,449410,8268,999
449420,8440,53,449430,7818,5081
449440,8625,-282,449450,8170,10159
449460,8230,967,449470,8459,89
449480,7812,5118,449490,8627,-333
449500,8191,10135,449510,8253,1030
449520,8441,36,449530,7767,5216
449540,8693,-257,449550,8208,10092
449560,8287,967,449570,8442,84
449580,7734,5230,449590,8684,-228
449600,8291,10145,449610,8277,955
449620,8452,75,449630,7745,5269
449640,8632,-266,449650,8202,10098
449660,8266,1002,449670,8437,83
449680,7780,5333,449690,8602,-301
449700,8240,10043,449710,8262,1022
449720,8431,85,449730,7779,5374
449740,8558,-326,449750,8227,10129
449760,8277,1025,449770,8442,48
449780,7754,5447,449790,8600,-370
449800,8222,10061,449810,8211,955
449820,8460,68,449830,7707,5519
449840,8633,-395,449850,8236,10104
449860,8228,998,449870,8452,20
449880,7735,5554,449890,8682,-119
449900,8234,10006,449910,8204,1019
449920,8469,88,449930,7791,5590
449940,8643,-182,449950,8193,9962
449960,8248,1011,449970,8439,63
449980,7779,5595,449990,8585,-305
450000,8200,9791,450010,8242,1098
450020,8460,80,450030,7769,5573
450040,8644,-368,450050,8273,9824
450060,8283,993,450070,8410,94
450080,7715,5692,450090,8657,-398
450100,8265,9927,450110,8272,1025
450120,8443,119,450130,7670,5847
450140,8655,-257,450150,8273,10020
450160,8270,975,450170,8425,105
450180,7725,5964,450190,8577,-280
450200,8252,10022,450210,8253,1081
450220,8423,82,450230,7744,6095
450240,8621,-270,450250,8251,10051
450260,8261,998,450270,8443,130
450280,7755,6197,450290,8644,-360
450300,8233,9930,450310,8257,1058
450320,8416,83,450330,7723,6148
450340,8694,-343,450350,8272,9973
450360,8228,1028,450370,8426,99
450380,7680,6249,450390,8655,-273
450400,8318,9860,450410,8221,1097
450420,8404,45,450430,7767,6379
450440,8635,-322,450450,8230,9906
450460,8241,1086,450470,8446,57
450480,7747,6341,450490,8568,-330
450500,8266,9947,450510,8288,1064
450520,8440,55,450530,7710,6437
450540,8614,-375,450550,8250,9827
450560,8240,1131,450570,8486,90
450580,7691,6451,450590,8672,-390
450600,8276,9897,450610,8282,1190
450620,8471,95,450630,7687,6582
450640,8678,-340,450650,8260,9780
450660,8237,1212,450670,8424,33
450680,7688,6578,450690,8688,-213
450700,8265,9711,450710,8193,1216
450720,8435,103,450730,7764,6661
450740,8617,-315,450750,8250,9730
450760,8266,1110,450770,8446,32
450780,7739,6761,450790,8634,-354
450800,8238,9798,450810,8196,1184
450820,8444,95,450830,7668,6934
450840,8662,-296,450850,8296,9887
450860,8221,1211,450870,8426,98
450880,7689,6939,450890,8638,-320
450900,8280,9776,450910,8263,1232
450920,8445,82,450930,7611,6955
450940,8644,-204,450950,8298,9728
450960,8254,1167,450970,8440,81
450980,7655,6967,450990,8592,-258
451000,8272,9650,451010,8254,1212
451020,8448,139,451030,7667,7019
451040,8608,-146,451050,8340,9559
451060,8229,1258,451070,8448,104
451080,7690,7197,451090,8616,-183
451100,8289,9587,451110,8245,1302
451120,8403,36,451130,7676,7185
451140,8637,-203,451150,8313,9595
451160,8255,1167,451170,8415,38
451180,7717,7319,451190,8582,-131
451200,8237,9611,451210,8247,1221
451220,8433,-15,451230,7729,7366
451240,8548,-173,451250,8293,9610
451260,8242,1227,451270,8474,52
451280,7705,7324,451290,8460,-29
451300,8328,9579,451310,8237,1279
451320,8481,101,451330,7677,7367
451340,8461,-39,451350,8278,9459
451360,8246,1268,451370,8479,146
451380,7650,7391,451390,8565,-109
451400,8284,9532,451410,8261,1250
451420,8428,59,451430,7683,7548
451440,8594,6,451450,8217,9490
451460,8235,1250,451470,8450,31
451480,7736,7652,451490,8535,309
451500,8270,9568,451510,8214,1365
451520,8442,-18,451530,7797,7822
451540,8440,244,451550,8262,9537
451560,8226,1248,451570,8463,124
451580,7776,7888,451590,8455,273
451600,8361,9510,451610,8207,1281
451620,8404,137,451630,7730,8004
451640,8450,227,451650,8318,9535
451660,8249,1308,451670,8476,123
451680,7666,8006,451690,8415,382
451700,8327,9435,451710,8244,1295
451720,8512,143,451730,7662,8030
451740,8293,550,451750,8317,9376
451760,8285,1391,451770,8441,88
451780,7723,8168,451790,8172,899
451800,8369,9322,451810,8233,1458
451820,8448,153,451830,7772,8208
451840,8246,649,451850,8421,9332
451860,8240,1344,451870,8407,102
451880,7790,8299,451890,8278,545
451900,8382,9262,451910,8235,1377
451920,8385,36,451930,7669,8356
451940,8204,814,451950,8368,9169
451960,8230,1449,451970,8384,53
451980,7831,8328,451990,8253,668
452000,8336,8988,452010,8252,1381
452020,8419,-16,452030,7766,8292
452040,8213,734,452050,8319,8857
452060,8231,1363,452070,8465,40
452080,7795,8312,452090,8220,890
452100,8383,8670,452110,8228,1479
452120,8463,27,452130,7706,8395
452140,8276,921,452150,8368,8681
452160,8225,1576,452170,8462,225
452180,7718,8413,452190,8297,886
452200,8417,8614,452210,8256,1619
452220,8416,147,452230,7759,8485
452240,8316,884,452250,8391,8488
452260,8236,1627,452270,8431,209
452280,7813,8561,452290,8279,943
452300,8420,8426,452310,8211,1598
452320,8390,176,452330,7834,8634
452340,8240,930,452350,8417,8363
452360,8232,1627,452370,8397,158
452380,7788,8670,452390,8166,935
452400,8434,8232,452410,8234,1555
452420,8370,240,452430,7774,8687
452440,8274,913,452450,8403,8220
452460,8248,1691,452470,8323,151
452480,7878,8742,452490,8343,1019
452500,8396,8109,452510,8220,1691
452520,8383,153,452530,7830,8717
452540,8269,897,452550,8397,8057
452560,8246,1723,452570,8410,84
452580,7817,8882,452590,8288,961
452600,8400,7935,452610,8190,1594
452620,8453,147,452630,7804,8910
452640,8267,875,452650,8418,7959
452660,8227,1637,452670,8420,101
452680,7856,8984,452690,8280,889
452700,8435,7711,452710,8217,1661
452720,8450,104,452730,7932,8990
452740,8334,852,452750,8414,7712
452760,8198,1613,452770,8405,102
452780,7874,9103,452790,8313,891
452800,8417,7558,452810,8216,1751
452820,8459,94,452830,7794,9111
452840,8289,853,452850,8444,7513
452860,8213,1685,452870,8417,103
452880,7817,9088,452890,8306,823
452900,8422,7426,452910,8231,1761
452920,8405,25,452930,7839,9122
452940,8282,799,452950,8434,7351
452960,8227,1711,452970,8414,80
452980,7875,9210,452990,8281,774
453000,8421,7210,453010,8221,1781
453020,8405,-1,453030,7906,9279
453040,8348,844,453050,8414,7116
453060,8213,1898,453070,8483,138
453080,7865,9271,453090,8287,786
453100,8443,6993,453110,8218,1848
453120,8449,80,453130,7940,9260
453140,8290,781,453150,8405,6846
453160,8211,1835,453170,8440,125
453180,7916,9236,453190,8331,812
453200,8445,6670,453210,8230,1900
453220,8434,79,453230,7921,9356
453240,8310,713,453250,8439,6628
453260,8227,1931,453270,8445,88
453280,7918,9354,453290,8304,860
453300,8449,6502,453310,8227,2035
453320,8454,50,453330,7830,9399
453340,8270,704,453350,8480,6374
453360,8235,2018,453370,8470,60
453380,7830,9359,453390,8275,792
453400,8471,6283,453410,8177,2018
453420,8450,35,453430,7878,9333
453440,8236,717,453450,8445,6181
453460,8207,2144,453470,8448,-11
453480,7954,9408,453490,8280,802
453500,8449,6079,453510,8178,2139
453520,8476,24,453530,7958,9502
453540,8267,722,453550,8424,5958
453560,8201,2087,453570,8455,-3
453580,7941,9543,453590,8281,785
453600,8424,5786,453610,8205,2165
453620,8495,117,453630,7879,9487
453640,8294,772,453650,8455,5727
453660,8217,2140,453670,8480,70
453680,7906,9563,453690,8316,741
453700,8453,5640,453710,8219,2391
453720,8465,59,453730,7871,9577
453740,8289,762,453750,8473,5531
453760,8218,2247,453770,8456,41
453780,7950,9673,453790,8317,728
453800,8446,5398,453810,8259,2298
453820,8455,-10,453830,7916,9760
453840,8300,758,453850,8449,5334
453860,8195,2251,453870,8456,-7
453880,7889,9807,453890,8262,796
453900,8444,5235,453910,8256,2349
453920,8467,-1,453930,7909,9822
453940,8263,839,453950,8465,5073
453960,8219,2385,453970,8471,32
453980,7872,9778,453990,8254,805
454000,8437,4962,454010,8225,2423
454020,8434,-22,454030,7912,9820
454040,8287,748,454050,8418,4771
454060,8207,2390,454070,8482,11
454080,7919,9790,454090,8262,746
454100,8449,4655,454110,8188,2452
454120,8460,-2,454130,7857,9925
454140,8286,777,454150,8442,4571
454160,8206,2536,454170,8468,-5
454180,7839,10028,454190,8267,823
454200,8471,4556,454210,8209,2664
454220,8470,57,454230,7879,10148
454240,8305,723,454250,8448,4420
454260,8204,2687,454270,8447,-15
454280,7912,10107,454290,8296,833
454300,8479,4229,454310,8190,2684
454320,8475,11,454330,7936,10185
454340,8280,765,454350,8463,4134
454360,8205,2763,454370,8458,-13
454380,7859,10265,454390,8267,769
454400,8477,3981,454410,8181,2726
454420,8478,56,454430,7833,10204
454440,8281,803,454450,8501,3919
454460,8239,2774,454470,8453,10
454480,7843,10237,454490,8273,823
454500,8471,3727,454510,8182,2812
454520,8464,-41,454530,7903,10177
454540,8236,790,454550,8480,3621
454560,8190,2805,454570,8433,-32
454580,7943,10288,454590,8258,797
454600,8465,3513,454610,8208,2996
454620,8503,-29,454630,7910,10320
454640,8274,789,454650,8481,3351
454660,8171,2903,454670,8497,-37
454680,7877,10347,454690,8220,819
454700,8456,3248,454710,8211,3014
454720,8503,1,454730,7897,10344
454740,8276,854,454750,8479,3177
454760,8217,3042,454770,8500,37
454780,7943,10379,454790,8319,834
454800,8471,2969,454810,8210,3240
454820,8474,-69,454830,7956,10406
454840,8273,930,454850,8466,2814
454860,8193,3261,454870,8476,-24
454880,7994,10459,454890,8314,901
454900,8473,2821,454910,8206,3236
454920,8481,-71,454930,7925,10469
454940,8311,861,454950,8460,2603
454960,8181,3249,454970,8480,-51
454980,7909,10347,454990,8261,893
455000,8461,2503,455010,8161,3328
455020,8472,3,455030,7968,10391
455040,8199,930,455050,8462,2370
455060,8146,3397,455070,8465,-53
455080,7998,10342,455090,8227,921
455100,8464,2244,455110,8179,3571
455120,8484,-73,455130,8022,10407
455140,8241,851,455150,8469,2158
455160,8152,3434,455170,8475,-102
455180,8007,10317,455190,8244,908
455200,8469,1968,455210,8170,3511
455220,8538,2,455230,8004,10240
455240,8223,937,455250,8475,1924
455260,8219,3587,455270,8494,-63
455280,7994,10261,455290,8279,929
455300,8471,1683,455310,8145,3639
455320,8510,-55,455330,8071,10225
455340,8250,851,455350,8463,1629
455360,8194,3694,455370,8476,-86
455380,8111,10329,455390,8254,917
455400,8466,1501,455410,8191,3781
455420,8524,-69,455430,8115,10297
455440,8277,870,455450,8470,1369
455460,8203,3830,455470,8509,-286
455480,8101,10321,455490,8296,890
455500,8457,1155,455510,8148,3882
455520,8509,-288,455530,8081,10297
455540,8275,876,455550,8484,1169
455560,8131,3880,455570,8508,-144
455580,8120,10224,455590,8295,892
455600,8467,955,455610,8123,3959
455620,8510,-387,455630,8147,10244
455640,8279,898,455650,8512,824
455660,8111,3952,455670,8808,-508
455680,8090,10320,455690,8248,958
455700,8486,713,455710,8129,4049
455720,8584,-391,455730,8129,10332
455740,8271,940,455750,8471,660
455760,8156,4031,455770,8665,-420
455780,8183,10228,455790,8227,915
455800,8502,472,455810,8189,4046
455820,8748,-535,455830,8186,10164
455840,8249,934,455850,8451,393
455860,8144,4019,455870,8774,-522
455880,8192,10201,455890,8292,939
455900,8484,228,455910,8172,4094
455920,8843,-457,455930,8179,10277
455940,8289,938,455950,8463,177
455960,8226,4160,455970,8807,-375
455980,8172,10220,455990,8225,947
456000,8489,111,456010,8169,4246
456020,8719,-488,456030,8188,10174
456040,8243,893,456050,8474,86
456060,8150,4334,456070,8694,-474
456080,8192,10103,456090,8278,933
456100,8488,50,456110,8052,4397
456120,8710,-467,456130,8211,10142
456140,8238,957,456150,8481,96
456160,7898,4498,456170,8690,-484
456180,8200,10094,456190,8286,911
456200,8477,57,456210,7754,4545
456220,8694,-436,456230,8222,10096
456240,8261,886,456250,8459,67
456260,7763,4573,456270,8679,-425
456280,8230,10007,456290,8281,1030
456300,8416,18,456310,7727,4638
456320,8719,-387,456330,8198,9986
456340,8282,1000,456350,8454,44
456360,7746,4694,456370,8711,-346
456380,8227,10032,456390,8261,948
456400,8426,23,456410,7694,4767
456420,8700,-256,456430,8230,10006
456440,8296,963,456450,8464,32
456460,7743,4752,456470,8683,-292
456480,8256,10046,456490,8268,993
456500,8444,36,456510,7806,4868
456520,8588,-311,456530,8186,10007
456540,8294,984,456550,8437,56
456560,7720,4890,456570,8595,-354
456580,8254,10033,456590,8227,1002
456600,8459,49,456610,7715,5012
456620,8569,-377,456630,8230,9996
456640,8286,942,456650,8455,17
456660,7703,5020,456670,8663,-213
456680,8213,9894,456690,8246,949
456700,8471,78,456710,7737,5073
456720,8639,-208,456730,8252,10018
456740,8290,1023,456750,8457,29
456760,7723,5181,456770,8639,-148
456780,8186,9926,456790,8279,957
456800,8436,104,456810,7764,5188
456820,8580,-166,456830,8221,10054
456840,8319,945,456850,8408,83
456860,7750,5332,456870,8573,-245
456880,8204,9931,456890,8298,1028
456900,8469,56,456910,7737,5305
456920,8592,-200,456930,8242,9917
456940,8285,1018,456950,8446,41
456960,7706,5434,456970,8568,-246
456980,8252,9947,456990,8264,1106
457000,8449,60,457010,7766,5457
457020,8604,-113,457030,8228,9944
457040,8240,969,457050,8465,81
457060,7777,5531,457070,8561,-245
457080,8215,9918,457090,8271,1014
457100,8446,44,457110,7738,5562
457120,8632,-171,457130,8241,9883
457140,8256,1000,457150,8456,67
457160,7767,5669,457170,8606,-262
457180,8270,9913,457190,8279,1147
457200,8451,119,457210,7769,5772
457220,8612,-227,457230,8239,9964
457240,8216,1049,457250,8450,120
457260,7767,5788,457270,8577,-226
457280,8219,9993,457290,8247,997
457300,8419,82,457310,7778,5923
457320,8541,-244,457330,8209,9986
457340,8214,1026,457350,8425,95
457360,7775,5918,457370,8530,-312
457380,8230,9925,457390,8252,1075
457400,8425,102,457410,7729,6029
457420,8557,-367,457430,8233,9809
457440,8251,1093,457450,8441,58
457460,7726,6049,457470,8653,-222
457480,8283,9819,457490,8243,1097
457500,8405,76,457510,7731,6081
457520,8637,-227,457530,8255,9792
457540,8260,1059,457550,8418,27
457560,7775,6164,457570,8570,-222
457580,8268,9789,457590,8214,1149
457600,8431,59,457610,7777,6261
457620,8600,-375,457630,8192,9786
457640,8238,1211,457650,8422,34
457660,7764,6443,457670,8650,-323
457680,8241,9816,457690,8227,1217
457700,8458,90,457710,7748,6497
457720,8669,-360,457730,8233,9898
457740,8248,1232,457750,8416,89
457760,7680,6634,457770,8635,-312
457780,8274,9837,457790,8211,1298
457800,8432,74,457810,7681,6629
457820,8591,-121,457830,8250,9831
457840,8234,1240,457850,8433,109
457860,7745,6726,457870,8598,-163
457880,8220,9771,457890,8224,1331
457900,8446,57,457910,7784,6776
457920,8605,-146,457930,8232,9709
457940,8225,1273,457950,8420,96
457960,7732,6788,457970,8678,-351
457980,8305,9695,457990,8227,1274
458000,8415,56,458010,7772,6829
458020,8657,-272,458030,8279,9632
458040,8242,1191,458050,8407,44
458060,7698,6914,458070,8644,-237
458080,8263,9571,458090,8260,1325
458100,8422,32,458110,7680,7017
458120,8498,197,458130,8271,9648
458140,8264,1337,458150,8457,90
458160,7687,7097,458170,8382,273
458180,8339,9690,458190,8264,1352
458200,8444,103,458210,7679,7270
458220,8375,343,458230,8301,9708
458240,8269,1347,458250,8457,111
458260,7656,7303,458270,8519,-30
458280,8276,9611,458290,8253,1262
458300,8431,50,458310,7701,7314
458320,8553,-142,458330,8276,9539
458340,8293,1251,458350,8467,113
458360,7730,7377,458370,8571,-112
458380,8269,9563,458390,8242,1204
458400,8474,164,458410,7754,7422
458420,8524,-106,458430,8268,9561
458440,8265,1240,458450,8450,160
458460,7708,7600,458470,8608,26
458480,8319,9551,458490,8240,1295
458500,8467,214,458510,7678,7521
458520,8560,53,458530,8280,9555
458540,8276,1280,458550,8396,5
458560,7683,7610,458570,8534,251
458580,8267,9421,458590,8217,1278
458600,8505,123,458610,7679,7683
458620,8388,376,458630,8320,9409
458640,8247,1231,458650,8532,236
458660,7692,7852,458670,8202,868
458680,8329,9238,458690,8213,1449
458700,8494,109,458710,7729,7967
458720,8147,878,458730,8359,9452
458740,8214,1385,458750,8427,145
458760,7715,8117,458770,8136,879
458780,8298,9354,458790,8247,1504
458800,8415,110,458810,7689,8196
458820,8177,998,458830,8298,9355
458840,8217,1456,458850,8403,96
458860,7724,8176,458870,8180,974
458880,8338,9158,458890,8251,1506
458900,8383,32,458910,7702,8239
458920,8174,968,458930,8363,9134
458940,8225,1490,458950,8413,82
458960,7699,8294,458970,8187,966
458980,8363,9062,458990,8257,1538
459000,8464,126,459010,7676,8380
459020,8239,998,459030,8337,8940
459040,8237,1535,459050,8461,115
459060,7716,8386,459070,8239,970
459080,8335,8891,459090,8232,1533
459100,8463,122,459110,7751,8542
459120,8285,952,459130,8335,8829
459140,8231,1598,459150,8504,126
459160,7767,8522,459170,8248,975
459180,8409,8734,459190,8209,1576
459200,8429,103,459210,7748,8619
459220,8287,902,459230,8401,8671
459240,8241,1632,459250,8377,146
459260,7761,8632,459270,8199,985
459280,8447,8558,459290,8217,1473
459300,8362,171,459310,7691,8656
459320,8192,928,459330,8425,8505
459340,8246,1515,459350,8366,167
459360,7765,8681,459370,8199,962
459380,8407,8370,459390,8224,1554
459400,8364,127,459410,7780,8766
459420,8247,979,459430,8416,8251
459440,8216,1649,459450,8352,134
459460,7825,8845,459470,8257,912
459480,8401,8087,459490,8223,1636
459500,8425,133,459510,7879,8823
459520,8259,953,459530,8405,8023
459540,8228,1599,459550,8354,64
459560,7886,8860,459570,8317,952
459580,8374,7885,459590,8213,1790
459600,8410,96,459610,7866,8908
459620,8285,883,459630,8358,7801
459640,8211,1751,459650,8415,47
459660,7819,9010,459670,8282,918
459680,8416,7743,459690,8230,1796
459700,8464,86,459710,7777,9026
459720,8300,899,459730,8423,7695
459740,8208,1673,459750,8435,77
459760,7778,9138,459770,8257,846
459780,8435,7649,459790,8232,1721
459800,8453,80,459810,7862,9203
459820,8335,854,459830,8415,7503
459840,8222,1712,459850,8471,118
459860,7821,9166,459870,8315,841
459880,8411,7377,459890,8226,1795
459900,8445,69,459910,7893,9285
459920,8303,852,459930,8411,7290
459940,8226,1959,459950,8460,132
459960,7895,9274,459970,8267,851
459980,8466,7180,459990,8211,1860
460000,8446,102,460010,7870,9288
460020,8291,788,460030,8422,7075
460040,8198,1868,460050,8436,116
460060,7886,9309,460070,8328,835
460080,8431,6949,460090,8210,1909
460100,8449,109,460110,7874,9344
460120,8330,766,460130,8426,6895
460140,8242,1950,460150,8450,85
460160,7860,9382,460170,8299,862
460180,8430,6798,460190,8214,1951
460200,8451,79,460210,7919,9443
460220,8235,775,460230,8414,6721
460240,8216,2050,460250,8424,56
460260,7884,9539,460270,8306,863
460280,8468,6546,460290,8200,2093
460300,8443,15,460310,7907,9545
460320,8256,736,460330,8414,6454
460340,8226,2068,460350,8413,-7
460360,7980,9648,460370,8304,867
460380,8453,6321,460390,8214,2167
460400,8474,72,460410,7868,9558
460420,8249,813,460430,8451,6290
460440,8211,2199,460450,8431,6
460460,7867,9693,460470,8283,810
460480,8435,6030,460490,8201,2305
460500,8441,-8,460510,7847,9576
460520,8251,784,460530,8445,5945
460540,8186,2313,460550,8432,28
460560,7902,9664,460570,8257,760
460580,8432,5785,460590,8208,2395
460600,8441,-8,460610,7902,9700
460620,8302,779,460630,8429,5722
460640,8194,2333,460650,8433,4
460660,7948,9802,460670,8270,739
460680,8410,5582,460690,8229,2478
460700,8411,-33,460710,7924,9903
460720,8293,769,460730,8430,5482
460740,8211,2424,460750,8447,25
460760,7940,9821,460770,8264,839
460780,8445,5344,460790,8236,2465
460800,8465,-3,460810,7870,9853
460820,8268,771,460830,8440,5164
460840,8207,2500,460850,8452,23
460860,7920,9818,460870,8249,797
460880,8461,5023,460890,8213,2548
460900,8455,7,460910,7926,9932
460920,8309,733,460930,8440,4909
460940,8207,2591,460950,8495,7
460960,7861,10045,460970,8304,792
460980,8453,4870,460990,8198,2607
