LED1 Timestamp (ms),LED1_PD1,LED1_PD2,LED2 Timestamp (ms),LED2_PD1,LED2_PD2
89500,13158,13129,89510,13154,13134
89520,13142,13149,89530,13138,13147
89540,13136,13157,89550,13133,13147
89560,13134,13153,89570,13129,13145
89580,13129,13159,89590,13127,13144
89600,13133,13149,89610,13144,13155
89620,13147,13155,89630,13158,13168
89640,13154,13153,89650,13151,13163
89660,13154,13154,89670,13152,13167
89680,13156,13157,89690,13151,13158
89700,13146,13156,89710,13152,13153
89720,13148,13151,89730,13153,13161
89740,13155,13157,89750,13150,13154
89760,13151,13164,89770,13162,13155
89780,13157,13159,89790,13168,13159
89800,13162,13169,89810,13165,13156
89820,13154,13162,89830,13163,13159
89840,13170,13166,89850,13167,13168
89860,13179,13163,89870,13161,13158
89880,13169,13162,89890,13171,13171
89900,13164,13160,89910,13194,13182
89920,13165,13168,89930,13170,13166
89940,13174,13155,89950,13166,13158
89960,13167,13172,89970,13168,13154
89980,13176,13159,89990,13171,13172
90000,13164,13153,90010,13168,13163
90020,13174,13165,90030,13177,13169
90040,13161,13159,90050,13174,13173
90060,13167,13166,90070,13177,13164
90080,13167,13154,90090,13157,13156
90100,13174,13162,90110,13164,13151
90120,13175,13171,90130,13177,13164
90140,13166,13159,90150,13176,13172
90160,13172,13160,90170,13172,13161
90180,13178,13169,90190,13180,13170
90200,13170,13167,90210,13173,13168
90220,13172,13175,90230,13183,13177
90240,13175,13182,90250,13173,13165
90260,13176,13167,90270,13155,13159
90280,13167,13170,90290,13168,13154
90300,13163,13162,90310,13148,13145
90320,13174,13157,90330,13160,13154
90340,13151,13154,90350,13162,13150
90360,13151,13157,90370,13163,13162
90380,13168,13165,90390,13165,13152
90400,13159,13166,90410,13149,13164
90420,13157,13153,90430,13163,13163
90440,13165,13159,90450,13160,13152
90460,13149,13151,90470,13164,13154
90480,13163,13156,90490,13160,13164
90500,13170,13161,90510,13160,13174
90520,13164,13153,90530,13169,13163
90540,13170,13178,90550,13165,13158
90560,13160,13144,90570,13163,13143
90580,13170,13142,90590,13165,13137
90600,13155,13111,90610,13163,13125
90620,13156,13114,90630,13154,13095
90640,13163,13094,90650,13164,13100
90660,13153,13088,90670,13153,13141
90680,13149,13147,90690,13147,13148
90700,13148,13150,90710,13150,13156
90720,13140,13143,90730,13130,13141
90740,13131,13152,90750,13130,13150
90760,13138,13148,90770,13156,13153
90780,13149,13153,90790,13157,13163
90800,13158,13149,90810,13145,13151
90820,13148,13153,90830,13156,13148
90840,13157,13157,90850,13157,13159
90860,13153,13154,90870,13153,13157
90880,13155,13151,90890,13158,13163
90900,13150,13144,90910,13174,13165
90920,13164,13160,90930,13158,13151
90940,13153,13157,90950,13167,13149
90960,13151,13150,90970,13168,13153
90980,13159,13160,90990,13164,13157
91000,13163,13152,91010,13161,13148
91020,13161,13163,91030,13156,13158
91040,13170,13155,91050,13165,13164
91060,13173,13160,91070,13162,13148
91080,13159,13169,91090,13162,13165
91100,13168,13158,91110,13168,13161
91120,13159,13164,91130,13174,13164
91140,13170,13163,91150,13172,13164
91160,13166,13163,91170,13164,13163
91180,13168,13156,91190,13172,13162
91200,13170,13165,91210,13164,13161
91220,13160,13162,91230,13166,13161
91240,13176,13170,91250,13158,13163
91260,13164,13164,91270,13179,13178
91280,13177,13164,91290,13176,13153
91300,13169,13158,91310,13167,13161
91320,13157,13165,91330,13167,13162
91340,13158,13153,91350,13176,13164
91360,13161,13158,91370,13166,13147
91380,13161,13155,91390,13175,13161
91400,13173,13164,91410,13162,13151
91420,13161,13157,91430,13157,13156
91440,13158,13153,91450,13168,13160
91460,13165,13153,91470,13152,13158
91480,13162,13150,91490,13165,13156
91500,13157,13151,91510,13159,13159
91520,13156,13154,91530,13152,13151
91540,13163,13153,91550,13161,13157
91560,13159,13153,91570,13161,13162
91580,13163,13153,91590,13164,13152
91600,13163,13145,91610,13160,13150
91620,13157,13158,91630,13164,13160
91640,13170,13152,91650,13164,13162
91660,13163,13161,91670,13169,13151
91680,13168,13166,91690,13162,13155
91700,13170,13167,91710,13175,13157
91720,13175,13154,91730,13163,13140
91740,13172,13145,91750,13162,13142
91760,13175,13139,91770,13162,13128
91780,13157,13118,91790,13130,13111
91800,13161,13098,91810,13168,13090
91820,13155,13076,91830,13154,13093
91840,13153,13105,91850,13134,13100
91860,13116,13100,91870,13130,13145
91880,13133,13154,91890,13125,13141
91900,13124,13149,91910,13123,13160
91920,13127,13158,91930,13133,13151
91940,13137,13148,91950,13146,13159
91960,13145,13141,91970,13145,13152
91980,13150,13148,91990,13145,13159
92000,13152,13151,92010,13140,13147
92020,13151,13146,92030,13146,13155
92040,13157,13159,92050,13168,13157
92060,13168,13154,92070,13150,13159
92080,13161,13156,92090,13143,13146
92100,13130,13150,92110,13127,13137
92120,13133,13130,92130,13153,13152
92140,13114,13140,92150,13139,13154
92160,13137,13159,92170,13167,13155
92180,13166,13167,92190,13165,13159
92200,13163,13147,92210,13165,13150
92220,13164,13158,92230,13167,13162
92240,13158,13154,92250,13164,13152
92260,13160,13156,92270,13171,13161
92280,13156,13151,92290,13173,13157
92300,13163,13155,92310,13176,13157
92320,13164,13163,92330,13170,13160
92340,13166,13161,92350,13165,13158
92360,13160,13159,92370,13172,13152
92380,13172,13154,92390,13166,13156
92400,13169,13164,92410,13161,13154
92420,13176,13173,92430,13161,13171
92440,13178,13162,92450,13168,13169
92460,13167,13165,92470,13161,13159
92480,13166,13165,92490,13164,13154
92500,13163,13159,92510,13175,13166
92520,13167,13158,92530,13159,13153
92540,13175,13166,92550,13162,13167
92560,13167,13165,92570,13168,13161
92580,13170,13153,92590,13169,13157
92600,13175,13156,92610,13157,13154
92620,13171,13163,92630,13170,13157
92640,13169,13157,92650,13165,13160
92660,13166,13172,92670,13165,13157
92680,13174,13162,92690,13163,13161
92700,13162,13162,92710,13169,13163
92720,13172,13160,92730,13160,13146
92740,13158,13164,92750,13171,13159
92760,13167,13160,92770,13168,13159
92780,13164,13162,92790,13164,13152
92800,13164,13165,92810,13167,13163
92820,13154,13155,92830,13155,13160
92840,13178,13171,92850,13157,13155
92860,13163,13161,92870,13164,13163
92880,13168,13155,92890,13165,13156
92900,13166,13149,92910,13178,13159
92920,13161,13147,92930,13163,13143
92940,13165,13135,92950,13159,13138
92960,13156,13134,92970,13171,13131
92980,13165,13133,92990,13164,13144
93000,13146,13106,93010,13134,13111
93020,13133,13112,93030,13126,13095
93040,13117,13104,93050,13118,13114
93060,13109,13106,93070,13153,13161
93080,13142,13152,93090,13144,13167
93100,13155,13165,93110,13153,13157
93120,13159,13160,93130,13166,13168
93140,13167,13162,93150,13168,13157
93160,13155,13151,93170,13162,13168
93180,13167,13162,93190,13157,13152
93200,13152,13159,93210,13160,13160
93220,13162,13150,93230,13157,13170
93240,13164,13161,93250,13174,13166
93260,13176,13171,93270,13171,13164
93280,13174,13178,93290,13164,13172
93300,13158,13151,93310,13156,13138
93320,13141,13153,93330,13144,13149
93340,13144,13145,93350,13167,13160
93360,13148,13154,93370,13165,13154
93380,13168,13161,93390,13166,13159
93400,13175,13164,93410,13164,13157
93420,13175,13167,93430,13171,13160
93440,13177,13168,93450,13173,13168
93460,13159,13165,93470,13171,13164
93480,13166,13169,93490,13159,13152
93500,13168,13164,93510,13174,13156
93520,13178,13160,93530,13169,13154
93540,13163,13150,93550,13172,13164
93560,13172,13169,93570,13171,13166
93580,13159,13160,93590,13085,13080
93600,13162,13154,93610,13164,13153
93620,13162,13158,93630,13158,13151
93640,13161,13147,93650,13175,13162
93660,13160,13150,93670,13168,13165
93680,13174,13163,93690,13167,13162
93700,13165,13167,93710,13162,13147
93720,13161,13158,93730,13161,13160
93740,13156,13161,93750,13165,13160
93760,13158,13159,93770,13160,13158
93780,13173,13154,93790,13184,13168
93800,13167,13144,93810,13172,13168
93820,13179,13160,93830,13158,13151
93840,13167,13158,93850,13164,13157
93860,13171,13165,93870,13170,13164
93880,13176,13160,93890,13085,13123
93900,13167,13163,93910,13175,13162
93920,13157,13153,93930,13159,13166
93940,13163,13142,93950,13160,13156
93960,13160,13149,93970,13169,13160
93980,13156,13158,93990,13168,13158
94000,13168,13163,94010,13171,13165
94020,13154,13160,94030,13174,13157
94040,13164,13154,94050,13156,13156
94060,13165,13152,94070,13163,13136
94080,13165,13131,94090,13160,13127
94100,13158,13134,94110,13166,13121
94120,13157,13127,94130,13166,13129
94140,13172,13111,94150,13157,13111
94160,13149,13128,94170,13153,13129
94180,13135,13143,94190,13052,13082
94200,13120,13086,94210,13111,13082
94220,13099,13108,94230,13093,13116
94240,13089,13112,94250,13083,13073
94260,13084,13117,94270,13136,13155
94280,13135,13154,94290,13145,13149
94300,13141,13147,94310,13152,13148
94320,13150,13142,94330,13138,13148
94340,13145,13159,94350,13154,13154
94360,13147,13154,94370,13151,13153
94380,13155,13160,94390,13155,13154
94400,13145,13135,94410,13154,13149
94420,13145,13147,94430,13159,13151
94440,13150,13152,94450,13159,13158
94460,13159,13155,94470,13155,13166
94480,13155,13162,94490,13160,13150
94500,13163,13155,94510,13157,13151
94520,13149,13147,94530,13155,13149
94540,13172,13161,94550,13153,13151
94560,13155,13145,94570,13157,13158
94580,13156,13147,94590,13157,13153
94600,13150,13162,94610,13169,13152
94620,13159,13153,94630,13165,13158
94640,13166,13162,94650,13155,13150
94660,13163,13152,94670,13168,13148
94680,13163,13152,94690,13164,13150
94700,13162,13163,94710,13164,13149
94720,13157,13155,94730,13157,13147
94740,13161,13151,94750,13156,13154
94760,13151,13153,94770,13160,13160
94780,13154,13147,94790,13088,13081
94800,13160,13142,94810,13152,13143
94820,13151,13145,94830,13164,13136
94840,13168,13144,94850,13155,13155
94860,13154,13153,94870,13166,13153
94880,13168,13161,94890,13159,13158
94900,13170,13160,94910,13167,13159
94920,13165,13146,94930,13165,13151
94940,13165,13175,94950,13163,13154
94960,13172,13156,94970,13163,13162
94980,13157,13148,94990,13161,13150
95000,13161,13152,95010,13159,13156
95020,13162,13154,95030,13154,13149
95040,13156,13157,95050,13160,13160
95060,13156,13155,95070,13154,13155
95080,13169,13151,95090,13086,13083
95100,13163,13149,95110,13150,13150
95120,13161,13156,95130,13153,13159
95140,13161,13155,95150,13163,13147
95160,13159,13148,95170,13156,13148
95180,13156,13157,95190,13162,13152
95200,13154,13152,95210,13156,13150
95220,13167,13145,95230,13150,13137
95240,13158,13133,95250,13155,13133
95260,13158,13135,95270,13162,13125
95280,13149,13130,95290,13160,13130
95300,13153,13127,95310,13163,13120
95320,13154,13129,95330,13142,13138
95340,13134,13142,95350,13129,13138
95360,13122,13130,95370,13117,13129
95380,13132,13138,95390,13125,13143
95400,13110,13137,95410,13128,13150
95420,13126,13148,95430,13148,13163
95440,13150,13151,95450,13144,13149
95460,13143,13151,95470,13154,13146
95480,13156,13150,95490,13153,13153
95500,13150,13148,95510,13159,13150
95520,13151,13153,95530,13155,13159
95540,13153,13150,95550,13153,13147
95560,13158,13152,95570,13170,13150
95580,13148,13148,95590,13164,13168
95600,13163,13159,95610,13150,13153
95620,13160,13151,95630,13168,13160
95640,13164,13158,95650,13159,13161
95660,13156,13153,95670,13161,13150
95680,13167,13160,95690,13089,13092
95700,13151,13154,95710,13143,13140
95720,13143,13145,95730,13151,13148
95740,13150,13139,95750,13156,13151
95760,13172,13153,95770,13164,13159
95780,13160,13149,95790,13158,13162
95800,13166,13157,95810,13170,13163
95820,13160,13149,95830,13157,13161
95840,13164,13155,95850,13156,13145
95860,13162,13155,95870,13157,13159
95880,13159,13164,95890,13159,13155
95900,13157,13152,95910,13168,13152
95920,13164,13159,95930,13167,13159
95940,13165,13155,95950,13158,13150
95960,13153,13158,95970,13162,13160
95980,13160,13160,95990,13159,13148
96000,13162,13146,96010,13166,13152
96020,13162,13154,96030,13168,13155
96040,13162,13155,96050,13166,13158
96060,13166,13165,96070,13169,13160
96080,13162,13157,96090,13166,13165
96100,13165,13162,96110,13172,13162
96120,13164,13151,96130,13162,13165
96140,13159,13163,96150,13164,13146
96160,13169,13158,96170,13157,13154
96180,13163,13156,96190,13152,13154
96200,13171,13155,96210,13156,13148
96220,13153,13153,96230,13165,13155
96240,13159,13159,96250,13165,13155
96260,13155,13158,96270,13155,13156
96280,13155,13150,96290,13135,13138
96300,13160,13151,96310,13154,13139
96320,13153,13157,96330,13159,13156
96340,13142,13154,96350,13152,13146
96360,13162,13149,96370,13143,13147
96380,13156,13148,96390,13162,13139
96400,13153,13136,96410,13166,13134
96420,13150,13127,96430,13156,13111
96440,13153,13123,96450,13176,13125
96460,13157,13112,96470,13164,13114
96480,13150,13110,96490,13149,13124
96500,13145,13126,96510,13135,13137
96520,13128,13129,96530,13123,13137
96540,13120,13129,96550,13131,13145
96560,13116,13149,96570,13118,13148
96580,13122,13145,96590,13053,13107
96600,13082,13090,96610,13077,13116
96620,13103,13124,96630,13093,13104
96640,13091,13106,96650,13094,13124
96660,13154,13153,96670,13151,13152
96680,13153,13149,96690,13153,13152
96700,13155,13153,96710,13157,13155
96720,13157,13152,96730,13156,13159
96740,13160,13156,96750,13155,13168
96760,13153,13152,96770,13168,13167
96780,13153,13154,96790,13163,13149
96800,13160,13173,96810,13172,13157
96820,13151,13164,96830,13155,13148
96840,13166,13154,96850,13171,13167
96860,13152,13148,96870,13169,13159
96880,13172,13162,96890,13163,13160
96900,13151,13152,96910,13173,13166
96920,13163,13160,96930,13156,13161
96940,13162,13159,96950,13163,13145
96960,13166,13153,96970,13166,13151
96980,13152,13153,96990,13163,13150
97000,13161,13152,97010,13156,13143
97020,13169,13154,97030,13167,13162
97040,13161,13168,97050,13163,13163
97060,13153,13154,97070,13159,13160
97080,13165,13164,97090,13157,13163
97100,13161,13144,97110,13165,13156
97120,13176,13160,97130,13170,13158
97140,13158,13165,97150,13171,13164
97160,13172,13157,97170,13153,13158
97180,13173,13161,97190,13151,13154
97200,13166,13148,97210,13154,13151
97220,13160,13152,97230,13152,13157
97240,13166,13156,97250,13154,13148
97260,13155,13150,97270,13158,13137
97280,13156,13148,97290,13156,13156
97300,13161,13164,97310,13158,13152
97320,13156,13152,97330,13169,13156
97340,13157,13139,97350,13165,13150
97360,13164,13150,97370,13151,13146
97380,13160,13147,97390,13152,13159
97400,13164,13154,97410,13172,13163
97420,13152,13155,97430,13154,13153
97440,13166,13158,97450,13163,13151
97460,13162,13155,97470,13160,13151
97480,13166,13154,97490,13151,13145
97500,13165,13158,97510,13170,13152
97520,13164,13161,97530,13156,13149
97540,13176,13152,97550,13163,13144
97560,13162,13150,97570,13175,13146
97580,13155,13136,97590,13160,13129
97600,13158,13126,97610,13162,13128
97620,13155,13129,97630,13156,13121
97640,13155,13114,97650,13152,13124
97660,13145,13140,97670,13143,13153
97680,13135,13138,97690,13138,13144
97700,13137,13144,97710,13126,13143
97720,13131,13149,97730,13125,13159
97740,13127,13150,97750,13124,13150
97760,13132,13141,97770,13135,13151
97780,13144,13156,97790,13130,13136
97800,13086,13113,97810,13107,13122
97820,13107,13130,97830,13086,13119
97840,13093,13125,97850,13128,13134
97860,13152,13147,97870,13154,13150
97880,13148,13160,97890,13153,13152
97900,13170,13161,97910,13167,13157
97920,13156,13152,97930,13147,13151
97940,13146,13147,97950,13163,13154
97960,13151,13142,97970,13166,13151
97980,13155,13164,97990,13161,13164
98000,13153,13147,98010,13151,13160
98020,13162,13156,98030,13159,13153
98040,13165,13163,98050,13157,13163
98060,13158,13158,98070,13150,13157
98080,13160,13165,98090,13152,13134
98100,13156,13155,98110,13154,13145
98120,13154,13152,98130,13161,13145
98140,13148,13157,98150,13147,13157
98160,13163,13160,98170,13156,13153
98180,13152,13148,98190,13160,13151
98200,13155,13160,98210,13151,13147
98220,13161,13158,98230,13155,13150
98240,13152,13152,98250,13162,13162
98260,13162,13146,98270,13153,13150
98280,13153,13155,98290,13158,13151
98300,13165,13155,98310,13164,13152
98320,13168,13155,98330,13152,13154
98340,13169,13160,98350,13153,13159
98360,13149,13153,98370,13161,13158
98380,13167,13163,98390,13156,13152
98400,13162,13154,98410,13162,13164
98420,13160,13149,98430,13165,13154
98440,13160,13148,98450,13160,13160
98460,13161,13145,98470,13150,13154
98480,13158,13149,98490,13152,13149
98500,13149,13146,98510,13152,13151
98520,13158,13152,98530,13161,13141
98540,13155,13153,98550,13156,13145
98560,13151,13158,98570,13155,13146
98580,13154,13145,98590,13168,13149
98600,13152,13158,98610,13151,13148
98620,13150,13158,98630,13151,13147
98640,13163,13150,98650,13158,13148
98660,13156,13147,98670,13157,13151
98680,13153,13148,98690,13136,13136
98700,13147,13141,98710,13142,13140
98720,13148,13130,98730,13141,13127
98740,13149,13121,98750,13151,13110
98760,13157,13119,98770,13154,13115
98780,13154,13112,98790,13153,13115
98800,13164,13124,98810,13164,13111
98820,13150,13123,98830,13138,13127
98840,13134,13131,98850,13125,13127
98860,13131,13131,98870,13118,13131
98880,13121,13135,98890,13111,13143
98900,13132,13154,98910,13129,13136
98920,13114,13152,98930,13123,13146
98940,13131,13145,98950,13146,13145
98960,13154,13148,98970,13144,13152
98980,13156,13152,98990,13142,13146
99000,13143,13146,99010,13151,13153
99020,13151,13154,99030,13163,13163
99040,13164,13162,99050,13159,13152
99060,13157,13150,99070,13150,13151
99080,13158,13155,99090,13161,13149
99100,13150,13158,99110,13156,13157
99120,13162,13159,99130,13153,13161
99140,13166,13164,99150,13161,13156
99160,13163,13160,99170,13162,13149
99180,13163,13155,99190,13161,13153
99200,13165,13156,99210,13166,13166
99220,13164,13157,99230,13173,13156
99240,13165,13161,99250,13158,13150
99260,13157,13166,99270,13167,13154
99280,13173,13157,99290,13142,13143
99300,13155,13152,99310,13150,13155
99320,13160,13155,99330,13160,13150
99340,13154,13160,99350,13155,13157
99360,13158,13159,99370,13168,13153
99380,13169,13146,99390,13162,13149
99400,13165,13151,99410,13174,13154
99420,13162,13152,99430,13161,13150
99440,13169,13155,99450,13162,13156
99460,13153,13146,99470,13149,13160
99480,13161,13167,99490,13148,13155
99500,13147,13147,99510,13158,13150
99520,13163,13154,99530,13172,13145
99540,13156,13154,99550,13159,13149
99560,13151,13155,99570,13144,13151
99580,13153,13151,99590,13136,13142
99600,13153,13151,99610,13153,13144
99620,13154,13150,99630,13156,13156
99640,13148,13154,99650,13164,13147
99660,13165,13157,99670,13160,13155
99680,13161,13157,99690,13157,13148
99700,13161,13157,99710,13164,13162
99720,13163,13147,99730,13155,13153
99740,13167,13154,99750,13166,13150
99760,13152,13155,99770,13158,13159
99780,13157,13148,99790,13159,13155
99800,13158,13163,99810,13156,13155
99820,13157,13151,99830,13154,13142
99840,13158,13143,99850,13160,13161
99860,13160,13158,99870,13159,13152
99880,13170,13149,99890,13164,13135
99900,13178,13155,99910,13161,13144
99920,13158,13131,99930,13152,13138
99940,13153,13132,99950,13163,13120
99960,13162,13122,99970,13155,13124
99980,13146,13135,99990,13146,13141
100000,13133,13132,100010,13137,13143
100020,13125,13135,100030,13140,13151
100040,13129,13133,100050,13123,13140
100060,13130,13144,100070,13130,13146
100080,13143,13155,100090,13135,13143
100100,13139,13142,100110,13138,13133
100120,13136,13147,100130,13154,13156
100140,13148,13146,100150,13142,13150
100160,13147,13150,100170,13146,13155
100180,13143,13151,100190,13138,13144
100200,13128,13139,100210,13120,13134
100220,13109,13136,100230,13121,13131
100240,13126,13139,100250,13115,13130
100260,13152,13145,100270,13154,13153
100280,13145,13153,100290,13159,13141
100300,13168,13161,100310,13168,13164
100320,13163,13154,100330,13156,13151
100340,13154,13154,100350,13160,13146
100360,13155,13147,100370,13163,13163
100380,13156,13154,100390,13163,13153
100400,13156,13155,100410,13160,13160
100420,13162,13150,100430,13158,13149
100440,13155,13155,100450,13160,13151
100460,13158,13153,100470,13161,13155
100480,13155,13151,100490,13153,13147
100500,13161,13141,100510,13153,13152
100520,13167,13159,100530,13162,13158
100540,13156,13167,100550,13175,13152
100560,13169,13144,100570,13161,13157
100580,13155,13156,100590,13157,13146
100600,13159,13151,100610,13152,13143
100620,13158,13150,100630,13160,13154
100640,13152,13149,100650,13147,13144
100660,13161,13160,100670,13153,13142
100680,13154,13151,100690,13161,13151
100700,13162,13149,100710,13155,13145
100720,13159,13142,100730,13160,13153
100740,13157,13154,100750,13152,13149
100760,13159,13158,100770,13159,13153
100780,13154,13156,100790,13153,13140
100800,13159,13154,100810,13153,13141
100820,13159,13149,100830,13156,13147
100840,13150,13148,100850,13158,13149
100860,13159,13156,100870,13158,13154
100880,13155,13159,100890,13168,13161
100900,13170,13168,100910,13162,13145
100920,13165,13157,100930,13161,13160
100940,13154,13160,100950,13178,13157
100960,13169,13166,100970,13167,13147
100980,13169,13153,100990,13159,13155
101000,13162,13157,101010,13169,13155
101020,13167,13157,101030,13153,13160
101040,13160,13147,101050,13158,13149
101060,13166,13134,101070,13158,13129
101080,13167,13130,101090,13142,13110
101100,13148,13102,101110,13160,13091
101120,13155,13092,101130,13154,13077
101140,13155,13092,101150,13142,13090
101160,13150,13123,101170,13143,13126
101180,13131,13146,101190,13132,13145
101200,13127,13128,101210,13121,13136
101220,13131,13140,101230,13120,13148
101240,13120,13142,101250,13113,13147
101260,13115,13133,101270,13129,13139
101280,13143,13149,101290,13144,13147
101300,13137,13142,101310,13142,13148
101320,13149,13146,101330,13150,13155
101340,13145,13149,101350,13158,13151
101360,13155,13149,101370,13147,13144
101380,13154,13151,101390,13159,13166
101400,13145,13158,101410,13151,13166
101420,13155,13155,101430,13156,13150
101440,13159,13161,101450,13152,13151
101460,13153,13152,101470,13152,13153
101480,13160,13160,101490,13159,13151
101500,13159,13151,101510,13157,13162
101520,13163,13143,101530,13165,13149
101540,13165,13159,101550,13165,13153
101560,13164,13158,101570,13153,13154
101580,13170,13156,101590,13164,13162
101600,13157,13149,101610,13158,13160
101620,13158,13145,101630,13164,13157
101640,13164,13160,101650,13168,13166
101660,13176,13168,101670,13171,13160
101680,13164,13163,101690,13152,13158
101700,13155,13152,101710,13152,13148
101720,13156,13149,101730,13145,13157
101740,13156,13167,101750,13163,13165
101760,13162,13149,101770,13160,13157
101780,13160,13149,101790,13169,13163
101800,13163,13159,101810,13170,13163
101820,13155,13167,101830,13162,13151
101840,13171,13163,101850,13158,13157
101860,13159,13164,101870,13166,13157
101880,13160,13159,101890,13168,13167
101900,13179,13168,101910,13159,13157
101920,13159,13155,101930,13164,13164
101940,13153,13148,101950,13152,13154
101960,13159,13154,101970,13164,13161
101980,13164,13159,101990,13160,13157
102000,13159,13159,102010,13154,13152
102020,13160,13158,102030,13153,13150
102040,13157,13154,102050,13159,13148
102060,13164,13155,102070,13164,13162
102080,13166,13149,102090,13161,13158
102100,13165,13161,102110,13153,13166
102120,13155,13149,102130,13165,13142
102140,13163,13154,102150,13163,13143
102160,13157,13156,102170,13163,13154
102180,13159,13154,102190,13168,13163
102200,13153,13150,102210,13157,13142
102220,13157,13136,102230,13153,13138
102240,13153,13136,102250,13160,13138
102260,13164,13128,102270,13162,13135
102280,13160,13131,102290,13139,13086
102300,13163,13093,102310,13145,13093
102320,13140,13097,102330,13144,13086
102340,13129,13090,102350,13116,13106
102360,13140,13153,102370,13131,13140
102380,13129,13143,102390,13129,13150
102400,13126,13151,102410,13135,13164
102420,13144,13148,102430,13144,13145
102440,13148,13154,102450,13150,13153
102460,13152,13159,102470,13160,13145
102480,13157,13152,102490,13156,13162
102500,13157,13149,102510,13168,13155
102520,13157,13157,102530,13156,13162
102540,13155,13151,102550,13149,13155
102560,13155,13152,102570,13156,13165
102580,13152,13157,102590,13113,13134
102600,13139,13147,102610,13142,13151
102620,13137,13146,102630,13146,13139
102640,13144,13152,102650,13142,13150
102660,13162,13158,102670,13153,13149
102680,13150,13156,102690,13157,13160
102700,13168,13152,102710,13160,13156
102720,13161,13158,102730,13165,13157
102740,13150,13153,102750,13173,13149
102760,13153,13153,102770,13165,13171
102780,13161,13147,102790,13151,13148
102800,13159,13161,102810,13144,13148
102820,13157,13145,102830,13153,13154
102840,13157,13150,102850,13164,13159
102860,13167,13161,102870,13158,13145
102880,13160,13158,102890,13165,13165
102900,13168,13168,102910,13152,13144
102920,13156,13142,102930,13165,13153
102940,13161,13157,102950,13159,13157
102960,13159,13151,102970,13146,13145
102980,13161,13156,102990,13158,13154
103000,13158,13164,103010,13147,13133
103020,13166,13153,103030,13157,13156
103040,13160,13162,103050,13170,13153
103060,13161,13145,103070,13161,13152
103080,13158,13154,103090,13168,13170
103100,13154,13158,103110,13172,13158
103120,13154,13153,103130,13155,13154
103140,13161,13153,103150,13162,13158
103160,13162,13156,103170,13162,13155
103180,13159,13158,103190,13158,13153
103200,13149,13141,103210,13162,13153
103220,13165,13156,103230,13152,13151
103240,13145,13146,103250,13151,13153
103260,13157,13153,103270,13155,13142
103280,13154,13158,103290,13158,13153
103300,13166,13161,103310,13170,13154
103320,13164,13160,103330,13160,13161
103340,13161,13152,103350,13157,13148
103360,13157,13149,103370,13166,13145
103380,13144,13139,103390,13164,13136
103400,13157,13133,103410,13158,13128
103420,13159,13123,103430,13159,13118
103440,13156,13109,103450,13155,13125
103460,13164,13113,103470,13155,13117
103480,13143,13112,103490,13149,13135
103500,13138,13120,103510,13126,13131
103520,13130,13148,103530,13125,13146
103540,13117,13143,103550,13134,13152
103560,13121,13152,103570,13119,13149
103580,13131,13153,103590,13130,13151
103600,13143,13157,103610,13141,13153
103620,13146,13145,103630,13138,13146
103640,13146,13151,103650,13157,13145
103660,13143,13146,103670,13141,13151
103680,13164,13160,103690,13141,13150
103700,13155,13156,103710,13158,13157
103720,13162,13168,103730,13158,13159
103740,13157,13158,103750,13161,13160
103760,13163,13156,103770,13160,13153
103780,13152,13142,103790,13129,13155
103800,13137,13138,103810,13137,13139
103820,13143,13154,103830,13138,13142
103840,13154,13156,103850,13141,13152
103860,13172,13171,103870,13175,13167
103880,13169,13158,103890,13154,13151
103900,13182,13172,103910,13167,13161
103920,13168,13156,103930,13159,13161
103940,13159,13164,103950,13159,13160
103960,13163,13147,103970,13158,13150
103980,13165,13157,103990,13155,13153
104000,13154,13158,104010,13154,13146
104020,13156,13145,104030,13160,13153
104040,13156,13142,104050,13168,13158
104060,13164,13167,104070,13165,13149
104080,13150,13145,104090,13147,13149
104100,13144,13146,104110,13146,13165
104120,13153,13148,104130,13159,13147
104140,13156,13152,104150,13157,13152
104160,13164,13154,104170,13162,13157
104180,13174,13154,104190,13165,13154
104200,13161,13166,104210,13160,13154
104220,13150,13164,104230,13163,13162
104240,13163,13153,104250,13165,13163
104260,13168,13166,104270,13166,13165
104280,13157,13166,104290,13172,13166
104300,13170,13159,104310,13163,13160
104320,13157,13142,104330,13164,13158
104340,13171,13160,104350,13164,13161
104360,13169,13159,104370,13161,13153
104380,13161,13152,104390,13154,13153
104400,13167,13166,104410,13150,13159
104420,13161,13163,104430,13168,13169
104440,13161,13156,104450,13159,13162
104460,13163,13157,104470,13168,13159
104480,13155,13146,104490,13159,13146
104500,13157,13152,104510,13158,13164
104520,13161,13163,104530,13159,13162
104540,13161,13146,104550,13160,13119
104560,13156,13136,104570,13167,13135
104580,13163,13136,104590,13163,13136
104600,13153,13135,104610,13161,13119
104620,13167,13129,104630,13154,13123
104640,13146,13125,104650,13141,13143
104660,13141,13149,104670,13130,13142
104680,13140,13139,104690,13100,13083
104700,13113,13077,104710,13099,13098
104720,13097,13133,104730,13092,13120
104740,13095,13141,104750,13075,13112
104760,13155,13148,104770,13152,13145
104780,13148,13146,104790,13147,13143
104800,13151,13147,104810,13151,13159
104820,13148,13148,104830,13144,13140
104840,13150,13156,104850,13156,13147
104860,13153,13151,104870,13154,13149
104880,13158,13147,104890,13150,13155
104900,13161,13164,104910,13162,13145
104920,13154,13154,104930,13159,13150
104940,13155,13147,104950,13162,13155
104960,13163,13158,104970,13159,13158
104980,13157,13156,104990,13166,13162
105000,13152,13153,105010,13161,13153
105020,13160,13160,105030,13164,13149
105040,13163,13156,105050,13158,13156
105060,13151,13161,105070,13165,13161
105080,13168,13162,105090,13164,13151
105100,13158,13154,105110,13170,13159
105120,13166,13156,105130,13160,13159
105140,13161,13161,105150,13165,13153
105160,13164,13149,105170,13154,13150
105180,13164,13146,105190,13157,13146
105200,13163,13164,105210,13161,13167
105220,13168,13153,105230,13161,13149
105240,13162,13155,105250,13158,13158
105260,13174,13155,105270,13158,13159
105280,13168,13122,105290,13159,13150
105300,13157,13153,105310,13148,13145
105320,13152,13151,105330,13155,13151
105340,13156,13150,105350,13147,13155
105360,13159,13161,105370,13157,13150
105380,13154,13159,105390,13164,13148
105400,13150,13156,105410,13155,13154
105420,13162,13148,105430,13165,13156
105440,13165,13153,105450,13158,13149
105460,13167,13157,105470,13163,13156
105480,13158,13154,105490,13159,13155
105500,13161,13162,105510,13165,13150
105520,13155,13159,105530,13165,13163
105540,13160,13156,105550,13168,13164
105560,13169,13160,105570,13171,13162
105580,13091,13124,105590,13155,13155
105600,13155,13157,105610,13152,13151
105620,13151,13147,105630,13153,13147
105640,13154,13166,105650,13163,13142
105660,13151,13152,105670,13164,13160
105680,13162,13165,105690,13168,13139
105700,13160,13153,105710,13170,13137
105720,13156,13134,105730,13162,13132
105740,13158,13117,105750,13164,13130
105760,13159,13121,105770,13150,13116
105780,13161,13117,105790,13165,13113
105800,13163,13119,105810,13150,13109
105820,13143,13119,105830,13144,13129
105840,13130,13132,105850,13124,13150
105860,13137,13148,105870,13128,13145
105880,13074,13117,105890,13125,13154
105900,13129,13159,105910,13123,13147
105920,13138,13148,105930,13141,13161
105940,13144,13147,105950,13151,13155
105960,13147,13152,105970,13140,13157
105980,13155,13151,105990,13153,13158
106000,13146,13147,106010,13154,13153
106020,13153,13146,106030,13156,13152
106040,13149,13151,106050,13150,13144
106060,13134,13142,106070,13154,13151
106080,13159,13140,106090,13151,13152
106100,13160,13157,106110,13164,13156
106120,13161,13154,106130,13154,13162
106140,13163,13149,106150,13156,13150
106160,13158,13151,106170,13157,13156
106180,13091,13078,106190,13135,13148
106200,13137,13137,106210,13145,13147
106220,13146,13150,106230,13151,13149
106240,13141,13147,106250,13141,13145
106260,13151,13152,106270,13156,13163
106280,13160,13161,106290,13169,13172
106300,13166,13159,106310,13166,13160
106320,13156,13153,106330,13169,13160
106340,13170,13158,106350,13163,13160
106360,13167,13169,106370,13168,13160
106380,13163,13163,106390,13161,13154
106400,13157,13159,106410,13166,13158
106420,13162,13162,106430,13157,13149
106440,13163,13166,106450,13163,13153
106460,13153,13149,106470,13156,13158
106480,13157,13160,106490,13167,13151
106500,13177,13159,106510,13155,13157
106520,13149,13149,106530,13159,13153
106540,13164,13148,106550,13154,13150
106560,13166,13147,106570,13149,13152
106580,13158,13151,106590,13168,13150
106600,13151,13144,106610,13147,13148
106620,13160,13149,106630,13160,13142
106640,13154,13156,106650,13149,13157
106660,13157,13153,106670,13158,13151
106680,13155,13152,106690,13154,13150
106700,13157,13158,106710,13154,13158
106720,13156,13158,106730,13157,13149
106740,13151,13145,106750,13160,13148
106760,13163,13156,106770,13166,13153
106780,13089,13086,106790,13154,13151
106800,13161,13154,106810,13170,13158
106820,13161,13173,106830,13149,13144
106840,13148,13145,106850,13159,13156
106860,13170,13163,106870,13151,13144
106880,13157,13133,106890,13153,13136
106900,13169,13136,106910,13166,13136
106920,13160,13129,106930,13153,13131
106940,13161,13127,106950,13151,13119
106960,13166,13128,106970,13150,13125
106980,13148,13126,106990,13137,13143
107000,13133,13138,107010,13140,13144
107020,13138,13154,107030,13124,13145
107040,13132,13136,107050,13117,13131
107060,13132,13150,107070,13130,13146
107080,13050,13078,107090,13092,13117
107100,13082,13094,107110,13079,13110
107120,13097,13124,107130,13104,13134
107140,13106,13124,107150,13131,13152
107160,13148,13149,107170,13145,13154
107180,13151,13149,107190,13148,13153
107200,13155,13143,107210,13152,13147
107220,13147,13158,107230,13155,13149
107240,13150,13157,107250,13176,13153
107260,13152,13156,107270,13159,13157
107280,13158,13145,107290,13162,13156
107300,13152,13156,107310,13158,13156
107320,13149,13145,107330,13160,13154
107340,13166,13164,107350,13156,13155
107360,13157,13146,107370,13151,13147
107380,13153,13145,107390,13164,13155
107400,13152,13148,107410,13158,13156
107420,13166,13153,107430,13168,13151
107440,13168,13145,107450,13160,13163
107460,13164,13157,107470,13159,13158
107480,13156,13162,107490,13160,13146
107500,13168,13149,107510,13161,13156
107520,13154,13150,107530,13165,13149
107540,13159,13158,107550,13159,13157
107560,13156,13149,107570,13155,13161
107580,13153,13151,107590,13169,13159
107600,13163,13156,107610,13162,13159
107620,13154,13160,107630,13166,13158
107640,13164,13154,107650,13155,13155
107660,13155,13144,107670,13152,13154
107680,13086,13081,107690,13149,13147
107700,13160,13145,107710,13148,13148
107720,13146,13153,107730,13153,13143
107740,13153,13135,107750,13155,13164
107760,13153,13145,107770,13154,13148
107780,13163,13141,107790,13155,13163
107800,13159,13152,107810,13161,13157
107820,13157,13151,107830,13153,13156
107840,13149,13152,107850,13148,13147
107860,13156,13146,107870,13171,13145
107880,13157,13158,107890,13162,13150
107900,13154,13165,107910,13172,13150
107920,13166,13158,107930,13151,13146
107940,13170,13160,107950,13165,13158
107960,13154,13148,107970,13163,13154
107980,13160,13158,107990,13162,13156
108000,13162,13162,108010,13151,13152
108020,13145,13154,108030,13154,13151
108040,13159,13154,108050,13151,13129
108060,13155,13139,108070,13152,13117
108080,13156,13125,108090,13163,13130
108100,13144,13116,108110,13156,13114
108120,13165,13112,108130,13147,13112
108140,13151,13108,108150,13144,13126
108160,13139,13129,108170,13116,13136
108180,13131,13135,108190,13135,13133
108200,13126,13135,108210,13133,13151
108220,13102,13140,108230,13122,13152
108240,13119,13142,108250,13128,13141
108260,13130,13137,108270,13146,13147
108280,13127,13133,108290,13089,13116
108300,13101,13133,108310,13110,13128
108320,13081,13095,108330,13094,13123
108340,13090,13125,108350,13141,13148
108360,13154,13145,108370,13154,13154
108380,13147,13147,108390,13155,13151
108400,13158,13162,108410,13153,13154
108420,13160,13149,108430,13160,13155
108440,13153,13155,108450,13158,13148
108460,13152,13144,108470,13151,13158
108480,13160,13149,108490,13162,13142
108500,13150,13156,108510,13161,13156
108520,13162,13167,108530,13160,13154
108540,13169,13147,108550,13161,13156
108560,13160,13162,108570,13165,13163
108580,13144,13151,108590,13150,13146
108600,13148,13151,108610,13155,13147
108620,13166,13157,108630,13148,13149
108640,13157,13155,108650,13155,13157
108660,13165,13159,108670,13164,13152
108680,13169,13163,108690,13171,13157
108700,13160,13168,108710,13167,13152
108720,13165,13159,108730,13166,13159
108740,13159,13159,108750,13159,13157
108760,13161,13143,108770,13156,13150
108780,13165,13157,108790,13161,13153
108800,13148,13144,108810,13160,13156
108820,13154,13161,108830,13169,13159
108840,13167,13158,108850,13158,13154
108860,13162,13149,108870,13156,13143
108880,13166,13163,108890,13157,13146
108900,13172,13165,108910,13152,13153
108920,13160,13160,108930,13152,13160
108940,13159,13155,108950,13161,13159
108960,13166,13161,108970,13152,13161
108980,13159,13161,108990,13166,13158
109000,13168,13161,109010,13158,13154
109020,13159,13159,109030,13162,13151
109040,13159,13169,109050,13169,13158
109060,13158,13159,109070,13161,13157
109080,13158,13145,109090,13152,13149
109100,13163,13162,109110,13156,13153
109120,13160,13156,109130,13157,13157
109140,13154,13156,109150,13158,13157
109160,13154,13150,109170,13162,13146
109180,13143,13133,109190,13140,13140
109200,13155,13143,109210,13153,13133
109220,13152,13137,109230,13153,13121
109240,13155,13114,109250,13165,13114
109260,13155,13118,109270,13165,13137
109280,13155,13123,109290,13148,13109
109300,13154,13123,109310,13145,13134
109320,13132,13130,109330,13135,13115
109340,13126,13131,109350,13140,13134
109360,13131,13139,109370,13126,13153
109380,13119,13131,109390,13113,13145
109400,13124,13157,109410,13128,13148
109420,13141,13148,109430,13142,13149
109440,13143,13155,109450,13144,13146
109460,13146,13154,109470,13144,13151
109480,13142,13145,109490,13158,13155
109500,13149,13145,109510,13154,13157
109520,13147,13150,109530,13150,13146
109540,13155,13153,109550,13149,13145
109560,13152,13150,109570,13155,13150
109580,13153,13153,109590,13152,13150
109600,13150,13142,109610,13156,13150
109620,13159,13149,109630,13142,13145
109640,13150,13156,109650,13153,13141
109660,13150,13147,109670,13156,13150
109680,13151,13137,109690,13139,13152
109700,13152,13145,109710,13160,13145
109720,13151,13147,109730,13153,13141
109740,13156,13145,109750,13156,13162
109760,13154,13149,109770,13154,13148
109780,13137,13133,109790,13148,13148
109800,13149,13140,109810,13146,13145
109820,13152,13139,109830,13150,13144
109840,13146,13151,109850,13152,13155
109860,13155,13146,109870,13160,13156
109880,13161,13159,109890,13160,13161
109900,13158,13155,109910,13155,13169
109920,13150,13153,109930,13171,13151
109940,13155,13156,109950,13162,13152
109960,13159,13152,109970,13152,13155
109980,13161,13153,109990,13159,13144
110000,13161,13156,110010,13162,13150
110020,13162,13151,110030,13171,13160
110040,13155,13166,110050,13153,13160
110060,13162,13159,110070,13159,13149
110080,13136,13132,110090,13160,13152
110100,13154,13149,110110,13149,13153
110120,13158,13141,110130,13154,13152
110140,13165,13146,110150,13153,13151
110160,13160,13155,110170,13169,13156
110180,13166,13141,110190,13159,13149
110200,13165,13159,110210,13162,13159
110220,13155,13157,110230,13164,13150
110240,13160,13141,110250,13155,13152
110260,13167,13158,110270,13163,13155
110280,13169,13165,110290,13166,13162
110300,13163,13159,110310,13164,13150
110320,13156,13157,110330,13162,13155
110340,13175,13158,110350,13164,13155
110360,13154,13147,110370,13159,13141
110380,13163,13131,110390,13155,13126
110400,13158,13130,110410,13163,13129
110420,13161,13133,110430,13166,13118
110440,13154,13118,110450,13162,13118
110460,13157,13129,110470,13153,13124
110480,13146,13125,110490,13145,13135
110500,13136,13138,110510,13131,13144
110520,13123,13142,110530,13115,13141
110540,13122,13143,110550,13126,13150
110560,13105,13134,110570,13122,13145
110580,13128,13146,110590,13133,13150
110600,13134,13151,110610,13138,13137
110620,13142,13155,110630,13139,13149
110640,13151,13146,110650,13138,13154
110660,13150,13150,110670,13155,13151
110680,13132,13133,110690,13111,13139
110700,13113,13136,110710,13126,13148
110720,13133,13137,110730,13106,13126
110740,13128,13143,110750,13156,13158
110760,13153,13141,110770,13160,13150
110780,13156,13156,110790,13166,13156
110800,13147,13160,110810,13158,13142
110820,13169,13155,110830,13165,13169
110840,13161,13164,110850,13161,13161
110860,13165,13154,110870,13163,13154
110880,13157,13154,110890,13175,13162
110900,13167,13154,110910,13156,13158
110920,13164,13153,110930,13168,13163
110940,13157,13161,110950,13160,13160
110960,13162,13151,110970,13160,13164
110980,13159,13152,110990,13151,13155
111000,13169,13157,111010,13159,13148
111020,13154,13150,111030,13171,13165
111040,13151,13161,111050,13154,13152
111060,13166,13157,111070,13154,13161
111080,13158,13153,111090,13177,13161
111100,13163,13158,111110,13162,13164
111120,13158,13149,111130,13163,13154
111140,13162,13157,111150,13163,13160
111160,13154,13154,111170,13165,13160
111180,13163,13160,111190,13163,13149
111200,13161,13159,111210,13161,13156
111220,13149,13161,111230,13159,13153
111240,13148,13161,111250,13156,13151
111260,13164,13148,111270,13162,13156
111280,13149,13131,111290,13157,13144
111300,13155,13148,111310,13155,13155
111320,13142,13151,111330,13164,13148
111340,13152,13145,111350,13157,13149
111360,13160,13148,111370,13160,13153
111380,13167,13152,111390,13151,13156
111400,13155,13155,111410,13161,13145
111420,13159,13153,111430,13161,13164
111440,13158,13163,111450,13163,13165
111460,13161,13160,111470,13160,13161
111480,13164,13166,111490,13173,13165
111500,13169,13149,111510,13163,13156
111520,13159,13154,111530,13162,13155
111540,13157,13131,111550,13168,13146
111560,13150,13140,111570,13156,13130
111580,13147,13124,111590,13156,13102
111600,13157,13092,111610,13158,13094
111620,13151,13075,111630,13145,13096
111640,13133,13078,111650,13148,13150
111660,13139,13145,111670,13152,13153
111680,13142,13147,111690,13136,13153
111700,13133,13143,111710,13136,13157
111720,13144,13151,111730,13138,13142
111740,13146,13148,111750,13144,13145
111760,13145,13147,111770,13154,13156
111780,13147,13151,111790,13147,13155
111800,13144,13141,111810,13150,13149
111820,13145,13151,111830,13159,13155
111840,13154,13150,111850,13163,13167
111860,13161,13161,111870,13155,13149
111880,13157,13162,111890,13165,13163
111900,13153,13149,111910,13150,13154
111920,13157,13150,111930,13156,13153
111940,13160,13154,111950,13152,13154
111960,13170,13162,111970,13158,13163
111980,13169,13155,111990,13163,13158
112000,13165,13151,112010,13163,13157
112020,13152,13146,112030,13164,13164
112040,13161,13164,112050,13156,13161
112060,13148,13149,112070,13159,13156
112080,13165,13152,112090,13171,13164
112100,13163,13157,112110,13172,13164
112120,13179,13163,112130,13179,13164
112140,13164,13160,112150,13168,13165
112160,13156,13161,112170,13158,13169
112180,13166,13156,112190,13149,13160
112200,13155,13160,112210,13158,13156
112220,13162,13156,112230,13155,13159
112240,13167,13152,112250,13159,13159
112260,13165,13165,112270,13167,13169
112280,13171,13174,112290,13175,13150
112300,13171,13172,112310,13169,13155
112320,13163,13157,112330,13163,13160
112340,13164,13159,112350,13159,13154
112360,13164,13152,112370,13168,13161
112380,13156,13156,112390,13160,13155
112400,13169,13165,112410,13162,13155
112420,13165,13154,112430,13162,13161
112440,13154,13163,112450,13162,13157
112460,13164,13156,112470,13174,13155
112480,13163,13152,112490,13162,13156
112500,13177,13161,112510,13170,13154
112520,13172,13166,112530,13170,13155
112540,13172,13152,112550,13165,13164
112560,13158,13155,112570,13152,13149
112580,13167,13156,112590,13160,13154
112600,13154,13153,112610,13168,13157
112620,13165,13160,112630,13166,13168
112640,13167,13163,112650,13156,13166
112660,13158,13159,112670,13162,13161
112680,13162,13160,112690,13174,13157
112700,13170,13168,112710,13172,13145
112720,13166,13146,112730,13167,13133
112740,13165,13131,112750,13167,13129
112760,13152,13126,112770,13161,13116
112780,13157,13110,112790,13159,13119
112800,13154,13134,112810,13144,13125
112820,13142,13132,112830,13120,13138
112840,13127,13137,112850,13129,13147
112860,13125,13137,112870,13127,13137
112880,13114,13136,112890,13124,13153
112900,13115,13141,112910,13134,13142
112920,13144,13139,112930,13142,13134
112940,13139,13147,112950,13143,13151
112960,13145,13146,112970,13148,13140
112980,13147,13158,112990,13147,13146
113000,13150,13163,113010,13146,13148
113020,13158,13156,113030,13148,13151
113040,13158,13148,113050,13157,13141
113060,13148,13147,113070,13153,13158
113080,13135,13138,113090,13142,13132
113100,13145,13149,113110,13140,13146
113120,13147,13151,113130,13140,13140
113140,13137,13143,113150,13139,13150
113160,13148,13156,113170,13153,13155
113180,13140,13146,113190,13153,13146
113200,13151,13145,113210,13145,13145
113220,13163,13161,113230,13160,13155
113240,13157,13158,113250,13168,13153
113260,13159,13150,113270,13161,13153
113280,13155,13157,113290,13160,13148
113300,13160,13147,113310,13172,13155
113320,13158,13157,113330,13159,13152
113340,13168,13142,113350,13154,13161
113360,13156,13158,113370,13163,13158
113380,13158,13160,113390,13153,13151
113400,13161,13148,113410,13161,13159
113420,13154,13154,113430,13148,13155
113440,13144,13152,113450,13160,13140
113460,13166,13150,113470,13168,13152
113480,13164,13160,113490,13165,13161
113500,13161,13161,113510,13170,13145
113520,13167,13153,113530,13158,13156
113540,13162,13162,113550,13165,13157
113560,13173,13165,113570,13157,13160
113580,13163,13153,113590,13155,13153
113600,13167,13150,113610,13156,13159
113620,13167,13149,113630,13163,13146
113640,13161,13152,113650,13150,13152
113660,13161,13159,113670,13160,13159
113680,13156,13153,113690,13164,13151
113700,13162,13155,113710,13159,13159
113720,13159,13168,113730,13161,13165
113740,13153,13150,113750,13162,13152
113760,13168,13159,113770,13153,13149
113780,13165,13158,113790,13166,13163
113800,13161,13152,113810,13166,13159
113820,13170,13154,113830,13152,13154
113840,13158,13165,113850,13144,13148
113860,13161,13151,113870,13165,13143
113880,13161,13134,113890,13173,13141
113900,13168,13132,113910,13160,13135
113920,13161,13128,113930,13161,13130
113940,13154,13135,113950,13164,13117
113960,13161,13133,113970,13151,13141
113980,13140,13089,113990,13125,13098
114000,13141,13091,114010,13113,13085
114020,13098,13097,114030,13103,13119
114040,13097,13087,114050,13130,13139
114060,13134,13136,114070,13132,13143
114080,13150,13157,114090,13150,13155
114100,13136,13145,114110,13146,13154
114120,13158,13151,114130,13143,13151
114140,13153,13150,114150,13146,13144
114160,13160,13148,114170,13160,13147
114180,13158,13154,114190,13159,13152
114200,13156,13143,114210,13150,13146
114220,13144,13156,114230,13154,13151
114240,13155,13142,114250,13163,13159
114260,13158,13148,114270,13151,13143
114280,13141,13138,114290,13143,13138
114300,13146,13150,114310,13135,13156
114320,13131,13145,114330,13146,13163
114340,13147,13144,114350,13159,13158
114360,13158,13148,114370,13154,13143
114380,13155,13149,114390,13154,13156
114400,13157,13153,114410,13157,13158
114420,13164,13160,114430,13153,13153
114440,13159,13144,114450,13156,13153
114460,13150,13158,114470,13160,13154
114480,13177,13159,114490,13165,13158
114500,13151,13153,114510,13152,13146
114520,13161,13160,114530,13160,13153
114540,13155,13167,114550,13158,13143
114560,13160,13153,114570,13151,13140
114580,13150,13146,114590,13145,13148
114600,13148,13152,114610,13145,13144
114620,13161,13144,114630,13143,13134
114640,13152,13156,114650,13165,13161
114660,13165,13154,114670,13163,13155
114680,13152,13152,114690,13148,13150
114700,13161,13143,114710,13158,13147
114720,13155,13154,114730,13158,13161
114740,13160,13143,114750,13147,13152
114760,13158,13157,114770,13143,13145
114780,13153,13149,114790,13148,13153
114800,13150,13152,114810,13155,13146
114820,13167,13144,114830,13162,13147
114840,13151,13150,114850,13150,13149
114860,13143,13147,114870,13163,13156
114880,13161,13158,114890,13171,13171
114900,13160,13148,114910,13158,13156
114920,13162,13146,114930,13165,13151
114940,13150,13151,114950,13159,13155
114960,13157,13160,114970,13155,13153
114980,13157,13141,114990,13162,13155
115000,13165,13156,115010,13158,13154
115020,13155,13145,115030,13159,13138
115040,13162,13135,115050,13165,13127
115060,13162,13128,115070,13161,13125
115080,13164,13116,115090,13159,13116
115100,13157,13111,115110,13155,13107
115120,13160,13116,115130,13146,13127
115140,13139,13127,115150,13142,13136
115160,13120,13142,115170,13123,13135
115180,13106,13078,115190,13100,13073
115200,13093,13096,115210,13082,13106
115220,13090,13114,115230,13073,13079
115240,13080,13082,115250,13136,13144
115260,13148,13155,115270,13146,13146
115280,13145,13140,115290,13145,13148
115300,13143,13149,115310,13141,13148
115320,13150,13153,115330,13150,13147
115340,13148,13158,115350,13151,13156
115360,13155,13145,115370,13156,13144
115380,13148,13145,115390,13151,13151
115400,13159,13148,115410,13151,13144
115420,13153,13149,115430,13163,13149
115440,13152,13148,115450,13160,13147
115460,13150,13154,115470,13143,13141
115480,13162,13154,115490,13156,13166
115500,13157,13158,115510,13159,13160
115520,13160,13147,115530,13159,13143
115540,13155,13151,115550,13148,13153
115560,13160,13148,115570,13147,13153
115580,13157,13142,115590,13156,13159
115600,13152,13159,115610,13154,13157
115620,13156,13146,115630,13155,13152
115640,13163,13152,115650,13169,13161
115660,13170,13153,115670,13159,13144
115680,13161,13158,115690,13164,13154
115700,13157,13156,115710,13159,13160
115720,13160,13162,115730,13157,13160
115740,13168,13152,115750,13155,13147
115760,13161,13149,115770,13155,13147
115780,13152,13154,115790,13141,13150
115800,13163,13151,115810,13149,13144
115820,13163,13150,115830,13152,13143
115840,13163,13151,115850,13160,13154
115860,13152,13154,115870,13162,13154
115880,13164,13151,115890,13173,13171
115900,13153,13147,115910,13154,13151
115920,13160,13151,115930,13169,13161
115940,13162,13153,115950,13156,13152
115960,13164,13160,115970,13162,13158
115980,13156,13159,115990,13162,13163
116000,13161,13148,116010,13169,13158
116020,13163,13160,116030,13167,13153
116040,13160,13157,116050,13159,13155
116060,13157,13142,116070,13156,13146
116080,13156,13149,116090,13166,13152
116100,13153,13153,116110,13150,13134
116120,13154,13140,116130,13153,13142
116140,13154,13149,116150,13168,13148
116160,13165,13152,116170,13161,13159
116180,13161,13162,116190,13169,13147
116200,13164,13140,116210,13171,13141
116220,13167,13144,116230,13171,13135
116240,13160,13131,116250,13157,13126
116260,13150,13123,116270,13153,13126
116280,13158,13123,116290,13144,13134
116300,13143,13137,116310,13152,13137
116320,13153,13140,116330,13138,13142
116340,13140,13146,116350,13124,13144
116360,13132,13153,116370,13128,13146
116380,13131,13144,116390,13146,13161
116400,13138,13146,116410,13144,13153
116420,13137,13145,116430,13140,13149
116440,13154,13146,116450,13140,13162
116460,13156,13155,116470,13150,13151
116480,13146,13151,116490,13154,13156
116500,13144,13151,116510,13160,13154
116520,13148,13142,116530,13153,13134
116540,13136,13150,116550,13159,13157
116560,13152,13148,116570,13145,13157
116580,13156,13147,116590,13155,13161
116600,13153,13149,116610,13153,13154
116620,13159,13146,116630,13158,13160
116640,13163,13149,116650,13162,13155
116660,13165,13146,116670,13152,13145
116680,13142,13149,116690,13151,13157
116700,13137,13143,116710,13151,13148
116720,13146,13151,116730,13153,13151
116740,13156,13148,116750,13173,13159
116760,13164,13152,116770,13147,13161
116780,13160,13145,116790,13170,13163
116800,13158,13150,116810,13151,13155
116820,13158,13154,116830,13157,13172
116840,13166,13158,116850,13157,13159
116860,13175,13162,116870,13170,13145
116880,13148,13158,116890,13166,13170
116900,13164,13141,116910,13160,13151
116920,13164,13149,116930,13172,13159
116940,13160,13155,116950,13159,13150
116960,13160,13161,116970,13161,13159
116980,13166,13160,116990,13153,13151
117000,13161,13153,117010,13168,13151
117020,13160,13149,117030,13160,13153
117040,13165,13157,117050,13155,13158
117060,13154,13154,117070,13160,13153
117080,13164,13150,117090,13157,13160
117100,13157,13166,117110,13155,13156
117120,13158,13146,117130,13162,13162
117140,13165,13152,117150,13168,13159
117160,13169,13155,117170,13168,13162
117180,13162,13160,117190,13150,13153
117200,13156,13163,117210,13163,13164
117220,13157,13158,117230,13154,13151
117240,13160,13151,117250,13156,13150
117260,13155,13154,117270,13095,13080
117280,13154,13148,117290,13164,13145
117300,13146,13148,117310,13158,13159
117320,13141,13156,117330,13160,13136
117340,13146,13149,117350,13159,13139
117360,13166,13149,117370,13162,13137
117380,13157,13118,117390,13164,13131
117400,13157,13128,117410,13168,13129
117420,13164,13128,117430,13158,13113
117440,13162,13110,117450,13162,13118
117460,13152,13113,117470,13141,13116
117480,13145,13115,117490,13127,13148
