LED1 Timestamp (ms),LED1_PD1,LED1_PD2,LED2 Timestamp (ms),LED2_PD1,LED2_PD2
5000,12875,6509,5010,13063,6296
5020,12873,6547,5030,13052,6299
5040,12877,6451,5050,13059,6548
5060,12950,6286,5070,13128,6621
5080,12948,6292,5090,13125,6516
5100,12941,6543,5110,13130,6336
5120,12943,6586,5130,13134,6336
5140,12927,6460,5150,13125,6582
5160,12940,6285,5170,13129,6618
5180,12940,6286,5190,13127,6524
5200,12939,6545,5210,13134,6332
5220,12946,6572,5230,13132,6332
5240,12940,6470,5250,13124,6587
5260,12937,6285,5270,13132,6622
5280,12937,6287,5290,13127,6516
5300,12942,6536,5310,13126,6333
5320,12948,6583,5330,13129,6341
5340,12942,6472,5350,13127,6596
5360,12967,6280,5370,13140,6612
5380,12946,6288,5390,13125,6502
5400,12935,6531,5410,13120,6312
5420,12943,6571,5430,13127,6324
5440,12935,6462,5450,13118,6575
5460,12922,6259,5470,13099,6594
5480,12901,6266,5490,13094,6494
5500,12875,6530,5510,13077,6300
5520,12856,6545,5530,13044,6300
5540,12843,6449,5550,13038,6563
5560,12823,6251,5570,13102,6598
5580,12936,6285,5590,13116,6495
5600,12940,6556,5610,13109,6327
5620,12948,6572,5630,13132,6340
5640,12948,6474,5650,13125,6591
5660,12938,6284,5670,13126,6608
5680,12944,6288,5690,13125,6501
5700,12945,6556,5710,13122,6318
5720,12949,6571,5730,13128,6343
5740,12929,6461,5750,13122,6600
5760,12942,6280,5770,13125,6616
5780,12952,6291,5790,13119,6502
5800,12942,6555,5810,13126,6317
5820,12950,6565,5830,13134,6337
5840,12935,6467,5850,13130,6610
5860,12933,6282,5870,13125,6601
5880,12939,6295,5890,13131,6520
5900,12945,6562,5910,13122,6330
5920,12951,6575,5930,13136,6337
5940,12942,6467,5950,13127,6603
5960,12937,6288,5970,13136,6609
5980,12932,6295,5990,13125,6510
6000,12947,6575,6010,13114,6323
6020,12936,6561,6030,13129,6344
6040,12937,6464,6050,13119,6617
6060,12937,6274,6070,13123,6606
6080,12940,6296,6090,13126,6499
6100,12925,6559,6110,13126,6322
6120,12929,6564,6130,13130,6339
6140,12938,6471,6150,13135,6619
6160,12942,6279,6170,13121,6622
6180,12939,6298,6190,13137,6500
6200,12933,6586,6210,13122,6322
6220,12937,6560,6230,13122,6336
6240,12944,6457,6250,13132,6616
6260,12937,6272,6270,13128,6600
6280,12945,6292,6290,13120,6504
6300,12940,6577,6310,13130,6319
6320,12935,6549,6330,13123,6344
6340,12940,6459,6350,13121,6616
6360,12931,6270,6370,13120,6597
6380,12934,6296,6390,13142,6502
6400,12937,6579,6410,13124,6314
6420,12940,6560,6430,13124,6352
6440,12945,6456,6450,13135,6619
6460,12946,6271,6470,13131,6594
6480,12934,6297,6490,13143,6499
6500,12948,6575,6510,13124,6313
6520,12932,6541,6530,13111,6322
6540,12911,6410,6550,13095,6600
6560,12897,6239,6570,13088,6570
6580,12880,6269,6590,13093,6471
6600,12905,6575,6610,13093,6316
6620,12926,6556,6630,13107,6343
6640,12945,6454,6650,13105,6624
6660,12949,6270,6670,13123,6594
6680,12948,6313,6690,13131,6492
6700,12939,6578,6710,13127,6318
6720,12942,6546,6730,13121,6349
6740,12953,6449,6750,13113,6629
6760,12944,6291,6770,13127,6592
6780,12943,6305,6790,13125,6494
6800,12945,6586,6810,13119,6323
6820,12936,6552,6830,13125,6343
6840,12945,6451,6850,13131,6632
6860,12951,6275,6870,13136,6604
6880,12941,6306,6890,13131,6494
6900,12943,6593,6910,13133,6323
6920,12941,6549,6930,13132,6353
6940,12938,6445,6950,13133,6644
6960,12941,6277,6970,13124,6592
6980,12943,6319,6990,13128,6494
7000,12933,6594,7010,13122,6323
7020,12928,6552,7030,13114,6352
7040,12939,6442,7050,13123,6633
7060,12950,6276,7070,13148,6592
7080,12937,6311,7090,13126,6484
7100,12940,6589,7110,13136,6321
7120,12936,6548,7130,13133,6353
7140,12939,6437,7150,13133,6647
7160,12942,6264,7170,13118,6591
7180,12945,6314,7190,13128,6486
7200,12940,6594,7210,13124,6314
7220,12931,6543,7230,13134,6351
7240,12921,6437,7250,13126,6634
7260,12936,6282,7270,13123,6581
7280,12926,6305,7290,13125,6481
7300,12948,6608,7310,13127,6323
7320,12934,6550,7330,13113,6350
7340,12924,6426,7350,13134,6645
7360,12940,6271,7370,13130,6592
7380,12935,6305,7390,13126,6477
7400,12930,6598,7410,13127,6313
7420,12941,6535,7430,13123,6354
7440,12936,6430,7450,13126,6645
7460,12933,6277,7470,13124,6586
7480,12921,6310,7490,13125,6468
7500,12951,6603,7510,13120,6316
7520,12952,6529,7530,13126,6349
7540,12933,6411,7550,13141,6637
7560,12939,6256,7570,13124,6565
7580,12932,6283,7590,13124,6436
7600,12917,6592,7610,13115,6306
7620,12910,6519,7630,13090,6329
7640,12899,6408,7650,13089,6640
7660,12877,6278,7670,13080,6579
7680,12902,6313,7690,13082,6461
7700,12915,6613,7710,13094,6317
7720,12938,6539,7730,13115,6358
7740,12942,6419,7750,13111,6651
7760,12942,6286,7770,13123,6586
7780,12940,6321,7790,13127,6465
7800,12943,6617,7810,13118,6325
7820,12948,6546,7830,13119,6375
7840,12944,6410,7850,13124,6656
7860,12938,6273,7870,13114,6576
7880,12938,6324,7890,13119,6455
7900,12946,6618,7910,13127,6326
7920,12948,6532,7930,13144,6365
7940,12943,6412,7950,13127,6652
7960,12956,6290,7970,13131,6590
7980,12942,6332,7990,13123,6453
8000,12942,6622,8010,13138,6318
8020,12937,6517,8030,13122,6363
8040,12943,6394,8050,13119,6657
8060,12935,6274,8070,13121,6575
8080,12949,6337,8090,13147,6450
8100,12942,6614,8110,13131,6331
8120,12944,6537,8130,13127,6376
8140,12946,6403,8150,13135,6663
8160,12946,6282,8170,13141,6583
8180,12950,6345,8190,13134,6435
8200,12936,6618,8210,13135,6331
8220,12942,6533,8230,13125,6383
8240,12941,6397,8250,13135,6663
8260,12939,6285,8270,13120,6576
8280,12944,6333,8290,13131,6438
8300,12955,6610,8310,13141,6327
8320,12944,6541,8330,13124,6390
8340,12927,6390,8350,13142,6669
8360,12942,6280,8370,13125,6573
8380,12965,6349,8390,13145,6438
8400,12943,6619,8410,13130,6324
8420,12939,6534,8430,13128,6405
8440,12932,6391,8450,13132,6664
8460,12937,6293,8470,13126,6575
8480,12942,6350,8490,13129,6438
8500,12926,6620,8510,13123,6323
8520,12942,6533,8530,13124,6401
8540,12944,6386,8550,13126,6656
8560,12943,6278,8570,13122,6577
8580,12936,6346,8590,13137,6422
8600,12936,6606,8610,13127,6318
8620,12948,6519,8630,13120,6387
8640,12935,6373,8650,13130,6649
8660,12929,6263,8670,13117,6556
8680,12915,6346,8690,13105,6404
8700,12917,6603,8710,13104,6314
8720,12907,6526,8730,13095,6398
8740,12915,6379,8750,13100,6655
8760,12910,6282,8770,13122,6568
8780,12950,6367,8790,13124,6418
8800,12929,6613,8810,13123,6324
8820,12950,6533,8830,13123,6408
8840,12947,6364,8850,13123,6659
8860,12942,6280,8870,13122,6563
8880,12943,6378,8890,13127,6415
8900,12951,6628,8910,13114,6323
8920,12941,6530,8930,13117,6427
8940,12932,6374,8950,13138,6668
8960,12948,6280,8970,13136,6570
8980,12939,6381,8990,13130,6403
9000,12941,6613,9010,13116,6326
9020,12936,6510,9030,13112,6406
9040,12939,6358,9050,13133,6675
9060,12947,6279,9070,13128,6568
9080,12942,6388,9090,13139,6405
9100,12947,6630,9110,13130,6331
9120,12938,6517,9130,13127,6431
9140,12931,6359,9150,13131,6665
9160,12944,6283,9170,13122,6554
9180,12942,6387,9190,13130,6399
9200,12941,6623,9210,13135,6329
9220,12941,6528,9230,13142,6437
9240,12946,6349,9250,13140,6669
9260,12950,6280,9270,13136,6556
9280,12949,6388,9290,13128,6398
9300,12939,6621,9310,13131,6326
9320,12955,6521,9330,13129,6443
9340,12945,6358,9350,13131,6671
9360,12956,6285,9370,13137,6569
9380,12954,6392,9390,13131,6386
9400,12937,6628,9410,13136,6326
9420,12951,6517,9430,13144,6444
9440,12942,6342,9450,13136,6682
9460,12950,6282,9470,13138,6569
9480,12939,6404,9490,13122,6394
9500,12935,6619,9510,13120,6326
9520,12944,6519,9530,13112,6451
9540,12940,6349,9550,13126,6668
9560,12922,6279,9570,13123,6556
9580,12936,6399,9590,13113,6383
9600,12932,6624,9610,13125,6325
9620,12947,6516,9630,13128,6449
9640,12938,6331,9650,13123,6666
9660,12944,6286,9670,13136,6550
9680,12940,6403,9690,13141,6366
9700,12936,6599,9710,13133,6319
9720,12950,6511,9730,13121,6447
9740,12933,6315,9750,13113,6648
9760,12906,6263,9770,13094,6534
9780,12888,6413,9790,13091,6361
9800,12879,6617,9810,13073,6303
9820,12886,6504,9830,13088,6457
9840,12915,6329,9850,13094,6660
9860,12928,6272,9870,13105,6555
9880,12941,6428,9890,13121,6366
9900,12945,6630,9910,13116,6327
9920,12942,6514,9930,13124,6467
9940,12949,6322,9950,13121,6661
9960,12952,6278,9970,13128,6550
9980,12945,6425,9990,13125,6376
10000,12945,6632,10010,13137,6331
10020,12940,6509,10030,13119,6482
10040,12945,6326,10050,13130,6661
10060,12951,6285,10070,13120,6547
10080,12946,6442,10090,13126,6357
10100,12955,6623,10110,13134,6322
10120,12946,6524,10130,13132,6478
10140,12940,6320,10150,13132,6662
10160,12948,6286,10170,13130,6557
10180,12949,6445,10190,13134,6362
10200,12948,6622,10210,13131,6335
10220,12951,6502,10230,13131,6481
10240,12933,6311,10250,13128,6665
10260,12950,6283,10270,13135,6549
10280,12945,6447,10290,13133,6363
10300,12942,6622,10310,13140,6334
10320,12933,6508,10330,13129,6495
10340,12947,6322,10350,13125,6666
10360,12937,6282,10370,13131,6550
10380,12920,6445,10390,13135,6356
10400,12938,6621,10410,13122,6319
10420,12944,6512,10430,13129,6496
10440,12937,6309,10450,13123,6663
10460,12939,6285,10470,13140,6541
10480,12938,6459,10490,13135,6356
10500,12918,6610,10510,13132,6322
10520,12940,6503,10530,13120,6492
10540,12934,6309,10550,13119,6656
10560,12931,6276,10570,13129,6552
10580,12936,6455,10590,13122,6338
10600,12927,6613,10610,13131,6328
10620,12949,6505,10630,13122,6504
10640,12937,6320,10650,13124,6657
10660,12931,6282,10670,13132,6544
10680,12954,6466,10690,13128,6354
10700,12944,6617,10710,13138,6323
10720,12940,6495,10730,13135,6509
10740,12946,6298,10750,13141,6644
10760,12943,6268,10770,13129,6535
10780,12931,6455,10790,13127,6337
10800,12924,6589,10810,13124,6317
10820,12921,6473,10830,13103,6487
10840,12903,6292,10850,13094,6643
10860,12899,6277,10870,13086,6531
10880,12899,6478,10890,13094,6339
10900,12906,6604,10910,13108,6318
10920,12942,6497,10930,13104,6510
10940,12939,6309,10950,13122,6644
10960,12949,6280,10970,13132,6544
10980,12941,6479,10990,13132,6341
11000,12934,6604,11010,13126,6326
11020,12940,6490,11030,13127,6522
11040,12945,6303,11050,13138,6658
11060,12954,6284,11070,13129,6532
11080,12939,6483,11090,13140,6347
11100,12935,6602,11110,13087,6322
11120,12950,6496,11130,13113,6522
11140,12954,6305,11150,13116,6647
11160,12944,6283,11170,13127,6539
11180,12946,6497,11190,13131,6347
11200,12939,6591,11210,13125,6316
11220,12950,6501,11230,13136,6528
11240,12934,6293,11250,13126,6647
11260,12954,6287,11270,13132,6543
11280,12944,6493,11290,13130,6339
11300,12947,6604,11310,13138,6334
11320,12944,6505,11330,13143,6532
11340,12932,6295,11350,13130,6641
11360,12942,6292,11370,13133,6527
11380,12948,6500,11390,13138,6335
11400,12933,6594,11410,13122,6325
11420,12939,6489,11430,13131,6540
11440,12943,6288,11450,13123,6642
11460,12940,6286,11470,13134,6538
11480,12940,6506,11490,13130,6332
11500,12948,6591,11510,13122,6330
11520,12944,6489,11530,13128,6551
11540,12950,6295,11550,13126,6647
11560,12935,6278,11570,13133,6524
11580,12942,6511,11590,13136,6339
11600,12934,6603,11610,13137,6325
11620,12950,6498,11630,13136,6560
11640,12933,6283,11650,13128,6642
11660,12929,6272,11670,13123,6527
11680,12929,6498,11690,13134,6332
11700,12931,6594,11710,13121,6319
11720,12927,6486,11730,13124,6541
11740,12938,6292,11750,13119,6641
11760,12940,6283,11770,13125,6529
11780,12951,6509,11790,13137,6327
11800,12943,6595,11810,13134,6322
11820,12944,6470,11830,13133,6542
11840,12946,6278,11850,13126,6630
11860,12932,6262,11870,13117,6511
11880,12927,6504,11890,13101,6313
11900,12906,6579,11910,13100,6301
11920,12886,6473,11930,13093,6550
11940,12895,6283,11950,13081,6629
11960,12898,6274,11970,13084,6518
11980,12920,6526,11990,13091,6318
12000,12794,6548,12010,13073,6305
12020,12847,6474,12030,13056,6547
12040,12917,6277,12050,13061,6617
12060,12896,6279,12070,13117,6524
12080,12946,6528,12090,13137,6327
12100,12937,6594,12110,13123,6330
12120,12940,6486,12130,13109,6568
12140,12931,6281,12150,13117,6630
12160,12940,6278,12170,13116,6518
12180,12935,6527,12190,13121,6320
12200,12934,6586,12210,13114,6328
12220,12925,6468,12230,13126,6564
12240,12947,6274,12250,13130,6635
12260,12948,6282,12270,13121,6522
12280,12935,6532,12290,13136,6328
12300,12808,6557,12310,13131,6322
12320,12947,6473,12330,13130,6577
12340,12934,6273,12350,13131,6631
12360,12932,6283,12370,13129,6519
12380,12929,6537,12390,13128,6317
12400,12938,6572,12410,13120,6326
12420,12937,6475,12430,13140,6586
12440,12946,6276,12450,13114,6619
12460,12948,6282,12470,13123,6517
12480,12941,6542,12490,13141,6325
12500,12943,6581,12510,13131,6331
12520,12948,6473,12530,13117,6576
12540,12942,6285,12550,13134,6631
12560,12945,6288,12570,13143,6520
12580,12943,6542,12590,13133,6316
12600,12782,6537,12610,13133,6332
12620,12929,6466,12630,13131,6589
12640,12926,6274,12650,13125,6622
12660,12943,6290,12670,13124,6515
12680,12958,6547,12690,13117,6321
12700,12938,6575,12710,13123,6335
12720,12932,6466,12730,13133,6594
12740,12932,6279,12750,13126,6629
12760,12937,6289,12770,13133,6510
12780,12946,6553,12790,13128,6331
12800,12949,6586,12810,13126,6328
12820,12946,6471,12830,13134,6598
12840,12933,6271,12850,13140,6622
12860,12933,6289,12870,13126,6506
12880,12943,6539,12890,13127,6318
12900,12948,6573,12910,13130,6335
12920,12937,6464,12930,13123,6589
12940,12926,6261,12950,13119,6605
12960,12922,6272,12970,13106,6491
12980,12901,6546,12990,13103,6315
13000,12912,6572,13010,13100,6332
13020,12896,6457,13030,13093,6596
13040,12898,6278,13050,13110,6615
13060,12943,6297,13070,13116,6502
13080,12943,6570,13090,13117,6313
13100,12948,6574,13110,13119,6329
13120,12938,6464,13130,13117,6607
13140,12921,6277,13150,13123,6612
13160,12939,6289,13170,13133,6503
13180,12940,6575,13190,13121,6315
13200,12797,6513,13210,13112,6327
13220,12844,6429,13230,13107,6597
13240,12947,6263,13250,13113,6606
13260,12947,6297,13270,13129,6507
13280,12946,6582,13290,13128,6319
13300,12944,6572,13310,13133,6338
13320,12922,6454,13330,13132,6612
13340,12937,6281,13350,13132,6610
13360,12944,6301,13370,13119,6505
13380,12942,6576,13390,13132,6319
13400,12935,6561,13410,13132,6347
13420,12935,6453,13430,13131,6615
13440,12937,6277,13450,13127,6608
13460,12939,6298,13470,13125,6499
13480,12945,6574,13490,13125,6318
13500,12792,6521,13510,13124,6315
13520,12942,6440,13530,13140,6611
13540,12937,6270,13550,13119,6606
13560,12935,6300,13570,13128,6494
13580,12939,6581,13590,13129,6324
13600,12937,6553,13610,13137,6347
13620,12933,6455,13630,13129,6621
13640,12939,6270,13650,13139,6603
13660,12941,6295,13670,13134,6498
13680,12939,6590,13690,13122,6315
13700,12952,6565,13710,13137,6349
13720,12943,6451,13730,13133,6618
13740,12942,6267,13750,13120,6600
13760,12926,6295,13770,13125,6497
13780,12939,6580,13790,13125,6314
13800,12928,6548,13810,13128,6348
13820,12933,6448,13830,13136,6633
13840,12941,6269,13850,13127,6600
13860,12942,6291,13870,13120,6490
13880,12939,6601,13890,13131,6314
13900,12930,6551,13910,13130,6350
13920,12929,6456,13930,13123,6630
13940,12939,6264,13950,13133,6591
13960,12944,6279,13970,13142,6473
13980,12940,6587,13990,13134,6304
14000,12934,6544,14010,13120,6339
14020,12933,6424,14030,13119,6620
14040,12902,6243,14050,13087,6567
14060,12884,6289,14070,13082,6470
14080,12894,6591,14090,13075,6300
14100,12890,6509,14110,13037,6321
14120,12854,6414,14130,13057,6625
14140,12840,6252,14150,13052,6570
14160,12905,6302,14170,13125,6479
14180,12958,6604,14190,13120,6313
14200,12948,6549,14210,13122,6352
14220,12946,6444,14230,13125,6653
14240,12953,6273,14250,13132,6587
14260,12942,6309,14270,13124,6473
14280,12943,6604,14290,13119,6313
14300,12931,6543,14310,13129,6344
14320,12944,6437,14330,13122,6645
14340,12943,6261,14350,13124,6587
14360,12946,6312,14370,13120,6478
14380,12943,6602,14390,13117,6311
14400,12939,6545,14410,13129,6349
14420,12927,6432,14430,13138,6650
14440,12935,6273,14450,13126,6583
14460,12940,6316,14470,13127,6480
14480,12945,6613,14490,13123,6325
14500,12927,6538,14510,13137,6348
14520,12944,6423,14530,13128,6662
14540,12928,6286,14550,13134,6582
14560,12935,6304,14570,13131,6479
14580,12936,6604,14590,13139,6321
14600,12925,6541,14610,13141,6361
14620,12943,6428,14630,13121,6649
14640,12934,6266,14650,13123,6578
14660,12942,6316,14670,13127,6467
14680,12934,6608,14690,13130,6315
14700,12925,6545,14710,13110,6359
14720,12937,6411,14730,13137,6656
14740,12930,6275,14750,13124,6582
14760,12937,6321,14770,13135,6455
14780,12938,6605,14790,13133,6310
14800,12945,6543,14810,13124,6354
14820,12944,6425,14830,13125,6654
14840,12950,6264,14850,13121,6580
14860,12942,6328,14870,13116,6460
14880,12944,6608,14890,13111,6308
14900,12936,6528,14910,13130,6374
14920,12939,6403,14930,13123,6650
14940,12939,6273,14950,13125,6586
14960,12930,6334,14970,13115,6451
14980,12937,6617,14990,13126,6311
15000,12929,6521,15010,13119,6367
15020,12924,6393,15030,13118,6638
15040,12936,6250,15050,13118,6549
15060,12936,6309,15070,13115,6425
15080,12928,6594,15090,13104,6294
15100,12911,6513,15110,13094,6359
15120,12896,6399,15130,13091,6642
15140,12896,6263,15150,13078,6561
15160,12900,6340,15170,13085,6439
15180,12918,6616,15190,13113,6307
15200,12928,6528,15210,13115,6386
15220,12929,6396,15230,13115,6654
15240,12937,6267,15250,13119,6571
15260,12944,6345,15270,13119,6439
15280,12933,6616,15290,13116,6308
15300,12929,6529,15310,13119,6393
15320,12932,6387,15330,13123,6660
15340,12933,6279,15350,13108,6568
15360,12924,6352,15370,13115,6429
15380,12937,6618,15390,13111,6310
15400,12942,6518,15410,13120,6402
15420,12939,6373,15430,13131,6656
15440,12938,6272,15450,13118,6569
15460,12929,6358,15470,13129,6431
15480,12934,6617,15490,13131,6309
15500,12931,6522,15510,13120,6406
15520,12930,6385,15530,13121,6662
15540,12934,6268,15550,13128,6566
15560,12939,6363,15570,13124,6426
15580,12941,6625,15590,13127,6320
15600,12923,6521,15610,13140,6422
15620,12947,6367,15630,13118,6675
15640,12929,6277,15650,13118,6573
15660,12952,6370,15670,13138,6414
15680,12931,6620,15690,13119,6320
15700,12928,6536,15710,13125,6414
15720,12925,6365,15730,13127,6658
15740,12942,6270,15750,13118,6565
15760,12935,6375,15770,13125,6404
15780,12940,6615,15790,13116,6312
15800,12937,6522,15810,13123,6421
15820,12939,6369,15830,13120,6664
15840,12938,6271,15850,13122,6557
15860,12942,6390,15870,13140,6395
15880,12930,6623,15890,13120,6313
15900,12942,6509,15910,13130,6434
15920,12938,6369,15930,13130,6662
15940,12942,6277,15950,13110,6554
15960,12931,6388,15970,13126,6407
15980,12941,6614,15990,13131,6321
16000,12927,6505,16010,13125,6438
16020,12941,6352,16030,13129,6671
16040,12930,6277,16050,13127,6561
16060,12948,6394,16070,13116,6381
16080,12930,6605,16090,13121,6303
16100,12933,6497,16110,13128,6432
16120,12954,6347,16130,13123,6651
16140,12926,6254,16150,13121,6543
16160,12921,6383,16170,13096,6368
16180,12906,6589,16190,13096,6300
16200,12878,6492,16210,13053,6410
16220,12859,6308,16230,13042,6622
16240,12840,6241,16250,13031,6529
16260,12839,6379,16270,13096,6354
16280,12940,6623,16290,13111,6312
16300,12947,6522,16310,13116,6463
16320,12939,6324,16330,13122,6666
16340,12945,6274,16350,13119,6554
16360,12940,6427,16370,13112,6379
16380,12937,6611,16390,13125,6315
16400,12939,6512,16410,13117,6466
16420,12947,6338,16430,13125,6662
16440,12938,6273,16450,13124,6539
16460,12942,6424,16470,13127,6376
16480,12937,6617,16490,13126,6313
16500,12925,6500,16510,13112,6464
16520,12939,6322,16530,13119,6674
16540,12935,6268,16550,13104,6548
16560,12942,6430,16570,13124,6361
16580,12934,6624,16590,13123,6323
16600,12944,6502,16610,13147,6484
16620,12939,6336,16630,13125,6662
16640,12935,6272,16650,13119,6551
16660,12934,6440,16670,13129,6363
16680,12939,6620,16690,13119,6328
16700,12939,6502,16710,13122,6480
16720,12934,6318,16730,13122,6675
16740,12936,6280,16750,13118,6548
16760,12939,6443,16770,13119,6346
16780,12940,6621,16790,13124,6322
16800,12934,6504,16810,13126,6503
16820,12946,6313,16830,13128,6672
16840,12950,6268,16850,13122,6547
16860,12938,6455,16870,13130,6361
16880,12950,6626,16890,13130,6319
16900,12942,6506,16910,13124,6496
16920,12934,6309,16930,13127,6657
16940,12950,6283,16950,13134,6555
16960,12936,6453,16970,13132,6355
16980,12944,6617,16990,13125,6317
17000,12944,6502,17010,13131,6506
17020,12942,6303,17030,13129,6655
17040,12935,6282,17050,13127,6546
17060,12929,6457,17070,13124,6339
17080,12932,6626,17090,13120,6316
17100,12933,6489,17110,13129,6513
17120,12935,6290,17130,13113,6651
17140,12931,6271,17150,13117,6529
17160,12933,6451,17170,13121,6329
17180,12932,6597,17190,13124,6310
17200,12943,6492,17210,13121,6511
17220,12938,6290,17230,13120,6630
17240,12920,6267,17250,13099,6515
17260,12902,6465,17270,13089,6327
17280,12899,6607,17290,13081,6316
17300,12906,6492,17310,13097,6517
17320,12910,6292,17330,13102,6645
17340,12928,6272,17350,13122,6536
17360,12933,6478,17370,13125,6332
17380,12947,6613,17390,13119,6326
17400,12937,6497,17410,13118,6533
17420,12947,6297,17430,13121,6640
17440,12952,6284,17450,13119,6539
17460,12935,6494,17470,13130,6343
17480,12950,6606,17490,13143,6327
17500,12942,6494,17510,13122,6540
17520,12941,6294,17530,13129,6648
17540,12937,6277,17550,13136,6545
17560,12936,6491,17570,13130,6341
17580,12938,6599,17590,13124,6324
17600,12937,6489,17610,13125,6541
17620,12937,6295,17630,13125,6640
17640,12938,6286,17650,13129,6540
17660,12929,6490,17670,13139,6340
17680,12943,6596,17690,13116,6313
17700,12923,6476,17710,13107,6535
17720,12929,6296,17730,13132,6639
17740,12942,6281,17750,13122,6527
17760,12935,6498,17770,13122,6333
17780,12943,6594,17790,13133,6334
17800,12946,6483,17810,13119,6537
17820,12926,6295,17830,13132,6637
17840,12944,6285,17850,13136,6533
17860,12941,6501,17870,13120,6328
17880,12950,6592,17890,13136,6335
17900,12942,6492,17910,13129,6550
17920,12933,6297,17930,13134,6628
17940,12931,6278,17950,13120,6520
17960,12926,6504,17970,13119,6330
17980,12944,6591,17990,13129,6327
18000,12923,6479,18010,13129,6552
18020,12936,6302,18030,13125,6621
18040,12929,6285,18050,13126,6521
18060,12947,6511,18070,13131,6331
18080,12940,6587,18090,13131,6320
18100,12940,6477,18110,13125,6561
18120,12953,6285,18130,13125,6634
18140,12940,6279,18150,13128,6527
18160,12943,6507,18170,13138,6334
18180,12945,6586,18190,13128,6316
18200,12925,6480,18210,13115,6546
18220,12933,6272,18230,13134,6621
18240,12933,6275,18250,13122,6510
18260,12939,6512,18270,13124,6323
18280,12937,6580,18290,13128,6316
18300,12912,6448,18310,13101,6542
18320,12898,6262,18330,13085,6594
18340,12895,6269,18350,13083,6512
18360,12888,6521,18370,13078,6319
18380,12890,6579,18390,13082,6328
18400,12914,6470,18410,13080,6563
18420,12940,6282,18430,13105,6610
18440,12944,6284,18450,13113,6515
18460,12935,6530,18470,13114,6321
18480,12948,6582,18490,13117,6331
18500,12944,6477,18510,13105,6571
18520,12938,6284,18530,13114,6625
18540,12952,6286,18550,13125,6525
18560,12950,6547,18570,13131,6331
18580,12956,6586,18590,13128,6334
18600,12934,6467,18610,13115,6585
18620,12939,6279,18630,13109,6617
18640,12947,6297,18650,13120,6518
18660,12936,6543,18670,13117,6318
18680,12943,6575,18690,13120,6327
18700,12932,6469,18710,13135,6582
18720,12925,6281,18730,13133,6603
18740,12935,6289,18750,13134,6506
18760,12940,6545,18770,13111,6319
18780,12940,6560,18790,13130,6338
18800,12937,6463,18810,13117,6588
18820,12941,6281,18830,13120,6614
18840,12934,6289,18850,13124,6505
18860,12937,6550,18870,13126,6321
18880,12928,6568,18890,13119,6330
18900,12927,6466,18910,13119,6592
18920,12941,6275,18930,13125,6611
18940,12939,6296,18950,13117,6510
18960,12934,6536,18970,13114,6315
18980,12919,6562,18990,13126,6328
19000,12941,6464,19010,13132,6604
19020,12936,6278,19030,13130,6612
19040,12938,6293,19050,13117,6501
19060,12932,6560,19070,13117,6325
19080,12949,6563,19090,13134,6346
19100,12939,6458,19110,13114,6593
19120,12932,6278,19130,13126,6600
19140,12942,6289,19150,13124,6500
19160,12950,6559,19170,13130,6320
19180,12939,6561,19190,13138,6338
19200,12938,6463,19210,13127,6606
19220,12941,6285,19230,13119,6603
19240,12935,6294,19250,13119,6498
19260,12948,6562,19270,13122,6324
19280,12939,6559,19290,13125,6329
19300,12937,6449,19310,13129,6603
19320,12937,6268,19330,13115,6587
19340,12928,6290,19350,13129,6495
19360,12930,6558,19370,13125,6312
19380,12920,6548,19390,13102,6325
19400,12904,6442,19410,13092,6606
19420,12913,6277,19430,13098,6597
19440,12909,6288,19450,13094,6492
19460,12906,6573,19470,13111,6317
19480,12941,6549,19490,13103,6340
19500,12846,6438,19510,13094,6608
19520,12906,6279,19530,13064,6587
19540,12879,6300,19550,13077,6493
19560,12931,6582,19570,13126,6318
19580,12941,6551,19590,13118,6347
19600,12940,6444,19610,13121,6632
19620,12943,6284,19630,13120,6595
19640,12940,6306,19650,13136,6494
19660,12945,6585,19670,13130,6315
19680,12942,6545,19690,13134,6359
19700,12952,6440,19710,13131,6639
19720,12928,6268,19730,13123,6595
19740,12949,6301,19750,13128,6493
19760,12934,6589,19770,13133,6322
19780,12951,6549,19790,13118,6345
19800,12936,6441,19810,13116,6624
19820,12938,6272,19830,13124,6579
19840,12929,6297,19850,13129,6473
19860,12931,6587,19870,13131,6314
19880,12939,6554,19890,13130,6347
19900,12945,6445,19910,13139,6641
19920,12941,6276,19930,13126,6584
19940,12931,6318,19950,13134,6479
19960,12934,6597,19970,13123,6323
19980,12936,6543,19990,13124,6360
20000,12934,6438,20010,13121,6633
20020,12949,6270,20030,13128,6586
20040,12943,6303,20050,13129,6473
20060,12935,6598,20070,13128,6309
20080,12939,6539,20090,13123,6352
20100,12936,6439,20110,13124,6632
20120,12949,6280,20130,13125,6580
20140,12944,6312,20150,13122,6471
20160,12937,6596,20170,13136,6327
20180,12948,6539,20190,13132,6361
20200,12950,6440,20210,13132,6653
20220,12939,6279,20230,13124,6585
20240,12946,6309,20250,13121,6480
20260,12948,6608,20270,13132,6316
20280,12938,6539,20290,13119,6364
20300,12939,6419,20310,13129,6646
20320,12938,6281,20330,13124,6581
20340,12941,6323,20350,13141,6470
20360,12935,6600,20370,13124,6308
20380,12939,6522,20390,13135,6362
20400,12937,6407,20410,13127,6644
20420,12936,6260,20430,13132,6567
20440,12934,6310,20450,13107,6437
20460,12910,6588,20470,13092,6291
20480,12892,6511,20490,13086,6354
20500,12896,6403,20510,13081,6645
20520,12886,6259,20530,13080,6559
20540,12910,6330,20550,13106,6450
20560,12933,6607,20570,13109,6304
20580,12943,6535,20590,13115,6384
20600,12946,6410,20610,13122,6665
20620,12947,6277,20630,13129,6583
20640,12954,6336,20650,13130,6444
20660,12946,6627,20670,13113,6304
20680,12946,6548,20690,13122,6385
20700,12958,6401,20710,13084,6678
20720,12957,6266,20730,13117,6585
20740,12954,6340,20750,13122,6439
20760,12945,6644,20770,13134,6307
20780,12948,6552,20790,13116,6387
20800,12944,6380,20810,13132,6694
20820,12948,6251,20830,13132,6591
20840,12938,6346,20850,13127,6431
20860,12940,6654,20870,13125,6283
20880,12946,6566,20890,13122,6394
20900,12950,6383,20910,13135,6723
20920,12940,6230,20930,13126,6591
20940,12942,6334,20950,13133,6408
20960,12939,6694,20970,13129,6277
20980,12932,6611,20990,13127,6384
21000,12940,6365,21010,13125,6795
21020,12936,6180,21030,13134,6655
21040,12940,6342,21050,13128,6395
21060,12939,6643,21070,13122,6072
21080,12942,6462,21090,13132,6360
21100,12941,6265,21110,13117,6804
21120,12940,6159,21130,13136,6578
21140,12937,6456,21150,13125,6277
21160,12931,6794,21170,13120,6238
21180,12939,6514,21190,13142,6508
21200,12929,6237,21210,13128,6803
21220,12924,6198,21230,13126,6550
21240,12939,6467,21250,13134,6276
21260,12927,6774,21270,13128,6220
21280,12925,6500,21290,13098,6527
21300,12933,6204,21310,13131,6835
21320,12928,6192,21330,13125,6526
21340,12930,6492,21350,13117,6212
21360,12937,6795,21370,13134,6237
21380,12949,6487,21390,13130,6572
21400,12937,6185,21410,13122,6848
21420,12938,6205,21430,13129,6503
21440,12942,6522,21450,13128,6203
21460,12942,6756,21470,13130,6259
21480,12938,6445,21490,13119,6607
21500,12925,6151,21510,13124,6815
21520,12917,6184,21530,13104,6466
21540,12903,6533,21550,13098,6190
21560,12897,6742,21570,13083,6264
21580,12887,6441,21590,13072,6608
21600,12844,6140,21610,13028,6793
21620,12845,6212,21630,13046,6468
21640,12845,6524,21650,13039,6169
21660,12948,6703,21670,13126,6291
21680,12954,6451,21690,13118,6637
21700,12952,6173,21710,13118,6799
21720,12952,6229,21730,13113,6472
21740,12946,6555,21750,13114,6241
21760,12949,6694,21770,13128,6306
21780,12939,6441,21790,13127,6658
21800,12932,6161,21810,13132,6793
21820,12934,6233,21830,13121,6464
21840,12942,6560,21850,13130,6213
21860,12932,6692,21870,13133,6328
21880,12929,6435,21890,13131,6673
21900,12936,6161,21910,13125,6784
21920,12947,6228,21930,13121,6454
21940,12933,6572,21950,13116,6219
21960,12944,6678,21970,13130,6312
21980,12928,6427,21990,13119,6690
22000,12925,6148,22010,13140,6787
22020,12947,6236,22030,13130,6460
22040,12930,6593,22050,13125,6211
22060,12941,6681,22070,13135,6323
22080,12947,6421,22090,13127,6718
22100,12941,6129,22110,13113,6789
22120,12936,6230,22130,13121,6448
22140,12935,6589,22150,13118,6206
22160,12937,6672,22170,13125,6313
22180,12935,6412,22190,13120,6726
22200,12944,6124,22210,13103,6757
22220,12937,6234,22230,13122,6442
22240,12926,6610,22250,13125,6204
22260,12941,6667,22270,13128,6322
22280,12933,6410,22290,13124,6748
22300,12936,6121,22310,13118,6763
22320,12932,6226,22330,13131,6437
22340,12936,6609,22350,13119,6204
22360,12946,6664,22370,13116,6317
22380,12928,6415,22390,13117,6751
22400,12930,6112,22410,13129,6756
22420,12936,6230,22430,13121,6446
22440,12935,6630,22450,13111,6200
22460,12932,6660,22470,13122,6316
22480,12937,6399,22490,13120,6774
22500,12936,6094,22510,13118,6738
22520,12934,6225,22530,13129,6413
22540,12935,6632,22550,13136,6190
22560,12939,6641,22570,13124,6311
22580,12926,6392,22590,13107,6770
22600,12909,6086,22610,13094,6719
22620,12879,6215,22630,13077,6425
22640,12883,6648,22650,13080,6180
22660,12889,6657,22670,13074,6308
22680,12911,6405,22690,13092,6799
22700,12941,6120,22710,13106,6722
22720,12928,6230,22730,13106,6428
22740,12945,6663,22750,13107,6207
22760,12935,6646,22770,13120,6322
22780,12939,6402,22790,13065,6782
22800,12941,6104,22810,13110,6705
22820,12953,6241,22830,13122,6429
22840,12927,6663,22850,13125,6200
22860,12946,6643,22870,13132,6327
22880,12937,6402,22890,13120,6828
22900,12944,6123,22910,13121,6704
22920,12942,6238,22930,13127,6429
22940,12932,6686,22950,13123,6205
22960,12938,6618,22970,13126,6328
22980,12948,6407,22990,13129,6839
23000,12942,6119,23010,13123,6705
23020,12944,6250,23030,13126,6426
23040,12932,6688,23050,13131,6211
23060,12941,6621,23070,13124,6324
23080,12934,6401,23090,13064,6806
23100,12935,6114,23110,13129,6684
23120,12940,6244,23130,13120,6424
23140,12927,6686,23150,13118,6209
23160,12925,6600,23170,13119,6322
23180,12933,6392,23190,13122,6846
23200,12933,6124,23210,13122,6678
23220,12935,6248,23230,13121,6413
23240,12943,6698,23250,13133,6208
23260,12944,6605,23270,13133,6334
23280,12928,6386,23290,13135,6861
23300,12954,6124,23310,13141,6677
23320,12935,6255,23330,13124,6415
23340,12944,6697,23350,13134,6217
23360,12942,6603,23370,13130,6330
23380,12936,6376,23390,13097,6856
23400,12951,6119,23410,13120,6667
23420,12944,6264,23430,13138,6405
23440,12936,6702,23450,13119,6223
23460,12935,6584,23470,13126,6340
23480,12944,6385,23490,13132,6850
23500,12946,6124,23510,13124,6662
23520,12941,6267,23530,13136,6417
23540,12947,6713,23550,13129,6211
23560,12941,6596,23570,13136,6350
23580,12939,6371,23590,13118,6858
23600,12946,6130,23610,13124,6629
23620,12937,6263,23630,13121,6386
23640,12924,6699,23650,13117,6206
23660,12927,6564,23670,13095,6341
23680,12895,6369,23690,13050,6828
23700,12862,6090,23710,13074,6606
23720,12837,6245,23730,13054,6386
23740,12835,6691,23750,13040,6197
23760,12926,6564,23770,13118,6349
23780,12946,6361,23790,13110,6871
23800,12942,6139,23810,13116,6620
23820,12932,6282,23830,13128,6386
23840,12944,6718,23850,13119,6220
23860,12945,6564,23870,13127,6354
23880,12930,6363,23890,13115,6875
23900,12931,6131,23910,13126,6620
23920,12936,6282,23930,13123,6394
23940,12948,6723,23950,13119,6216
23960,12931,6547,23970,13119,6359
23980,12924,6359,23990,13126,6877
24000,12943,6130,24010,13122,6613
24020,12937,6289,24030,13120,6395
24040,12945,6740,24050,13130,6224
24060,12934,6554,24070,13131,6368
24080,12936,6359,24090,13142,6898
24100,12938,6136,24110,13123,6595
24120,12938,6293,24130,13113,6383
24140,12935,6730,24150,13130,6231
24160,12921,6537,24170,13124,6377
24180,12931,6358,24190,13118,6900
24200,12932,6141,24210,13133,6591
24220,12944,6281,24230,13132,6384
24240,12932,6739,24250,13125,6233
24260,12930,6527,24270,13124,6377
24280,12932,6344,24290,13001,6863
24300,12922,6126,24310,13127,6575
24320,12930,6286,24330,13116,6378
24340,12943,6738,24350,13126,6226
24360,12936,6538,24370,13116,6378
24380,12936,6342,24390,13138,6912
24400,12945,6138,24410,13131,6571
24420,12930,6297,24430,13121,6374
24440,12935,6747,24450,13127,6234
24460,12936,6520,24470,13122,6384
24480,12916,6341,24490,13124,6908
24500,12933,6139,24510,13118,6570
24520,12932,6303,24530,13126,6376
24540,12932,6742,24550,13129,6237
24560,12935,6516,24570,13128,6393
24580,12934,6328,24590,12995,6880
24600,12948,6131,24610,13118,6560
24620,12930,6306,24630,13125,6360
24640,12931,6750,24650,13114,6224
24660,12924,6488,24670,13122,6377
24680,12938,6323,24690,13119,6903
24700,12923,6130,24710,13120,6541
24720,12917,6291,24730,13115,6353
24740,12905,6728,24750,13091,6219
24760,12882,6497,24770,13075,6378
24780,12878,6317,24790,13075,6909
24800,12881,6144,24810,13078,6541
24820,12900,6321,24830,13079,6358
24840,12922,6763,24850,13111,6239
24860,12939,6506,24870,13101,6392
24880,12929,6320,24890,12997,6888
24900,12899,6136,24910,13043,6532
24920,12932,6326,24930,13067,6320
24940,12901,6775,24950,13107,6246
24960,12939,6495,24970,13119,6408
24980,12920,6293,24990,13116,6931
25000,12938,6150,25010,13122,6541
25020,12939,6333,25030,13120,6343
25040,12931,6769,25050,13122,6241
25060,12931,6494,25070,13115,6413
25080,12931,6298,25090,13117,6929
25100,12943,6153,25110,13115,6532
25120,12928,6339,25130,13114,6334
25140,12940,6767,25150,13116,6255
25160,12936,6488,25170,13119,6416
25180,12941,6281,25190,13032,6912
25200,12947,6165,25210,13110,6515
25220,12926,6339,25230,13114,6319
25240,12930,6764,25250,13114,6254
25260,12929,6477,25270,13134,6432
25280,12945,6274,25290,13130,6924
25300,12945,6171,25310,13135,6530
25320,12940,6358,25330,13129,6314
25340,12940,6771,25350,13135,6260
25360,12940,6483,25370,13123,6448
25380,12933,6271,25390,13123,6912
25400,12935,6167,25410,13119,6510
25420,12932,6384,25430,13119,6301
25440,12934,6762,25450,13122,6267
25460,12928,6477,25470,13134,6474
25480,12934,6256,25490,13119,6902
25500,12932,6175,25510,13135,6518
25520,12926,6388,25530,13137,6289
25540,12936,6749,25550,13114,6265
25560,12936,6467,25570,13118,6496
25580,12932,6218,25590,13122,6910
25600,12943,6179,25610,13118,6509
25620,12934,6419,25630,13124,6288
25640,12941,6755,25650,13118,6272
25660,12941,6474,25670,13119,6520
25680,12928,6241,25690,13134,6901
25700,12937,6172,25710,13126,6496
25720,12935,6423,25730,13123,6261
25740,12939,6747,25750,13130,6264
25760,12926,6457,25770,13127,6531
25780,12926,6194,25790,13106,6888
25800,12909,6145,25810,13099,6466
25820,12892,6405,25830,13077,6220
25840,12875,6706,25850,13068,6247
25860,12899,6444,25870,13087,6537
25880,12908,6202,25890,13087,6882
25900,12931,6175,25910,13111,6480
25920,12939,6466,25930,13118,6252
25940,12938,6746,25950,13114,6273
25960,12939,6458,25970,13126,6572
25980,12940,6175,25990,13126,6893
26000,12939,6188,26010,13122,6487
26020,12928,6481,26030,13119,6239
26040,12940,6748,26050,13129,6279
26060,12948,6447,26070,13109,6593
26080,12937,6181,26090,13109,6872
26100,12939,6179,26110,13101,6479
26120,12936,6493,26130,13097,6223
26140,12929,6732,26150,13106,6289
26160,12930,6448,26170,13119,6610
26180,12928,6152,26190,13135,6867
26200,12933,6197,26210,13116,6463
26220,12917,6506,26230,13111,6217
26240,12932,6730,26250,13119,6283
26260,12923,6444,26270,13129,6638
26280,12943,6165,26290,13108,6867
26300,12939,6192,26310,13130,6470
26320,12939,6531,26330,13128,6208
26340,12935,6736,26350,13120,6291
26360,12938,6440,26370,13118,6652
26380,12934,6151,26390,13123,6863
26400,12936,6188,26410,13121,6454
26420,12945,6531,26430,13128,6205
26440,12939,6730,26450,13129,6300
26460,12941,6443,26470,13119,6671
26480,12929,6137,26490,13122,6852
26500,12933,6207,26510,13130,6470
26520,12950,6563,26530,13136,6209
26540,12941,6730,26550,13123,6296
26560,12931,6430,26570,13126,6687
26580,12929,6131,26590,13136,6853
26600,12946,6195,26610,13129,6451
26620,12932,6578,26630,13129,6197
26640,12933,6715,26650,13118,6291
26660,12926,6421,26670,13128,6712
26680,12929,6109,26690,13111,6826
26700,12931,6203,26710,13123,6445
26720,12924,6577,26730,13122,6181
26740,12941,6721,26750,13118,6302
26760,12939,6425,26770,13124,6729
26780,12936,6095,26790,13139,6817
26800,12933,6201,26810,13127,6433
26820,12933,6589,26830,13127,6161
26840,12935,6705,26850,13147,6290
26860,12940,6402,26870,13115,6719
26880,12916,6083,26890,13088,6797
26900,12884,6182,26910,13091,6420
26920,12891,6617,26930,13084,6171
26940,12877,6707,26950,13079,6295
26960,12913,6415,26970,13090,6759
26980,12934,6095,26990,13102,6805
27000,12941,6202,27010,13105,6434
27020,12936,6625,27030,13119,6171
27040,12937,6695,27050,13109,6304
27060,12928,6402,27070,13116,6778
27080,12931,6095,27090,13113,6794
27100,12933,6214,27110,13112,6424
27120,12945,6630,27130,13125,6168
27140,12942,6672,27150,13121,6312
27160,12929,6409,27170,13127,6791
27180,12935,6089,27190,13121,6778
27200,12930,6216,27210,13119,6423
27220,12946,6658,27230,13121,6166
27240,12929,6683,27250,13117,6308
27260,12941,6418,27270,13127,6808
27280,12935,6093,27290,13102,6757
27300,12933,6234,27310,13118,6423
27320,12933,6652,27330,13110,6183
27340,12937,6660,27350,13119,6312
27360,12948,6404,27370,13128,6806
27380,12929,6091,27390,13118,6757
27400,12937,6223,27410,13123,6419
27420,12935,6659,27430,13119,6172
27440,12932,6649,27450,13123,6317
27460,12935,6396,27470,13121,6820
27480,12939,6081,27490,13123,6743
27500,12934,6223,27510,13117,6414
27520,12940,6672,27530,13126,6178
27540,12930,6638,27550,13125,6314
27560,12938,6393,27570,13126,6829
27580,12939,6099,27590,13106,6718
27600,12930,6220,27610,13114,6422
27620,12938,6685,27630,13113,6184
27640,12928,6632,27650,13119,6320
27660,12925,6397,27670,13115,6828
27680,12935,6107,27690,13116,6697
27700,12939,6235,27710,13119,6422
27720,12931,6684,27730,13123,6199
27740,12927,6614,27750,13127,6330
27760,12931,6386,27770,13134,6844
27780,12929,6095,27790,13121,6699
27800,12934,6240,27810,13133,6430
27820,12943,6694,27830,13123,6183
27840,12934,6608,27850,13132,6334
27860,12934,6380,27870,13128,6833
27880,12940,6099,27890,13121,6676
27900,12930,6229,27910,13122,6403
27920,12935,6694,27930,13112,6187
27940,12924,6598,27950,13111,6319
27960,12900,6371,27970,13098,6857
27980,12900,6107,27990,13094,6667
28000,12914,6239,28010,13089,6415
28020,12915,6707,28030,13090,6178
28040,12932,6604,28050,13124,6326
28060,12941,6378,28070,13116,6880
28080,12943,6095,28090,13108,6675
28100,12939,6253,28110,13115,6408
28120,12929,6715,28130,13117,6192
28140,12947,6578,28150,13115,6337
28160,12931,6373,28170,13116,6862
28180,12932,6113,28190,13108,6643
28200,12932,6275,28210,13114,6397
28220,12948,6719,28230,13099,6217
28240,12937,6572,28250,13114,6349
28260,12933,6366,28270,13126,6874
28280,12940,6125,28290,13133,6637
28300,12952,6284,28310,13118,6393
28320,12941,6720,28330,13117,6212
28340,12939,6569,28350,13122,6356
28360,12929,6370,28370,13134,6890
28380,12934,6128,28390,13131,6622
28400,12960,6292,28410,13132,6402
28420,12939,6730,28430,13123,6222
28440,12934,6554,28450,13123,6362
28460,12942,6357,28470,13136,6917
28480,12946,6106,28490,13122,6608
28500,12940,6286,28510,13128,6392
28520,12946,6741,28530,13126,6213
28540,12942,6546,28550,13126,6361
28560,12947,6355,28570,13136,6913
28580,12939,6117,28590,13133,6602
28600,12936,6294,28610,13121,6386
28620,12941,6749,28630,13124,6210
28640,12944,6540,28650,13121,6371
28660,12934,6349,28670,13124,6914
28680,12947,6131,28690,13135,6594
28700,12942,6300,28710,13124,6383
28720,12927,6751,28730,13128,6223
28740,12928,6537,28750,13133,6371
28760,12937,6338,28770,13117,6923
28780,12929,6123,28790,13111,6581
28800,12934,6303,28810,13122,6387
28820,12938,6762,28830,13119,6231
28840,12921,6531,28850,13119,6382
28860,12931,6339,28870,13123,6919
28880,12933,6137,28890,13125,6556
28900,12929,6305,28910,13117,6373
28920,12920,6757,28930,13133,6216
28940,12938,6504,28950,13116,6376
28960,12937,6327,28970,13127,6918
28980,12943,6135,28990,13122,6547
29000,12934,6289,29010,13109,6350
29020,12909,6728,29030,13080,6210
29040,12895,6497,29050,13087,6381
29060,12891,6337,29070,13088,6916
29080,12884,6142,29090,13073,6549
29100,12827,6290,29110,13043,6354
29120,12865,6765,29130,13047,6218
29140,12858,6484,29150,13071,6373
29160,12943,6318,29170,13112,6925
29180,12941,6135,29190,13109,6551
29200,12954,6318,29210,13121,6369
29220,12943,6772,29230,13126,6233
29240,12940,6501,29250,13117,6401
29260,12945,6331,29270,13131,6941
29280,12947,6142,29290,13127,6542
29300,12934,6331,29310,13121,6367
29320,12946,6778,29330,13112,6241
29340,12932,6496,29350,13122,6408
29360,12944,6335,29370,13114,6928
29380,12943,6155,29390,13125,6541
29400,12944,6334,29410,13121,6369
29420,12928,6767,29430,13138,6255
29440,12940,6481,29450,13129,6419
29460,12937,6324,29470,13129,6914
29480,12937,6160,29490,13126,6518
29500,12931,6344,29510,13124,6370
29520,12942,6761,29530,13119,6247
29540,12940,6478,29550,13121,6419
29560,12949,6301,29570,13122,6916
29580,12933,6158,29590,13130,6520
29600,12950,6346,29610,13125,6363
29620,12931,6752,29630,13126,6259
29640,12935,6472,29650,13124,6428
29660,12935,6308,29670,13131,6914
29680,12929,6154,29690,13109,6512
29700,12943,6349,29710,13119,6349
29720,12930,6755,29730,13119,6261
29740,12932,6457,29750,13118,6431
29760,12944,6290,29770,13128,6918
29780,12940,6185,29790,13128,6507
29800,12942,6369,29810,13118,6327
29820,12936,6767,29830,13133,6277
29840,12934,6469,29850,13124,6444
29860,12938,6310,29870,13121,6911
29880,12945,6184,29890,13134,6498
29900,12931,6367,29910,13134,6343
29920,12934,6765,29930,13132,6281
29940,12942,6464,29950,13128,6455
29960,12933,6282,29970,13116,6901
29980,12941,6186,29990,13129,6498
30000,12939,6374,30010,13132,6316
30020,12945,6750,30030,13121,6264
30040,12943,6453,30050,13122,6469
30060,12934,6270,30070,13112,6867
30080,12903,6166,30090,13098,6479
30100,12894,6389,30110,13092,6312
30120,12906,6743,30130,13098,6272
30140,12906,6455,30150,13086,6488
30160,12914,6262,30170,13101,6881
30180,12935,6207,30190,13094,6484
30200,12945,6427,30210,13108,6287
30220,12945,6749,30230,13119,6294
30240,12938,6462,30250,13117,6515
30260,12930,6249,30270,13124,6883
30280,12926,6200,30290,13118,6487
30300,12941,6449,30310,13111,6292
30320,12952,6742,30330,13120,6292
30340,12945,6458,30350,13122,6540
30360,12935,6233,30370,13126,6868
30380,12941,6209,30390,13126,6471
30400,12933,6458,30410,13132,6279
30420,12935,6746,30430,13127,6297
30440,12934,6445,30450,13126,6558
30460,12936,6225,30470,13120,6862
30480,12937,6207,30490,13122,6473
30500,12945,6477,30510,13125,6274
30520,12953,6731,30530,13116,6299
30540,12933,6436,30550,13117,6587
30560,12933,6211,30570,13116,6858
30580,12942,6205,30590,13114,6466
30600,12941,6492,30610,13117,6262
30620,12929,6731,30630,13119,6301
30640,12936,6438,30650,13130,6611
30660,12933,6177,30670,13129,6859
30680,12936,6215,30690,13134,6461
30700,12940,6507,30710,13128,6242
30720,12935,6736,30730,13132,6306
30740,12926,6437,30750,13127,6625
30760,12945,6184,30770,13135,6859
30780,12944,6200,30790,13126,6445
30800,12935,6525,30810,13130,6226
30820,12931,6728,30830,13133,6301
30840,12933,6432,30850,13118,6640
30860,12934,6177,30870,13132,6839
30880,12934,6206,30890,13120,6448
30900,12945,6543,30910,13119,6230
30920,12931,6712,30930,13135,6299
30940,12936,6418,30950,13121,6655
30960,12935,6162,30970,13128,6833
30980,12935,6213,30990,13137,6445
31000,12938,6545,31010,13119,6226
31020,12919,6717,31030,13102,6295
31040,12934,6411,31050,13117,6666
31060,12936,6141,31070,13121,6811
31080,12917,6193,31090,13127,6434
31100,12940,6553,31110,13136,6192
31120,12939,6719,31130,13125,6293
31140,12932,6393,31150,13107,6691
31160,12906,6107,31170,13088,6798
31180,12876,6193,31190,13051,6400
31200,12859,6543,31210,13051,6165
31220,12837,6677,31230,13039,6285
31240,12829,6374,31250,13097,6701
31260,12933,6100,31270,13109,6810
31280,12927,6226,31290,13098,6437
31300,12942,6583,31310,13114,6188
31320,12928,6698,31330,13110,6314
31340,12937,6413,31350,13120,6723
31360,12946,6128,31370,13108,6794
31380,12928,6223,31390,13123,6434
31400,12945,6615,31410,13123,6205
31420,12939,6692,31430,13121,6309
31440,12942,6410,31450,13120,6736
31460,12944,6113,31470,13131,6796
31480,12935,6238,31490,13128,6444
31500,12939,6626,31510,13131,6185
31520,12938,6689,31530,13111,6333
31540,12941,6414,31550,13126,6748
31560,12934,6114,31570,13133,6755
31580,12938,6250,31590,13117,6437
31600,12942,6573,31610,13124,6216
31620,12925,6682,31630,13131,6136
31640,12939,6579,31650,13120,6529
31660,12931,6304,31670,13115,6700
31680,12927,6272,31690,13123,6559
31700,12938,6452,31710,13112,6349
31720,12925,6627,31730,13116,6327
31740,12936,6509,31750,13127,6505
31760,12946,6304,31770,13119,6663
31780,12930,6275,31790,13115,6547
31800,12933,6456,31810,13134,6353
31820,12949,6614,31830,13110,6315
31840,12935,6506,31850,13126,6505
31860,12933,6299,31870,13125,6664
31880,12942,6280,31890,13128,6548
31900,12931,6468,31910,13120,6356
31920,12941,6605,31930,13120,6316
31940,12935,6497,31950,13131,6514
31960,12927,6306,31970,13123,6649
31980,12930,6272,31990,13128,6538
32000,12929,6467,32010,13128,6340
32020,12925,6608,32030,13106,6325
32040,12938,6496,32050,13124,6513
32060,12933,6302,32070,13124,6637
32080,12899,6271,32090,13111,6530
32100,12926,6481,32110,13131,6346
32120,12911,6588,32130,13125,6314
32140,12934,6485,32150,13127,6517
32160,12939,6291,32170,13120,6635
32180,12953,6279,32190,13126,6525
32200,12932,6474,32210,13106,6326
32220,12925,6580,32230,13110,6305
32240,12897,6469,32250,13094,6519
32260,12896,6292,32270,13093,6641
32280,12900,6282,32290,13096,6532
32300,12904,6489,32310,13102,6331
32320,12933,6606,32330,13117,6321
32340,12945,6497,32350,13125,6536
32360,12931,6289,32370,13116,6638
32380,12914,6273,32390,13113,6538
32400,12947,6500,32410,13132,6332
32420,12941,6593,32430,13116,6324
32440,12941,6489,32450,13118,6538
32460,12939,6303,32470,13126,6628
32480,12933,6292,32490,13117,6527
32500,12940,6503,32510,13122,6330
32520,12937,6587,32530,13122,6320
32540,12932,6476,32550,13138,6546
32560,12938,6296,32570,13132,6637
32580,12937,6290,32590,13135,6531
32600,12939,6511,32610,13124,6346
32620,12937,6582,32630,13128,6329
32640,12936,6481,32650,13127,6564
32660,12938,6290,32670,13119,6626
32680,12927,6286,32690,13116,6518
32700,12940,6514,32710,13127,6334
32720,12931,6583,32730,13125,6334
32740,12944,6480,32750,13118,6555
32760,12923,6284,32770,13126,6627
32780,12942,6277,32790,13119,6520
32800,12936,6510,32810,13131,6326
32820,12935,6571,32830,13124,6324
32840,12938,6475,32850,13128,6563
32860,12941,6290,32870,13129,6625
32880,12936,6283,32890,13138,6528
32900,12943,6524,32910,13127,6337
32920,12940,6573,32930,13123,6329
32940,12937,6474,32950,13125,6569
32960,12935,6286,32970,13122,6622
32980,12931,6293,32990,13124,6525
33000,12937,6523,33010,13121,6334
33020,12929,6573,33030,13124,6328
33040,12932,6472,33050,13116,6566
33060,12932,6291,33070,13129,6618
33080,12942,6291,33090,13116,6515
33100,12941,6525,33110,13129,6335
33120,12935,6579,33130,13120,6330
33140,12938,6468,33150,13118,6579
33160,12933,6281,33170,13123,6612
33180,12942,6294,33190,13126,6518
33200,12925,6527,33210,13120,6317
33220,12935,6549,33230,13119,6327
33240,12936,6462,33250,13120,6581
33260,12942,6280,33270,13133,6613
33280,12933,6278,33290,13105,6481
33300,12914,6513,33310,13096,6300
33320,12888,6525,33330,13066,6302
33340,12860,6444,33350,13081,6570
33360,12885,6276,33370,13077,6605
33380,12905,6293,33390,13086,6501
33400,12921,6550,33410,13121,6330
33420,12952,6565,33430,13115,6337
33440,12943,6467,33450,13104,6587
33460,12949,6282,33470,13117,6607
33480,12943,6291,33490,13111,6507
