LED1 Timestamp (ms),LED1_PD1,LED1_PD2,LED2 Timestamp (ms),LED2_PD1,LED2_PD2
40500,1662,19,40510,1690,22
40520,1703,25,40530,1699,12
40540,1663,17,40550,1662,21
40560,1682,18,40570,1688,17
40580,1692,19,40590,1652,15
40600,1664,23,40610,1684,7
40620,1693,24,40630,1700,17
40640,1655,20,40650,1668,17
40660,1685,23,40670,1708,19
40680,1690,16,40690,1667,15
40700,1663,18,40710,1693,15
40720,1690,14,40730,1697,17
40740,1653,20,40750,1661,24
40760,1689,20,40770,1711,17
40780,1701,22,40790,1658,14
40800,1675,24,40810,1697,22
40820,1696,24,40830,1681,26
40840,1659,27,40850,1663,14
40860,1692,20,40870,1709,27
40880,1685,23,40890,1658,30
40900,1668,19,40910,1698,20
40920,1705,21,40930,1686,29
40940,1659,24,40950,1671,17
40960,1703,17,40970,1700,20
40980,1688,16,40990,1658,22
41000,1672,30,41010,1701,20
41020,1700,18,41030,1687,13
41040,1653,14,41050,1667,18
41060,1698,12,41070,1707,8
41080,1686,14,41090,1650,15
41100,1664,27,41110,1701,17
41120,1700,14,41130,1686,18
41140,1654,21,41150,1669,27
41160,1701,18,41170,1698,17
41180,1682,13,41190,1662,27
41200,1671,16,41210,1705,13
41220,1700,17,41230,1691,18
41240,1650,24,41250,1667,24
41260,1709,15,41270,1695,21
41280,1681,20,41290,1657,12
41300,1658,14,41310,1703,13
41320,1693,20,41330,1683,21
41340,1652,20,41350,1662,18
41360,1698,18,41370,1693,22
41380,1685,25,41390,1651,20
41400,1662,21,41410,1710,15
41420,1699,26,41430,1676,22
41440,1652,16,41450,1672,18
41460,1692,23,41470,1690,27
41480,1683,16,41490,1648,22
41500,1671,16,41510,1692,23
41520,1691,26,41530,1677,22
41540,1650,22,41550,1680,19
41560,1695,25,41570,1698,22
41580,1681,19,41590,1647,29
41600,1675,18,41610,1695,21
41620,1688,10,41630,1680,17
41640,1651,21,41650,1670,20
41660,1702,18,41670,1694,31
41680,1672,21,41690,1661,16
41700,1666,17,41710,1704,20
41720,1700,17,41730,1674,16
41740,1653,26,41750,1670,22
41760,1701,27,41770,1694,15
41780,1676,21,41790,1667,17
41800,1669,21,41810,1707,20
41820,1686,34,41830,1678,14
41840,1669,26,41850,1667,28
41860,1707,14,41870,1688,22
41880,1663,17,41890,1654,18
41900,1668,9,41910,1704,22
41920,1678,21,41930,1673,20
41940,1662,31,41950,1669,18
41960,1705,19,41970,1691,22
41980,1667,14,41990,1667,23
42000,1676,27,42010,1716,26
42020,1686,22,42030,1683,14
42040,1660,32,42050,1670,20
42060,1701,18,42070,1680,29
42080,1672,20,42090,1665,28
42100,1665,26,42110,1715,18
42120,1688,30,42130,1672,29
42140,1666,19,42150,1671,18
42160,1726,26,42170,1687,17
42180,1680,27,42190,1665,17
42200,1668,16,42210,1719,15
42220,1697,16,42230,1671,24
42240,1667,20,42250,1683,28
42260,1711,24,42270,1688,25
42280,1667,12,42290,1670,17
42300,1675,23,42310,1723,24
42320,1688,22,42330,1671,19
42340,1667,23,42350,1672,16
42360,1720,16,42370,1684,18
42380,1659,16,42390,1669,15
42400,1678,11,42410,1726,22
42420,1680,23,42430,1664,13
42440,1672,15,42450,1673,21
42460,1728,18,42470,1679,29
42480,1664,17,42490,1668,24
42500,1681,20,42510,1720,14
42520,1681,14,42530,1671,27
42540,1677,27,42550,1672,20
42560,1718,20,42570,1673,17
42580,1667,23,42590,1677,20
42600,1685,27,42610,1726,22
42620,1680,31,42630,1659,26
42640,1673,14,42650,1686,19
42660,1715,23,42670,1676,19
42680,1658,28,42690,1672,26
42700,1687,22,42710,1720,27
42720,1668,18,42730,1661,16
42740,1689,13,42750,1686,19
42760,1720,21,42770,1670,24
42780,1664,22,42790,1680,17
42800,1680,15,42810,1718,17
42820,1668,15,42830,1659,13
42840,1676,25,42850,1684,13
42860,1713,23,42870,1677,24
42880,1666,26,42890,1691,23
42900,1678,16,42910,1701,24
42920,1667,20,42930,1667,13
42940,1686,15,42950,1689,18
42960,1709,24,42970,1670,25
42980,1666,16,42990,1679,22
43000,1676,25,43010,1715,16
43020,1675,22,43030,1662,18
43040,1682,19,43050,1677,15
43060,1713,16,43070,1668,20
43080,1659,15,43090,1686,32
43100,1672,26,43110,1698,14
43120,1672,21,43130,1666,21
43140,1683,25,43150,1686,24
43160,1710,23,43170,1673,17
43180,1664,20,43190,1692,20
43200,1678,23,43210,1701,21
43220,1668,26,43230,1668,27
43240,1685,20,43250,1678,18
43260,1702,17,43270,1666,34
43280,1666,18,43290,1690,26
43300,1687,18,43310,1700,25
43320,1663,18,43330,1667,16
43340,1685,22,43350,1681,21
43360,1706,28,43370,1663,16
43380,1664,28,43390,1683,19
43400,1691,21,43410,1701,25
43420,1664,25,43430,1666,27
43440,1679,19,43450,1689,18
43460,1694,26,43470,1659,20
43480,1669,18,43490,1679,18
43500,1692,18,43510,1702,11
43520,1657,16,43530,1668,14
43540,1690,25,43550,1707,29
43560,1699,25,43570,1651,17
43580,1668,21,43590,1694,19
43600,1703,17,43610,1700,24
43620,1654,15,43630,1671,21
43640,1690,26,43650,1696,27
43660,1695,24,43670,1665,23
43680,1658,20,43690,1689,30
43700,1708,30,43710,1701,12
43720,1664,15,43730,1666,22
43740,1690,28,43750,1721,29
43760,1692,22,43770,1666,22
43780,1669,33,43790,1690,16
43800,1696,21,43810,1691,22
43820,1660,22,43830,1664,8
43840,1692,27,43850,1711,16
43860,1692,18,43870,1662,24
43880,1663,22,43890,1690,16
43900,1699,23,43910,1697,28
43920,1662,27,43930,1669,26
43940,1704,27,43950,1702,24
43960,1694,30,43970,1649,19
43980,1668,12,43990,1703,26
44000,1702,20,44010,1689,25
44020,1660,15,44030,1664,23
44040,1698,13,44050,1694,27
44060,1691,24,44070,1649,26
44080,1664,21,44090,1702,23
44100,1709,25,44110,1686,22
44120,1661,21,44130,1672,18
44140,1704,21,44150,1701,20
44160,1690,20,44170,1661,22
44180,1667,26,44190,1708,23
44200,1709,25,44210,1687,23
44220,1658,24,44230,1673,11
44240,1704,17,44250,1708,22
44260,1685,26,44270,1653,24
44280,1667,11,44290,1708,23
44300,1705,24,44310,1692,18
44320,1658,37,44330,1662,23
44340,1706,26,44350,1697,14
44360,1686,18,44370,1658,19
44380,1669,27,44390,1699,25
44400,1698,25,44410,1675,16
44420,1653,22,44430,1664,26
44440,1700,26,44450,1686,23
44460,1672,21,44470,1652,20
44480,1667,17,44490,1697,17
44500,1692,31,44510,1686,11
44520,1660,22,44530,1668,20
44540,1702,24,44550,1691,22
44560,1677,16,44570,1654,15
44580,1670,17,44590,1696,24
44600,1695,26,44610,1678,22
44620,1653,17,44630,1664,26
44640,1701,27,44650,1690,19
44660,1674,18,44670,1654,16
44680,1673,22,44690,1704,19
44700,1688,17,44710,1674,15
44720,1664,29,44730,1662,12
44740,1695,20,44750,1689,16
44760,1676,21,44770,1661,19
44780,1675,18,44790,1705,18
44800,1689,11,44810,1675,23
44820,1666,16,44830,1673,23
44840,1711,20,44850,1689,25
44860,1669,20,44870,1666,22
44880,1673,15,44890,1704,26
44900,1689,17,44910,1674,17
44920,1664,18,44930,1663,15
44940,1712,15,44950,1689,15
44960,1669,20,44970,1673,21
44980,1670,30,44990,1705,22
45000,1675,25,45010,1679,14
45020,1668,24,45030,1668,15
45040,1716,25,45050,1682,20
45060,1672,30,45070,1670,22
45080,1672,21,45090,1712,20
45100,1680,18,45110,1666,15
45120,1670,26,45130,1675,23
45140,1719,28,45150,1683,27
45160,1674,23,45170,1664,17
45180,1670,20,45190,1716,21
45200,1673,18,45210,1666,20
45220,1667,29,45230,1675,20
45240,1713,12,45250,1676,17
45260,1665,23,45270,1677,18
45280,1670,23,45290,1719,24
45300,1666,19,45310,1658,16
45320,1673,22,45330,1680,18
45340,1716,19,45350,1682,20
45360,1665,22,45370,1679,15
45380,1677,24,45390,1717,20
45400,1689,22,45410,1667,27
45420,1674,16,45430,1686,22
45440,1719,21,45450,1681,26
45460,1658,16,45470,1676,18
45480,1688,19,45490,1715,18
45500,1674,21,45510,1663,18
45520,1680,28,45530,1684,16
45540,1713,23,45550,1678,19
45560,1667,18,45570,1674,25
45580,1696,22,45590,1724,15
45600,1682,18,45610,1661,22
45620,1687,24,45630,1688,19
45640,1716,20,45650,1674,23
45660,1662,16,45670,1681,27
45680,1687,20,45690,1713,19
45700,1679,25,45710,1666,28
45720,1679,14,45730,1675,16
45740,1718,23,45750,1669,18
45760,1663,22,45770,1684,19
45780,1673,25,45790,1719,15
45800,1671,15,45810,1661,21
45820,1679,25,45830,1682,22
45840,1713,22,45850,1672,19
45860,1662,22,45870,1684,22
45880,1682,25,45890,1706,18
45900,1672,17,45910,1671,21
45920,1683,21,45930,1679,22
45940,1710,30,45950,1669,25
45960,1666,22,45970,1680,16
45980,1687,23,45990,1709,26
46000,1667,19,46010,1667,24
46020,1684,24,46030,1688,19
46040,1707,25,46050,1674,19
46060,1674,23,46070,1685,25
46080,1686,26,46090,1712,21
46100,1668,19,46110,1659,23
46120,1681,21,46130,1688,33
46140,1702,28,46150,1657,24
46160,1663,19,46170,1686,20
46180,1691,8,46190,1698,18
46200,1674,18,46210,1669,23
46220,1683,17,46230,1690,15
46240,1706,18,46250,1664,21
46260,1663,22,46270,1693,14
46280,1693,26,46290,1700,22
46300,1660,16,46310,1665,24
46320,1690,18,46330,1697,18
46340,1702,14,46350,1658,17
46360,1663,19,46370,1681,23
46380,1698,24,46390,1694,15
46400,1665,17,46410,1667,25
46420,1690,11,46430,1696,27
46440,1695,18,46450,1655,18
46460,1663,16,46470,1694,16
46480,1707,13,46490,1693,19
46500,1666,25,46510,1658,25
46520,1687,14,46530,1709,20
46540,1698,19,46550,1660,16
46560,1670,19,46570,1688,21
46580,1704,18,46590,1690,23
46600,1658,20,46610,1662,23
46620,1688,18,46630,1706,23
46640,1693,25,46650,1663,20
46660,1670,17,46670,1697,22
46680,1699,25,46690,1691,19
46700,1656,16,46710,1667,22
46720,1700,21,46730,1698,30
46740,1688,22,46750,1663,16
46760,1672,13,46770,1695,21
46780,1707,30,46790,1693,21
46800,1657,25,46810,1673,16
46820,1699,25,46830,1703,19
46840,1698,26,46850,1657,15
46860,1664,24,46870,1711,14
46880,1700,22,46890,1695,25
46900,1660,26,46910,1659,17
46920,1710,14,46930,1705,22
46940,1679,17,46950,1650,19
46960,1665,20,46970,1702,21
46980,1695,18,46990,1683,19
47000,1664,17,47010,1670,21
47020,1707,18,47030,1702,23
47040,1680,22,47050,1659,25
47060,1676,25,47070,1702,17
47080,1703,18,47090,1690,27
47100,1645,21,47110,1664,25
47120,1696,21,47130,1695,13
47140,1677,16,47150,1656,21
47160,1677,19,47170,1705,18
47180,1701,17,47190,1685,25
47200,1648,21,47210,1664,19
47220,1690,17,47230,1696,14
47240,1684,18,47250,1657,21
47260,1668,19,47270,1695,22
47280,1697,28,47290,1678,16
47300,1652,20,47310,1670,13
47320,1688,19,47330,1691,19
47340,1684,14,47350,1661,27
47360,1675,24,47370,1693,20
47380,1686,18,47390,1674,23
47400,1657,19,47410,1663,20
47420,1694,24,47430,1690,23
47440,1681,19,47450,1659,20
47460,1675,20,47470,1717,21
47480,1686,17,47490,1673,22
47500,1659,21,47510,1662,26
47520,1704,26,47530,1690,19
47540,1678,22,47550,1661,19
47560,1668,9,47570,1710,24
47580,1693,14,47590,1670,19
47600,1670,28,47610,1676,18
47620,1704,24,47630,1683,22
47640,1678,23,47650,1668,28
47660,1672,25,47670,1704,20
47680,1689,13,47690,1673,19
47700,1666,17,47710,1669,13
47720,1714,14,47730,1682,16
47740,1674,19,47750,1662,20
47760,1674,23,47770,1702,19
47780,1692,15,47790,1669,20
47800,1667,19,47810,1672,20
47820,1720,19,47830,1681,21
47840,1668,22,47850,1669,18
47860,1674,21,47870,1714,27
47880,1689,21,47890,1669,21
47900,1682,20,47910,1683,18
47920,1720,23,47930,1686,27
47940,1672,21,47950,1670,19
47960,1670,28,47970,1717,28
47980,1682,23,47990,1670,27
48000,1671,27,48010,1675,19
48020,1713,24,48030,1677,24
48040,1661,21,48050,1681,24
48060,1679,13,48070,1717,15
48080,1678,25,48090,1668,18
48100,1675,23,48110,1684,29
48120,1724,23,48130,1684,27
48140,1660,19,48150,1678,20
48160,1684,17,48170,1717,17
48180,1683,26,48190,1665,19
48200,1677,18,48210,1689,21
48220,1718,16,48230,1674,20
48240,1663,31,48250,1680,20
48260,1687,19,48270,1718,26
48280,1679,22,48290,1665,22
48300,1685,22,48310,1688,26
48320,1713,32,48330,1672,21
48340,1662,25,48350,1687,12
48360,1683,23,48370,1712,21
48380,1663,25,48390,1663,15
48400,1672,15,48410,1674,21
48420,1711,24,48430,1673,33
48440,1670,23,48450,1675,11
48460,1677,24,48470,1709,24
48480,1674,14,48490,1666,16
48500,1679,21,48510,1685,13
48520,1718,16,48530,1669,20
48540,1662,21,48550,1683,19
48560,1680,28,48570,1710,21
48580,1664,19,48590,1665,22
48600,1684,25,48610,1683,19
48620,1705,26,48630,1665,29
48640,1659,15,48650,1683,7
48660,1685,22,48670,1717,21
48680,1674,20,48690,1660,30
48700,1678,26,48710,1677,16
48720,1712,24,48730,1669,31
48740,1666,20,48750,1689,28
48760,1686,21,48770,1710,20
48780,1676,26,48790,1670,22
48800,1683,26,48810,1689,25
48820,1709,29,48830,1667,35
48840,1666,24,48850,1689,23
48860,1692,29,48870,1695,24
48880,1664,10,48890,1667,17
48900,1679,24,48910,1692,16
48920,1702,22,48930,1659,21
48940,1666,25,48950,1686,23
48960,1698,18,48970,1700,15
48980,1663,17,48990,1669,17
49000,1679,19,49010,1689,31
49020,1698,24,49030,1660,18
49040,1667,23,49050,1684,18
49060,1690,31,49070,1703,27
49080,1653,24,49090,1662,21
49100,1688,21,49110,1698,20
49120,1699,19,49130,1667,23
49140,1669,17,49150,1685,15
49160,1693,23,49170,1699,17
49180,1657,29,49190,1661,18
49200,1685,26,49210,1697,14
49220,1697,19,49230,1663,18
49240,1658,17,49250,1692,16
49260,1697,17,49270,1692,22
49280,1664,12,49290,1670,18
49300,1693,18,49310,1700,21
49320,1697,15,49330,1657,19
49340,1664,18,49350,1699,21
49360,1698,14,49370,1691,22
49380,1659,22,49390,1662,19
49400,1690,21,49410,1710,24
49420,1681,13,49430,1653,16
49440,1663,18,49450,1687,16
49460,1713,11,49470,1690,17
49480,1653,22,49490,1658,25
49500,1695,11,49510,1701,21
49520,1687,26,49530,1663,21
49540,1660,22,49550,1702,20
49560,1700,12,49570,1690,14
49580,1657,17,49590,1662,17
49600,1699,16,49610,1708,25
49620,1690,23,49630,1653,18
49640,1661,12,49650,1703,22
49660,1697,22,49670,1679,19
49680,1654,20,49690,1658,26
49700,1702,24,49710,1699,27
49720,1681,14,49730,1651,25
49740,1664,21,49750,1712,19
49760,1696,12,49770,1685,17
49780,1647,20,49790,1665,18
49800,1706,19,49810,1702,12
49820,1682,19,49830,1652,22
49840,1658,26,49850,1691,26
49860,1692,27,49870,1672,19
49880,1649,18,49890,1667,27
49900,1688,18,49910,1694,20
49920,1673,17,49930,1650,19
49940,1672,35,49950,1700,22
49960,1700,21,49970,1682,20
49980,1655,21,49990,1665,26
50000,1694,21,50010,1692,19
50020,1682,15,50030,1666,28
50040,1674,21,50050,1690,26
50060,1699,14,50070,1682,24
50080,1659,13,50090,1657,20
50100,1693,20,50110,1690,10
50120,1682,21,50130,1665,21
50140,1665,16,50150,1694,3
50160,1690,20,50170,1670,18
50180,1658,28,50190,1667,22
50200,1706,16,50210,1695,24
50220,1670,18,50230,1660,22
50240,1669,26,50250,1703,14
50260,1685,21,50270,1674,14
50280,1669,20,50290,1668,15
50300,1706,23,50310,1686,24
50320,1673,14,50330,1663,14
50340,1668,15,50350,1702,21
50360,1689,13,50370,1671,22
50380,1666,24,50390,1669,22
50400,1703,24,50410,1679,22
50420,1672,23,50430,1665,13
50440,1668,23,50450,1709,19
50460,1686,20,50470,1667,22
50480,1663,24,50490,1668,23
50500,1717,22,50510,1681,26
50520,1665,18,50530,1677,26
50540,1672,25,50550,1711,24
50560,1679,13,50570,1667,13
50580,1669,29,50590,1664,18
50600,1714,14,50610,1677,23
50620,1667,17,50630,1669,17
50640,1678,18,50650,1720,15
50660,1679,13,50670,1665,18
50680,1672,24,50690,1682,20
50700,1725,27,50710,1686,19
50720,1664,26,50730,1680,14
50740,1676,17,50750,1727,17
50760,1683,16,50770,1660,25
50780,1673,26,50790,1682,19
50800,1716,19,50810,1677,17
50820,1666,18,50830,1684,21
50840,1681,30,50850,1725,23
50860,1681,22,50870,1662,22
50880,1673,30,50890,1688,31
50900,1718,18,50910,1678,24
50920,1664,19,50930,1678,24
50940,1692,24,50950,1720,13
50960,1674,26,50970,1665,25
50980,1683,11,50990,1684,20
51000,1717,21,51010,1681,17
51020,1657,21,51030,1685,17
51040,1689,23,51050,1714,24
51060,1676,20,51070,1664,22
51080,1686,22,51090,1689,24
51100,1713,29,51110,1677,29
51120,1667,27,51130,1687,29
51140,1689,22,51150,1708,16
51160,1668,19,51170,1667,27
51180,1679,25,51190,1690,30
51200,1718,27,51210,1670,21
51220,1661,18,51230,1684,11
51240,1677,13,51250,1720,32
51260,1671,25,51270,1665,26
51280,1682,29,51290,1675,21
51300,1705,23,51310,1669,24
51320,1670,20,51330,1687,23
51340,1685,18,51350,1705,24
51360,1671,29,51370,1656,22
51380,1677,24,51390,1679,22
51400,1711,19,51410,1671,21
51420,1667,20,51430,1682,23
51440,1687,23,51450,1711,17
51460,1665,32,51470,1663,18
51480,1689,16,51490,1691,20
51500,1711,11,51510,1669,15
51520,1663,22,51530,1689,16
51540,1691,17,51550,1697,11
51560,1671,19,51570,1670,19
51580,1687,18,51590,1698,14
51600,1713,19,51610,1675,28
51620,1667,17,51630,1696,19
51640,1690,17,51650,1699,10
51660,1671,13,51670,1663,21
51680,1680,17,51690,1695,18
51700,1704,26,51710,1672,25
51720,1659,25,51730,1680,23
51740,1693,19,51750,1702,20
51760,1665,14,51770,1667,24
51780,1689,22,51790,1692,23
51800,1709,12,51810,1661,22
51820,1665,16,51830,1692,27
51840,1701,17,51850,1695,22
51860,1660,22,51870,1667,23
51880,1694,21,51890,1710,26
51900,1708,25,51910,1662,19
51920,1666,23,51930,1696,22
51940,1695,28,51950,1697,20
51960,1662,20,51970,1672,22
51980,1700,17,51990,1703,21
52000,1706,25,52010,1659,16
52020,1662,13,52030,1701,14
52040,1707,26,52050,1686,15
52060,1664,24,52070,1678,29
52080,1699,21,52090,1714,17
52100,1696,16,52110,1662,27
52120,1664,20,52130,1706,18
52140,1700,31,52150,1687,26
52160,1658,32,52170,1666,22
52180,1706,27,52190,1694,25
52200,1697,21,52210,1655,23
52220,1661,23,52230,1710,19
52240,1702,22,52250,1689,20
52260,1663,20,52270,1675,27
52280,1713,32,52290,1703,22
52300,1694,21,52310,1663,21
52320,1669,24,52330,1700,22
52340,1700,28,52350,1683,15
52360,1654,18,52370,1672,18
52380,1701,26,52390,1694,21
52400,1681,21,52410,1656,23
52420,1667,22,52430,1703,26
52440,1700,18,52450,1685,12
52460,1659,18,52470,1673,20
52480,1706,28,52490,1692,15
52500,1684,17,52510,1662,30
52520,1674,26,52530,1700,27
52540,1697,22,52550,1678,18
52560,1656,18,52570,1668,17
52580,1695,24,52590,1703,14
52600,1678,20,52610,1659,25
52620,1665,22,52630,1699,24
52640,1689,23,52650,1681,18
52660,1659,18,52670,1671,16
52680,1698,17,52690,1696,15
52700,1675,17,52710,1653,25
52720,1664,21,52730,1689,22
52740,1701,22,52750,1684,15
52760,1657,25,52770,1665,21
52780,1702,31,52790,1690,20
52800,1684,31,52810,1662,19
52820,1670,20,52830,1698,25
52840,1699,26,52850,1683,24
52860,1660,20,52870,1672,19
52880,1706,21,52890,1701,17
52900,1677,17,52910,1662,21
52920,1673,29,52930,1703,19
52940,1691,7,52950,1672,17
52960,1664,10,52970,1670,22
52980,1706,28,52990,1690,29
53000,1681,21,53010,1667,21
53020,1673,18,53030,1710,21
53040,1690,25,53050,1681,28
53060,1660,24,53070,1671,24
53080,1712,20,53090,1693,27
53100,1673,15,53110,1671,21
53120,1678,17,53130,1724,13
53140,1689,25,53150,1675,11
53160,1661,27,53170,1665,24
53180,1719,20,53190,1688,19
53200,1673,27,53210,1672,24
53220,1667,19,53230,1710,3
53240,1687,26,53250,1682,26
53260,1664,24,53270,1677,28
53280,1716,30,53290,1684,15
53300,1676,21,53310,1675,14
53320,1668,16,53330,1725,24
53340,1690,29,53350,1669,24
53360,1665,22,53370,1684,21
53380,1724,16,53390,1681,19
53400,1659,19,53410,1678,18
53420,1679,16,53430,1718,20
53440,1680,22,53450,1668,20
53460,1680,18,53470,1678,11
53480,1717,21,53490,1673,15
53500,1668,20,53510,1678,2
53520,1684,20,53530,1708,20
53540,1676,20,53550,1666,22
53560,1682,22,53570,1684,23
53580,1709,19,53590,1682,26
53600,1669,15,53610,1672,20
53620,1681,21,53630,1721,19
53640,1677,20,53650,1664,13
53660,1667,21,53670,1683,22
53680,1720,22,53690,1680,27
53700,1660,21,53710,1682,25
53720,1688,20,53730,1718,14
53740,1674,26,53750,1663,24
53760,1688,21,53770,1685,19
53780,1714,12,53790,1679,17
53800,1663,26,53810,1678,22
53820,1673,22,53830,1719,25
53840,1668,25,53850,1648,22
53860,1684,12,53870,1672,10
53880,1710,15,53890,1670,19
53900,1668,29,53910,1684,22
53920,1680,13,53930,1722,13
53940,1671,19,53950,1664,19
53960,1685,28,53970,1682,14
53980,1704,24,53990,1668,18
54000,1668,19,54010,1678,20
54020,1689,23,54030,1705,23
54040,1669,22,54050,1662,27
54060,1684,18,54070,1685,12
54080,1698,24,54090,1669,15
54100,1664,25,54110,1688,19
54120,1687,12,54130,1703,22
54140,1663,9,54150,1658,17
54160,1689,21,54170,1684,26
54180,1706,16,54190,1668,21
54200,1662,18,54210,1684,29
54220,1672,16,54230,1707,6
54240,1656,21,54250,1667,26
54260,1682,16,54270,1691,15
54280,1700,25,54290,1669,24
54300,1666,16,54310,1684,24
54320,1693,30,54330,1698,22
54340,1658,23,54350,1664,24
54360,1692,16,54370,1694,14
54380,1699,20,54390,1668,19
54400,1666,23,54410,1685,19
54420,1700,23,54430,1702,29
54440,1666,12,54450,1662,21
54460,1691,24,54470,1691,27
54480,1695,13,54490,1663,15
54500,1663,25,54510,1689,15
54520,1697,28,54530,1688,24
54540,1664,18,54550,1669,23
54560,1692,30,54570,1700,21
54580,1694,15,54590,1666,23
54600,1660,24,54610,1694,14
54620,1702,21,54630,1691,25
54640,1669,23,54650,1664,19
54660,1694,23,54670,1705,18
54680,1688,16,54690,1666,14
54700,1671,23,54710,1690,20
54720,1709,18,54730,1701,28
54740,1663,27,54750,1666,20
54760,1697,24,54770,1706,23
54780,1698,22,54790,1653,18
54800,1675,18,54810,1708,23
54820,1704,17,54830,1689,23
54840,1664,24,54850,1668,25
54860,1700,14,54870,1701,20
54880,1688,30,54890,1657,20
54900,1669,28,54910,1702,25
54920,1701,23,54930,1698,24
54940,1663,14,54950,1672,21
54960,1709,13,54970,1698,29
54980,1689,19,54990,1651,21
55000,1661,27,55010,1704,22
55020,1704,14,55030,1686,23
55040,1651,30,55050,1667,22
55060,1690,16,55070,1701,19
55080,1686,17,55090,1660,21
55100,1670,17,55110,1697,19
55120,1703,16,55130,1692,17
55140,1658,20,55150,1673,31
55160,1698,17,55170,1701,22
55180,1680,14,55190,1662,12
55200,1666,21,55210,1686,25
55220,1687,12,55230,1677,28
55240,1649,23,55250,1655,18
55260,1688,25,55270,1686,24
55280,1677,18,55290,1636,20
55300,1659,24,55310,1693,22
55320,1686,16,55330,1677,28
55340,1641,16,55350,1655,23
55360,1686,22,55370,1693,17
55380,1678,17,55390,1649,20
55400,1665,23,55410,1696,21
55420,1690,21,55430,1659,18
55440,1654,28,55450,1668,24
55460,1685,26,55470,1689,25
55480,1671,18,55490,1653,27
55500,1670,28,55510,1694,15
55520,1685,28,55530,1674,20
55540,1658,22,55550,1658,18
55560,1697,17,55570,1677,19
55580,1668,18,55590,1658,24
55600,1656,17,55610,1695,20
55620,1691,19,55630,1666,13
55640,1660,24,55650,1657,28
55660,1699,21,55670,1688,28
55680,1669,20,55690,1665,13
55700,1665,19,55710,1700,20
55720,1681,30,55730,1673,14
55740,1661,27,55750,1656,19
55760,1711,30,55770,1679,26
55780,1667,18,55790,1652,34
55800,1668,10,55810,1717,26
55820,1683,26,55830,1672,20
55840,1660,24,55850,1667,19
55860,1715,32,55870,1671,21
55880,1666,31,55890,1663,19
55900,1676,17,55910,1726,22
55920,1689,23,55930,1674,14
55940,1667,22,55950,1681,19
55960,1717,22,55970,1658,20
55980,1633,22,55990,1602,22
56000,1573,19,56010,1584,28
56020,1520,27,56030,1480,15
56040,1438,22,56050,1408,18
56060,1396,18,56070,1352,21
56080,1308,27,56090,1283,20
56100,1260,20,56110,1248,21
56120,1204,32,56130,1162,18
56140,1132,33,56150,1088,19
56160,1079,18,56170,1020,16
56180,972,27,56190,931,17
56200,893,26,56210,868,13
56220,795,23,56230,723,20
56240,686,25,56250,620,26
56260,569,25,56270,507,30
56280,440,8,56290,393,16
56300,343,21,56310,311,20
56320,261,22,56330,212,24
56340,187,15,56350,156,29
56360,139,27,56370,137,18
56380,127,20,56390,131,21
56400,133,29,56410,136,17
56420,130,30,56430,126,8
56440,132,27,56450,122,32
56460,128,27,56470,128,26
56480,132,20,56490,130,28
56500,125,25,56510,135,22
56520,126,24,56530,130,24
56540,131,17,56550,129,19
56560,133,20,56570,126,26
56580,140,13,56590,133,26
56600,136,30,56610,133,29
56620,125,24,56630,128,17
56640,125,29,56650,133,20
56660,136,24,56670,136,26
56680,127,26,56690,134,19
56700,132,20,56710,131,16
56720,130,19,56730,127,22
56740,126,22,56750,132,20
56760,123,21,56770,126,27
56780,127,15,56790,123,24
56800,127,12,56810,139,17
56820,132,25,56830,129,17
56840,125,28,56850,129,18
56860,134,23,56870,126,32
56880,128,25,56890,136,25
56900,134,19,56910,126,21
56920,136,17,56930,134,25
56940,137,23,56950,171,28
56960,190,27,56970,226,25
56980,279,22,56990,318,27
57000,367,22,57010,403,8
57020,450,22,57030,496,19
57040,561,24,57050,605,22
57060,664,26,57070,700,10
57080,745,18,57090,799,21
57100,840,16,57110,868,15
57120,911,17,57130,943,16
57140,1005,24,57150,1051,28
57160,1092,16,57170,1114,13
57180,1156,20,57190,1214,27
57200,1261,20,57210,1303,14
57220,1309,24,57230,1354,16
57240,1391,30,57250,1431,21
57260,1450,25,57270,1449,18
57280,1484,21,57290,1515,28
57300,1542,18,57310,1553,23
57320,1541,19,57330,1562,13
57340,1607,25,57350,1608,23
57360,1603,15,57370,1584,18
57380,1599,13,57390,1627,25
57400,1623,20,57410,1627,19
57420,1598,28,57430,1602,17
57440,1635,23,57450,1645,23
57460,1633,23,57470,1602,24
57480,1611,25,57490,1640,28
57500,1639,17,57510,1630,17
57520,1609,25,57530,1629,23
57540,1660,24,57550,1653,18
57560,1635,15,57570,1607,22
57580,1620,22,57590,1655,30
57600,1654,20,57610,1632,14
57620,1608,24,57630,1616,20
57640,1651,15,57650,1647,14
57660,1636,16,57670,1601,23
57680,1622,23,57690,1641,27
57700,1647,22,57710,1621,28
57720,1589,21,57730,1594,19
57740,1619,19,57750,1611,19
57760,1608,22,57770,1577,20
57780,1580,25,57790,1610,24
57800,1596,25,57810,1592,24
57820,1544,14,57830,1547,18
57840,1556,13,57850,1536,20
57860,1487,20,57870,1441,30
57880,1408,12,57890,1375,11
57900,1308,14,57910,1243,19
57920,1158,23,57930,1108,20
57940,1064,21,57950,988,24
57960,923,16,57970,859,17
57980,819,22,57990,780,14
58000,725,17,58010,646,19
58020,572,20,58030,529,21
58040,488,27,58050,457,19
58060,410,27,58070,376,21
58080,335,15,58090,309,22
58100,262,28,58110,234,19
58120,196,22,58130,172,21
58140,144,22,58150,133,30
58160,129,25,58170,133,26
58180,136,15,58190,138,22
58200,132,26,58210,135,29
58220,134,23,58230,120,25
58240,131,22,58250,125,15
58260,133,20,58270,131,24
58280,129,25,58290,139,24
58300,133,24,58310,130,25
58320,140,12,58330,133,25
58340,128,24,58350,132,20
58360,126,20,58370,137,21
58380,130,28,58390,131,26
58400,125,19,58410,130,24
58420,126,19,58430,134,24
58440,130,21,58450,133,23
58460,121,22,58470,125,22
58480,137,18,58490,134,23
58500,138,18,58510,130,21
58520,127,20,58530,133,21
58540,131,26,58550,140,19
58560,129,23,58570,132,25
58580,129,26,58590,129,27
58600,132,23,58610,135,26
58620,134,32,58630,137,23
58640,133,28,58650,125,22
58660,135,26,58670,131,17
58680,126,18,58690,133,16
58700,131,19,58710,126,13
58720,134,11,58730,128,22
58740,131,25,58750,125,19
58760,134,24,58770,129,14
58780,133,27,58790,161,24
58800,184,21,58810,225,23
58820,263,24,58830,307,12
58840,361,24,58850,376,20
58860,402,30,58870,439,21
58880,466,20,58890,500,30
58900,517,25,58910,533,24
58920,561,31,58930,591,18
58940,629,16,58950,640,25
58960,651,31,58970,677,26
58980,702,20,58990,748,17
59000,762,16,59010,782,8
59020,828,18,59030,860,29
59040,917,24,59050,935,23
59060,962,25,59070,1011,25
59080,1046,27,59090,1100,27
59100,1110,30,59110,1133,34
59120,1157,20,59130,1203,20
59140,1237,23,59150,1247,21
59160,1257,20,59170,1279,23
59180,1307,17,59190,1339,22
59200,1336,26,59210,1351,19
59220,1385,22,59230,1419,17
59240,1455,27,59250,1437,22
59260,1452,23,59270,1477,28
59280,1505,22,59290,1533,21
59300,1513,13,59310,1524,13
59320,1552,22,59330,1559,22
59340,1594,26,59350,1578,23
59360,1578,27,59370,1606,22
59380,1619,16,59390,1649,16
59400,1615,20,59410,1627,24
59420,1663,18,59430,1660,23
59440,1704,21,59450,1671,14
59460,1666,19,59470,1702,16
59480,1712,19,59490,1746,12
59500,1716,25,59510,1711,29
59520,1733,15,59530,1741,31
59540,1765,26,59550,1741,25
59560,1748,24,59570,1764,17
59580,1780,25,59590,1796,19
59600,1750,30,59610,1760,22
59620,1772,17,59630,1785,18
59640,1797,21,59650,1754,18
59660,1764,22,59670,1779,19
59680,1786,24,59690,1786,18
59700,1761,34,59710,1742,24
59720,1764,18,59730,1753,28
59740,1769,12,59750,1704,16
59760,1694,21,59770,1696,17
59780,1677,25,59790,1657,19
59800,1596,25,59810,1568,20
59820,1558,22,59830,1536,16
59840,1503,19,59850,1449,20
59860,1421,20,59870,1392,32
59880,1373,16,59890,1334,23
59900,1275,25,59910,1232,30
59920,1209,23,59930,1180,22
59940,1134,15,59950,1061,11
59960,1019,15,59970,983,23
59980,932,23,59990,878,25
60000,814,25,60010,778,19
60020,747,21,60030,729,14
60040,682,20,60050,639,20
60060,609,23,60070,582,23
60080,547,25,60090,495,24
60100,447,22,60110,412,22
60120,376,23,60130,328,24
60140,288,17,60150,241,17
60160,190,17,60170,158,28
60180,142,16,60190,136,27
60200,129,23,60210,138,21
60220,131,25,60230,129,14
60240,123,23,60250,132,27
60260,132,19,60270,129,24
60280,123,9,60290,127,10
60300,133,20,60310,128,16
60320,127,27,60330,134,17
60340,135,14,60350,122,22
60360,126,24,60370,141,20
60380,127,11,60390,137,35
60400,129,21,60410,130,19
60420,141,25,60430,136,20
60440,126,16,60450,135,26
60460,132,14,60470,137,21
60480,143,18,60490,127,19
60500,130,27,60510,131,30
60520,132,18,60530,134,25
60540,130,18,60550,121,24
60560,127,23,60570,134,20
60580,128,18,60590,135,26
60600,131,20,60610,128,24
60620,130,17,60630,124,26
60640,129,21,60650,134,17
60660,143,20,60670,135,22
60680,129,25,60690,129,17
60700,128,30,60710,131,21
60720,130,19,60730,124,14
60740,129,19,60750,125,23
60760,129,7,60770,127,23
60780,127,19,60790,127,26
60800,135,28,60810,130,22
60820,130,21,60830,126,24
60840,119,13,60850,137,21
60860,134,21,60870,136,19
60880,126,24,60890,124,20
60900,136,25,60910,128,24
60920,131,22,60930,130,19
60940,134,21,60950,133,21
60960,137,18,60970,136,31
60980,134,23,60990,135,22
61000,138,24,61010,137,25
61020,137,12,61030,136,20
61040,134,22,61050,135,22
61060,131,10,61070,139,16
61080,145,15,61090,134,19
61100,133,22,61110,135,29
61120,138,20,61130,140,24
61140,136,25,61150,136,28
61160,136,26,61170,134,19
61180,140,16,61190,138,10
61200,141,25,61210,134,19
61220,134,19,61230,135,21
61240,141,21,61250,133,23
61260,133,10,61270,136,13
61280,148,30,61290,131,19
61300,143,23,61310,137,26
61320,136,16,61330,131,18
61340,143,18,61350,142,23
61360,141,22,61370,145,22
61380,133,20,61390,144,31
61400,143,16,61410,129,27
61420,133,20,61430,147,27
61440,138,21,61450,141,30
61460,136,25,61470,141,10
61480,138,19,61490,145,16
61500,135,27,61510,132,24
61520,139,16,61530,134,26
61540,147,24,61550,134,24
61560,134,19,61570,139,26
61580,131,18,61590,143,24
61600,134,19,61610,134,25
61620,135,27,61630,132,23
61640,141,16,61650,141,27
61660,143,20,61670,137,25
61680,144,25,61690,144,23
61700,142,18,61710,136,32
61720,141,20,61730,138,14
61740,141,21,61750,140,20
61760,136,16,61770,147,30
61780,138,21,61790,147,24
61800,142,30,61810,133,13
61820,141,25,61830,138,28
61840,143,25,61850,140,27
61860,138,23,61870,138,22
61880,144,21,61890,141,15
61900,136,28,61910,133,25
61920,137,27,61930,145,24
61940,144,28,61950,132,11
61960,143,19,61970,142,23
61980,138,27,61990,139,24
62000,137,20,62010,144,17
62020,140,25,62030,141,25
62040,141,27,62050,142,22
62060,137,29,62070,135,20
62080,133,22,62090,143,23
62100,142,19,62110,142,12
62120,147,23,62130,140,21
62140,145,12,62150,139,25
62160,138,21,62170,135,24
62180,139,28,62190,137,23
62200,143,10,62210,136,25
62220,134,5,62230,133,20
62240,137,18,62250,137,15
62260,141,21,62270,137,25
62280,141,10,62290,138,23
62300,134,27,62310,134,28
62320,144,20,62330,140,21
62340,135,26,62350,139,18
62360,140,25,62370,149,32
62380,138,18,62390,136,26
62400,134,35,62410,135,29
62420,143,31,62430,142,17
62440,144,29,62450,139,23
62460,134,26,62470,146,19
62480,136,25,62490,141,21
62500,138,16,62510,139,24
62520,137,32,62530,131,19
62540,141,18,62550,139,24
62560,137,24,62570,137,24
62580,135,23,62590,140,26
62600,135,17,62610,138,21
62620,133,17,62630,138,22
62640,130,18,62650,134,17
62660,144,27,62670,137,14
62680,135,23,62690,137,21
62700,141,23,62710,132,26
62720,142,22,62730,140,23
62740,138,28,62750,139,16
62760,137,26,62770,145,21
62780,137,15,62790,136,21
62800,131,17,62810,139,23
62820,133,20,62830,145,26
62840,133,22,62850,136,21
62860,137,19,62870,129,10
62880,137,21,62890,141,22
62900,138,26,62910,145,19
62920,144,20,62930,133,23
62940,136,20,62950,132,18
62960,139,23,62970,141,21
62980,137,21,62990,135,20
63000,138,20,63010,128,13
63020,137,24,63030,146,22
63040,138,25,63050,132,21
63060,144,16,63070,138,19
63080,138,25,63090,135,24
63100,146,28,63110,139,28
63120,145,29,63130,137,27
63140,137,25,63150,139,18
63160,137,20,63170,134,20
63180,139,29,63190,132,22
63200,138,20,63210,132,21
63220,140,20,63230,139,29
63240,145,18,63250,133,28
63260,138,23,63270,147,23
63280,139,20,63290,139,23
63300,138,21,63310,145,16
63320,136,33,63330,138,23
63340,138,24,63350,142,19
63360,133,17,63370,134,25
63380,141,22,63390,141,26
63400,135,15,63410,135,18
63420,136,17,63430,141,26
63440,138,18,63450,138,28
63460,138,23,63470,146,24
63480,143,25,63490,147,19
63500,132,20,63510,135,20
63520,136,20,63530,139,21
63540,141,22,63550,137,23
63560,147,21,63570,136,18
63580,137,23,63590,141,22
63600,139,21,63610,134,25
63620,140,27,63630,145,29
63640,135,20,63650,136,23
63660,140,23,63670,137,23
63680,147,23,63690,140,26
63700,137,16,63710,134,25
63720,145,24,63730,140,22
63740,147,19,63750,140,18
63760,137,29,63770,136,20
63780,135,12,63790,135,21
63800,139,23,63810,135,24
63820,136,28,63830,127,24
63840,136,25,63850,138,24
63860,143,22,63870,125,16
63880,131,25,63890,136,26
63900,132,16,63910,142,22
63920,137,23,63930,135,13
63940,134,19,63950,130,20
63960,131,29,63970,139,19
63980,132,17,63990,134,20
64000,140,21,64010,136,26
64020,134,23,64030,139,20
64040,134,19,64050,136,25
64060,142,25,64070,139,22
64080,146,25,64090,137,18
64100,136,19,64110,138,26
64120,141,28,64130,145,24
64140,136,25,64150,138,22
64160,135,25,64170,132,17
64180,146,12,64190,139,25
64200,135,25,64210,132,11
64220,139,24,64230,132,19
64240,140,16,64250,141,18
64260,134,20,64270,138,21
64280,140,21,64290,132,19
64300,145,20,64310,145,22
64320,130,32,64330,145,19
64340,132,19,64350,135,24
64360,134,17,64370,129,28
64380,142,20,64390,135,20
64400,135,19,64410,134,25
64420,136,27,64430,138,26
64440,137,21,64450,139,23
64460,137,20,64470,138,24
64480,131,23,64490,142,32
64500,139,25,64510,135,18
64520,130,24,64530,137,25
64540,143,26,64550,131,22
64560,147,28,64570,146,21
64580,140,26,64590,134,24
64600,138,19,64610,129,14
64620,136,13,64630,137,24
64640,140,22,64650,146,21
64660,134,25,64670,136,20
64680,141,28,64690,133,22
64700,136,28,64710,138,30
64720,140,22,64730,137,26
64740,133,16,64750,138,29
64760,136,10,64770,136,32
64780,143,20,64790,142,23
64800,139,20,64810,139,19
64820,136,12,64830,137,18
64840,136,22,64850,141,21
64860,138,26,64870,136,23
64880,143,27,64890,139,16
64900,142,20,64910,140,17
64920,134,30,64930,135,15
64940,133,20,64950,137,13
64960,138,26,64970,143,30
64980,143,17,64990,138,23
65000,136,27,65010,133,29
65020,140,14,65030,139,26
65040,135,28,65050,136,27
65060,134,27,65070,138,22
65080,136,21,65090,141,29
65100,140,16,65110,141,27
65120,143,21,65130,135,29
65140,136,27,65150,133,14
65160,133,16,65170,129,24
65180,130,24,65190,140,31
65200,136,26,65210,136,23
65220,132,22,65230,135,26
65240,137,28,65250,144,22
65260,139,26,65270,137,16
65280,140,21,65290,131,18
65300,142,22,65310,131,30
65320,135,24,65330,139,24
65340,131,28,65350,138,18
65360,144,21,65370,139,27
65380,136,16,65390,138,19
65400,138,24,65410,141,29
65420,145,22,65430,132,28
65440,139,20,65450,130,22
65460,142,18,65470,140,18
65480,139,23,65490,132,24
65500,140,23,65510,137,18
65520,137,14,65530,136,27
65540,137,23,65550,135,22
65560,143,18,65570,138,18
65580,125,15,65590,135,16
65600,134,19,65610,146,20
65620,138,28,65630,140,19
65640,137,28,65650,135,24
65660,148,28,65670,140,27
65680,140,25,65690,138,19
65700,141,21,65710,140,24
65720,143,15,65730,142,18
65740,130,27,65750,142,25
65760,136,19,65770,141,19
65780,137,28,65790,140,24
65800,139,24,65810,133,27
65820,136,22,65830,139,23
65840,135,25,65850,139,28
65860,144,14,65870,143,23
65880,137,25,65890,138,24
65900,144,25,65910,131,17
65920,142,26,65930,134,22
65940,135,21,65950,137,15
65960,139,19,65970,130,19
65980,144,24,65990,134,16
66000,135,26,66010,128,20
66020,135,22,66030,137,26
66040,133,14,66050,140,21
66060,137,28,66070,142,25
66080,138,12,66090,135,15
66100,141,22,66110,142,22
66120,138,22,66130,134,18
66140,133,33,66150,140,24
66160,136,25,66170,131,21
66180,133,18,66190,140,21
66200,145,19,66210,141,22
66220,134,18,66230,137,19
66240,134,18,66250,142,23
66260,138,33,66270,139,24
66280,131,26,66290,143,23
66300,140,24,66310,132,23
66320,135,24,66330,139,24
66340,129,27,66350,133,27
66360,140,25,66370,136,19
66380,140,25,66390,142,25
66400,132,17,66410,135,23
66420,138,24,66430,146,27
66440,124,20,66450,129,19
66460,138,25,66470,134,17
66480,139,25,66490,140,26
66500,133,21,66510,147,27
66520,134,30,66530,144,22
66540,132,21,66550,140,19
66560,132,21,66570,140,27
66580,136,25,66590,138,25
66600,134,28,66610,136,14
66620,138,25,66630,132,22
66640,136,17,66650,134,28
66660,136,26,66670,135,23
66680,137,24,66690,134,22
66700,139,24,66710,141,29
66720,143,19,66730,137,24
66740,136,24,66750,129,14
66760,138,27,66770,134,20
66780,131,19,66790,139,24
66800,129,17,66810,129,30
66820,127,30,66830,139,21
66840,132,16,66850,142,23
66860,126,19,66870,143,29
66880,143,17,66890,137,21
66900,133,33,66910,132,20
66920,140,16,66930,137,17
66940,129,26,66950,122,27
66960,131,19,66970,129,19
66980,131,26,66990,132,24
67000,136,20,67010,129,21
67020,125,23,67030,133,22
67040,130,27,67050,135,22
67060,126,26,67070,129,21
67080,128,26,67090,129,21
67100,127,22,67110,128,28
67120,124,25,67130,128,30
67140,130,24,67150,135,32
67160,136,29,67170,133,32
67180,137,28,67190,134,17
67200,128,25,67210,133,20
67220,127,22,67230,131,21
67240,128,25,67250,130,22
67260,134,27,67270,125,24
67280,135,20,67290,132,14
67300,131,25,67310,131,26
67320,129,25,67330,130,31
67340,127,26,67350,120,24
67360,139,17,67370,128,22
67380,131,25,67390,130,31
67400,133,23,67410,129,22
67420,132,31,67430,134,20
67440,131,30,67450,139,24
67460,132,22,67470,125,22
67480,131,31,67490,138,24
67500,135,22,67510,132,28
67520,124,27,67530,132,21
67540,123,20,67550,130,32
67560,134,28,67570,125,26
67580,131,20,67590,136,20
67600,130,22,67610,121,21
67620,128,22,67630,128,11
67640,133,19,67650,137,20
67660,132,25,67670,127,22
67680,123,25,67690,123,26
67700,127,19,67710,123,17
67720,128,21,67730,131,29
67740,131,26,67750,131,33
67760,132,30,67770,130,23
67780,127,23,67790,124,28
67800,126,25,67810,127,25
67820,126,24,67830,125,31
67840,121,24,67850,131,22
67860,124,23,67870,128,27
67880,128,21,67890,130,25
67900,124,23,67910,129,25
67920,127,21,67930,127,29
67940,124,25,67950,119,23
67960,138,26,67970,145,21
67980,151,24,67990,167,23
68000,178,20,68010,180,18
68020,196,27,68030,199,21
68040,202,15,68050,206,26
68060,226,30,68070,224,28
68080,235,21,68090,238,24
68100,243,19,68110,252,24
68120,259,27,68130,265,25
68140,261,21,68150,259,26
68160,258,23,68170,253,26
68180,256,20,68190,253,24
68200,257,14,68210,258,24
68220,259,19,68230,259,26
68240,263,13,68250,269,24
68260,265,9,68270,270,28
68280,267,17,68290,273,29
68300,275,27,68310,276,18
68320,276,20,68330,271,21
68340,275,24,68350,279,9
68360,287,25,68370,291,25
68380,295,26,68390,297,23
68400,305,15,68410,307,25
68420,302,16,68430,304,30
68440,305,12,68450,321,20
68460,332,30,68470,328,27
68480,334,28,68490,328,27
68500,333,19,68510,335,21
68520,346,24,68530,351,31
68540,345,28,68550,348,21
68560,350,28,68570,373,23
68580,368,22,68590,364,18
68600,375,26,68610,384,22
68620,381,31,68630,398,32
68640,405,23,68650,414,23
68660,413,17,68670,422,21
68680,424,24,68690,419,24
68700,429,28,68710,439,21
68720,436,20,68730,444,29
68740,448,25,68750,461,21
68760,470,26,68770,470,29
68780,471,30,68790,466,18
68800,477,22,68810,494,26
68820,500,29,68830,490,24
68840,503,27,68850,513,27
68860,518,21,68870,525,27
68880,523,22,68890,524,27
68900,536,32,68910,551,22
68920,555,23,68930,546,27
68940,547,31,68950,553,22
68960,568,28,68970,580,14
68980,570,24,68990,577,29
69000,577,28,69010,581,24
69020,588,24,69030,585,26
69040,577,20,69050,592,24
69060,603,27,69070,603,33
69080,609,26,69090,601,33
69100,611,21,69110,622,22
69120,618,28,69130,616,27
69140,612,26,69150,621,21
69160,640,28,69170,632,24
69180,626,25,69190,625,19
69200,639,17,69210,658,22
69220,655,27,69230,647,23
69240,655,24,69250,655,25
69260,674,27,69270,672,21
69280,665,23,69290,665,26
69300,665,29,69310,690,31
69320,687,29,69330,676,28
69340,671,24,69350,677,19
69360,701,17,69370,695,19
69380,693,19,69390,683,26
69400,692,24,69410,714,28
69420,712,26,69430,697,25
69440,695,28,69450,706,24
69460,728,18,69470,718,22
69480,707,23,69490,713,23
69500,709,23,69510,731,34
69520,722,23,69530,712,26
69540,724,30,69550,719,25
69560,734,25,69570,739,24
69580,733,33,69590,730,24
69600,733,25,69610,755,28
69620,740,31,69630,749,24
69640,750,22,69650,752,26
69660,787,21,69670,763,19
69680,767,29,69690,764,27
69700,785,32,69710,793,25
69720,784,27,69730,775,27
69740,786,30,69750,783,35
69760,813,26,69770,794,29
69780,793,25,69790,796,22
69800,810,23,69810,832,26
69820,810,21,69830,805,27
69840,812,30,69850,832,23
69860,853,23,69870,830,31
69880,830,20,69890,851,26
69900,861,25,69910,881,27
69920,874,15,69930,862,31
69940,881,19,69950,867,24
69960,907,20,69970,889,21
69980,882,25,69990,883,29
70000,895,25,70010,920,29
70020,900,30,70030,897,26
70040,906,32,70050,909,25
70060,934,24,70070,910,20
70080,923,20,70090,921,24
70100,931,18,70110,958,29
70120,942,21,70130,935,30
70140,949,28,70150,951,21
70160,979,23,70170,941,23
70180,939,22,70190,942,27
70200,954,22,70210,973,31
70220,954,21,70230,945,20
70240,956,26,70250,961,21
70260,982,18,70270,959,24
70280,951,26,70290,956,29
70300,956,24,70310,978,26
70320,954,25,70330,945,20
70340,955,22,70350,965,30
70360,977,24,70370,948,17
70380,940,31,70390,961,27
70400,972,25,70410,979,29
70420,959,32,70430,942,25
70440,969,24,70450,964,26
70460,973,30,70470,950,28
70480,945,31,70490,949,28
70500,958,23,70510,972,24
70520,953,26,70530,955,29
70540,951,31,70550,968,23
70560,975,25,70570,953,27
70580,952,17,70590,961,27
70600,972,29,70610,976,24
70620,957,20,70630,965,26
70640,964,26,70650,982,31
70660,993,37,70670,984,26
70680,978,28,70690,1007,27
70700,1030,30,70710,1043,21
70720,1043,32,70730,1055,25
70740,1079,22,70750,1110,25
70760,1139,28,70770,1122,31
70780,1130,31,70790,1173,24
70800,1189,26,70810,1207,19
70820,1206,28,70830,1222,21
70840,1257,24,70850,1278,28
70860,1296,26,70870,1288,29
70880,1288,29,70890,1306,22
70900,1324,22,70910,1336,25
70920,1342,32,70930,1356,15
70940,1375,34,70950,1388,35
70960,1410,25,70970,1403,28
70980,1417,23,70990,1436,27
71000,1460,37,71010,1454,24
71020,1437,25,71030,1445,26
71040,1458,28,71050,1478,24
71060,1481,26,71070,1462,26
71080,1469,25,71090,1486,36
71100,1509,20,71110,1520,26
71120,1499,28,71130,1518,26
71140,1553,20,71150,1583,21
71160,1589,19,71170,1576,24
71180,1607,17,71190,1655,22
71200,1696,21,71210,1701,19
71220,1680,26,71230,1703,28
71240,1759,25,71250,1783,24
71260,1806,23,71270,1796,25
71280,1806,22,71290,1841,33
71300,1842,21,71310,1828,24
71320,1798,31,71330,1807,20
71340,1841,22,71350,1851,23
71360,1828,18,71370,1806,26
71380,1808,28,71390,1850,26
71400,1841,29,71410,1832,22
71420,1789,23,71430,1815,27
71440,1850,24,71450,1849,28
71460,1833,28,71470,1803,26
71480,1819,32,71490,1842,20
71500,1850,26,71510,1831,27
71520,1794,25,71530,1809,24
71540,1843,17,71550,1842,27
71560,1824,28,71570,1800,22
71580,1810,19,71590,1834,19
71600,1837,29,71610,1821,20
71620,1802,26,71630,1808,22
71640,1840,21,71650,1840,28
71660,1817,10,71670,1796,19
71680,1810,20,71690,1836,25
71700,1837,23,71710,1817,23
71720,1799,27,71730,1813,31
71740,1834,17,71750,1831,21
71760,1825,26,71770,1805,31
71780,1814,31,71790,1832,18
71800,1841,15,71810,1823,19
71820,1802,26,71830,1805,21
71840,1834,25,71850,1828,21
71860,1809,24,71870,1807,26
71880,1803,16,71890,1834,30
71900,1836,22,71910,1817,28
71920,1800,24,71930,1815,22
71940,1839,28,71950,1834,26
71960,1820,23,71970,1805,16
71980,1812,29,71990,1829,21
72000,1839,24,72010,1805,31
72020,1793,21,72030,1813,23
72040,1839,32,72050,1834,28
72060,1817,21,72070,1800,21
72080,1816,28,72090,1841,32
72100,1829,15,72110,1806,18
72120,1800,26,72130,1816,20
72140,1843,27,72150,1828,29
72160,1814,32,72170,1798,20
72180,1816,29,72190,1842,27
72200,1835,34,72210,1813,24
72220,1801,22,72230,1807,22
72240,1851,27,72250,1822,29
72260,1814,29,72270,1805,25
72280,1822,26,72290,1848,32
72300,1829,23,72310,1818,26
72320,1815,21,72330,1818,23
72340,1849,23,72350,1823,26
72360,1814,28,72370,1813,23
72380,1827,26,72390,1852,27
72400,1835,22,72410,1809,30
72420,1811,23,72430,1818,26
72440,1845,32,72450,1824,31
72460,1804,23,72470,1808,32
72480,1824,24,72490,1848,24
72500,1817,24,72510,1814,19
72520,1804,27,72530,1830,31
72540,1860,19,72550,1826,26
72560,1800,18,72570,1810,28
72580,1822,26,72590,1864,26
72600,1824,30,72610,1814,27
72620,1814,20,72630,1814,27
72640,1853,30,72650,1829,21
72660,1816,24,72670,1813,26
72680,1829,31,72690,1859,29
72700,1830,26,72710,1810,30
72720,1822,28,72730,1821,23
72740,1857,28,72750,1821,27
72760,1800,24,72770,1818,29
72780,1822,19,72790,1850,27
72800,1823,21,72810,1804,33
72820,1816,23,72830,1827,30
72840,1857,26,72850,1830,25
72860,1810,24,72870,1820,30
72880,1838,31,72890,1849,25
72900,1812,27,72910,1805,18
72920,1819,31,72930,1833,29
72940,1850,26,72950,1817,29
72960,1809,30,72970,1815,26
72980,1826,26,72990,1860,22
73000,1807,23,73010,1807,23
73020,1823,26,73030,1826,18
73040,1854,23,73050,1811,23
73060,1801,22,73070,1823,22
73080,1831,25,73090,1860,22
73100,1809,24,73110,1806,29
73120,1827,30,73130,1825,31
73140,1857,13,73150,1813,15
73160,1807,20,73170,1822,21
73180,1816,23,73190,1864,27
73200,1811,17,73210,1803,21
73220,1829,24,73230,1820,21
73240,1824,26,73250,1764,20
73260,1731,20,73270,1732,29
73280,1699,19,73290,1710,22
73300,1653,32,73310,1623,27
73320,1633,29,73330,1610,24
73340,1609,28,73350,1565,27
73360,1548,28,73370,1547,24
73380,1525,28,73390,1526,26
73400,1482,9,73410,1464,26
73420,1459,22,73430,1447,16
73440,1461,24,73450,1420,22
73460,1397,24,73470,1407,18
73480,1386,20,73490,1396,24
73500,1359,21,73510,1362,30
73520,1362,28,73530,1359,30
73540,1377,32,73550,1352,32
73560,1357,22,73570,1361,30
73580,1355,19,73590,1370,32
73600,1351,34,73610,1354,18
73620,1359,25,73630,1365,18
73640,1368,25,73650,1349,18
73660,1336,20,73670,1349,24
73680,1335,23,73690,1336,22
73700,1313,30,73710,1303,20
73720,1319,24,73730,1311,21
73740,1314,18,73750,1299,17
73760,1289,22,73770,1308,25
73780,1317,27,73790,1324,27
73800,1310,28,73810,1307,27
73820,1316,34,73830,1329,21
73840,1328,29,73850,1305,27
73860,1308,22,73870,1316,25
73880,1327,22,73890,1336,20
73900,1312,24,73910,1306,21
73920,1314,20,73930,1332,21
73940,1325,29,73950,1302,15
73960,1310,31,73970,1312,23
73980,1323,23,73990,1328,31
74000,1298,25,74010,1315,22
74020,1322,20,74030,1335,24
74040,1322,30,74050,1303,19
74060,1304,27,74070,1319,27
74080,1327,20,74090,1327,20
74100,1312,23,74110,1312,28
74120,1327,26,74130,1336,27
74140,1318,26,74150,1303,22
74160,1301,20,74170,1314,27
74180,1337,26,74190,1318,27
74200,1305,28,74210,1306,28
74220,1327,21,74230,1331,28
74240,1329,19,74250,1307,23
74260,1309,26,74270,1322,27
74280,1321,20,74290,1327,27
74300,1305,18,74310,1302,24
74320,1326,14,74330,1331,27
74340,1318,23,74350,1298,21
74360,1303,21,74370,1328,18
74380,1318,26,74390,1325,20
74400,1302,26,74410,1309,25
74420,1336,23,74430,1335,20
74440,1319,19,74450,1300,24
74460,1304,25,74470,1330,18
74480,1330,27,74490,1320,13
74500,1312,24,74510,1314,16
74520,1328,17,74530,1326,23
74540,1318,24,74550,1305,23
74560,1308,37,74570,1332,27
74580,1336,27,74590,1323,26
74600,1306,28,74610,1316,24
74620,1333,24,74630,1337,20
74640,1324,21,74650,1303,27
74660,1305,25,74670,1333,27
74680,1328,34,74690,1317,31
74700,1308,18,74710,1310,26
74720,1335,25,74730,1334,23
74740,1314,28,74750,1304,14
74760,1310,28,74770,1340,25
74780,1336,29,74790,1312,27
74800,1300,24,74810,1300,23
74820,1334,24,74830,1322,29
74840,1316,22,74850,1305,23
74860,1311,28,74870,1330,21
74880,1324,22,74890,1323,29
74900,1306,19,74910,1317,25
74920,1324,32,74930,1311,31
74940,1299,22,74950,1281,19
74960,1281,27,74970,1289,31
74980,1267,25,74990,1255,19
75000,1240,26,75010,1237,18
75020,1244,27,75030,1230,29
75040,1219,24,75050,1206,30
75060,1216,20,75070,1216,30
75080,1209,23,75090,1178,26
75100,1163,25,75110,1145,10
75120,1143,24,75130,1127,22
75140,1103,23,75150,1086,23
75160,1071,32,75170,1073,25
75180,1065,30,75190,1036,23
75200,1029,20,75210,1026,24
75220,1049,24,75230,1034,22
75240,1021,24,75250,1020,23
75260,1027,29,75270,1054,23
75280,1034,26,75290,1028,31
75300,1025,29,75310,1026,22
75320,1044,27,75330,1039,9
75340,1022,27,75350,1017,26
75360,1032,29,75370,1040,21
75380,1040,29,75390,1029,13
75400,1022,26,75410,1019,32
75420,1050,22,75430,1031,30
75440,1016,26,75450,1017,25
75460,1023,19,75470,1049,21
75480,1038,27,75490,1027,26
75500,1024,27,75510,1028,21
75520,1048,26,75530,1029,24
75540,1030,24,75550,1033,28
75560,1031,28,75570,1050,30
75580,1034,24,75590,1031,27
75600,1026,31,75610,1030,19
75620,1049,17,75630,1036,24
75640,1024,23,75650,1024,21
75660,1021,28,75670,1052,25
75680,1033,27,75690,1020,25
75700,1022,18,75710,1032,23
75720,1057,28,75730,1025,25
75740,1018,26,75750,1024,33
75760,1026,21,75770,1055,19
75780,1029,21,75790,1012,38
75800,1029,26,75810,1034,33
75820,1050,26,75830,1034,21
75840,1021,13,75850,1023,20
75860,1022,19,75870,1042,27
75880,1038,24,75890,1022,31
75900,1030,30,75910,1041,30
75920,1064,30,75930,1030,23
75940,1018,24,75950,1030,25
75960,1031,23,75970,1050,17
75980,1033,27,75990,1026,17
76000,1031,21,76010,1041,17
76020,1052,27,76030,1032,18
76040,1023,22,76050,1036,33
76060,1028,13,76070,1053,25
76080,1036,23,76090,1029,34
76100,1029,27,76110,1040,25
76120,1054,17,76130,1031,26
76140,1028,22,76150,1031,27
76160,1034,20,76170,1050,22
76180,1030,27,76190,1034,28
76200,1041,27,76210,1036,26
76220,1049,24,76230,1035,34
76240,1021,27,76250,1029,24
76260,1035,20,76270,1056,22
76280,1028,22,76290,1021,30
76300,1033,28,76310,1040,32
76320,1052,31,76330,1032,30
76340,1028,34,76350,1031,18
76360,1040,24,76370,1049,26
76380,1026,25,76390,1019,28
76400,1033,17,76410,1033,24
76420,1045,22,76430,1024,20
76440,1017,18,76450,1031,24
76460,1042,25,76470,1050,20
76480,1027,16,76490,1019,19
76500,1039,27,76510,1044,26
76520,1044,26,76530,1032,29
76540,1026,24,76550,1040,22
76560,1044,23,76570,1045,22
76580,1027,18,76590,1020,23
76600,1029,22,76610,1044,22
76620,1038,23,76630,1028,23
76640,1023,23,76650,1034,19
76660,1046,25,76670,1051,31
76680,1025,21,76690,1026,23
76700,1031,28,76710,1045,21
76720,1043,22,76730,1028,27
76740,1029,23,76750,1036,15
76760,1041,23,76770,1047,24
76780,1022,15,76790,1023,21
76800,1035,24,76810,1041,16
76820,1053,28,76830,1034,29
76840,1031,23,76850,1034,22
76860,1043,25,76870,1030,30
76880,1028,27,76890,1032,26
76900,1040,18,76910,1036,30
76920,1045,27,76930,1031,29
76940,1033,30,76950,1036,27
76960,1051,19,76970,1037,30
76980,1024,21,76990,1027,28
77000,1032,28,77010,1038,27
77020,1045,24,77030,1021,23
77040,1027,24,77050,1034,15
77060,1043,23,77070,1039,29
77080,1018,19,77090,1021,34
77100,1038,28,77110,1055,29
77120,1045,26,77130,1032,26
77140,1035,29,77150,1038,19
77160,1052,29,77170,1042,15
77180,1023,22,77190,1028,29
77200,1034,17,77210,1054,26
77220,1048,26,77230,1018,31
77240,1031,29,77250,1037,23
77260,1050,33,77270,1044,22
77280,1019,29,77290,1023,25
77300,1032,30,77310,1050,26
77320,1043,24,77330,1020,31
77340,1037,24,77350,1039,28
77360,1058,29,77370,1031,25
77380,1024,29,77390,1023,32
77400,1037,23,77410,1056,34
77420,1036,24,77430,1023,25
77440,1033,27,77450,1036,28
77460,1053,29,77470,1040,24
77480,1022,32,77490,1028,26
77500,1041,19,77510,1050,24
77520,1035,31,77530,1017,23
77540,1026,19,77550,1042,25
77560,1050,31,77570,1038,30
77580,1015,27,77590,1027,26
77600,1048,36,77610,1048,26
77620,1035,27,77630,1017,29
77640,1027,27,77650,1039,29
77660,1051,28,77670,1038,25
77680,1020,22,77690,1030,23
77700,1050,30,77710,1041,29
77720,1041,22,77730,1022,34
77740,1026,33,77750,1049,25
77760,1044,24,77770,1034,21
77780,1015,22,77790,1035,27
77800,1049,27,77810,1051,23
77820,1036,28,77830,1019,18
77840,1027,20,77850,1043,29
77860,1050,29,77870,1043,29
77880,1019,30,77890,1036,15
77900,1046,18,77910,1044,27
77920,1034,23,77930,1015,22
77940,1022,22,77950,1046,24
77960,1043,27,77970,1032,28
77980,1024,30,77990,1024,21
78000,1051,20,78010,1042,27
78020,1031,29,78030,1025,27
78040,1024,33,78050,1048,23
78060,1044,15,78070,1036,22
78080,1022,22,78090,1030,24
78100,1051,24,78110,1037,19
78120,1032,32,78130,1020,16
78140,1033,29,78150,1052,30
78160,1040,29,78170,1033,26
78180,1018,23,78190,1033,27
78200,1045,20,78210,1047,18
78220,1033,18,78230,1022,27
78240,1030,29,78250,1065,25
78260,1042,22,78270,1043,28
78280,1023,25,78290,1023,26
78300,1044,19,78310,1041,26
78320,1031,24,78330,1021,29
78340,1023,29,78350,1051,26
78360,1033,24,78370,1032,21
78380,1025,26,78390,1024,17
78400,1059,26,78410,1034,21
78420,1030,20,78430,1033,23
78440,1025,27,78450,1055,27
78460,1040,28,78470,1027,26
78480,1027,25,78490,1025,21
78500,1048,21,78510,1042,18
78520,1035,21,78530,1029,29
78540,1032,21,78550,1053,19
78560,1032,22,78570,1022,23
78580,1024,23,78590,1030,26
78600,1057,27,78610,1034,27
78620,1030,26,78630,1035,25
78640,1027,29,78650,1051,27
78660,1036,20,78670,1025,26
78680,1025,25,78690,1035,30
78700,1056,33,78710,1037,24
78720,1031,21,78730,1028,24
78740,1024,26,78750,1055,24
78760,1037,23,78770,1031,25
78780,1033,25,78790,1031,21
78800,1055,24,78810,1032,27
78820,1026,24,78830,1030,24
78840,1031,31,78850,1057,30
78860,1033,31,78870,1027,19
78880,1031,31,78890,1035,16
78900,1055,23,78910,1035,29
78920,1022,32,78930,1038,26
78940,1028,30,78950,1059,23
78960,1042,20,78970,1030,26
78980,1027,23,78990,1033,27
79000,1058,19,79010,1031,20
79020,1025,26,79030,1024,30
79040,1041,29,79050,1056,28
79060,1024,21,79070,1024,24
79080,1031,26,79090,1034,27
79100,1058,32,79110,1041,24
79120,1023,23,79130,1027,19
79140,1038,23,79150,1056,30
79160,1030,28,79170,1027,32
79180,1034,26,79190,1042,30
79200,1065,25,79210,1032,24
79220,1020,26,79230,1035,21
79240,1034,22,79250,1056,25
79260,1036,30,79270,1017,24
79280,1036,19,79290,1039,29
79300,1053,29,79310,1021,15
79320,1021,31,79330,1030,26
79340,1042,23,79350,1053,28
79360,1030,23,79370,1017,29
79380,1029,24,79390,1041,23
79400,1057,25,79410,1031,26
79420,1025,24,79430,1035,25
79440,1045,20,79450,1058,17
79460,1035,24,79470,1023,26
79480,1034,21,79490,1040,28
79500,1048,22,79510,1037,27
79520,1025,21,79530,1042,16
79540,1041,27,79550,1046,20
79560,1029,18,79570,1031,21
79580,1030,27,79590,1043,22
79600,1047,25,79610,1028,20
79620,1026,28,79630,1028,29
79640,1048,36,79650,1063,25
79660,1028,24,79670,1026,25
79680,1036,30,79690,1046,23
79700,1055,22,79710,1036,24
79720,1024,29,79730,1026,17
79740,1042,21,79750,1054,23
79760,1024,26,79770,1031,24
79780,1036,29,79790,1041,26
79800,1049,24,79810,1030,22
79820,1028,26,79830,1027,25
79840,1040,22,79850,1054,21
79860,1032,24,79870,1027,18
79880,1039,27,79890,1047,23
79900,1053,24,79910,1026,30
79920,1028,27,79930,1036,22
79940,1051,29,79950,1039,19
79960,1030,29,79970,1030,25
79980,1033,23,79990,1045,33
80000,1046,27,80010,1026,27
80020,1034,25,80030,1032,19
80040,1044,29,80050,1042,33
80060,1030,22,80070,1027,22
80080,1034,18,80090,1053,21
80100,1046,31,80110,1020,24
80120,1021,25,80130,1037,19
80140,1047,21,80150,1041,16
80160,1022,18,80170,1023,18
80180,1033,27,80190,1047,22
80200,1043,18,80210,1026,17
80220,1022,20,80230,1034,29
80240,1055,20,80250,1040,24
80260,1021,28,80270,1030,20
80280,1039,29,80290,1052,22
80300,1046,24,80310,1025,19
80320,1025,18,80330,1034,29
80340,1055,16,80350,1033,25
80360,1018,31,80370,1030,26
80380,1039,22,80390,1046,27
80400,1041,22,80410,1022,28
80420,1026,26,80430,1036,23
80440,1055,22,80450,1041,22
80460,1019,29,80470,1028,22
80480,1034,23,80490,1046,29
80500,1041,30,80510,1027,26
80520,1029,26,80530,1038,26
80540,1050,24,80550,1039,17
80560,1024,20,80570,1026,28
80580,1031,23,80590,1056,28
80600,1032,28,80610,1022,23
80620,1025,27,80630,1048,31
80640,1044,23,80650,1045,32
80660,1026,27,80670,1021,29
80680,1048,28,80690,1052,20
80700,1040,26,80710,1016,28
80720,1029,19,80730,1048,19
80740,1054,20,80750,1034,19
80760,1025,23,80770,1034,18
80780,1047,20,80790,1047,20
80800,1035,26,80810,1027,19
80820,1020,23,80830,1047,28
80840,1051,27,80850,1032,21
80860,1022,31,80870,1028,24
80880,1038,25,80890,1042,27
80900,1035,25,80910,1020,20
80920,1026,16,80930,1051,28
80940,1047,24,80950,1042,30
80960,1020,24,80970,1029,25
80980,1043,23,80990,1051,23
81000,1043,33,81010,1020,28
81020,1024,33,81030,1047,22
81040,1043,22,81050,1031,26
81060,1024,17,81070,1026,26
81080,1050,22,81090,1041,26
81100,1033,26,81110,1028,23
81120,1035,19,81130,1051,15
81140,1045,27,81150,1036,28
81160,1013,23,81170,1028,31
81180,1056,25,81190,1045,24
81200,1026,23,81210,1020,28
81220,1030,22,81230,1042,24
81240,1044,20,81250,1032,24
81260,1019,28,81270,1026,13
81280,1058,27,81290,1047,21
81300,1038,13,81310,1021,23
81320,1034,23,81330,1054,27
81340,1034,29,81350,1036,21
81360,1027,28,81370,1030,14
81380,1053,29,81390,1043,27
81400,1026,18,81410,1031,24
81420,1035,27,81430,1053,25
81440,1041,20,81450,1026,23
81460,1028,23,81470,1026,22
81480,1053,27,81490,1037,33
81500,1028,25,81510,1031,21
81520,1025,27,81530,1053,26
81540,1045,30,81550,1033,29
81560,1029,26,81570,1025,23
81580,1057,27,81590,1038,30
81600,1034,21,81610,1026,25
81620,1029,23,81630,1058,30
81640,1039,23,81650,1027,21
81660,1028,26,81670,1023,14
81680,1053,24,81690,1040,18
81700,1034,26,81710,1033,19
81720,1032,27,81730,1050,28
81740,1036,26,81750,1028,22
81760,1036,32,81770,1029,21
81780,1054,24,81790,1045,30
81800,1024,22,81810,1032,23
81820,1027,23,81830,1055,22
81840,1031,25,81850,1030,26
81860,1027,15,81870,1029,25
81880,1064,20,81890,1040,21
81900,1033,25,81910,1023,23
81920,1030,18,81930,1062,24
81940,1034,22,81950,1034,27
81960,1028,28,81970,1034,23
81980,1068,24,81990,1039,25
82000,1026,27,82010,1035,24
82020,1041,24,82030,1061,31
82040,1030,30,82050,1028,25
82060,1030,27,82070,1034,26
82080,1055,25,82090,1040,17
82100,1032,30,82110,1030,19
82120,1031,22,82130,1058,17
82140,1036,22,82150,1024,31
82160,1039,26,82170,1037,25
82180,1052,22,82190,1036,26
82200,1020,25,82210,1035,26
82220,1035,23,82230,1055,30
82240,1034,22,82250,1021,26
82260,1031,23,82270,1036,17
82280,1056,25,82290,1030,20
82300,1020,19,82310,1033,19
82320,1034,22,82330,1061,18
82340,1033,29,82350,1024,25
82360,1030,31,82370,1035,21
82380,1058,18,82390,1033,22
82400,1021,26,82410,1039,20
82420,1039,29,82430,1060,26
82440,1034,26,82450,1028,34
82460,1031,26,82470,1034,18
82480,1052,23,82490,1025,28
82500,1023,25,82510,1032,28
82520,1041,21,82530,1049,29
82540,1029,23,82550,1017,21
82560,1041,29,82570,1036,26
82580,1051,24,82590,1021,25
82600,1021,28,82610,1032,29
82620,1045,26,82630,1054,27
82640,1037,29,82650,1031,30
82660,1034,30,82670,1048,24
82680,1051,27,82690,1032,17
82700,1025,28,82710,1037,19
82720,1050,29,82730,1047,25
82740,1026,22,82750,1027,25
82760,1040,26,82770,1040,26
82780,1053,28,82790,1031,19
82800,1024,31,82810,1032,25
82820,1049,26,82830,1059,27
82840,1029,22,82850,1030,22
82860,1031,22,82870,1045,22
82880,1047,13,82890,1023,23
82900,1027,22,82910,1037,19
82920,1041,25,82930,1046,20
82940,1029,29,82950,1025,27
82960,1039,19,82970,1044,26
82980,1047,24,82990,1029,26
83000,1022,26,83010,1035,26
83020,1049,18,83030,1047,23
83040,1026,29,83050,1031,27
83060,1035,20,83070,1049,18
83080,1038,27,83090,1025,20
83100,1022,24,83110,1036,24
83120,1050,34,83130,1045,23
83140,1021,18,83150,1025,28
83160,1041,21,83170,1048,22
83180,1041,26,83190,1027,31
83200,1024,22,83210,1040,29
83220,1052,26,83230,1047,20
83240,1019,29,83250,1026,27
83260,1037,24,83270,1053,30
83280,1040,30,83290,1023,24
83300,1039,23,83310,1027,20
83320,1047,23,83330,1048,27
83340,1024,23,83350,1025,19
83360,1040,21,83370,1055,25
83380,1039,23,83390,1025,29
83400,1029,28,83410,1044,22
83420,1050,22,83430,1039,24
83440,1024,26,83450,1026,24
83460,1037,15,83470,1049,33
83480,1035,25,83490,1018,33
83500,1036,25,83510,1042,30
83520,1048,28,83530,1035,19
83540,1024,28,83550,1022,26
83560,1038,27,83570,1050,30
83580,1049,21,83590,1023,27
83600,1027,28,83610,1043,23
83620,1060,29,83630,1038,18
83640,1023,27,83650,1033,34
83660,1039,26,83670,1052,29
83680,1042,23,83690,1020,19
83700,1023,18,83710,1042,15
83720,1051,30,83730,1034,27
83740,1028,23,83750,1030,20
83760,1045,25,83770,1050,22
83780,1044,31,83790,1028,28
83800,1028,25,83810,1052,22
83820,1052,28,83830,1039,30
83840,1021,16,83850,1030,34
83860,1044,27,83870,1049,25
83880,1035,21,83890,1026,29
83900,1035,23,83910,1044,25
83920,1049,21,83930,1039,32
83940,1023,31,83950,1030,22
83960,1044,16,83970,1052,20
83980,1038,16,83990,1018,30
84000,1024,20,84010,1051,28
84020,1038,25,84030,1035,28
84040,1013,24,84050,1030,23
84060,1035,29,84070,1041,24
84080,1033,25,84090,1018,28
84100,1038,28,84110,1055,31
84120,1046,24,84130,1035,23
84140,1025,29,84150,1030,23
84160,1053,21,84170,1046,26
84180,1030,26,84190,1017,27
84200,1034,27,84210,1056,22
84220,1045,24,84230,1031,23
84240,1025,20,84250,1024,19
84260,1054,21,84270,1041,22
84280,1030,27,84290,1027,29
84300,1028,22,84310,1053,29
84320,1041,25,84330,1028,24
84340,1026,21,84350,1025,26
84360,1052,29,84370,1039,20
84380,1027,28,84390,1026,28
84400,1036,24,84410,1047,24
84420,1044,21,84430,1031,28
84440,1029,18,84450,1030,25
84460,1055,22,84470,1036,26
84480,1031,24,84490,1027,18
84500,1033,26,84510,1053,24
84520,1043,29,84530,1023,24
84540,1029,21,84550,1031,19
84560,1051,27,84570,1030,26
84580,1029,15,84590,1031,26
84600,1024,20,84610,1054,18
84620,1044,27,84630,1025,23
84640,1030,33,84650,1034,25
84660,1055,31,84670,1044,15
84680,1023,28,84690,1031,25
84700,1031,22,84710,1062,17
84720,1040,29,84730,1025,18
84740,1031,29,84750,1038,27
84760,1055,21,84770,1044,28
84780,1032,22,84790,1028,26
84800,1031,24,84810,1054,26
84820,1040,21,84830,1029,25
84840,1037,27,84850,1029,27
84860,1060,31,84870,1038,25
84880,1026,24,84890,1038,29
84900,1027,26,84910,1058,17
84920,1031,21,84930,1029,22
84940,1027,24,84950,1031,23
84960,1061,29,84970,1030,24
84980,1032,23,84990,1032,24
85000,1025,25,85010,1064,29
85020,1033,21,85030,1019,18
85040,1027,27,85050,1037,22
85060,1060,25,85070,1035,35
85080,1026,32,85090,1036,29
85100,1039,23,85110,1052,26
85120,1042,29,85130,1028,22
85140,1042,30,85150,1034,22
85160,1059,18,85170,1033,27
85180,1023,30,85190,1034,20
85200,1035,21,85210,1045,31
85220,1037,27,85230,1022,16
85240,1036,29,85250,1035,28
85260,1052,30,85270,1040,28
85280,1029,20,85290,1029,14
85300,1039,25,85310,1039,21
85320,1032,23,85330,1026,26
85340,1041,26,85350,1047,11
85360,1052,28,85370,1029,32
85380,1022,29,85390,1030,20
85400,1039,25,85410,1052,20
85420,1030,26,85430,1026,22
85440,1034,26,85450,1045,26
85460,1051,17,85470,1025,22
85480,1019,25,85490,1036,29
85500,1044,30,85510,1050,30
85520,1036,29,85530,1022,29
85540,1037,24,85550,1046,26
85560,1060,35,85570,1034,28
85580,1027,24,85590,1035,26
85600,1035,20,85610,1052,21
85620,1025,25,85630,1019,26
85640,1033,17,85650,1044,25
85660,1045,18,85670,1025,15
85680,1018,32,85690,1040,31
85700,1044,26,85710,1049,27
85720,1030,30,85730,1032,34
85740,1044,20,85750,1049,40
85760,1046,19,85770,1027,22
85780,1023,26,85790,1039,25
85800,1043,22,85810,1046,30
85820,1026,22,85830,1027,29
85840,1036,21,85850,1045,28
85860,1054,17,85870,1026,28
85880,1030,26,85890,1034,22
85900,1055,28,85910,1044,31
85920,1025,17,85930,1021,19
85940,1036,27,85950,1051,24
85960,1045,23,85970,1025,18
85980,1030,30,85990,1028,25
86000,1039,18,86010,1048,12
86020,1031,25,86030,1023,25
86040,1039,23,86050,1055,20
86060,1053,17,86070,1024,27
86080,1029,26,86090,1038,29
86100,1055,33,86110,1040,26
86120,1023,30,86130,1032,24
86140,1033,26,86150,1048,19
86160,1046,27,86170,1029,27
86180,1030,21,86190,1039,15
86200,1052,23,86210,1036,23
86220,1025,20,86230,1031,23
86240,1035,13,86250,1053,17
86260,1045,26,86270,1019,28
86280,1028,26,86290,1035,22
86300,1050,21,86310,1042,25
86320,1029,25,86330,1028,18
86340,1037,23,86350,1050,23
86360,1038,28,86370,1015,23
86380,1037,26,86390,1047,25
86400,1052,29,86410,1038,32
86420,1024,23,86430,1028,24
86440,1037,26,86450,1059,25
86460,1045,28,86470,1017,26
86480,1034,23,86490,1043,20
86500,1054,21,86510,1035,26
86520,1019,22,86530,1033,30
86540,1046,23,86550,1050,17
86560,1035,23,86570,1021,26
86580,1029,27,86590,1042,29
86600,1044,25,86610,1039,25
86620,1019,23,86630,1027,25
86640,1044,30,86650,1055,27
86660,1035,29,86670,1020,26
86680,1041,24,86690,1046,31
86700,1049,22,86710,1033,16
86720,1026,27,86730,1029,30
86740,1050,29,86750,1048,18
86760,1040,27,86770,1019,24
86780,1024,18,86790,1051,26
86800,1039,11,86810,1033,19
86820,1013,21,86830,1037,27
86840,1047,32,86850,1052,31
86860,1039,25,86870,1024,25
86880,1029,30,86890,1048,25
86900,1046,22,86910,1031,26
86920,1023,27,86930,1033,22
86940,1053,22,86950,1049,19
86960,1033,22,86970,1030,25
86980,1028,29,86990,1049,13
87000,1049,29,87010,1040,31
87020,1026,32,87030,1030,31
87040,1051,24,87050,1042,18
87060,1035,25,87070,1021,24
87080,1033,23,87090,1051,25
87100,1043,25,87110,1040,29
87120,1027,14,87130,1036,26
87140,1052,27,87150,1051,17
87160,1035,23,87170,1031,27
87180,1034,36,87190,1048,26
87200,1041,27,87210,1040,32
87220,1032,25,87230,1034,24
87240,1048,23,87250,1042,23
87260,1034,24,87270,1030,26
87280,1040,25,87290,1055,26
87300,1046,27,87310,1037,21
87320,1025,24,87330,1035,20
87340,1060,20,87350,1048,34
87360,1033,28,87370,1029,24
87380,1033,28,87390,1055,32
87400,1040,27,87410,1033,31
87420,1028,23,87430,1036,31
87440,1048,28,87450,1045,28
87460,1035,19,87470,1033,20
87480,1028,34,87490,1056,30
87500,1036,25,87510,1033,26
87520,1025,31,87530,1031,22
87540,1061,32,87550,1044,28
87560,1033,24,87570,1030,24
87580,1029,28,87590,1055,25
87600,1037,27,87610,1037,26
87620,1031,23,87630,1033,33
87640,1055,31,87650,1049,31
87660,1026,28,87670,1031,30
87680,1028,23,87690,1062,25
87700,1038,27,87710,1024,24
87720,1041,21,87730,1034,20
87740,1050,20,87750,1033,27
87760,1037,30,87770,1025,27
87780,1032,29,87790,1060,32
87800,1039,20,87810,1034,26
87820,1035,34,87830,1035,25
87840,1059,20,87850,1034,23
87860,1024,22,87870,1030,26
87880,1037,24,87890,1055,24
87900,1038,22,87910,1033,16
87920,1030,29,87930,1032,17
87940,1050,24,87950,1032,30
87960,1024,27,87970,1036,26
87980,1041,27,87990,1054,26
88000,1033,24,88010,1027,31
88020,1038,25,88030,1046,22
88040,1054,22,88050,1031,23
88060,1019,22,88070,1026,22
88080,1040,24,88090,1057,22
88100,1038,25,88110,1026,24
88120,1035,27,88130,1039,25
88140,1054,13,88150,1033,23
88160,1018,26,88170,1034,21
88180,1039,29,88190,1051,24
88200,1033,28,88210,1024,28
88220,1042,21,88230,1030,31
88240,1056,30,88250,1027,26
88260,1034,27,88270,1033,26
88280,1040,22,88290,1066,29
88300,1039,26,88310,1029,28
88320,1036,26,88330,1046,23
88340,1060,31,88350,1032,19
88360,1028,25,88370,1038,17
88380,1043,26,88390,1053,30
88400,1030,27,88410,1025,27
88420,1035,23,88430,1047,10
88440,1044,26,88450,1029,29
88460,1024,28,88470,1049,23
88480,1043,28,88490,1043,24
88500,1028,25,88510,1027,29
88520,1032,24,88530,1036,26
88540,1041,30,88550,1026,21
88560,1023,21,88570,1037,17
88580,1047,24,88590,1050,22
88600,1027,34,88610,1018,28
88620,1034,28,88630,1052,22
88640,1052,35,88650,1032,19
88660,1028,25,88670,1029,28
88680,1054,21,88690,1048,19
88700,1031,23,88710,1032,27
88720,1043,25,88730,1043,25
88740,1043,22,88750,1031,29
88760,1025,26,88770,1041,24
88780,1052,26,88790,1049,23
88800,1031,32,88810,1030,22
88820,1030,20,88830,1044,32
88840,1044,20,88850,1026,23
88860,1025,31,88870,1041,26
88880,1055,22,88890,1045,19
88900,1028,17,88910,1022,29
88920,1039,27,88930,1043,27
88940,1049,27,88950,1029,21
88960,1028,32,88970,1032,34
88980,1059,30,88990,1041,17
89000,1024,28,89010,1029,26
89020,1037,30,89030,1051,15
89040,1049,28,89050,1031,17
89060,1025,20,89070,1033,23
89080,1046,19,89090,1044,24
89100,1028,31,89110,1024,24
89120,1036,21,89130,1057,25
89140,1039,27,89150,1022,27
89160,1027,23,89170,1048,22
89180,1054,27,89190,1048,27
89200,1025,20,89210,1033,19
89220,1033,27,89230,1053,12
89240,1041,21,89250,1022,25
89260,1030,29,89270,1048,26
89280,1051,22,89290,1035,25
89300,1026,24,89310,1043,23
89320,1044,16,89330,1044,29
89340,1035,21,89350,1021,28
89360,1023,21,89370,1048,35
89380,1047,22,89390,1035,26
89400,1023,25,89410,1024,21
89420,1036,16,89430,1049,20
89440,1040,24,89450,1017,22
89460,1030,22,89470,1041,22
89480,1048,21,89490,1032,28
89500,1012,29,89510,1033,30
89520,1040,31,89530,1050,21
89540,1030,25,89550,1021,31
89560,1032,25,89570,1049,25
89580,1038,27,89590,1028,23
89600,1013,20,89610,1024,26
89620,1031,30,89630,1039,21
89640,1021,20,89650,1015,29
89660,1020,27,89670,1041,27
89680,1039,22,89690,1024,28
89700,1008,25,89710,1015,27
89720,1035,24,89730,1040,27
89740,1022,35,89750,1019,24
89760,1016,34,89770,1041,26
89780,1038,28,89790,1025,31
89800,1016,28,89810,1024,28
89820,1036,24,89830,1029,28
89840,1025,24,89850,1016,19
89860,1013,25,89870,1041,28
89880,1034,25,89890,1023,27
89900,1021,33,89910,1019,28
89920,1041,19,89930,1030,28
89940,1022,27,89950,1014,24
89960,1024,23,89970,1043,19
89980,1039,26,89990,1051,22
90000,1056,28,90010,1068,25
90020,1110,23,90030,1113,23
90040,1140,24,90050,1141,25
90060,1160,27,90070,1183,27
90080,1192,19,90090,1192,31
90100,1202,26,90110,1220,25
90120,1265,18,90130,1304,25
90140,1340,26,90150,1395,25
90160,1463,36,90170,1542,22
90180,1571,31,90190,1616,30
90200,1659,26,90210,1733,28
90220,1837,31,90230,1825,22
90240,1823,25,90250,1810,27
90260,1823,26,90270,1851,18
90280,1831,26,90290,1801,24
90300,1806,26,90310,1827,22
90320,1861,26,90330,1836,21
90340,1819,32,90350,1819,28
90360,1835,23,90370,1848,22
90380,1821,25,90390,1818,23
90400,1813,20,90410,1822,24
90420,1867,25,90430,1822,22
90440,1808,19,90450,1815,24
90460,1823,28,90470,1866,29
90480,1826,27,90490,1819,23
90500,1819,21,90510,1833,30
90520,1867,22,90530,1826,25
90540,1812,20,90550,1816,30
90560,1842,35,90570,1864,23
90580,1825,32,90590,1813,20
90600,1813,29,90610,1831,28
90620,1860,18,90630,1822,31
90640,1815,18,90650,1815,21
90660,1841,24,90670,1855,18
90680,1821,27,90690,1818,27
90700,1829,17,90710,1835,23
90720,1860,28,90730,1822,14
90740,1815,25,90750,1827,22
90760,1832,23,90770,1861,30
90780,1825,22,90790,1807,15
90800,1819,29,90810,1831,30
90820,1864,24,90830,1814,22
90840,1814,19,90850,1817,26
90860,1833,33,90870,1858,32
90880,1818,31,90890,1801,18
90900,1827,25,90910,1822,28
90920,1861,24,90930,1812,32
90940,1814,26,90950,1831,21
90960,1830,26,90970,1861,31
90980,1821,21,90990,1813,27
91000,1818,17,91010,1828,18
91020,1859,25,91030,1813,30
91040,1814,28,91050,1834,25
91060,1820,28,91070,1862,18
91080,1817,17,91090,1819,24
91100,1833,20,91110,1831,32
91120,1859,30,91130,1827,26
91140,1811,32,91150,1839,19
91160,1836,34,91170,1856,30
91180,1816,29,91190,1821,25
91200,1823,15,91210,1833,32
91220,1842,16,91230,1817,30
91240,1807,19,91250,1832,21
91260,1841,20,91270,1845,17
91280,1820,27,91290,1812,34
91300,1839,24,91310,1843,29
91320,1856,22,91330,1812,23
91340,1812,22,91350,1835,23
91360,1831,21,91370,1856,27
91380,1816,26,91390,1822,26
91400,1831,26,91410,1832,20
91420,1853,30,91430,1815,25
91440,1824,34,91450,1833,21
91460,1840,24,91470,1836,10
91480,1812,20,91490,1809,26
91500,1836,23,91510,1843,26
91520,1841,23,91530,1800,20
91540,1818,28,91550,1834,33
91560,1846,23,91570,1840,18
91580,1809,36,91590,1817,21
91600,1825,24,91610,1841,27
91620,1851,33,91630,1808,25
91640,1815,17,91650,1839,27
91660,1841,22,91670,1844,28
91680,1813,31,91690,1807,19
91700,1836,29,91710,1856,26
91720,1847,29,91730,1808,27
91740,1816,25,91750,1841,23
91760,1852,30,91770,1842,29
91780,1815,22,91790,1817,22
91800,1842,26,91810,1852,26
91820,1842,31,91830,1814,28
91840,1816,32,91850,1841,28
91860,1845,21,91870,1847,23
91880,1807,31,91890,1819,22
91900,1847,20,91910,1850,29
91920,1846,20,91930,1810,35
91940,1811,32,91950,1843,25
91960,1847,21,91970,1840,35
91980,1806,32,91990,1820,33
92000,1854,32,92010,1853,28
92020,1836,22,92030,1806,28
92040,1814,29,92050,1840,19
92060,1847,33,92070,1839,28
92080,1801,29,92090,1824,24
92100,1845,30,92110,1857,26
92120,1835,24,92130,1807,34
92140,1815,24,92150,1839,24
92160,1842,24,92170,1831,25
92180,1812,40,92190,1816,23
92200,1839,21,92210,1854,24
92220,1829,22,92230,1810,29
92240,1816,21,92250,1846,21
92260,1848,31,92270,1825,17
92280,1813,34,92290,1818,26
92300,1845,29,92310,1846,31
92320,1826,10,92330,1804,18
92340,1818,31,92350,1835,24
92360,1849,20,92370,1829,21
92380,1803,25,92390,1816,24
92400,1844,15,92410,1844,23
92420,1826,23,92430,1792,26
92440,1811,26,92450,1841,23
92460,1840,18,92470,1828,20
92480,1810,21,92490,1820,29
92500,1860,33,92510,1848,25
92520,1836,30,92530,1804,24
92540,1817,28,92550,1856,27
92560,1835,33,92570,1832,21
92580,1809,28,92590,1829,24
92600,1846,25,92610,1838,27
92620,1825,30,92630,1810,26
92640,1810,22,92650,1845,28
92660,1837,22,92670,1821,21
92680,1810,18,92690,1823,28
92700,1852,24,92710,1843,16
92720,1826,25,92730,1809,28
92740,1818,29,92750,1854,23
92760,1839,23,92770,1818,25
92780,1811,27,92790,1827,28
92800,1844,13,92810,1846,27
92820,1818,27,92830,1811,20
92840,1825,21,92850,1858,30
92860,1842,25,92870,1818,27
92880,1807,22,92890,1824,18
92900,1847,25,92910,1834,24
92920,1810,18,92930,1810,23
92940,1827,30,92950,1854,26
92960,1836,26,92970,1818,32
92980,1819,23,92990,1827,16
93000,1863,27,93010,1837,21
93020,1814,23,93030,1816,27
93040,1824,20,93050,1859,25
93060,1836,22,93070,1817,25
93080,1822,18,93090,1827,22
93100,1857,14,93110,1830,16
93120,1822,25,93130,1816,25
93140,1831,27,93150,1864,27
93160,1832,29,93170,1817,18
93180,1820,22,93190,1828,24
93200,1868,27,93210,1829,26
93220,1821,27,93230,1819,29
93240,1832,17,93250,1862,21
93260,1820,24,93270,1816,22
93280,1824,27,93290,1836,16
93300,1864,22,93310,1825,19
93320,1810,18,93330,1816,20
93340,1839,33,93350,1862,27
93360,1833,16,93370,1805,25
93380,1820,19,93390,1842,22
93400,1868,32,93410,1828,27
93420,1806,23,93430,1825,18
93440,1837,24,93450,1862,20
93460,1830,22,93470,1802,22
93480,1828,26,93490,1837,27
93500,1861,20,93510,1810,20
93520,1814,23,93530,1825,33
93540,1841,26,93550,1854,19
93560,1826,29,93570,1811,23
93580,1824,24,93590,1827,19
93600,1856,22,93610,1810,27
93620,1801,25,93630,1823,25
93640,1830,23,93650,1864,26
93660,1824,26,93670,1825,25
93680,1834,22,93690,1817,16
93700,1853,22,93710,1820,24
93720,1814,28,93730,1829,16
93740,1827,14,93750,1857,24
93760,1816,31,93770,1812,30
93780,1828,16,93790,1830,22
93800,1857,22,93810,1819,23
93820,1812,21,93830,1828,24
93840,1828,20,93850,1853,26
93860,1813,23,93870,1809,25
93880,1824,20,93890,1825,20
93900,1856,22,93910,1817,16
93920,1812,23,93930,1837,25
93940,1840,27,93950,1856,25
93960,1819,16,93970,1810,26
93980,1828,28,93990,1845,24
94000,1851,28,94010,1820,29
94020,1810,16,94030,1831,15
94040,1823,27,94050,1854,27
94060,1818,22,94070,1817,26
94080,1835,24,94090,1850,23
94100,1851,19,94110,1816,21
94120,1817,20,94130,1830,16
94140,1833,22,94150,1853,16
94160,1816,26,94170,1805,20
94180,1834,18,94190,1835,25
94200,1848,18,94210,1821,23
94220,1812,30,94230,1827,29
94240,1842,15,94250,1851,33
94260,1818,23,94270,1813,29
94280,1828,27,94290,1834,24
94300,1850,19,94310,1810,25
94320,1805,20,94330,1835,17
94340,1847,19,94350,1844,25
94360,1815,31,94370,1806,25
94380,1843,27,94390,1846,22
94400,1846,18,94410,1810,20
94420,1814,23,94430,1840,18
94440,1848,27,94450,1846,27
94460,1806,27,94470,1814,24
94480,1843,27,94490,1854,26
94500,1838,9,94510,1807,19
94520,1823,23,94530,1843,14
94540,1849,24,94550,1842,24
94560,1809,28,94570,1821,26
94580,1847,17,94590,1854,35
94600,1839,21,94610,1800,21
94620,1819,27,94630,1856,26
94640,1851,18,94650,1842,24
94660,1812,33,94670,1818,24
94680,1850,28,94690,1853,22
94700,1839,27,94710,1806,24
94720,1807,24,94730,1850,22
94740,1860,23,94750,1851,23
94760,1804,21,94770,1827,23
94780,1847,29,94790,1854,22
94800,1843,21,94810,1814,21
94820,1820,31,94830,1848,25
94840,1847,20,94850,1834,22
94860,1808,26,94870,1821,21
94880,1838,23,94890,1859,25
94900,1831,26,94910,1811,19
94920,1823,16,94930,1851,23
94940,1848,22,94950,1833,23
94960,1809,17,94970,1819,31
94980,1840,22,94990,1846,25
95000,1840,21,95010,1809,32
95020,1817,23,95030,1850,27
95040,1847,25,95050,1837,19
95060,1809,29,95070,1818,21
95080,1840,32,95090,1853,20
95100,1837,18,95110,1811,35
95120,1825,27,95130,1848,18
95140,1849,20,95150,1833,24
95160,1819,25,95170,1820,27
95180,1843,28,95190,1842,12
95200,1829,22,95210,1800,28
95220,1816,17,95230,1854,27
95240,1842,16,95250,1835,22
95260,1808,21,95270,1820,24
95280,1861,19,95290,1842,18
95300,1828,28,95310,1803,12
95320,1823,17,95330,1848,23
95340,1842,25,95350,1833,17
95360,1810,26,95370,1829,23
95380,1843,37,95390,1846,27
95400,1826,22,95410,1812,24
95420,1822,18,95430,1845,25
95440,1849,25,95450,1824,24
95460,1815,27,95470,1830,23
95480,1852,25,95490,1850,33
95500,1821,25,95510,1813,25
95520,1821,30,95530,1853,32
95540,1840,24,95550,1821,17
95560,1814,30,95570,1832,34
95580,1858,16,95590,1841,27
95600,1821,29,95610,1814,17
95620,1830,25,95630,1856,24
95640,1846,23,95650,1825,26
95660,1811,28,95670,1828,30
95680,1857,20,95690,1836,10
95700,1822,26,95710,1817,22
95720,1828,25,95730,1858,34
95740,1837,22,95750,1822,26
95760,1824,29,95770,1828,20
95780,1858,25,95790,1837,23
95800,1824,15,95810,1809,21
95820,1834,24,95830,1865,24
95840,1830,22,95850,1823,26
95860,1816,23,95870,1829,28
95880,1873,25,95890,1828,25
95900,1815,23,95910,1817,25
95920,1834,22,95930,1858,19
95940,1830,28,95950,1822,12
95960,1820,24,95970,1843,32
95980,1861,30,95990,1826,24
96000,1818,23,96010,1815,25
96020,1844,17,96030,1862,21
96040,1828,20,96050,1821,30
96060,1818,28,96070,1837,23
96080,1868,27,96090,1830,31
96100,1807,19,96110,1822,29
96120,1838,37,96130,1860,17
96140,1818,20,96150,1812,24
96160,1826,33,96170,1833,26
96180,1865,30,96190,1819,20
96200,1817,18,96210,1825,33
96220,1834,19,96230,1863,20
96240,1825,21,96250,1814,20
96260,1823,33,96270,1823,26
96280,1867,20,96290,1821,24
96300,1808,26,96310,1821,25
96320,1825,14,96330,1863,28
96340,1831,19,96350,1809,22
96360,1825,20,96370,1830,28
96380,1865,33,96390,1816,19
96400,1808,23,96410,1834,14
96420,1837,30,96430,1859,25
96440,1812,27,96450,1813,22
96460,1830,27,96470,1832,22
96480,1855,15,96490,1819,34
96500,1817,26,96510,1822,23
96520,1828,27,96530,1852,28
96540,1819,24,96550,1813,22
96560,1832,30,96570,1827,22
96580,1856,16,96590,1817,21
96600,1816,18,96610,1834,16
96620,1826,28,96630,1852,30
96640,1819,20,96650,1810,22
96660,1827,20,96670,1825,21
96680,1861,31,96690,1824,24
96700,1807,20,96710,1830,23
96720,1843,22,96730,1847,22
96740,1814,13,96750,1810,25
96760,1840,28,96770,1842,17
96780,1850,25,96790,1819,25
96800,1809,20,96810,1829,27
96820,1831,26,96830,1844,18
96840,1820,19,96850,1814,28
96860,1842,31,96870,1842,21
96880,1841,28,96890,1806,26
96900,1812,14,96910,1830,25
96920,1836,22,96930,1843,22
96940,1809,26,96950,1806,23
96960,1831,18,96970,1842,21
96980,1848,23,96990,1815,23
97000,1806,15,97010,1836,25
97020,1841,28,97030,1852,19
97040,1822,27,97050,1812,21
97060,1843,25,97070,1852,21
97080,1843,25,97090,1821,26
97100,1814,23,97110,1828,19
97120,1846,18,97130,1840,30
97140,1803,20,97150,1810,24
97160,1837,29,97170,1854,31
97180,1839,17,97190,1814,25
97200,1809,22,97210,1840,22
97220,1853,16,97230,1840,14
97240,1810,24,97250,1821,14
97260,1848,17,97270,1846,14
97280,1844,25,97290,1805,21
97300,1817,23,97310,1852,24
97320,1857,17,97330,1841,32
97340,1809,21,97350,1805,28
97360,1843,23,97370,1844,32
97380,1841,26,97390,1808,31
97400,1825,21,97410,1846,21
97420,1849,33,97430,1840,34
97440,1810,30,97450,1817,26
97460,1843,27,97470,1846,28
97480,1842,22,97490,1807,27
97500,1807,22,97510,1845,17
97520,1843,26,97530,1842,22
97540,1798,27,97550,1812,21
97560,1850,22,97570,1850,33
97580,1831,26,97590,1808,20
97600,1822,25,97610,1842,25
97620,1850,24,97630,1831,26
97640,1802,13,97650,1822,22
97660,1844,25,97670,1845,27
97680,1835,27,97690,1802,22
97700,1814,28,97710,1844,28
97720,1851,26,97730,1826,25
97740,1803,33,97750,1815,20
97760,1834,29,97770,1860,30
97780,1835,31,97790,1798,26
97800,1810,20,97810,1860,28
97820,1837,24,97830,1829,24
97840,1805,33,97850,1822,23
97860,1851,22,97870,1846,36
97880,1826,28,97890,1810,24
97900,1821,28,97910,1854,21
97920,1846,19,97930,1824,25
97940,1808,26,97950,1818,26
97960,1837,35,97970,1843,17
97980,1826,26,97990,1805,25
98000,1819,26,98010,1851,23
98020,1841,10,98030,1824,20
98040,1804,28,98050,1817,24
98060,1852,26,98070,1844,19
98080,1820,25,98090,1812,19
98100,1815,20,98110,1846,23
98120,1834,31,98130,1821,23
98140,1812,17,98150,1830,26
98160,1849,29,98170,1833,21
98180,1828,32,98190,1813,22
98200,1819,29,98210,1851,24
98220,1847,24,98230,1829,24
98240,1815,20,98250,1820,25
98260,1855,26,98270,1837,27
98280,1823,31,98290,1817,25
98300,1825,33,98310,1863,20
98320,1841,27,98330,1823,31
98340,1808,32,98350,1825,34
98360,1860,26,98370,1829,25
98380,1822,26,98390,1814,21
98400,1824,18,98410,1858,19
98420,1835,27,98430,1814,26
98440,1819,28,98450,1823,19
98460,1863,21,98470,1834,24
98480,1816,18,98490,1809,28
98500,1829,28,98510,1854,25
98520,1833,31,98530,1822,24
98540,1819,25,98550,1829,28
98560,1864,31,98570,1838,32
98580,1813,27,98590,1816,13
98600,1830,31,98610,1858,25
98620,1830,24,98630,1819,31
98640,1818,21,98650,1829,25
98660,1864,21,98670,1827,25
98680,1813,27,98690,1822,26
98700,1848,27,98710,1854,23
98720,1836,27,98730,1812,21
98740,1824,26,98750,1832,31
98760,1857,25,98770,1834,22
98780,1809,26,98790,1828,25
98800,1839,29,98810,1862,33
98820,1824,28,98830,1806,28
98840,1824,31,98850,1832,25
98860,1866,30,98870,1829,23
98880,1819,26,98890,1821,26
98900,1834,22,98910,1853,28
98920,1820,28,98930,1813,19
98940,1822,24,98950,1825,28
98960,1864,34,98970,1829,31
98980,1813,29,98990,1830,29
99000,1824,27,99010,1858,23
99020,1821,21,99030,1809,22
99040,1838,21,99050,1830,28
99060,1865,26,99070,1825,22
99080,1811,25,99090,1835,27
99100,1820,27,99110,1858,26
99120,1815,29,99130,1810,19
99140,1834,30,99150,1825,25
99160,1858,24,99170,1815,26
99180,1808,19,99190,1836,18
99200,1818,28,99210,1854,22
99220,1815,31,99230,1815,26
99240,1832,26,99250,1821,26
99260,1851,27,99270,1818,25
99280,1813,32,99290,1831,26
99300,1836,26,99310,1858,22
99320,1821,28,99330,1816,31
99340,1841,31,99350,1833,35
99360,1848,26,99370,1823,32
99380,1817,30,99390,1839,25
99400,1846,34,99410,1856,27
99420,1816,30,99430,1809,26
99440,1837,36,99450,1833,26
99460,1858,31,99470,1808,28
99480,1814,28,99490,1830,19
99500,1843,28,99510,1851,26
99520,1813,23,99530,1810,31
99540,1840,28,99550,1848,25
99560,1842,23,99570,1819,24
99580,1809,18,99590,1842,25
99600,1846,23,99610,1842,31
99620,1810,23,99630,1813,26
99640,1835,20,99650,1852,22
99660,1849,24,99670,1818,28
99680,1813,23,99690,1833,19
99700,1845,23,99710,1846,21
99720,1818,28,99730,1818,25
99740,1843,22,99750,1845,27
99760,1839,22,99770,1809,23
99780,1812,19,99790,1837,37
99800,1851,25,99810,1841,18
99820,1804,23,99830,1817,28
99840,1845,32,99850,1851,22
99860,1843,17,99870,1815,27
99880,1819,30,99890,1845,22
99900,1857,28,99910,1834,29
99920,1805,20,99930,1814,26
99940,1844,22,99950,1857,31
99960,1843,23,99970,1804,25
99980,1815,21,99990,1845,28
100000,1860,20,100010,1840,26
100020,1809,24,100030,1820,25
100040,1843,24,100050,1853,23
100060,1832,20,100070,1807,27
100080,1818,26,100090,1849,26
100100,1848,23,100110,1835,30
100120,1800,28,100130,1821,28
100140,1843,22,100150,1849,32
100160,1837,20,100170,1802,24
100180,1816,25,100190,1847,16
100200,1855,23,100210,1834,8
100220,1799,27,100230,1817,17
100240,1840,16,100250,1840,20
100260,1839,27,100270,1813,22
100280,1815,21,100290,1841,31
100300,1847,24,100310,1834,24
100320,1801,20,100330,1822,29
100340,1849,24,100350,1849,8
100360,1829,22,100370,1806,32
100380,1823,22,100390,1852,21
100400,1844,23,100410,1825,21
100420,1807,22,100430,1828,29
100440,1848,24,100450,1844,26
100460,1825,34,100470,1799,32
100480,1819,19,100490,1836,26
100500,1841,26,100510,1829,25
100520,1800,29,100530,1819,29
100540,1848,22,100550,1844,23
100560,1826,32,100570,1802,30
100580,1808,24,100590,1841,19
100600,1839,27,100610,1822,30
100620,1803,26,100630,1824,23
100640,1843,22,100650,1842,23
100660,1822,18,100670,1807,30
100680,1823,20,100690,1846,22
100700,1828,22,100710,1826,24
100720,1814,32,100730,1824,29
100740,1853,24,100750,1832,23
100760,1825,25,100770,1810,21
100780,1819,30,100790,1846,28
100800,1847,27,100810,1816,31
100820,1802,24,100830,1821,21
100840,1859,24,100850,1846,25
100860,1821,29,100870,1814,27
100880,1825,26,100890,1855,26
100900,1835,18,100910,1810,28
100920,1810,28,100930,1813,21
100940,1850,24,100950,1821,11
100960,1815,22,100970,1802,20
100980,1825,19,100990,1849,26
101000,1830,26,101010,1817,28
101020,1813,31,101030,1822,23
101040,1852,24,101050,1827,24
101060,1813,31,101070,1816,20
101080,1820,25,101090,1848,27
101100,1821,19,101110,1816,25
101120,1819,28,101130,1817,27
101140,1865,27,101150,1821,16
101160,1813,19,101170,1816,18
101180,1824,20,101190,1854,29
101200,1825,17,101210,1815,28
101220,1818,27,101230,1831,13
101240,1857,24,101250,1821,19
101260,1816,19,101270,1818,23
101280,1820,22,101290,1863,24
101300,1824,28,101310,1816,27
101320,1817,22,101330,1832,12
101340,1846,25,101350,1818,15
101360,1803,23,101370,1817,19
101380,1829,26,101390,1858,24
101400,1811,27,101410,1809,29
101420,1811,21,101430,1835,23
101440,1853,22,101450,1823,30
101460,1806,26,101470,1821,28
101480,1827,28,101490,1853,24
101500,1818,28,101510,1816,25
101520,1815,23,101530,1828,26
101540,1858,29,101550,1814,24
101560,1814,32,101570,1831,27
101580,1834,32,101590,1859,29
101600,1829,29,101610,1807,15
101620,1826,31,101630,1826,30
101640,1849,19,101650,1819,16
101660,1806,18,101670,1829,21
101680,1829,20,101690,1852,29
101700,1817,18,101710,1809,21
101720,1828,17,101730,1826,21
101740,1853,27,101750,1814,26
101760,1803,22,101770,1823,32
101780,1828,31,101790,1852,16
101800,1814,27,101810,1811,20
101820,1835,30,101830,1829,22
101840,1852,21,101850,1819,25
101860,1811,28,101870,1822,25
101880,1831,32,101890,1852,28
101900,1813,26,101910,1806,25
101920,1826,31,101930,1820,20
101940,1848,23,101950,1822,30
101960,1810,24,101970,1827,30
101980,1828,30,101990,1847,18
102000,1810,26,102010,1813,23
102020,1837,19,102030,1834,26
102040,1852,27,102050,1815,20
102060,1811,18,102070,1831,26
102080,1834,23,102090,1838,29
102100,1811,21,102110,1812,14
102120,1827,19,102130,1834,32
102140,1851,25,102150,1808,21
102160,1809,19,102170,1841,30
102180,1842,22,102190,1847,23
102200,1808,26,102210,1807,24
102220,1831,15,102230,1834,24
102240,1836,26,102250,1797,32
102260,1803,24,102270,1833,20
102280,1842,17,102290,1836,26
102300,1813,27,102310,1799,24
102320,1833,24,102330,1835,27
102340,1844,29,102350,1804,23
102360,1806,27,102370,1835,26
102380,1837,25,102390,1843,21
102400,1810,26,102410,1811,21
102420,1839,24,102430,1845,24
102440,1844,25,102450,1809,26
102460,1797,29,102470,1829,28
102480,1848,17,102490,1837,27
102500,1808,29,102510,1805,27
102520,1833,22,102530,1842,26
102540,1834,27,102550,1806,23
102560,1816,27,102570,1852,34
102580,1851,27,102590,1831,21
102600,1805,26,102610,1803,23
102620,1842,23,102630,1854,17
102640,1838,22,102650,1802,20
102660,1813,18,102670,1843,21
102680,1846,27,102690,1826,19
102700,1805,36,102710,1810,25
102720,1850,26,102730,1850,20
102740,1822,17,102750,1798,22
102760,1812,26,102770,1844,18
102780,1850,22,102790,1833,30
102800,1799,19,102810,1805,18
102820,1847,20,102830,1842,22
102840,1830,25,102850,1804,28
102860,1809,17,102870,1849,21
102880,1848,23,102890,1824,31
102900,1804,25,102910,1809,26
102920,1846,22,102930,1845,23
102940,1829,21,102950,1795,18
102960,1801,22,102970,1838,23
102980,1849,26,102990,1826,25
103000,1801,23,103010,1815,27
103020,1832,34,103030,1852,32
103040,1825,26,103050,1799,31
103060,1819,32,103070,1847,29
103080,1843,23,103090,1817,31
103100,1805,26,103110,1816,22
103120,1839,32,103130,1834,24
103140,1819,22,103150,1802,25
103160,1818,21,103170,1846,24
103180,1836,21,103190,1822,24
103200,1805,26,103210,1810,24
103220,1842,21,103230,1839,18
103240,1820,24,103250,1808,25
103260,1817,22,103270,1856,34
103280,1833,27,103290,1823,21
103300,1795,20,103310,1812,17
103320,1843,24,103330,1837,15
103340,1823,25,103350,1795,32
103360,1810,24,103370,1842,20
103380,1835,21,103390,1821,31
103400,1809,19,103410,1817,23
103420,1846,29,103430,1828,28
103440,1817,29,103450,1804,23
103460,1813,29,103470,1854,24
103480,1829,19,103490,1816,23
103500,1811,26,103510,1819,28
103520,1850,27,103530,1824,22
103540,1817,20,103550,1807,25
103560,1818,18,103570,1853,18
103580,1833,27,103590,1820,26
103600,1812,29,103610,1824,23
103620,1857,24,103630,1831,26
103640,1807,20,103650,1810,19
103660,1821,25,103670,1852,20
103680,1820,20,103690,1817,19
103700,1803,26,103710,1827,27
103720,1851,30,103730,1831,19
103740,1815,32,103750,1815,17
103760,1827,30,103770,1862,33
103780,1831,24,103790,1809,28
103800,1821,23,103810,1821,25
103820,1853,26,103830,1825,28
103840,1815,20,103850,1816,18
103860,1825,33,103870,1855,31
103880,1817,26,103890,1810,19
103900,1819,25,103910,1825,26
103920,1857,26,103930,1823,19
103940,1806,24,103950,1815,27
103960,1835,27,103970,1858,29
103980,1819,26,103990,1806,17
104000,1817,24,104010,1826,25
104020,1856,33,104030,1815,30
104040,1808,22,104050,1818,26
104060,1837,28,104070,1862,27
104080,1826,29,104090,1814,21
104100,1816,26,104110,1843,23
104120,1857,18,104130,1815,22
104140,1816,32,104150,1826,9
104160,1823,23,104170,1844,19
104180,1822,22,104190,1816,22
104200,1818,27,104210,1832,25
104220,1864,26,104230,1820,24
104240,1808,33,104250,1819,24
104260,1820,15,104270,1859,21
104280,1811,24,104290,1796,14
104300,1818,22,104310,1834,24
104320,1859,34,104330,1818,25
104340,1806,36,104350,1825,26
104360,1824,34,104370,1853,30
104380,1818,28,104390,1807,24
104400,1829,24,104410,1828,22
104420,1852,27,104430,1818,28
104440,1815,24,104450,1828,20
104460,1824,17,104470,1855,22
104480,1818,26,104490,1802,29
104500,1829,21,104510,1826,29
104520,1855,28,104530,1817,26
104540,1808,21,104550,1833,27
104560,1826,25,104570,1853,25
104580,1811,33,104590,1802,39
104600,1825,22,104610,1826,28
104620,1847,29,104630,1808,16
104640,1813,28,104650,1825,18
104660,1824,23,104670,1848,25
104680,1806,26,104690,1810,29
104700,1834,20,104710,1822,24
104720,1849,20,104730,1818,22
104740,1813,26,104750,1826,29
104760,1831,23,104770,1851,19
104780,1814,32,104790,1813,30
104800,1831,31,104810,1836,19
104820,1850,22,104830,1811,30
104840,1813,27,104850,1829,24
104860,1849,24,104870,1843,29
104880,1805,23,104890,1819,22
104900,1832,26,104910,1842,26
104920,1844,23,104930,1811,25
104940,1802,17,104950,1833,27
104960,1830,20,104970,1846,25
104980,1810,24,104990,1807,21
105000,1833,24,105010,1834,24
105020,1833,29,105030,1814,30
105040,1814,19,105050,1843,30
105060,1839,21,105070,1833,28
105080,1802,29,105090,1812,27
105100,1835,29,105110,1842,25
105120,1837,25,105130,1815,25
105140,1814,30,105150,1840,33
105160,1852,26,105170,1840,25
105180,1810,24,105190,1815,19
105200,1845,26,105210,1852,27
105220,1837,29,105230,1801,24
105240,1807,23,105250,1841,24
105260,1852,23,105270,1834,28
105280,1803,24,105290,1820,32
105300,1853,26,105310,1851,22
105320,1837,27,105330,1809,25
105340,1806,24,105350,1844,26
105360,1850,17,105370,1832,18
105380,1810,18,105390,1803,24
105400,1845,24,105410,1841,24
105420,1826,13,105430,1807,26
105440,1807,27,105450,1847,29
105460,1851,21,105470,1831,24
105480,1802,25,105490,1813,32
105500,1852,24,105510,1843,25
105520,1826,18,105530,1800,29
105540,1814,27,105550,1842,29
105560,1851,17,105570,1824,29
105580,1796,23,105590,1813,22
105600,1850,24,105610,1849,25
105620,1829,26,105630,1798,25
105640,1810,27,105650,1839,23
105660,1839,25,105670,1820,25
105680,1804,28,105690,1810,22
105700,1848,21,105710,1836,27
105720,1828,25,105730,1805,26
105740,1813,24,105750,1837,32
105760,1841,29,105770,1815,22
105780,1790,31,105790,1806,20
105800,1832,20,105810,1840,29
105820,1825,23,105830,1805,21
105840,1814,23,105850,1833,34
105860,1832,15,105870,1820,21
105880,1797,28,105890,1818,27
105900,1839,17,105910,1839,24
105920,1817,20,105930,1798,21
105940,1819,22,105950,1840,19
105960,1843,17,105970,1825,27
105980,1801,20,105990,1819,27
106000,1832,19,106010,1834,21
106020,1824,31,106030,1803,26
106040,1812,24,106050,1840,19
106060,1831,31,106070,1813,25
106080,1801,29,106090,1815,20
106100,1849,20,106110,1828,25
106120,1818,27,106130,1806,22
106140,1810,22,106150,1854,37
106160,1834,26,106170,1823,28
106180,1811,22,106190,1812,30
106200,1852,13,106210,1823,16
106220,1813,24,106230,1803,26
106240,1816,24,106250,1850,30
106260,1838,13,106270,1808,28
106280,1798,23,106290,1821,19
106300,1852,12,106310,1838,28
106320,1812,24,106330,1807,21
106340,1812,18,106350,1847,29
106360,1833,23,106370,1810,9
106380,1804,21,106390,1818,24
106400,1858,14,106410,1836,24
106420,1808,25,106430,1815,27
106440,1815,24,106450,1858,27
106460,1826,24,106470,1810,20
106480,1815,27,106490,1820,19
