LED1 Timestamp (ms),LED1_PD1,LED1_PD2,LED2 Timestamp (ms),LED2_PD1,LED2_PD2
1588000,9352,8190,1588010,8936,8194
1588020,9404,8200,1588030,8927,8192
1588040,9408,8203,1588050,8893,8199
1588060,9388,8201,1588070,8953,8191
1588080,9399,8192,1588090,8932,8196
1588100,9375,8197,1588110,8935,8205
1588120,9398,8196,1588130,8919,8185
1588140,9403,8201,1588150,8903,8195
1588160,9386,8194,1588170,8936,8204
1588180,9391,8196,1588190,8945,8188
1588200,9363,8197,1588210,8925,8199
1588220,9406,8195,1588230,8923,8192
1588240,9414,8196,1588250,8897,8194
1588260,9382,8194,1588270,8925,8196
1588280,9381,8193,1588290,8930,8193
1588300,9344,8200,1588310,8927,8190
1588320,9400,8195,1588330,8921,8195
1588340,9378,8198,1588350,8892,8195
1588360,9385,8187,1588370,8924,8191
1588380,9397,8201,1588390,8936,8197
1588400,9365,8195,1588410,8931,8198
1588420,9422,8198,1588430,8912,8194
1588440,9384,8185,1588450,8920,8197
1588460,9384,8196,1588470,8935,8197
1588480,9386,8199,1588490,8945,8194
1588500,9364,8195,1588510,8900,8193
1588520,9411,8205,1588530,8918,8196
1588540,9403,8195,1588550,8899,8196
1588560,9373,8202,1588570,8935,8193
1588580,9398,8202,1588590,8928,8192
1588600,9360,8194,1588610,8934,8195
1588620,9397,8205,1588630,8911,8191
1588640,9393,8195,1588650,8891,8203
1588660,9396,8198,1588670,8945,8198
1588680,9382,8203,1588690,8935,8193
1588700,9385,8205,1588710,8932,8194
1588720,9418,8200,1588730,8926,8196
1588740,9414,8201,1588750,8899,8193
1588760,9390,8197,1588770,8951,8197
1588780,9379,8190,1588790,8940,8193
1588800,9358,8199,1588810,8927,8199
1588820,9415,8205,1588830,8921,8196
1588840,9407,8197,1588850,8915,8195
1588860,9393,8198,1588870,8929,8202
1588880,9379,8193,1588890,8953,8199
1588900,9373,8203,1588910,8939,8193
1588920,9409,8200,1588930,8915,8200
1588940,9414,8204,1588950,8876,8206
1588960,9397,8190,1588970,8932,8196
1588980,9388,8200,1588990,8951,8191
1589000,9367,8201,1589010,8929,8200
1589020,9416,8192,1589030,8917,8200
1589040,9403,8202,1589050,8916,8207
1589060,9401,8201,1589070,8936,8202
1589080,9401,8198,1589090,8937,8199
1589100,9358,8194,1589110,8899,8201
1589120,9392,8194,1589130,8902,8186
1589140,9381,8199,1589150,8906,8195
1589160,9384,8201,1589170,8929,8197
1589180,9355,8204,1589190,8926,8196
1589200,9347,8203,1589210,8911,8205
1589220,9422,8205,1589230,8881,8191
1589240,9396,8202,1589250,8921,8191
1589260,9380,8201,1589270,8919,8199
1589280,9387,8202,1589290,8935,8201
1589300,9355,8201,1589310,8924,8198
1589320,9388,8198,1589330,8896,8201
1589340,9403,8202,1589350,8873,8196
1589360,9355,8198,1589370,8931,8204
1589380,9350,8195,1589390,8911,8202
1589400,9365,8201,1589410,8900,8201
1589420,9378,8202,1589430,8886,8200
1589440,9380,8203,1589450,8874,8194
1589460,9367,8203,1589470,8909,8192
1589480,9342,8205,1589490,8918,8195
1589500,9315,8195,1589510,8869,8202
1589520,9357,8195,1589530,8875,8195
1589540,9369,8206,1589550,8838,8205
1589560,9312,8200,1589570,8864,8198
1589580,9281,8205,1589590,8859,8197
1589600,9288,8203,1589610,8832,8195
1589620,9315,8207,1589630,8822,8206
1589640,9327,8199,1589650,8815,8207
1589660,9289,8203,1589670,8832,8198
1589680,9264,8206,1589690,8858,8187
1589700,9293,8203,1589710,8804,8193
1589720,9305,8207,1589730,8787,8194
1589740,9305,8200,1589750,8798,8204
1589760,9268,8197,1589770,8814,8196
1589780,9232,8204,1589790,8838,8203
1589800,9263,8196,1589810,8791,8194
1589820,9287,8206,1589830,8749,8187
1589840,9290,8203,1589850,8787,8200
1589860,9258,8202,1589870,8804,8207
1589880,9216,8200,1589890,8802,8194
1589900,9212,8198,1589910,8725,8187
1589920,9204,8195,1589930,8667,8193
1589940,9189,8204,1589950,8608,8187
1589960,9055,8198,1589970,8557,8203
1589980,8949,8195,1589990,8542,8203
1590000,8984,8201,1590010,8489,8196
1590020,8980,8200,1590030,8460,8199
1590040,9010,8202,1590050,8495,8194
1590060,8967,8193,1590070,8510,8191
1590080,8931,8202,1590090,8520,8201
1590100,8979,8194,1590110,8463,8190
1590120,8981,8191,1590130,8454,8195
1590140,8988,8202,1590150,8470,8199
1590160,8973,8189,1590170,8495,8194
1590180,8954,8199,1590190,8517,8199
1590200,8999,8197,1590210,8469,8200
1590220,9008,8195,1590230,8420,8190
1590240,9006,8202,1590250,8467,8202
1590260,8979,8207,1590270,8480,8193
1590280,8934,8202,1590290,8492,8200
1590300,8989,8211,1590310,8459,8191
1590320,9005,8195,1590330,8397,8190
1590340,9030,8198,1590350,8455,8197
1590360,9017,8203,1590370,8443,8189
1590380,8976,8202,1590390,8464,8199
1590400,9012,8203,1590410,8451,8193
1590420,9037,8207,1590430,8396,8190
1590440,9047,8202,1590450,8442,8197
1590460,9043,8207,1590470,8467,8200
1590480,9015,8200,1590490,8472,8195
1590500,9040,8194,1590510,8437,8198
1590520,9068,8201,1590530,8414,8196
1590540,9090,8204,1590550,8456,8201
1590560,9051,8198,1590570,8461,8203
1590580,9035,8196,1590590,8474,8201
1590600,9078,8203,1590610,8443,8196
1590620,9069,8200,1590630,8395,8197
1590640,9086,8205,1590650,8447,8199
1590660,9048,8198,1590670,8464,8201
1590680,9003,8198,1590690,8448,8201
1590700,9049,8201,1590710,8438,8207
1590720,9087,8198,1590730,8406,8199
1590740,9100,8197,1590750,8425,8191
1590760,9064,8200,1590770,8461,8193
1590780,9015,8195,1590790,8442,8193
1590800,9060,8204,1590810,8432,8200
1590820,9047,8190,1590830,8391,8193
1590840,9002,8200,1590850,8441,8198
1590860,8966,8197,1590870,8452,8199
1590880,8896,8212,1590890,8465,8196
1590900,8935,8203,1590910,8465,8195
1590920,8968,8193,1590930,8416,8194
1590940,8938,8205,1590950,8474,8201
1590960,8940,8197,1590970,8476,8196
1590980,8904,8209,1590990,8494,8197
1591000,8996,8212,1591010,8506,8197
1591020,8972,8202,1591030,8448,8194
1591040,8959,8196,1591050,8480,8191
1591060,8949,8196,1591070,8494,8199
1591080,8888,8203,1591090,8435,8196
1591100,8930,8197,1591110,8450,8193
1591120,8972,8209,1591130,8425,8192
1591140,8929,8203,1591150,8459,8187
1591160,8924,8199,1591170,8416,8187
1591180,8875,8195,1591190,8424,8196
1591200,8948,8198,1591210,8424,8204
1591220,8949,8203,1591230,8392,8194
1591240,8927,8201,1591250,8439,8195
1591260,8938,8198,1591270,8450,8205
1591280,8932,8198,1591290,8420,8202
1591300,8971,8195,1591310,8417,8196
1591320,9004,8202,1591330,8396,8201
1591340,9006,8205,1591350,8429,8195
1591360,9020,8203,1591370,8440,8195
1591380,8991,8196,1591390,8431,8196
1591400,9048,8197,1591410,8425,8195
1591420,9054,8195,1591430,8377,8202
1591440,9031,8200,1591450,8432,8196
1591460,9017,8198,1591470,8449,8189
1591480,9001,8193,1591490,8403,8203
1591500,9048,8205,1591510,8416,8193
1591520,9053,8206,1591530,8383,8196
1591540,9076,8203,1591550,8441,8196
1591560,9108,8207,1591570,8435,8199
1591580,9122,8205,1591590,8422,8187
1591600,9191,8202,1591610,8406,8193
1591620,9208,8196,1591630,8378,8196
1591640,9211,8198,1591650,8394,8200
1591660,9225,8195,1591670,8410,8194
1591680,9158,8200,1591690,8382,8200
1591700,9224,8199,1591710,8394,8203
1591720,9251,8196,1591730,8340,8193
1591740,9253,8200,1591750,8394,8205
1591760,9248,8202,1591770,8400,8201
1591780,9203,8199,1591790,8376,8195
1591800,9272,8200,1591810,8388,8190
1591820,9310,8198,1591830,8364,8201
1591840,9378,8200,1591850,8365,8189
1591860,9390,8192,1591870,8365,8209
1591880,9369,8200,1591890,8334,8200
1591900,9470,8198,1591910,8323,8196
1591920,9542,8201,1591930,8276,8195
1591940,9571,8206,1591950,8331,8199
1591960,9654,8198,1591970,8325,8204
1591980,9689,8206,1591990,8306,8205
1592000,9769,8204,1592010,8291,8198
1592020,9853,8202,1592030,8252,8203
1592040,9922,8197,1592050,8286,8197
1592060,9905,8200,1592070,8313,8197
1592080,9926,8198,1592090,8287,8196
1592100,10008,8205,1592110,8293,8200
1592120,10079,8200,1592130,8252,8200
1592140,10073,8194,1592150,8278,8195
1592160,10067,8206,1592170,8298,8193
1592180,10004,8191,1592190,8274,8196
1592200,10086,8203,1592210,8265,8200
1592220,10093,8197,1592230,8261,8197
1592240,10067,8195,1592250,8294,8188
1592260,9996,8193,1592270,8292,8191
1592280,9978,8201,1592290,8270,8190
1592300,9979,8195,1592310,8265,8202
1592320,9894,8194,1592330,8239,8193
1592340,9575,8200,1592350,8290,8192
1592360,9583,8192,1592370,8301,8198
1592380,9644,8204,1592390,8279,8190
1592400,9691,8198,1592410,8244,8190
1592420,9647,8206,1592430,8228,8195
1592440,9641,8201,1592450,8312,8197
1592460,9662,8188,1592470,8305,8193
1592480,9659,8198,1592490,8271,8194
1592500,9706,8199,1592510,8275,8203
1592520,9701,8188,1592530,8244,8208
1592540,9530,8202,1592550,8298,8202
1592560,9506,8201,1592570,8313,8193
1592580,9477,8192,1592590,8266,8190
1592600,9670,8196,1592610,8274,8191
1592620,9392,8193,1592630,8260,8196
1592640,9197,8196,1592650,8341,8194
1592660,9068,8196,1592670,8379,8207
1592680,8985,8202,1592690,8391,8193
1592700,9016,8198,1592710,8416,8193
1592720,9007,8189,1592730,8393,8202
1592740,8971,8192,1592750,8421,8196
1592760,8971,8189,1592770,8437,8193
1592780,8977,8199,1592790,8396,8188
1592800,9037,8198,1592810,8399,8193
1592820,9045,8194,1592830,8415,8189
1592840,9076,8202,1592850,8434,8194
1592860,9093,8193,1592870,8428,8197
1592880,9116,8203,1592890,8418,8202
1592900,9152,8198,1592910,8413,8202
1592920,9181,8201,1592930,8410,8205
1592940,9199,8193,1592950,8445,8210
1592960,9211,8196,1592970,8432,8196
1592980,9239,8197,1592990,8429,8197
1593000,9350,8195,1593010,8384,8207
1593020,9417,8205,1593030,8388,8206
1593040,9509,8201,1593050,8419,8205
1593060,9615,8201,1593070,8378,8199
1593080,9671,8201,1593090,8341,8195
1593100,9743,8199,1593110,8309,8198
1593120,9820,8209,1593130,8307,8197
1593140,9921,8201,1593150,8338,8201
1593160,9974,8199,1593170,8346,8195
1593180,10029,8198,1593190,8280,8205
1593200,10167,8202,1593210,8289,8197
1593220,10194,8208,1593230,8262,8204
1593240,10284,8202,1593250,8301,8202
1593260,10356,8201,1593270,8308,8199
1593280,10332,8206,1593290,8263,8198
1593300,10302,8195,1593310,8247,8194
1593320,10309,8205,1593330,8264,8201
1593340,10241,8205,1593350,8292,8195
1593360,10061,8203,1593370,8328,8188
1593380,10019,8199,1593390,8270,8192
1593400,10051,8197,1593410,8220,8195
1593420,10076,8197,1593430,8254,8194
1593440,10014,8192,1593450,8288,8192
1593460,9892,8205,1593470,8325,8200
1593480,9877,8186,1593490,8257,8187
1593500,9929,8191,1593510,8194,8197
1593520,9931,8203,1593530,8261,8192
1593540,9887,8209,1593550,8279,8190
1593560,9746,8200,1593570,8350,8199
1593580,9748,8206,1593590,8288,8196
1593600,9725,8201,1593610,8150,8193
1593620,9681,8203,1593630,8249,8195
1593640,9488,8209,1593650,8290,8192
1593660,9183,8195,1593670,8361,8197
1593680,9159,8202,1593690,8258,8188
1593700,9144,8198,1593710,8143,8196
1593720,9213,8202,1593730,8251,8191
1593740,9177,8201,1593750,8283,8191
1593760,9012,8210,1593770,8368,8194
1593780,9132,8196,1593790,8280,8195
1593800,9232,8201,1593810,8140,8195
1593820,9347,8204,1593830,8251,8196
1593840,9245,8197,1593850,8316,8193
1593860,9145,8205,1593870,8363,8195
1593880,9398,8198,1593890,8230,8196
1593900,9429,8198,1593910,8122,8213
1593920,9559,8202,1593930,8258,8186
1593940,9498,8206,1593950,8295,8196
1593960,9360,8175,1593970,8320,8208
1593980,9578,8210,1593990,8263,8171
1594000,9610,8207,1594010,8070,8179
1594020,9632,8204,1594030,8243,8188
1594040,9522,8210,1594050,8329,8187
1594060,9451,8215,1594070,8346,8214
1594080,9582,8247,1594090,8196,8163
1594100,9604,8217,1594110,8119,8173
1594120,9676,8189,1594130,8261,8203
1594140,9589,8207,1594150,8288,8181
1594160,9445,8186,1594170,8339,8186
1594180,9647,8182,1594190,8259,8180
1594200,9634,8213,1594210,8109,8176
1594220,9601,8209,1594230,8274,8195
1594240,9501,8191,1594250,8331,8198
1594260,9416,8191,1594270,8370,8197
1594280,9607,8200,1594290,8221,8197
1594300,9571,8199,1594310,8136,8190
1594320,9604,8204,1594330,8294,8219
1594340,9616,8180,1594350,8302,8201
1594360,9471,8193,1594370,8309,8181
1594380,9619,8167,1594390,8258,8221
1594400,9677,8187,1594410,8106,8180
1594420,9684,8203,1594430,8280,8195
1594440,9598,8193,1594450,8310,8218
1594460,9460,8166,1594470,8270,8187
1594480,9717,8232,1594490,8253,8209
1594500,9666,8181,1594510,8153,8190
1594520,9661,8224,1594530,8248,8170
1594540,9620,8209,1594550,8314,8212
1594560,9489,8196,1594570,8237,8193
1594580,9625,8197,1594590,8262,8198
1594600,9694,8184,1594610,8127,8195
1594620,9617,8189,1594630,8265,8193
1594640,9616,8191,1594650,8272,8197
1594660,9524,8185,1594670,8230,8200
1594680,9619,8194,1594690,8260,8188
1594700,9619,8208,1594710,8141,8192
1594720,9578,8183,1594730,8286,8190
1594740,9650,8204,1594750,8345,8194
1594760,9479,8193,1594770,8204,8192
1594780,9659,8199,1594790,8241,8195
1594800,9689,8202,1594810,8160,8205
1594820,9620,8200,1594830,8314,8201
1594840,9665,8194,1594850,8265,8197
1594860,9579,8194,1594870,8208,8193
1594880,9712,8175,1594890,8245,8198
1594900,9687,8208,1594910,8151,8173
1594920,9660,8207,1594930,8291,8211
1594940,9610,8187,1594950,8337,8189
1594960,9490,8201,1594970,8255,8196
1594980,9656,8198,1594990,8247,8200
1595000,9744,8189,1595010,8166,8176
1595020,9615,8195,1595030,8299,8208
1595040,9604,8188,1595050,8272,8195
1595060,9589,8205,1595070,8221,8183
1595080,9712,8212,1595090,8248,8198
1595100,9676,8203,1595110,8158,8202
1595120,9629,8203,1595130,8326,8183
1595140,9636,8197,1595150,8311,8213
1595160,9629,8182,1595170,8202,8198
1595180,9716,8217,1595190,8225,8193
1595200,9756,8194,1595210,8208,8202
1595220,9679,8215,1595230,8296,8173
1595240,9643,8210,1595250,8322,8208
1595260,9597,8196,1595270,8249,8210
1595280,9727,8203,1595290,8232,8176
1595300,9684,8205,1595310,8184,8207
1595320,9703,8209,1595330,8306,8205
1595340,9680,8218,1595350,8285,8204
1595360,9646,8193,1595370,8232,8206
1595380,9819,8206,1595390,8234,8176
1595400,9767,8220,1595410,8204,8187
1595420,9675,8198,1595430,8329,8212
1595440,9709,8199,1595450,8294,8157
1595460,9662,8204,1595470,8216,8205
1595480,9789,8184,1595490,8228,8198
1595500,9785,8205,1595510,8208,8199
1595520,9692,8195,1595530,8294,8238
1595540,9718,8204,1595550,8278,8195
1595560,9691,8212,1595570,8289,8199
1595580,9758,8191,1595590,8234,8223
1595600,9790,8206,1595610,8204,8206
1595620,9687,8212,1595630,8326,8209
1595640,9693,8180,1595650,8319,8193
1595660,9672,8175,1595670,8240,8175
1595680,9765,8187,1595690,8256,8202
1595700,9781,8192,1595710,8187,8200
1595720,9765,8228,1595730,8318,8196
1595740,9718,8192,1595750,8298,8200
1595760,9705,8221,1595770,8256,8173
1595780,9788,8211,1595790,8252,8207
1595800,9766,8183,1595810,8195,8203
1595820,9776,8192,1595830,8305,8177
1595840,9741,8180,1595850,8298,8202
1595860,9713,8218,1595870,8262,8191
1595880,9845,8208,1595890,8243,8194
1595900,9825,8200,1595910,8206,8196
1595920,9760,8187,1595930,8280,8178
1595940,9759,8214,1595950,8299,8198
1595960,9704,8188,1595970,8259,8185
1595980,9823,8179,1595990,8198,8173
1596000,9780,8193,1596010,8196,8198
1596020,9809,8165,1596030,8328,8204
1596040,9730,8209,1596050,8287,8197
1596060,9700,8257,1596070,8243,8229
1596080,9817,8191,1596090,8236,8175
1596100,9782,8214,1596110,8198,8191
1596120,9749,8168,1596130,8310,8207
1596140,9759,8215,1596150,8321,8177
1596160,9736,8191,1596170,8268,8204
1596180,9821,8164,1596190,8222,8196
1596200,9809,8220,1596210,8230,8171
1596220,9735,8149,1596230,8338,8237
1596240,9718,8194,1596250,8319,8188
1596260,9713,8221,1596270,8266,8232
1596280,9789,8170,1596290,8242,8202
1596300,9817,8193,1596310,8208,8181
1596320,9693,8180,1596330,8313,8211
1596340,9724,8169,1596350,8318,8199
1596360,9649,8189,1596370,8212,8185
1596380,9751,8189,1596390,8215,8211
1596400,9722,8196,1596410,8232,8188
1596420,9721,8197,1596430,8301,8197
1596440,9640,8199,1596450,8286,8203
1596460,9640,8204,1596470,8265,8198
1596480,9737,8202,1596490,8276,8195
1596500,9750,8193,1596510,8247,8200
1596520,9632,8202,1596530,8303,8200
1596540,9606,8193,1596550,8308,8198
1596560,9653,8202,1596570,8229,8189
1596580,9742,8202,1596590,8239,8198
1596600,9719,8194,1596610,8272,8193
1596620,9683,8199,1596630,8299,8194
1596640,9615,8192,1596650,8304,8204
1596660,9614,8203,1596670,8244,8193
1596680,9688,8198,1596690,8229,8187
1596700,9662,8210,1596710,8231,8194
1596720,9627,8191,1596730,8334,8199
1596740,9639,8197,1596750,8303,8196
1596760,9675,8197,1596770,8257,8200
1596780,9710,8193,1596790,8208,8187
1596800,9664,8194,1596810,8263,8193
1596820,9631,8195,1596830,8335,8206
1596840,9636,8193,1596850,8310,8202
1596860,9609,8196,1596870,8233,8195
1596880,9669,8187,1596890,8245,8197
1596900,9714,8199,1596910,8268,8192
1596920,9553,8196,1596930,8321,8205
1596940,9535,8193,1596950,8341,8207
1596960,9605,8194,1596970,8272,8192
1596980,9629,8192,1596990,8150,8209
1597000,9676,8200,1597010,8223,8197
1597020,9543,8196,1597030,8320,8200
1597040,9403,8198,1597050,8397,8197
1597060,9542,8197,1597070,8214,8193
1597080,9583,8204,1597090,8106,8197
1597100,9690,8203,1597110,8275,8193
1597120,9564,8196,1597130,8324,8197
1597140,9362,8194,1597150,8385,8201
1597160,9516,8208,1597170,8277,8198
1597180,9581,8194,1597190,8110,8194
1597200,9674,8195,1597210,8170,8199
1597220,9553,8207,1597230,8278,8201
1597240,9331,8191,1597250,8378,8194
1597260,9418,8200,1597270,8266,8195
1597280,9515,8202,1597290,8066,8199
1597300,9615,8211,1597310,8151,8199
1597320,9526,8204,1597330,8286,8202
1597340,9263,8199,1597350,8399,8196
1597360,9400,8198,1597370,8258,8199
1597380,9463,8199,1597390,8044,8197
1597400,9571,8202,1597410,8153,8189
1597420,9453,8195,1597430,8271,8194
1597440,9214,8189,1597450,8359,8198
1597460,9357,8200,1597470,8244,8196
1597480,9436,8197,1597490,8037,8191
1597500,9582,8197,1597510,8149,8200
1597520,9433,8199,1597530,8250,8194
1597540,9195,8193,1597550,8402,8189
1597560,9373,8197,1597570,8226,8198
1597580,9443,8199,1597590,8072,8188
1597600,9537,8196,1597610,8150,8195
1597620,9435,8192,1597630,8234,8192
1597640,9157,8197,1597650,8364,8192
1597660,9279,8196,1597670,8211,8190
1597680,9414,8202,1597690,8039,8193
1597700,9501,8201,1597710,8190,8193
1597720,9391,8195,1597730,8227,8191
1597740,9116,8200,1597750,8390,8202
1597760,9296,8203,1597770,8238,8185
1597780,9419,8194,1597790,8048,8193
1597800,9534,8204,1597810,8119,8198
1597820,9379,8205,1597830,8228,8195
1597840,9168,8196,1597850,8358,8191
1597860,9233,8199,1597870,8234,8191
1597880,9386,8200,1597890,7928,8199
1597900,9516,8198,1597910,8056,8190
1597920,9322,8191,1597930,8206,8202
1597940,9130,8200,1597950,8352,8205
1597960,9261,8204,1597970,8194,8196
1597980,9374,8197,1597990,7974,8189
1598000,9470,8192,1598010,8094,8199
1598020,9374,8198,1598030,8186,8198
1598040,9099,8199,1598050,8350,8200
1598060,9236,8203,1598070,8200,8193
1598080,9341,8202,1598090,7911,8189
1598100,9445,8202,1598110,8068,8196
1598120,9391,8196,1598130,8151,8201
1598140,9123,8193,1598150,8328,8204
1598160,9250,8201,1598170,8190,8187
1598180,9383,8197,1598190,7912,8194
1598200,9485,8201,1598210,8043,8196
1598220,9293,8192,1598230,8169,8186
1598240,9083,8193,1598250,8303,8199
1598260,9214,8195,1598270,8168,8195
1598280,9296,8206,1598290,7896,8189
1598300,9490,8195,1598310,8024,8190
1598320,9321,8195,1598330,8165,8196
1598340,9032,8198,1598350,8258,8195
1598360,9217,8192,1598370,8193,8198
1598380,9369,8197,1598390,7877,8195
1598400,9404,8193,1598410,8048,8188
1598420,9320,8196,1598430,8188,8198
1598440,8996,8194,1598450,8277,8200
1598460,9125,8196,1598470,8203,8202
1598480,9271,8204,1598490,7937,8194
1598500,9294,8200,1598510,8199,8199
1598520,9230,8192,1598530,8278,8195
1598540,9100,8205,1598550,8236,8202
1598560,9212,8200,1598570,8218,8195
1598580,9288,8198,1598590,8055,8197
1598600,9307,8205,1598610,8246,8196
1598620,9298,8199,1598630,8278,8193
1598640,9172,8203,1598650,8235,8193
1598660,9351,8190,1598670,8226,8194
1598680,9395,8194,1598690,8149,8195
1598700,9403,8193,1598710,8257,8206
1598720,9924,8198,1598730,8271,8195
1598740,10236,8196,1598750,8299,8201
1598760,10168,8192,1598770,8373,8198
1598780,10125,8205,1598790,8313,8195
1598800,10016,8202,1598810,8489,8193
1598820,9932,8195,1598830,8502,8201
1598840,9841,8201,1598850,8480,8197
1598860,9974,8205,1598870,8451,8190
1598880,10025,8200,1598890,8331,8198
1598900,10004,8201,1598910,8483,8191
1598920,9991,8203,1598930,8513,8196
1598940,10062,8195,1598950,8458,8196
1598960,10191,8204,1598970,8434,8196
1598980,10262,8197,1598990,8329,8198
1599000,10227,8201,1599010,8429,8196
1599020,10238,8195,1599030,8451,8194
1599040,10176,8206,1599050,8433,8203
1599060,10442,8199,1599070,8431,8193
1599080,10607,8199,1599090,8395,8198
1599100,10663,8198,1599110,8510,8202
1599120,10712,8201,1599130,8459,8195
1599140,10682,8193,1599150,8371,8196
1599160,10361,8199,1599170,8310,8194
1599180,10728,8200,1599190,8206,8188
1599200,10734,8202,1599210,8353,8200
1599220,10742,8201,1599230,8298,8199
1599240,10683,8191,1599250,8285,8196
1599260,10742,8198,1599270,8250,8201
1599280,10686,8199,1599290,8043,8189
1599300,10580,8205,1599310,8234,8199
1599320,10555,8209,1599330,8340,8197
1599340,10344,8202,1599350,8266,8199
1599360,10418,8199,1599370,8285,8200
1599380,10360,8194,1599390,8170,8188
1599400,10278,8199,1599410,8306,8202
1599420,10188,8194,1599430,8315,8199
1599440,10101,8200,1599450,8263,8196
1599460,10194,8212,1599470,8269,8199
1599480,10182,8206,1599490,8209,8197
1599500,10080,8199,1599510,8294,8196
1599520,10000,8201,1599530,8337,8199
1599540,10010,8204,1599550,8273,8201
1599560,10100,8202,1599570,8237,8203
1599580,10082,8201,1599590,8165,8193
1599600,10078,8202,1599610,8311,8199
1599620,10067,8195,1599630,8310,8193
1599640,9954,8202,1599650,8239,8200
1599660,10091,8201,1599670,8261,8195
1599680,10161,8195,1599690,8190,8195
1599700,10106,8198,1599710,8280,8199
1599720,10149,8190,1599730,8296,8204
1599740,10084,8194,1599750,8215,8197
1599760,10245,8209,1599770,8204,8192
1599780,10166,8197,1599790,8124,8190
1599800,10035,8199,1599810,8262,8196
1599820,9987,8196,1599830,8240,8200
1599840,9991,8203,1599850,8238,8226
1599860,10093,8178,1599870,8202,8188
1599880,10029,8208,1599890,8163,8179
1599900,9960,8185,1599910,8225,8183
1599920,9803,8203,1599930,8341,8194
1599940,9697,8194,1599950,8391,8194
1599960,9926,8201,1599970,8416,8197
1599980,9633,8208,1599990,8082,8188
1600000,9326,8205,1600010,8181,8189
1600020,9101,8200,1600030,8331,8194
1600040,8615,8205,1600050,8350,8191
1600060,8834,8203,1600070,8285,8197
1600080,8997,8197,1600090,7796,8199
1600100,9045,8196,1600110,8078,8196
1600120,8972,8198,1600130,8241,8196
1600140,8564,8195,1600150,8274,8190
1600160,8732,8194,1600170,8253,8204
1600180,8924,8196,1600190,7773,8199
1600200,9073,8196,1600210,7992,8193
1600220,9086,8207,1600230,8201,8203
1600240,8636,8202,1600250,8294,8196
1600260,8904,8201,1600270,8220,8200
1600280,9175,8200,1600290,7768,8193
1600300,9407,8198,1600310,7951,8188
1600320,9398,8195,1600330,8161,8188
1600340,8922,8197,1600350,8270,8191
1600360,9138,8200,1600370,8198,8198
1600380,9523,8195,1600390,7679,8197
1600400,9644,8203,1600410,7829,8190
1600420,9623,8205,1600430,8037,8205
1600440,9161,8203,1600450,8108,8192
1600460,9357,8198,1600470,8017,8196
1600480,9623,8201,1600490,7526,8197
1600500,9548,8200,1600510,7763,8202
1600520,9537,8192,1600530,8102,8199
1600540,8931,8201,1600550,8116,8195
1600560,9188,8202,1600570,7949,8203
1600580,9541,8191,1600590,7532,8196
1600600,9492,8204,1600610,7735,8191
1600620,9421,8205,1600630,8108,8199
1600640,8858,8198,1600650,8084,8205
1600660,9062,8194,1600670,8001,8190
1600680,9363,8203,1600690,7426,8190
1600700,9458,8204,1600710,7776,8194
1600720,9227,8199,1600730,8246,8202
1600740,9126,8195,1600750,8132,8196
1600760,9369,8204,1600770,7940,8189
1600780,9864,8195,1600790,8153,8204
1600800,9875,8204,1600810,8320,8190
1600820,9783,8191,1600830,8296,8196
1600840,10139,8199,1600850,8460,8196
1600860,10290,8211,1600870,7887,8193
1600880,11051,8194,1600890,7154,6970
1600900,10701,8511,1600910,8407,8844
1600920,9779,6405,1600930,9485,10395
1600940,8865,7422,1600950,8700,8479
1600960,10816,9171,1600970,7597,5753
1600980,11829,10679,1600990,6612,6914
1601000,11068,8640,1601010,8456,9154
1601020,9914,5781,1601030,9429,10311
1601040,9131,7652,1601050,8695,8488
1601060,10906,9239,1601070,7489,5622
1601080,11875,10377,1601090,6644,7050
1601100,11106,8533,1601110,8451,9144
1601120,9906,5947,1601130,9392,10416
1601140,9259,7730,1601150,8661,8513
1601160,10971,9198,1601170,7320,5751
1601180,12064,8218,1601190,6476,8245
1601200,11191,8186,1601210,8485,8221
1601220,9758,8188,1601230,9602,8177
1601240,9155,8215,1601250,8662,8203
1601260,10994,8185,1601270,7251,8171
1601280,12059,8220,1601290,6634,8182
1601300,11167,8203,1601310,8514,8219
1601320,9679,8209,1601330,9685,8173
1601340,9320,8217,1601350,8658,8209
1601360,11059,8193,1601370,7110,8211
1601380,12269,8222,1601390,6607,8202
1601400,11139,8193,1601410,8556,8213
1601420,9561,8205,1601430,9687,8190
1601440,9170,8208,1601450,8633,8206
1601460,11058,8194,1601470,6997,8213
1601480,12175,8192,1601490,6707,8208
1601500,11117,8211,1601510,8569,8194
1601520,9369,8204,1601530,9826,8214
1601540,9170,8225,1601550,8634,8186
1601560,11047,8198,1601570,6851,8197
1601580,12323,8194,1601590,6590,8196
1601600,11000,8203,1601610,8411,8197
1601620,9897,8193,1601630,9106,8207
1601640,9754,8196,1601650,8557,8193
1601660,10918,8205,1601670,7580,8197
1601680,11476,8195,1601690,7395,8196
1601700,10939,8198,1601710,8405,8192
1601720,9988,8194,1601730,8984,8199
1601740,9887,8193,1601750,8479,8189
1601760,10834,8192,1601770,7545,8205
1601780,11436,8220,1601790,7547,8208
1601800,10896,8193,1601810,8391,8198
1601820,9976,8194,1601830,9012,8186
1601840,10010,8227,1601850,8455,8200
1601860,10852,8195,1601870,7445,8192
1601880,11465,8192,1601890,7440,8189
1601900,10966,8187,1601910,8411,8199
1601920,9851,8201,1601930,9036,8199
1601940,9908,8198,1601950,8533,8197
1601960,10853,8192,1601970,7440,8195
1601980,11438,8201,1601990,7521,8191
1602000,10917,8194,1602010,8444,8186
1602020,9719,8187,1602030,9151,8189
1602040,9765,8207,1602050,8554,8192
1602060,10796,8192,1602070,7244,8192
1602080,11590,8203,1602090,7245,8197
1602100,11001,8193,1602110,8355,8187
1602120,9476,8192,1602130,9164,8195
1602140,9536,8205,1602150,8500,8190
1602160,10875,8202,1602170,7232,8193
1602180,11500,8194,1602190,7513,8202
1602200,10894,8194,1602210,8444,8190
1602220,9632,8203,1602230,9075,8196
1602240,9873,8198,1602250,8472,8194
1602260,10834,8197,1602270,7158,8197
1602280,11427,8193,1602290,7379,8200
1602300,10967,8205,1602310,8488,8192
1602320,9503,8199,1602330,9101,8190
1602340,9760,8203,1602350,8515,8199
1602360,10874,8196,1602370,7066,8193
1602380,11717,8195,1602390,7312,8195
1602400,11118,8199,1602410,8473,8192
1602420,9251,8197,1602430,9392,8195
1602440,9632,8201,1602450,8575,8202
1602460,10957,8210,1602470,6951,8203
1602480,11600,8194,1602490,7389,8188
1602500,10957,8197,1602510,8514,8196
1602520,9316,8197,1602530,9123,8205
1602540,9745,8199,1602550,8546,8202
1602560,10930,8201,1602570,6848,8197
1602580,11520,8197,1602590,7378,8195
1602600,10978,8195,1602610,8538,8204
1602620,9139,8203,1602630,9353,8188
1602640,9577,8198,1602650,8667,8194
1602660,10904,8194,1602670,6454,8194
1602680,12006,8198,1602690,6587,8201
1602700,11263,8193,1602710,8388,8191
1602720,8393,8192,1602730,9655,8187
1602740,8677,8196,1602750,8880,8192
1602760,10754,8200,1602770,5554,8193
1602780,12128,8192,1602790,5428,8196
1602800,11715,8189,1602810,7087,8193
1602820,7225,8194,1602830,8930,8192
1602840,5760,8195,1602850,8437,8198
1602860,8654,8201,1602870,4514,8196
1602880,10825,8192,1602890,3460,8201
1602900,10516,8203,1602910,6315,8191
1602920,6517,8198,1602930,8552,8198
1602940,5434,8202,1602950,8259,8194
1602960,8393,8204,1602970,4209,8194
1602980,10642,8195,1602990,3318,8195
1603000,10244,8212,1603010,6303,8192
1603020,6018,8201,1603030,8523,8189
1603040,5403,8192,1603050,8236,8198
1603060,8310,8196,1603070,4896,8198
1603080,9975,8190,1603090,8096,8196
1603100,9779,8196,1603110,8213,8192
1603120,9664,8196,1603130,8235,8192
1603140,9666,8199,1603150,8257,8190
1603160,9548,8202,1603170,8171,8197
1603180,9446,8195,1603190,8286,8191
1603200,9443,8196,1603210,8277,8199
1603220,9247,8202,1603230,8246,8193
1603240,9304,8198,1603250,8252,8202
1603260,9247,8193,1603270,8232,8194
1603280,9177,8202,1603290,8302,8192
1603300,9131,8198,1603310,8332,8193
1603320,8996,8199,1603330,8288,8196
1603340,9069,8206,1603350,8272,8197
1603360,8983,8201,1603370,8217,8194
1603380,8965,8196,1603390,8295,8185
1603400,8932,8197,1603410,8305,8190
1603420,8876,8200,1603430,8292,8207
1603440,8962,8209,1603450,8268,8198
1603460,8988,8202,1603470,8206,8188
1603480,8920,8199,1603490,8293,8199
1603500,8936,8205,1603510,8307,8194
1603520,8888,8197,1603530,8264,8197
1603540,9003,8205,1603550,8252,8199
1603560,9004,8202,1603570,8211,8190
1603580,8971,8199,1603590,8316,8196
1603600,8958,8199,1603610,8314,8194
1603620,8896,8204,1603630,8259,8199
1603640,9011,8194,1603650,8264,8194
1603660,9037,8197,1603670,8225,8194
1603680,9056,8205,1603690,8313,8198
1603700,9034,8213,1603710,8317,8203
1603720,8993,8204,1603730,8285,8197
1603740,9089,8195,1603750,8284,8199
1603760,9134,8197,1603770,8228,8195
1603780,9127,8195,1603790,8310,8198
1603800,10089,8204,1603810,8296,8191
1603820,10021,8205,1603830,8268,8196
1603840,10094,8192,1603850,8260,8192
1603860,9985,8193,1603870,8253,8201
1603880,9762,8205,1603890,8306,8190
1603900,9665,8198,1603910,8334,8200
1603920,9578,8202,1603930,8309,8207
1603940,9643,8195,1603950,8295,8197
1603960,9692,8192,1603970,8259,8200
1603980,9661,8192,1603990,8316,8195
1604000,9605,8194,1604010,8328,8191
1604020,9515,8197,1604030,8295,8190
1604040,9532,8201,1604050,8290,8202
1604060,9487,8199,1604070,8286,8196
1604080,9426,8202,1604090,8329,8202
1604100,9338,8199,1604110,8338,8202
1604120,9215,8207,1604130,8322,8197
1604140,9195,8191,1604150,8318,8193
1604160,9153,8200,1604170,8325,8188
1604180,9109,8193,1604190,8359,8194
1604200,9011,8198,1604210,8375,8195
1604220,8934,8195,1604230,8359,8195
1604240,8940,8204,1604250,8366,8194
1604260,8911,8198,1604270,8385,8196
1604280,8824,8196,1604290,8425,8191
1604300,8809,8191,1604310,8438,8187
1604320,8807,8194,1604330,8442,8201
1604340,8823,8206,1604350,8428,8194
1604360,8816,8199,1604370,8422,8194
1604380,8781,8203,1604390,8471,8193
1604400,8763,8201,1604410,8493,8198
1604420,8758,8197,1604430,8444,8192
1604440,8785,8205,1604450,8437,8197
1604460,8806,8203,1604470,8458,8196
1604480,8767,8201,1604490,8484,8202
1604500,8730,8203,1604510,8498,8193
1604520,8741,8208,1604530,8437,8195
1604540,8762,8204,1604550,8435,8195
1604560,8768,8210,1604570,8431,8206
1604580,8722,8199,1604590,8468,8197
1604600,8695,8201,1604610,8499,8199
1604620,8710,8208,1604630,8468,8204
1604640,8772,8201,1604650,8444,8200
1604660,8779,8195,1604670,8471,8207
1604680,8730,8192,1604690,8477,8202
1604700,8676,8193,1604710,8518,8201
1604720,8724,8202,1604730,8444,8196
1604740,8746,8212,1604750,8411,8199
1604760,8758,8197,1604770,8454,8201
1604780,8707,8193,1604790,8483,8195
1604800,8681,8200,1604810,8487,8193
1604820,8706,8200,1604830,8444,8197
1604840,8748,8194,1604850,8409,8190
1604860,8752,8202,1604870,8462,8193
1604880,8723,8207,1604890,8464,8190
1604900,8690,8199,1604910,8500,8199
1604920,8710,8189,1604930,8463,8192
1604940,8744,8193,1604950,8378,8188
1604960,8744,8189,1604970,8439,8197
1604980,8723,8200,1604990,8456,8199
1605000,8687,8199,1605010,8455,8203
1605020,8703,8197,1605030,8435,8191
1605040,8744,8199,1605050,8397,8192
1605060,8767,8207,1605070,8445,8192
1605080,8715,8198,1605090,8451,8198
1605100,8687,8197,1605110,8460,8187
1605120,8712,8189,1605130,8439,8192
1605140,8748,8197,1605150,8402,8194
1605160,8752,8200,1605170,8436,8198
1605180,8737,8205,1605190,8459,8197
1605200,8699,8196,1605210,8471,8198
1605220,8734,8199,1605230,8462,8194
1605240,8753,8195,1605250,8405,8193
1605260,8758,8197,1605270,8443,8193
1605280,8761,8197,1605290,8469,8200
1605300,8685,8193,1605310,8478,8192
1605320,8758,8198,1605330,8456,8191
1605340,8766,8201,1605350,8419,8202
1605360,8782,8202,1605370,8441,8189
1605380,8764,8192,1605390,8460,8195
1605400,8733,8197,1605410,8502,8199
1605420,8806,8200,1605430,8479,8187
1605440,8842,8191,1605450,8436,8190
1605460,8871,8200,1605470,8499,8193
1605480,8842,8199,1605490,8504,8194
1605500,8834,8193,1605510,8543,8194
1605520,8872,8195,1605530,8497,8191
1605540,8925,8205,1605550,8437,8193
1605560,8941,8198,1605570,8493,8198
1605580,8922,8189,1605590,8491,8200
1605600,8901,8192,1605610,8477,8189
1605620,8965,8209,1605630,8414,8194
1605640,8971,8199,1605650,8354,8197
1605660,8999,8194,1605670,8400,8199
1605680,8974,8206,1605690,8452,8192
1605700,8926,8194,1605710,8448,8189
1605720,8981,8198,1605730,8423,8197
1605740,8988,8202,1605750,8386,8187
1605760,8998,8196,1605770,8425,8193
1605780,8991,8191,1605790,8453,8201
1605800,8927,8212,1605810,8423,8201
1605820,8976,8198,1605830,8424,8200
1605840,8976,8191,1605850,8382,8194
1605860,8953,8199,1605870,8445,8198
1605880,8942,8198,1605890,8455,8202
1605900,8891,8205,1605910,8465,8197
1605920,8931,8195,1605930,8436,8197
1605940,8939,8190,1605950,8389,8199
1605960,8951,8205,1605970,8455,8208
1605980,8899,8203,1605990,8444,8201
1606000,8859,8202,1606010,8443,8195
1606020,8902,8199,1606030,8415,8191
1606040,8917,8198,1606050,8366,8198
1606060,8908,8186,1606070,8424,8191
1606080,8894,8192,1606090,8403,8188
1606100,8852,8202,1606110,8443,8195
1606120,8903,8199,1606130,8406,8201
1606140,8936,8201,1606150,8352,8189
1606160,8924,8202,1606170,8414,8202
1606180,8901,8193,1606190,8435,8189
1606200,8858,8207,1606210,8389,8194
1606220,8907,8203,1606230,8405,8194
1606240,8912,8193,1606250,8347,8197
1606260,8934,8195,1606270,8409,8200
1606280,8940,8202,1606290,8420,8194
1606300,8869,8191,1606310,8382,8196
1606320,8933,8195,1606330,8379,8196
1606340,8955,8204,1606350,8349,8189
1606360,8927,8202,1606370,8388,8193
1606380,8918,8191,1606390,8399,8198
1606400,8884,8199,1606410,8395,8197
1606420,8938,8191,1606430,8381,8189
1606440,8921,8193,1606450,8343,8195
1606460,8903,8201,1606470,8392,8189
1606480,8901,8200,1606490,8370,8192
1606500,8834,8198,1606510,8391,8196
1606520,8893,8202,1606530,8379,8195
1606540,8880,8193,1606550,8366,8188
1606560,8867,8195,1606570,8408,8188
1606580,8851,8200,1606590,8404,8196
1606600,8818,8195,1606610,8397,8199
1606620,8865,8197,1606630,8394,8209
1606640,8862,8200,1606650,8345,8189
1606660,8852,8194,1606670,8405,8192
1606680,8850,8191,1606690,8424,8199
1606700,8817,8203,1606710,8400,8201
1606720,8863,8206,1606730,8402,8198
1606740,8886,8197,1606750,8353,8201
1606760,8855,8189,1606770,8433,8201
1606780,8874,8195,1606790,8430,8193
1606800,8823,8191,1606810,8428,8195
1606820,8877,8199,1606830,8422,8200
1606840,8893,8203,1606850,8376,8192
1606860,8885,8199,1606870,8429,8192
1606880,8854,8196,1606890,8427,8196
1606900,8828,8202,1606910,8440,8192
1606920,8882,8193,1606930,8416,8195
1606940,8881,8202,1606950,8377,8193
1606960,8876,8201,1606970,8430,8201
1606980,8864,8191,1606990,8441,8194
1607000,8826,8197,1607010,8419,8189
1607020,8865,8202,1607030,8426,8198
1607040,8848,8195,1607050,8373,8191
1607060,8863,8201,1607070,8433,8197
1607080,8863,8207,1607090,8448,8205
1607100,8846,8200,1607110,8431,8204
1607120,8871,8209,1607130,8429,8201
1607140,8884,8202,1607150,8403,8194
1607160,8865,8203,1607170,8436,8202
1607180,8876,8209,1607190,8439,8193
1607200,8835,8200,1607210,8428,8199
1607220,8891,8196,1607230,8411,8195
1607240,8890,8191,1607250,8399,8188
1607260,8860,8207,1607270,8437,8193
1607280,8884,8206,1607290,8445,8199
1607300,8828,8199,1607310,8442,8200
1607320,8893,8209,1607330,8414,8204
1607340,8877,8201,1607350,8390,8199
1607360,8857,8196,1607370,8443,8202
1607380,8860,8191,1607390,8446,8194
1607400,8821,8206,1607410,8425,8206
1607420,8868,8196,1607430,8431,8191
1607440,8903,8197,1607450,8391,8188
1607460,8882,8196,1607470,8453,8192
1607480,8858,8207,1607490,8455,8193
1607500,8856,8195,1607510,8455,8196
1607520,8887,8200,1607530,8441,8197
1607540,8891,8198,1607550,8408,8196
1607560,8863,8202,1607570,8453,8190
1607580,8846,8202,1607590,8455,8199
1607600,8830,8199,1607610,8451,8196
1607620,8892,8191,1607630,8432,8199
1607640,8884,8198,1607650,8402,8198
1607660,8862,8196,1607670,8459,8196
1607680,8858,8195,1607690,8482,8192
1607700,8830,8196,1607710,8445,8195
1607720,8876,8204,1607730,8435,8196
1607740,8856,8197,1607750,8392,8193
1607760,8845,8196,1607770,8491,8190
1607780,8827,8197,1607790,8480,8192
1607800,8810,8202,1607810,8469,8192
1607820,8855,8197,1607830,8460,8199
1607840,8874,8211,1607850,8445,8200
1607860,8826,8197,1607870,8473,8192
1607880,8810,8203,1607890,8470,8192
1607900,8792,8195,1607910,8456,8189
1607920,8855,8192,1607930,8444,8206
1607940,8851,8199,1607950,8419,8195
1607960,8822,8202,1607970,8486,8189
1607980,8824,8198,1607990,8490,8189
1608000,8803,8202,1608010,8475,8196
1608020,8840,8193,1608030,8437,8192
1608040,8831,8191,1608050,8454,8206
1608060,8813,8193,1608070,8476,8193
1608080,8808,8201,1608090,8485,8196
1608100,8797,8201,1608110,8469,8197
1608120,8830,8202,1608130,8435,8201
1608140,8829,8200,1608150,8439,8194
1608160,8797,8191,1608170,8491,8192
1608180,8792,8197,1608190,8479,8193
1608200,8791,8196,1608210,8444,8198
1608220,8809,8190,1608230,8448,8195
1608240,8817,8199,1608250,8427,8191
1608260,8786,8200,1608270,8493,8196
1608280,8799,8199,1608290,8508,8189
1608300,8764,8200,1608310,8464,8189
1608320,8803,8194,1608330,8439,8189
1608340,8825,8192,1608350,8440,8197
1608360,8780,8206,1608370,8467,8194
1608380,8763,8193,1608390,8481,8194
1608400,8774,8207,1608410,8447,8197
1608420,8801,8193,1608430,8453,8196
1608440,8813,8198,1608450,8443,8193
1608460,8782,8197,1608470,8465,8192
1608480,8750,8195,1608490,8484,8193
1608500,8775,8199,1608510,8446,8194
1608520,8815,8194,1608530,8410,8191
1608540,8835,8196,1608550,8428,8190
1608560,8780,8196,1608570,8474,8197
1608580,8763,8209,1608590,8487,8201
1608600,8789,8196,1608610,8453,8197
1608620,8816,8201,1608630,8406,8187
1608640,8836,8192,1608650,8428,8190
1608660,8792,8204,1608670,8465,8198
1608680,8742,8190,1608690,8481,8197
1608700,8793,8198,1608710,8454,8196
1608720,8818,8202,1608730,8402,8199
1608740,8838,8197,1608750,8431,8194
1608760,8810,8197,1608770,8470,8196
1608780,8779,8195,1608790,8489,8191
1608800,8777,8196,1608810,8447,8189
1608820,8814,8199,1608830,8413,8195
1608840,8835,8201,1608850,8424,8194
1608860,8810,8194,1608870,8462,8202
1608880,8750,8201,1608890,8467,8197
1608900,8800,8192,1608910,8415,8192
1608920,8816,8201,1608930,8382,8192
1608940,8829,8196,1608950,8417,8191
1608960,8792,8207,1608970,8446,8196
1608980,8757,8197,1608990,8461,8192
1609000,8788,8197,1609010,8429,8202
1609020,8813,8194,1609030,8364,8194
1609040,8798,8195,1609050,8401,8192
1609060,8775,8200,1609070,8408,8189
1609080,8735,8194,1609090,8425,8192
1609100,8797,8206,1609110,8388,8195
1609120,8816,8204,1609130,8356,8201
1609140,8829,8186,1609150,8387,8183
1609160,8770,8194,1609170,8407,8193
1609180,8720,8194,1609190,8417,8203
1609200,8784,8204,1609210,8381,8202
1609220,8796,8200,1609230,8347,8194
1609240,8808,8199,1609250,8397,8198
1609260,8781,8202,1609270,8425,8190
1609280,8740,8197,1609290,8445,8196
1609300,8785,8202,1609310,8414,8192
1609320,8815,8200,1609330,8382,8197
1609340,8839,8207,1609350,8425,8195
1609360,8791,8196,1609370,8459,8194
1609380,8739,8201,1609390,8469,8187
1609400,8790,8204,1609410,8448,8191
1609420,8817,8200,1609430,8424,8191
1609440,8827,8201,1609450,8461,8200
1609460,8810,8195,1609470,8493,8202
1609480,8765,8198,1609490,8554,8195
1609500,8809,8193,1609510,8520,8191
1609520,8818,8192,1609530,8471,8202
1609540,8837,8206,1609550,8494,8192
1609560,8766,8205,1609570,8490,8197
1609580,8701,8193,1609590,8487,8190
1609600,8742,8194,1609610,8472,8195
1609620,8764,8203,1609630,8422,8190
1609640,8786,8192,1609650,8485,8192
1609660,8754,8193,1609670,8490,8199
1609680,8707,8198,1609690,8498,8200
1609700,8761,8194,1609710,8455,8195
1609720,8771,8199,1609730,8425,8195
1609740,8793,8201,1609750,8462,8189
1609760,8769,8201,1609770,8505,8191
1609780,8711,8195,1609790,8497,8199
1609800,8760,8197,1609810,8480,8193
1609820,8812,8193,1609830,8439,8202
1609840,8803,8192,1609850,8477,8195
1609860,8803,8186,1609870,8486,8198
1609880,8763,8191,1609890,8496,8197
1609900,8822,8193,1609910,8483,8201
1609920,8854,8195,1609930,8452,8196
1609940,8880,8199,1609950,8531,8190
1609960,8880,8205,1609970,8555,8188
1609980,8861,8196,1609990,8592,8196
1610000,8937,8201,1610010,8545,8197
1610020,8951,8195,1610030,8495,8185
1610040,8972,8195,1610050,8531,8191
1610060,8953,8197,1610070,8535,8194
1610080,8912,8190,1610090,8518,8191
1610100,8919,8189,1610110,8504,8200
1610120,8909,8197,1610130,8444,8192
1610140,8858,8201,1610150,8493,8197
1610160,8827,8208,1610170,8496,8193
1610180,8755,8208,1610190,8495,8189
1610200,8786,8201,1610210,8469,8203
1610220,8787,8199,1610230,8422,8186
1610240,8792,8199,1610250,8477,8183
1610260,8801,8201,1610270,8488,8203
1610280,8766,8197,1610290,8464,8204
1610300,8847,8210,1610310,8457,8193
1610320,8863,8192,1610330,8435,8198
1610340,8871,8195,1610350,8478,8192
1610360,8910,8201,1610370,8486,8193
1610380,8874,8201,1610390,8464,8198
1610400,8951,8210,1610410,8489,8194
1610420,8937,8201,1610430,8475,8195
1610440,8935,8201,1610450,8526,8183
1610460,8979,8197,1610470,8523,8204
1610480,8972,8194,1610490,8540,8190
1610500,9029,8196,1610510,8552,8185
1610520,9060,8199,1610530,8536,8201
1610540,9057,8194,1610550,8584,8195
1610560,9059,8213,1610570,8593,8194
1610580,9028,8195,1610590,8578,8196
1610600,9089,8192,1610610,8546,8189
1610620,9095,8193,1610630,8497,8194
1610640,9118,8206,1610650,8535,8187
1610660,9136,8204,1610670,8526,8193
1610680,9129,8200,1610690,8501,8200
1610700,9195,8199,1610710,8494,8200
1610720,9229,8204,1610730,8438,8201
1610740,9242,8196,1610750,8490,8194
1610760,9234,8209,1610770,8499,8199
1610780,9197,8204,1610790,8458,8201
1610800,9258,8195,1610810,8457,8193
1610820,9303,8206,1610830,8414,8193
1610840,9313,8199,1610850,8454,8193
1610860,9366,8198,1610870,8447,8199
1610880,9362,8202,1610890,8399,8198
1610900,9484,8203,1610910,8345,8192
1610920,9553,8206,1610930,8290,8198
1610940,9633,8193,1610950,8327,8207
1610960,9853,8199,1610970,8306,8198
1610980,9969,8203,1610990,8261,8202
1611000,9986,8196,1611010,8266,8193
1611020,9929,8202,1611030,8227,8192
1611040,9858,8195,1611050,8312,8195
1611060,9794,8204,1611070,8313,8200
1611080,9752,8199,1611090,8260,8200
1611100,9828,8204,1611110,8274,8198
1611120,9828,8193,1611130,8200,8192
1611140,9723,8194,1611150,8305,8201
1611160,9615,8200,1611170,8305,8209
1611180,9575,8199,1611190,8276,8194
1611200,9626,8209,1611210,8274,8201
1611220,9642,8216,1611230,8212,8198
1611240,9574,8206,1611250,8299,8198
1611260,9570,8204,1611270,8295,8198
1611280,9588,8196,1611290,8239,8197
1611300,9534,8198,1611310,8182,8196
1611320,9431,8194,1611330,7605,8195
1611340,9460,8210,1611350,7297,8193
1611360,9340,8197,1611370,7625,8197
1611380,8644,8196,1611390,7938,8199
1611400,8712,8200,1611410,7920,8194
1611420,9122,8199,1611430,7399,8196
1611440,9447,8203,1611450,7514,8191
1611460,9494,8209,1611470,7836,8198
1611480,8877,8199,1611490,8045,8200
1611500,8833,8191,1611510,7991,8188
1611520,9116,8200,1611530,7257,8198
1611540,9393,8197,1611550,7372,8191
1611560,9368,8201,1611570,8047,8198
1611580,9458,8192,1611590,8257,8195
1611600,9415,8205,1611610,8275,8197
1611620,10033,8199,1611630,8244,8198
1611640,9485,8200,1611650,8350,8205
1611660,9254,8205,1611670,8397,8191
1611680,9134,8209,1611690,8420,8191
1611700,9113,8193,1611710,8428,8188
1611720,9107,8199,1611730,8417,8197
1611740,9053,8205,1611750,8478,8188
1611760,9044,8201,1611770,8463,8192
1611780,9020,8196,1611790,8442,8197
1611800,9054,8192,1611810,8415,8197
1611820,9027,8194,1611830,8391,8204
1611840,8995,8197,1611850,8409,8194
1611860,8943,8192,1611870,8403,8192
1611880,8892,8190,1611890,8386,8195
1611900,8926,8196,1611910,8405,8189
1611920,8905,8189,1611930,8392,8201
1611940,8872,8203,1611950,8449,8197
1611960,8821,8198,1611970,8454,8194
1611980,8779,8199,1611990,8418,8195
1612000,8811,8198,1612010,8428,8196
1612020,8820,8196,1612030,8416,8199
1612040,8776,8194,1612050,8449,8195
1612060,8724,8197,1612070,8446,8194
1612080,8749,8197,1612090,8433,8191
1612100,8756,8204,1612110,8415,8190
1612120,8756,8204,1612130,8380,8201
1612140,8727,8205,1612150,8443,8203
1612160,8711,8194,1612170,8440,8185
1612180,8709,8201,1612190,8456,8200
1612200,8742,8195,1612210,8449,8196
1612220,8761,8198,1612230,8416,8184
1612240,8732,8197,1612250,8437,8205
1612260,8743,8211,1612270,8440,8196
1612280,8728,8191,1612290,8411,8184
1612300,8756,8188,1612310,8401,8192
1612320,8757,8195,1612330,8417,8195
1612340,8731,8198,1612350,8427,8188
1612360,8731,8197,1612370,8446,8194
1612380,8712,8194,1612390,8388,8187
1612400,8735,8190,1612410,8394,8193
1612420,8767,8202,1612430,8413,8191
1612440,8719,8193,1612450,8433,8195
1612460,8720,8198,1612470,8460,8188
1612480,8709,8199,1612490,8420,8198
1612500,8722,8200,1612510,8405,8191
1612520,8740,8192,1612530,8402,8194
1612540,8693,8199,1612550,8425,8197
1612560,8653,8190,1612570,8416,8193
1612580,8625,8201,1612590,8365,8200
1612600,8650,8195,1612610,8311,8202
1612620,8680,8206,1612630,8341,8192
1612640,8640,8200,1612650,8371,8199
1612660,8612,8197,1612670,8368,8199
1612680,8663,8193,1612690,8353,8195
1612700,8670,8199,1612710,8324,8190
1612720,8674,8188,1612730,8334,8189
1612740,8648,8198,1612750,8346,8189
1612760,8604,8190,1612770,8360,8189
1612780,8634,8191,1612790,8321,8199
1612800,8662,8204,1612810,8291,8196
1612820,8695,8200,1612830,8329,8191
1612840,8672,8192,1612850,8357,8191
1612860,8630,8194,1612870,8394,8206
1612880,8658,8192,1612890,8346,8194
1612900,8708,8198,1612910,8313,8202
1612920,8722,8201,1612930,8345,8191
1612940,8715,8198,1612950,8383,8199
1612960,8664,8190,1612970,8389,8188
1612980,8665,8196,1612990,8349,8190
1613000,8693,8191,1613010,8247,8195
1613020,8675,8196,1613030,8277,8201
1613040,8623,8190,1613050,8276,8193
1613060,8601,8187,1613070,8288,8193
1613080,8657,8193,1613090,8307,8195
1613100,8727,8200,1613110,8276,8191
1613120,8749,8199,1613130,8352,8194
1613140,8729,8197,1613150,8375,8194
1613160,8692,8185,1613170,8423,8193
1613180,8776,8186,1613190,8430,8195
1613200,8860,8206,1613210,8357,8197
1613220,8935,8201,1613230,8396,8196
1613240,8874,8200,1613250,8460,8186
1613260,8800,8201,1613270,8505,8200
1613280,8872,8204,1613290,8425,8196
1613300,8930,8198,1613310,8334,8193
1613320,8963,8205,1613330,8421,8196
1613340,8958,8193,1613350,8464,8203
1613360,8848,8194,1613370,8519,8192
1613380,9001,8198,1613390,8423,8196
1613400,8996,8202,1613410,8341,8195
1613420,9080,8195,1613430,8441,8195
1613440,9021,8195,1613450,8469,8206
1613460,8903,8190,1613470,8532,8199
1613480,9081,8196,1613490,8401,8195
1613500,9128,8201,1613510,8307,8189
1613520,9212,8198,1613530,8475,8194
1613540,9160,8190,1613550,8475,8197
1613560,9047,8199,1613570,8569,8198
1613580,9210,8195,1613590,8431,8199
1613600,9315,8198,1613610,8294,8198
1613620,9395,8202,1613630,8357,8202
1613640,9322,8202,1613650,8384,8206
1613660,9208,8203,1613670,8415,8198
1613680,9414,8195,1613690,8328,8192
1613700,9497,8197,1613710,8125,8197
1613720,9556,8202,1613730,8299,8191
1613740,9540,8208,1613750,8324,8208
1613760,9506,8199,1613770,8324,8202
1613780,9598,8207,1613790,8234,8194
1613800,9651,8204,1613810,8093,8196
1613820,9748,8198,1613830,8274,8197
1613840,9625,8197,1613850,8329,8198
1613860,9489,8198,1613870,8292,8197
1613880,9561,8188,1613890,8218,8197
1613900,9614,8205,1613910,8131,8196
1613920,9632,8192,1613930,8233,8190
1613940,9523,8193,1613950,8293,8193
1613960,9363,8205,1613970,8317,8204
1613980,9501,8201,1613990,8230,8193
1614000,9600,8197,1614010,8129,8194
1614020,9544,8196,1614030,8210,8195
1614040,9469,8199,1614050,8354,8194
1614060,9286,8198,1614070,8297,8196
1614080,9437,8201,1614090,8222,8201
1614100,9509,8205,1614110,8091,8193
1614120,9432,8202,1614130,8237,8198
1614140,9300,8188,1614150,8298,8194
1614160,9080,8198,1614170,8300,8194
1614180,9284,8203,1614190,8251,8193
1614200,9293,8202,1614210,8094,8204
1614220,9173,8202,1614230,8256,8198
1614240,9117,8202,1614250,8303,8193
1614260,8983,8195,1614270,8283,8200
1614280,9075,8194,1614290,8211,8191
1614300,9163,8200,1614310,8081,8194
1614320,9012,8198,1614330,6286,8191
1614340,8267,8202,1614350,5918,8204
1614360,6512,8203,1614370,7582,8191
1614380,5888,8202,1614390,7609,8194
1614400,7421,8203,1614410,5672,8194
1614420,9021,8195,1614430,4757,8191
1614440,8946,8198,1614450,6255,8195
1614460,6898,8201,1614470,7946,8197
1614480,5983,8198,1614490,7853,8195
1614500,7719,8197,1614510,5436,8197
1614520,9493,8204,1614530,4517,8195
1614540,9285,8193,1614550,6211,8198
1614560,6701,8192,1614570,8097,8193
1614580,5706,8203,1614590,7930,8194
1614600,7661,8197,1614610,5114,8189
1614620,9547,8201,1614630,4179,8186
1614640,9397,8196,1614650,6223,8203
1614660,6426,8190,1614670,8194,8196
1614680,5598,8207,1614690,7982,8196
1614700,7528,8203,1614710,4671,8197
1614720,9744,8199,1614730,3606,8197
1614740,9482,8198,1614750,6060,8195
1614760,5839,8187,1614770,8392,8193
1614780,4863,8203,1614790,8114,8187
1614800,7571,8198,1614810,4200,8193
1614820,9960,8202,1614830,3394,8194
1614840,9669,8195,1614850,6091,8196
1614860,5537,8194,1614870,8542,8198
1614880,4732,8195,1614890,8204,8196
1614900,7693,8211,1614910,3846,8193
1614920,10090,8203,1614930,3000,8190
1614940,9814,8188,1614950,6047,8196
1614960,4968,8195,1614970,8742,8198
1614980,4381,8194,1614990,8359,8200
1615000,7697,8205,1615010,3287,8198
1615020,10290,8203,1615030,2845,8193
1615040,9799,8202,1615050,6214,8202
1615060,4881,8193,1615070,8735,8200
1615080,4548,8202,1615090,8296,8187
1615100,7664,8199,1615110,3384,8191
1615120,10145,8203,1615130,3101,8192
1615140,9616,8203,1615150,6302,8194
1615160,4449,8193,1615170,8783,8199
1615180,4269,8201,1615190,8343,8194
1615200,7701,8204,1615210,2985,8189
1615220,10219,8203,1615230,3028,8193
1615240,9658,8204,1615250,6410,8198
1615260,4283,8198,1615270,8862,8196
1615280,4335,8189,1615290,8369,8197
1615300,7760,8196,1615310,2717,8201
1615320,10192,8197,1615330,2935,8197
1615340,9670,8200,1615350,6516,8198
1615360,3928,8198,1615370,8908,8191
1615380,4258,8203,1615390,8365,8196
1615400,7786,8198,1615410,2327,8186
1615420,10249,8191,1615430,2881,8196
1615440,9708,8197,1615450,6586,8202
1615460,3486,8199,1615470,9001,8187
1615480,4111,8195,1615490,8430,8198
1615500,7910,8204,1615510,2011,8193
1615520,10320,8194,1615530,2885,8193
1615540,9726,8212,1615550,6708,8193
1615560,3158,8196,1615570,9113,8201
1615580,4119,8201,1615590,8474,8192
1615600,7988,8207,1615610,332,8200
1615620,10838,8198,1615630,2185,8192
1615640,9919,8200,1615650,6979,8209
1615660,3101,8200,1615670,9145,8191
1615680,4318,8193,1615690,8459,8203
1615700,8223,8198,1615710,1541,8198
1615720,10477,8202,1615730,2944,8197
1615740,9714,8203,1615750,6993,8190
1615760,2510,8198,1615770,9259,8194
1615780,4174,8202,1615790,8454,8190
1615800,8267,8195,1615810,-15,8194
1615820,10969,8196,1615830,2299,8197
1615840,9971,8203,1615850,7352,8193
1615860,697,8204,1615870,9834,8199
1615880,3514,8206,1615890,8753,8199
1615900,8752,8198,1615910,-10,8195
1615920,11259,8201,1615930,2166,8199
1615940,10004,8200,1615950,7692,8188
1615960,-19,8205,1615970,10191,8193
1615980,3397,8199,1615990,8822,8195
1616000,9018,8201,1616010,-16,8191
1616020,11488,8207,1616030,2185,8201
1616040,10039,8201,1616050,7958,8197
1616060,-10,8214,1616070,10288,8189
1616080,3511,8200,1616090,8856,8194
1616100,9183,8196,1616110,-18,8196
1616120,11473,8202,1616130,2403,8212
1616140,10030,8203,1616150,8077,8194
1616160,-12,8199,1616170,10334,8191
1616180,3643,8204,1616190,8770,8196
1616200,9366,8207,1616210,-20,8208
1616220,11557,8204,1616230,2570,8198
1616240,9958,8204,1616250,7926,8193
1616260,2003,8202,1616270,9325,8192
1616280,5111,8191,1616290,8255,8191
1616300,8806,8202,1616310,1121,8188
1616320,10366,8204,1616330,3778,8199
1616340,9351,8197,1616350,7621,8204
1616360,2271,8203,1616370,9086,8203
1616380,5036,8205,1616390,8106,8191
1616400,8940,8212,1616410,918,8197
1616420,10410,8208,1616430,3803,8197
1616440,9415,8199,1616450,7739,8194
1616460,2145,8207,1616470,9155,8199
1616480,5102,8203,1616490,8002,8194
1616500,9173,8197,1616510,787,8193
1616520,10510,8192,1616530,3879,8198
1616540,9128,8196,1616550,7942,8196
1616560,2042,8198,1616570,9225,8195
1616580,4922,8207,1616590,7787,8190
1616600,9317,8197,1616610,-13,8195
1616620,10829,8200,1616630,3585,8192
1616640,9010,8202,1616650,8282,8202
1616660,-19,8202,1616670,9627,8194
1616680,4913,8205,1616690,7547,8190
1616700,9617,8199,1616710,-10,8199
1616720,10953,8205,1616730,3695,8206
1616740,8764,8206,1616750,8443,8196
1616760,-9,8201,1616770,9655,8204
1616780,5059,8207,1616790,7322,8200
1616800,10036,8193,1616810,-20,8188
1616820,11005,8202,1616830,3843,8199
1616840,8390,8200,1616850,8552,8195
1616860,-15,8205,1616870,9674,8199
1616880,5619,8208,1616890,7028,8196
1616900,9996,8195,1616910,420,8197
1616920,10534,8201,1616930,4241,8200
1616940,8038,8202,1616950,8920,8199
1616960,1623,8199,1616970,9321,8192
1616980,5501,8208,1616990,6664,8199
1617000,9736,8195,1617010,245,8198
1617020,10561,8198,1617030,4295,8193
1617040,7768,8204,1617050,8542,8185
1617060,1439,8204,1617070,9339,8192
1617080,5569,8195,1617090,6367,8191
1617100,9936,8206,1617110,157,8202
1617120,10629,8197,1617130,4361,8195
1617140,7451,8198,1617150,8831,8200
1617160,361,8195,1617170,9388,8193
1617180,5674,8202,1617190,6005,8188
1617200,10320,8193,1617210,-20,8192
1617220,10661,8196,1617230,4428,8189
1617240,7156,8196,1617250,9204,8192
1617260,-22,8191,1617270,9423,8193
1617280,5415,8198,1617290,5547,8190
1617300,10770,8205,1617310,-20,8200
1617320,10996,8198,1617330,4396,8190
1617340,6720,8199,1617350,10368,8205
1617360,-21,8208,1617370,9776,8201
1617380,5706,8207,1617390,5224,8199
1617400,11669,8206,1617410,-18,8191
1617420,11047,8212,1617430,4537,8194
1617440,6411,8201,1617450,10450,8199
1617460,-13,8201,1617470,9719,8200
1617480,5991,8201,1617490,5068,8188
1617500,11494,8200,1617510,-14,8192
1617520,10834,8205,1617530,4721,8197
1617540,5859,8208,1617550,10619,8188
1617560,-15,8203,1617570,9715,8195
1617580,5970,8195,1617590,4495,8191
1617600,11976,8202,1617610,-27,8196
1617620,10873,8197,1617630,4874,8198
1617640,5638,8195,1617650,10665,8192
1617660,-10,8214,1617670,9578,8197
1617680,6216,8197,1617690,4273,8194
1617700,11760,8204,1617710,-12,8191
1617720,10766,8202,1617730,5019,8192
1617740,5259,8197,1617750,10475,8197
1617760,-14,8199,1617770,9538,8188
1617780,6349,8198,1617790,3839,8198
1617800,11939,8197,1617810,-20,8193
1617820,10748,8193,1617830,5149,8197
1617840,4890,8202,1617850,10778,8198
1617860,-12,8204,1617870,9545,8198
1617880,6409,8195,1617890,3485,8190
1617900,12004,8196,1617910,-13,8191
1617920,10762,8201,1617930,5285,8193
1617940,4508,8198,1617950,10656,8201
1617960,-2,8204,1617970,9583,8200
1617980,6543,8201,1617990,3072,8195
1618000,12030,8208,1618010,-19,8196
1618020,10779,8205,1618030,5415,8194
1618040,4141,8196,1618050,10738,8198
1618060,-21,8202,1618070,9612,8196
1618080,6672,8209,1618090,2710,8194
1618100,11990,8200,1618110,-9,8194
1618120,10785,8198,1618130,5537,8201
1618140,3767,8200,1618150,10870,8198
1618160,-21,8202,1618170,9629,8197
1618180,6801,8196,1618190,2330,8201
1618200,12056,8205,1618210,-6,8199
1618220,10818,8195,1618230,5656,8192
1618240,3430,8197,1618250,10914,8199
1618260,-13,8201,1618270,9616,8199
1618280,6871,8202,1618290,1982,8198
1618300,12117,8207,1618310,-18,8195
1618320,10817,8202,1618330,5737,8201
1618340,2996,8194,1618350,10904,8199
1618360,-16,8201,1618370,9615,8192
1618380,7001,8207,1618390,1608,8192
1618400,11958,8200,1618410,-16,8190
1618420,10760,8201,1618430,5901,8209
1618440,2641,8207,1618450,10832,8194
1618460,-22,8204,1618470,9612,8192
1618480,7162,8197,1618490,1276,8197
1618500,11975,8197,1618510,-18,8197
1618520,10776,8193,1618530,6033,8194
1618540,2314,8202,1618550,10862,8197
1618560,-22,8194,1618570,9585,8191
1618580,7219,8201,1618590,926,8193
1618600,12029,8206,1618610,-12,8199
1618620,10735,8199,1618630,6181,8196
1618640,1998,8193,1618650,10859,8199
1618660,-10,8202,1618670,9582,8195
1618680,7346,8200,1618690,629,8187
1618700,12010,8198,1618710,-11,8189
1618720,10704,8198,1618730,6313,8199
1618740,1647,8197,1618750,10887,8194
1618760,-13,8194,1618770,9594,8198
1618780,7533,8197,1618790,329,8204
1618800,12057,8204,1618810,-24,8196
1618820,10712,8202,1618830,6442,8205
1618840,1295,8201,1618850,10928,8200
1618860,-15,8208,1618870,9568,8194
1618880,7659,8200,1618890,45,8190
1618900,12065,8191,1618910,-16,8191
1618920,10723,8203,1618930,6656,8203
1618940,966,8195,1618950,10935,8198
1618960,-11,8188,1618970,9576,8196
1618980,7804,8199,1618990,-3,8196
1619000,12105,8205,1619010,-20,8186
1619020,10688,8198,1619030,6789,8196
1619040,342,8194,1619050,10983,8188
1619060,-21,8201,1619070,9555,8200
1619080,8050,8204,1619090,-11,8199
1619100,12130,8201,1619110,-12,8207
1619120,10674,8196,1619130,6967,8197
1619140,-10,8198,1619150,11009,8198
1619160,22,8194,1619170,9540,8199
1619180,8178,8200,1619190,-14,8204
1619200,12156,8196,1619210,70,8195
1619220,10689,8195,1619230,7166,8197
1619240,-25,8195,1619250,11061,8195
1619260,804,8209,1619270,9532,8195
1619280,8439,8199,1619290,-13,8205
1619300,12251,8204,1619310,518,8201
1619320,10697,8198,1619330,7341,8194
1619340,-10,8204,1619350,11094,8191
1619360,1833,8201,1619370,9478,8197
1619380,8671,8197,1619390,-13,8192
1619400,12272,8194,1619410,703,8199
1619420,10662,8205,1619430,7566,8201
1619440,-2,8193,1619450,11117,8193
1619460,1959,8206,1619470,9415,8193
1619480,8864,8195,1619490,-21,8200
1619500,12247,8204,1619510,883,8199
1619520,10622,8205,1619530,7790,8202
1619540,-19,8206,1619550,11121,8199
1619560,2121,8202,1619570,9391,8187
1619580,9000,8206,1619590,-13,8198
1619600,12405,8202,1619610,1012,8202
1619620,10598,8191,1619630,7959,8192
1619640,-18,8190,1619650,11159,8194
1619660,2311,8195,1619670,9378,8201
1619680,9269,8207,1619690,-9,8200
1619700,12387,8203,1619710,1211,8197
1619720,10492,8196,1619730,8178,8194
1619740,-20,8201,1619750,11145,8197
1619760,2535,8207,1619770,9268,8193
1619780,9426,8207,1619790,-21,8205
1619800,12388,8195,1619810,1394,8196
1619820,10491,8197,1619830,8342,8202
1619840,-21,8193,1619850,11182,8199
1619860,2708,8200,1619870,9184,8195
1619880,9628,8192,1619890,-19,8197
1619900,12423,8198,1619910,1610,8196
1619920,10393,8201,1619930,8535,8185
1619940,-12,8203,1619950,11217,8201
1619960,2870,8205,1619970,9171,8202
1619980,9822,8202,1619990,-16,8198
1620000,12370,8191,1620010,1804,8197
1620020,10216,8199,1620030,8737,8202
1620040,-19,8203,1620050,11220,8200
1620060,3056,8203,1620070,9058,8201
1620080,9949,8199,1620090,-4,8197
1620100,12346,8199,1620110,1977,8200
1620120,10164,8201,1620130,8925,8191
1620140,-13,8192,1620150,11208,8205
1620160,3241,8203,1620170,8938,8190
1620180,10118,8203,1620190,-24,8190
1620200,12333,8199,1620210,2239,8197
1620220,10071,8210,1620230,9140,8202
1620240,-14,8199,1620250,11187,8200
1620260,3404,8203,1620270,8849,8192
1620280,10357,8204,1620290,-20,8191
1620300,12381,8200,1620310,2403,8192
1620320,9979,8201,1620330,9325,8200
1620340,-7,8205,1620350,11281,8203
1620360,3603,8198,1620370,8666,8199
1620380,10521,8197,1620390,-22,8200
1620400,12734,8200,1620410,2361,8207
1620420,9651,8199,1620430,9904,8199
1620440,-16,8199,1620450,11731,8200
1620460,3617,8197,1620470,8308,8188
1620480,11128,8191,1620490,-14,8193
1620500,12814,8197,1620510,2616,8192
1620520,9145,8205,1620530,9980,8200
1620540,-19,8203,1620550,11433,8208
1620560,3982,8200,1620570,7656,8199
1620580,11030,8200,1620590,-9,8191
1620600,12529,8199,1620610,2966,8200
1620620,8540,8211,1620630,10062,8195
1620640,-24,8194,1620650,11432,8193
1620660,4148,8203,1620670,7147,8206
1620680,11241,8201,1620690,-11,8195
1620700,12609,8193,1620710,3155,8196
1620720,8003,8196,1620730,10250,8190
1620740,-15,8207,1620750,11501,8199
1620760,4319,8203,1620770,6623,8201
1620780,11478,8196,1620790,-20,8204
1620800,12537,8196,1620810,3373,8202
1620820,7470,8195,1620830,10525,8191
1620840,-22,8197,1620850,11541,8197
1620860,4507,8199,1620870,6037,8198
1620880,12691,8194,1620890,-22,8198
1620900,12502,8200,1620910,3597,8202
1620920,6869,8200,1620930,11973,8193
1620940,-22,8205,1620950,11375,8193
1620960,4724,8210,1620970,5575,8192
1620980,11928,8191,1620990,-11,8188
1621000,12403,8201,1621010,3811,8192
1621020,6483,8204,1621030,10925,8209
1621040,-13,8199,1621050,11258,8197
1621060,4976,8204,1621070,5062,8196
1621080,12069,8205,1621090,-16,8203
1621100,12224,8202,1621110,4024,8197
1621120,5866,8194,1621130,11536,8200
1621140,-16,8197,1621150,11234,8196
1621160,5145,8200,1621170,4493,8199
1621180,12445,8199,1621190,-27,8196
1621200,12217,8205,1621210,4194,8194
1621220,5383,8197,1621230,11503,8202
1621240,-15,8202,1621250,11185,8194
1621260,5300,8207,1621270,4029,8194
1621280,12714,8198,1621290,-12,8193
1621300,12237,8197,1621310,4411,8194
1621320,4801,8192,1621330,11967,8192
1621340,-19,8200,1621350,11173,8190
1621360,5549,8197,1621370,3450,8195
1621380,12846,8195,1621390,-25,8190
1621400,12134,8194,1621410,4639,8187
1621420,4174,8202,1621430,13016,8192
1621440,-14,8200,1621450,11121,8196
1621460,5745,8202,1621470,2925,8191
1621480,12891,8194,1621490,-21,8192
1621500,12039,8202,1621510,4822,8193
1621520,3616,8199,1621530,13096,8188
1621540,-24,8213,1621550,11120,8193
1621560,5832,8198,1621570,0,8194
1621580,12894,8203,1621590,-17,8194
1621600,12324,8197,1621610,5764,8196
1621620,7468,8202,1621630,9196,8197
1621640,3731,8206,1621650,8497,8204
1621660,7001,8200,1621670,8164,8192
1621680,9161,8196,1621690,8242,8191
1621700,9119,8200,1621710,8278,8200
1621720,9074,8207,1621730,8289,8198
1621740,9185,8196,1621750,8261,8198
1621760,9225,8204,1621770,8209,8195
1621780,9188,8207,1621790,8268,8206
1621800,9174,8201,1621810,8288,8200
1621820,9049,8202,1621830,8274,8201
1621840,9215,8199,1621850,8269,8203
1621860,9230,8198,1621870,8174,8194
1621880,9245,8198,1621890,8284,8199
1621900,9181,8205,1621910,8289,8196
1621920,9091,8194,1621930,8255,8207
1621940,9172,8199,1621950,8267,8201
1621960,9190,8200,1621970,8161,8200
1621980,9219,8198,1621990,8269,8199
1622000,9120,8202,1622010,8282,8197
1622020,9084,8199,1622030,8273,8204
1622040,9162,8205,1622050,8278,8199
1622060,9205,8205,1622070,8206,8195
1622080,9145,8191,1622090,8264,8198
1622100,9095,8195,1622110,8305,8192
1622120,8958,8200,1622130,8274,8200
1622140,9055,8201,1622150,8234,8195
1622160,9031,8199,1622170,8151,8192
1622180,8994,8207,1622190,8263,8205
1622200,8945,8195,1622210,8290,8189
1622220,8828,8198,1622230,8250,8198
1622240,8902,8199,1622250,8253,8198
1622260,8919,8204,1622270,8184,8185
1622280,8879,8195,1622290,8263,8196
1622300,8884,8209,1622310,8287,8199
1622320,8768,8204,1622330,8252,8200
1622340,8883,8199,1622350,8237,8195
1622360,8772,8206,1622370,8062,8198
1622380,8719,8199,1622390,4677,8202
1622400,6018,8196,1622410,4147,8196
1622420,1764,8194,1622430,8526,8205
1622440,-22,8186,1622450,8350,8195
1622460,6610,8195,1622470,-13,8200
1622480,10876,8203,1622490,-21,8204
1622500,9774,8199,1622510,7046,8198
1622520,1912,8192,1622530,9981,8201
1622540,422,8197,1622550,8889,8193
1622560,7420,8212,1622570,2060,8198
1622580,9940,8203,1622590,3655,8198
1622600,8907,8203,1622610,6185,8205
1622620,508,8195,1622630,9125,8200
1622640,-14,8214,1622650,8275,8200
1622660,8819,8202,1622670,8187,8195
1622680,8827,8203,1622690,8289,8197
1622700,8792,8213,1622710,8292,8191
1622720,8757,8203,1622730,8300,8197
1622740,8910,8201,1622750,8254,8198
1622760,8976,8199,1622770,8178,8194
1622780,8951,8204,1622790,8274,8192
1622800,8944,8206,1622810,8292,8200
1622820,8885,8191,1622830,8271,8194
1622840,8996,8198,1622850,8251,8192
1622860,9016,8200,1622870,8213,8199
1622880,8973,8195,1622890,8317,8198
1622900,8958,8194,1622910,8306,8196
1622920,8932,8197,1622930,8266,8194
1622940,9022,8205,1622950,8277,8200
1622960,9864,8196,1622970,8249,8197
1622980,9539,8194,1622990,8327,8200
1623000,9491,8204,1623010,8306,8192
1623020,9181,8202,1623030,8335,8192
1623040,9006,8193,1623050,8402,8196
1623060,8951,8203,1623070,8439,8197
1623080,8908,8195,1623090,8513,8191
1623100,8876,8205,1623110,8526,8198
1623120,8837,8195,1623130,8526,8197
1623140,8869,8201,1623150,8522,8194
1623160,8875,8198,1623170,8494,8188
1623180,8855,8203,1623190,8562,8193
1623200,8861,8211,1623210,8583,8197
1623220,8824,8201,1623230,8553,8191
1623240,8864,8196,1623250,8560,8197
1623260,8876,8191,1623270,8533,8197
1623280,8853,8201,1623290,8595,8195
1623300,8847,8201,1623310,8589,8191
1623320,8834,8198,1623330,8577,8194
1623340,8875,8194,1623350,8577,8197
1623360,8886,8196,1623370,8541,8194
1623380,8844,8190,1623390,8589,8193
1623400,8842,8210,1623410,8590,8195
1623420,8816,8195,1623430,8566,8193
1623440,8848,8199,1623450,8546,8195
1623460,8857,8200,1623470,8545,8196
1623480,8836,8194,1623490,8562,8195
1623500,8816,8203,1623510,8583,8200
1623520,8778,8201,1623530,8535,8192
1623540,8836,8202,1623550,8535,8206
1623560,8833,8199,1623570,8536,8192
1623580,8815,8208,1623590,8571,8192
1623600,8819,8196,1623610,8565,8190
1623620,8782,8201,1623630,8556,8198
1623640,8820,8196,1623650,8538,8199
1623660,8824,8205,1623670,8508,8200
1623680,8815,8209,1623690,8564,8198
1623700,8781,8203,1623710,8566,8203
1623720,8780,8195,1623730,8540,8198
1623740,8811,8198,1623750,8545,8194
1623760,8813,8204,1623770,8526,8203
1623780,8785,8197,1623790,8544,8197
1623800,8780,8202,1623810,8551,8201
1623820,8782,8199,1623830,8552,8204
1623840,8813,8197,1623850,8532,8200
1623860,8803,8192,1623870,8514,8188
1623880,8790,8197,1623890,8537,8197
1623900,8800,8197,1623910,8557,8199
1623920,8779,8192,1623930,8518,8193
1623940,8813,8192,1623950,8531,8199
1623960,8798,8195,1623970,8520,8196
1623980,8801,8194,1623990,8558,8194
1624000,8775,8207,1624010,8574,8206
1624020,8814,8207,1624030,8556,8202
1624040,8828,8201,1624050,8550,8203
1624060,8809,8209,1624070,8533,8207
1624080,8799,8205,1624090,8562,8197
1624100,8759,8195,1624110,8551,8209
1624120,8759,8197,1624130,8514,8196
1624140,8756,8200,1624150,8509,8199
1624160,8773,8208,1624170,8497,8201
1624180,8724,8202,1624190,8504,8194
1624200,8714,8197,1624210,8536,8195
1624220,8716,8190,1624230,8514,8195
1624240,8749,8194,1624250,8506,8201
1624260,8768,8202,1624270,8538,8193
1624280,8746,8203,1624290,8538,8190
1624300,8733,8197,1624310,8532,8192
1624320,8750,8202,1624330,8518,8201
1624340,8763,8190,1624350,8486,8194
1624360,8774,8200,1624370,8500,8190
1624380,8742,8201,1624390,8541,8195
1624400,8724,8200,1624410,8543,8204
1624420,8725,8202,1624430,8523,8195
1624440,8767,8196,1624450,8489,8192
1624460,8776,8195,1624470,8525,8194
1624480,8750,8197,1624490,8536,8201
1624500,8726,8199,1624510,8567,8198
1624520,8763,8200,1624530,8542,8204
1624540,8781,8196,1624550,8536,8200
1624560,8820,8200,1624570,8550,8199
1624580,8780,8197,1624590,8583,8198
1624600,8739,8203,1624610,8591,8200
1624620,8782,8204,1624630,8555,8201
1624640,8802,8200,1624650,8532,8200
1624660,8797,8211,1624670,8565,8204
1624680,8800,8203,1624690,8574,8195
1624700,8733,8204,1624710,8605,8199
1624720,8791,8202,1624730,8549,8203
1624740,8822,8196,1624750,8525,8194
1624760,8817,8200,1624770,8580,8196
1624780,8815,8196,1624790,8592,8203
1624800,8762,8201,1624810,8596,8196
1624820,8764,8195,1624830,8489,8202
1624840,8734,8197,1624850,8428,8198
1624860,8741,8203,1624870,8472,8199
1624880,8706,8188,1624890,8473,8194
1624900,8656,8204,1624910,8478,8196
1624920,8700,8197,1624930,8450,8191
1624940,8730,8194,1624950,8409,8195
1624960,8705,8192,1624970,8419,8200
1624980,8698,8190,1624990,8453,8196
1625000,8662,8197,1625010,8474,8188
1625020,8703,8201,1625030,8427,8188
1625040,8721,8191,1625050,8366,8194
1625060,8735,8202,1625070,8415,8187
1625080,8714,8205,1625090,8444,8195
1625100,8686,8202,1625110,8449,8194
1625120,8719,8196,1625130,8412,8192
1625140,8742,8197,1625150,8371,8185
1625160,8759,8197,1625170,8424,8190
1625180,8726,8194,1625190,8440,8203
1625200,8694,8192,1625210,8459,8196
1625220,8727,8195,1625230,8435,8190
1625240,8758,8189,1625250,8380,8192
1625260,8772,8197,1625270,8405,8194
1625280,8733,8207,1625290,8441,8192
1625300,8696,8193,1625310,8455,8199
1625320,8744,8199,1625330,8418,8196
1625340,8750,8193,1625350,8393,8198
1625360,8756,8206,1625370,8409,8193
1625380,8736,8200,1625390,8433,8199
1625400,8659,8194,1625410,8440,8193
1625420,8697,8190,1625430,8426,8196
1625440,8710,8195,1625450,8379,8195
1625460,8730,8193,1625470,8428,8197
1625480,8687,8197,1625490,8453,8197
1625500,8641,8200,1625510,8470,8199
1625520,8675,8199,1625530,8452,8196
1625540,8720,8210,1625550,8409,8198
1625560,8752,8206,1625570,8457,8192
1625580,8689,8199,1625590,8475,8196
1625600,8622,8198,1625610,8476,8194
1625620,8679,8211,1625630,8474,8196
1625640,8705,8204,1625650,8440,8197
1625660,8731,8193,1625670,8499,8192
1625680,8732,8207,1625690,8574,8198
1625700,8812,8191,1625710,8659,8197
1625720,8904,8203,1625730,8742,8196
1625740,9004,8200,1625750,8710,8193
1625760,8998,8192,1625770,8771,8200
1625780,8990,8204,1625790,8786,8193
1625800,8962,8199,1625810,8789,8194
1625820,9017,8202,1625830,8787,8197
1625840,8999,8195,1625850,8755,8202
1625860,9001,8198,1625870,8797,8194
1625880,9017,8204,1625890,8831,8206
1625900,8975,8195,1625910,8816,8197
1625920,9041,8203,1625930,8822,8204
1625940,9065,8209,1625950,8811,8206
1625960,9069,8194,1625970,8850,8192
1625980,9068,8191,1625990,8856,8193
1626000,9019,8195,1626010,8840,8202
1626020,9081,8193,1626030,8853,8203
1626040,9091,8198,1626050,8811,8195
1626060,9075,8200,1626070,8863,8199
1626080,9084,8194,1626090,8875,8195
1626100,9050,8204,1626110,8863,8200
1626120,9101,8195,1626130,8865,8202
1626140,9102,8197,1626150,8826,8190
1626160,9085,8196,1626170,8888,8200
1626180,9080,8199,1626190,8885,8198
1626200,9041,8199,1626210,8863,8197
1626220,9080,8204,1626230,8860,8197
1626240,9098,8200,1626250,8811,8192
1626260,9108,8203,1626270,8884,8192
1626280,9080,8196,1626290,8889,8196
1626300,9062,8201,1626310,8866,8194
1626320,9114,8205,1626330,8875,8204
1626340,9123,8202,1626350,8840,8207
1626360,9104,8196,1626370,8892,8192
1626380,9089,8194,1626390,8903,8196
1626400,9051,8197,1626410,8888,8199
1626420,9142,8197,1626430,8899,8190
1626440,9124,8190,1626450,8860,8199
1626460,9129,8197,1626470,8933,8192
1626480,9122,8200,1626490,8914,8199
1626500,9106,8196,1626510,8892,8192
1626520,9148,8197,1626530,8912,8197
1626540,9126,8210,1626550,8876,8193
1626560,9137,8195,1626570,8922,8199
1626580,9127,8203,1626590,8921,8202
1626600,9106,8201,1626610,8902,8197
1626620,9153,8196,1626630,8902,8194
1626640,9151,8210,1626650,8889,8200
1626660,9124,8203,1626670,8926,8207
1626680,9123,8197,1626690,8944,8194
1626700,9099,8203,1626710,8923,8206
1626720,9156,8206,1626730,8915,8203
1626740,9140,8198,1626750,8886,8202
1626760,9136,8195,1626770,8935,8195
1626780,9143,8203,1626790,8931,8199
1626800,9096,8201,1626810,8913,8195
1626820,9144,8197,1626830,8905,8194
1626840,9153,8200,1626850,8875,8194
1626860,9147,8198,1626870,8941,8199
1626880,9127,8193,1626890,8924,8189
1626900,9101,8202,1626910,8903,8193
1626920,9155,8200,1626930,8914,8187
1626940,9144,8203,1626950,8877,8198
1626960,9133,8200,1626970,8938,8198
1626980,9133,8198,1626990,8937,8198
1627000,9112,8195,1627010,8901,8206
1627020,9159,8197,1627030,8908,8190
1627040,9143,8203,1627050,8892,8204
1627060,9154,8203,1627070,8947,8203
1627080,9140,8201,1627090,8942,8198
1627100,9108,8203,1627110,8910,8195
1627120,9168,8199,1627130,8923,8195
1627140,9145,8195,1627150,8887,8200
1627160,9146,8199,1627170,8933,8199
1627180,9121,8203,1627190,8938,8202
1627200,9115,8208,1627210,8913,8194
1627220,9166,8198,1627230,8910,8199
1627240,9153,8201,1627250,8898,8195
1627260,9154,8197,1627270,8939,8199
1627280,9148,8201,1627290,8942,8199
1627300,9101,8204,1627310,8901,8195
1627320,9167,8198,1627330,8904,8193
1627340,9147,8198,1627350,8887,8201
1627360,9148,8201,1627370,8939,8199
1627380,9132,8198,1627390,8946,8196
1627400,9122,8197,1627410,8921,8194
1627420,9172,8196,1627430,8915,8194
1627440,9159,8195,1627450,8899,8196
1627460,9116,8204,1627470,8933,8200
1627480,9135,8209,1627490,8936,8190
1627500,9135,8196,1627510,8914,8198
1627520,9163,8197,1627530,8896,8185
1627540,9144,8198,1627550,8895,8190
1627560,9130,8192,1627570,8937,8196
1627580,9138,8195,1627590,8939,8200
1627600,9139,8191,1627610,8922,8199
1627620,9161,8200,1627630,8936,8187
1627640,9157,8189,1627650,8900,8195
1627660,9133,8196,1627670,8935,8193
1627680,9116,8197,1627690,8937,8197
1627700,9142,8195,1627710,8907,8189
1627720,9164,8197,1627730,8898,8194
1627740,9156,8201,1627750,8912,8195
1627760,9137,8200,1627770,8934,8199
1627780,9123,8202,1627790,8942,8193
1627800,9116,8206,1627810,8916,8202
1627820,9163,8196,1627830,8915,8190
1627840,9163,8203,1627850,8914,8196
1627860,9153,8202,1627870,8950,8202
1627880,9122,8192,1627890,8942,8203
1627900,9103,8189,1627910,8930,8199
1627920,9151,8192,1627930,8924,8198
1627940,9156,8190,1627950,8924,8192
1627960,9148,8200,1627970,8928,8196
1627980,9129,8196,1627990,8934,8196
1628000,9135,8196,1628010,8914,8198
1628020,9161,8197,1628030,8903,8197
1628040,9160,8199,1628050,8918,8195
1628060,9145,8191,1628070,8935,8206
1628080,9152,8210,1628090,8946,8200
1628100,9144,8202,1628110,8922,8198
1628120,9161,8198,1628130,8898,8191
1628140,9174,8205,1628150,8924,8193
1628160,9135,8188,1628170,8936,8203
1628180,9114,8203,1628190,8940,8196
1628200,9139,8200,1628210,8920,8199
1628220,9156,8201,1628230,8864,8198
1628240,9176,8199,1628250,8916,8192
1628260,9145,8190,1628270,8934,8198
1628280,9104,8198,1628290,8944,8199
1628300,9136,8195,1628310,8932,8196
1628320,9168,8201,1628330,8895,8196
1628340,9171,8203,1628350,8921,8191
1628360,9125,8189,1628370,8927,8198
1628380,9107,8202,1628390,8943,8195
1628400,9131,8199,1628410,8916,8204
1628420,9158,8197,1628430,8865,8196
1628440,9174,8198,1628450,8924,8196
1628460,9153,8198,1628470,8930,8194
1628480,9095,8197,1628490,8951,8194
1628500,9154,8203,1628510,8929,8198
1628520,9164,8201,1628530,8880,8194
1628540,9179,8193,1628550,8914,8193
1628560,9151,8197,1628570,8924,8204
1628580,9091,8197,1628590,8928,8193
1628600,9129,8194,1628610,8925,8197
1628620,9158,8202,1628630,8884,8196
1628640,9165,8199,1628650,8924,8198
1628660,9147,8194,1628670,8926,8198
1628680,9113,8202,1628690,8948,8189
1628700,9135,8201,1628710,8926,8196
1628720,9161,8200,1628730,8871,8197
1628740,9165,8205,1628750,8941,8195
1628760,9137,8200,1628770,8946,8200
1628780,9092,8200,1628790,8955,8201
1628800,9149,8202,1628810,8923,8205
1628820,9146,8198,1628830,8879,8198
1628840,9165,8206,1628850,8911,8197
1628860,9146,8196,1628870,8943,8194
1628880,9102,8201,1628890,8952,8199
1628900,9153,8191,1628910,8929,8192
1628920,9158,8207,1628930,8885,8197
1628940,9170,8200,1628950,8922,8191
1628960,9147,8201,1628970,8943,8197
1628980,9093,8195,1628990,8951,8199
1629000,9149,8200,1629010,8921,8191
1629020,9156,8196,1629030,8890,8195
1629040,9176,8202,1629050,8931,8210
1629060,9157,8195,1629070,8946,8204
1629080,9092,8191,1629090,8943,8193
1629100,9134,8202,1629110,8925,8198
1629120,9160,8199,1629130,8883,8204
1629140,9162,8193,1629150,8907,8191
1629160,9137,8205,1629170,8928,8198
1629180,9092,8199,1629190,8947,8191
1629200,9141,8199,1629210,8918,8189
1629220,9158,8195,1629230,8894,8201
1629240,9159,8192,1629250,8915,8194
1629260,9157,8195,1629270,8948,8201
1629280,9100,8197,1629290,8945,8195
1629300,9144,8199,1629310,8926,8200
1629320,9158,8199,1629330,8872,8195
1629340,9163,8205,1629350,8936,8202
1629360,9143,8199,1629370,8945,8201
1629380,9111,8203,1629390,8944,8198
1629400,9150,8199,1629410,8929,8198
1629420,9139,8195,1629430,8871,8192
1629440,9167,8197,1629450,8934,8195
1629460,9139,8200,1629470,8937,8199
1629480,9114,8201,1629490,8943,8194
1629500,9152,8201,1629510,8920,8202
1629520,9164,8201,1629530,8882,8192
1629540,9145,8198,1629550,8930,8194
1629560,9140,8197,1629570,8913,8194
1629580,9096,8203,1629590,8918,8191
1629600,9154,8197,1629610,8924,8195
1629620,9152,8185,1629630,8886,8206
1629640,9154,8203,1629650,8934,8202
1629660,9137,8211,1629670,8946,8194
1629680,9101,8201,1629690,8902,8203
1629700,9169,8200,1629710,8925,8194
1629720,9163,8195,1629730,8889,8197
1629740,9148,8194,1629750,8934,8190
1629760,9141,8198,1629770,8930,8195
1629780,9107,8192,1629790,8920,8203
1629800,9168,8194,1629810,8918,8202
1629820,9154,8197,1629830,8878,8196
1629840,9130,8201,1629850,8933,8200
1629860,9147,8208,1629870,8935,8196
1629880,9119,8209,1629890,8947,8203
1629900,9158,8203,1629910,8921,8193
1629920,9160,8201,1629930,8893,8205
1629940,9147,8201,1629950,8939,8204
1629960,9137,8197,1629970,8941,8187
1629980,9104,8199,1629990,8921,8196
1630000,9163,8212,1630010,8930,8200
1630020,9160,8198,1630030,8882,8202
1630040,9142,8199,1630050,8927,8200
1630060,9136,8209,1630070,8925,8191
1630080,9113,8196,1630090,8923,8199
1630100,9154,8199,1630110,8934,8200
1630120,9158,8194,1630130,8895,8196
1630140,9142,8199,1630150,8937,8194
1630160,9137,8201,1630170,8938,8204
1630180,9123,8194,1630190,8924,8204
1630200,9157,8201,1630210,8910,8204
1630220,9166,8193,1630230,8879,8192
1630240,9143,8198,1630250,8915,8188
1630260,9129,8193,1630270,8921,8198
1630280,9101,8193,1630290,8897,8188
1630300,9162,8188,1630310,8920,8200
1630320,9144,8198,1630330,8900,8193
1630340,9146,8211,1630350,8944,8200
1630360,9140,8195,1630370,8949,8194
1630380,9109,8209,1630390,8933,8195
1630400,9165,8197,1630410,8924,8199
1630420,9165,8200,1630430,8897,8197
1630440,9157,8201,1630450,8938,8196
1630460,9125,8190,1630470,8934,8201
1630480,9112,8203,1630490,8931,8190
1630500,9164,8194,1630510,8907,8192
1630520,9153,8201,1630530,8895,8197
1630540,9137,8199,1630550,8946,8195
1630560,9131,8196,1630570,8926,8193
1630580,9116,8201,1630590,8927,8196
1630600,9163,8198,1630610,8920,8197
1630620,9163,8194,1630630,8892,8200
1630640,9135,8189,1630650,8937,8200
1630660,9144,8196,1630670,8937,8198
1630680,9101,8200,1630690,8914,8191
1630700,9146,8193,1630710,8920,8196
1630720,9143,8196,1630730,8895,8185
1630740,9159,8191,1630750,8942,8197
1630760,9137,8201,1630770,8919,8193
1630780,9106,8199,1630790,8923,8195
1630800,9167,8198,1630810,8908,8190
1630820,9159,8206,1630830,8875,8191
1630840,9151,8195,1630850,8940,8196
1630860,9133,8194,1630870,8935,8191
1630880,9117,8203,1630890,8910,8196
1630900,9153,8201,1630910,8919,8198
1630920,9151,8197,1630930,8900,8198
1630940,9145,8203,1630950,8939,8198
1630960,9125,8196,1630970,8934,8196
1630980,9100,8196,1630990,8921,8189
1631000,9153,8204,1631010,8912,8198
1631020,9149,8193,1631030,8894,8191
1631040,9161,8201,1631050,8938,8195
1631060,9141,8203,1631070,8944,8209
1631080,9124,8207,1631090,8922,8194
1631100,9169,8201,1631110,8912,8200
1631120,9150,8196,1631130,8892,8199
1631140,9141,8193,1631150,8941,8194
1631160,9139,8199,1631170,8945,8194
1631180,9118,8196,1631190,8918,8208
1631200,9155,8198,1631210,8910,8202
1631220,9160,8198,1631230,8918,8196
1631240,9164,8197,1631250,8930,8196
1631260,9151,8193,1631270,8934,8196
1631280,9126,8204,1631290,8912,8194
1631300,9160,8199,1631310,8895,8197
1631320,9175,8198,1631330,8927,8207
1631340,9150,8202,1631350,8951,8199
1631360,9147,8201,1631370,8936,8196
1631380,9138,8199,1631390,8927,8198
1631400,9160,8204,1631410,8914,8193
1631420,9166,8200,1631430,8888,8196
1631440,9163,8206,1631450,8941,8192
1631460,9133,8201,1631470,8961,8194
1631480,9129,8196,1631490,8907,8189
1631500,9164,8198,1631510,8917,8202
1631520,9185,8199,1631530,8908,8191
1631540,9137,8210,1631550,8929,8203
1631560,9127,8197,1631570,8958,8197
1631580,9138,8213,1631590,8937,8199
1631600,9167,8203,1631610,8920,8198
1631620,9174,8206,1631630,8927,8203
1631640,9153,8208,1631650,8950,8190
1631660,9124,8193,1631670,8951,8203
1631680,9132,8194,1631690,8929,8200
1631700,9172,8204,1631710,8913,8196
1631720,9172,8189,1631730,8923,8201
1631740,9126,8197,1631750,8940,8199
1631760,9121,8201,1631770,8938,8197
1631780,9140,8197,1631790,8923,8199
1631800,9163,8209,1631810,8871,8190
1631820,9172,8204,1631830,8919,8196
1631840,9130,8202,1631850,8940,8208
1631860,9112,8197,1631870,8959,8198
1631880,9150,8204,1631890,8923,8192
1631900,9162,8196,1631910,8907,8207
1631920,9177,8197,1631930,8923,8197
1631940,9149,8198,1631950,8935,8197
1631960,9108,8200,1631970,8935,8187
1631980,9130,8201,1631990,8916,8190
1632000,9154,8191,1632010,8882,8200
1632020,9191,8195,1632030,8916,8194
1632040,9138,8194,1632050,8942,8198
1632060,9094,8202,1632070,8947,8205
1632080,9130,8199,1632090,8929,8199
1632100,9156,8205,1632110,8877,8188
1632120,9167,8203,1632130,8911,8196
1632140,9123,8194,1632150,8936,8198
1632160,9086,8200,1632170,8946,8197
1632180,9151,8195,1632190,8922,8200
1632200,9161,8195,1632210,8882,8201
1632220,9180,8196,1632230,8910,8199
1632240,9146,8196,1632250,8932,8199
1632260,9111,8202,1632270,8946,8194
1632280,9151,8195,1632290,8918,8196
1632300,9158,8197,1632310,8885,8199
1632320,9162,8202,1632330,8928,8194
1632340,9137,8199,1632350,8933,8194
1632360,9095,8197,1632370,8931,8204
1632380,9151,8202,1632390,8926,8195
1632400,9162,8196,1632410,8881,8203
1632420,9177,8200,1632430,8934,8197
1632440,9137,8187,1632450,8938,8197
1632460,9103,8200,1632470,8936,8198
1632480,9137,8201,1632490,8918,8201
1632500,9166,8194,1632510,8886,8205
1632520,9162,8198,1632530,8932,8198
1632540,9141,8196,1632550,8940,8196
1632560,9107,8203,1632570,8951,8184
1632580,9138,8207,1632590,8931,8194
1632600,9153,8204,1632610,8881,8193
1632620,9167,8201,1632630,8909,8196
1632640,9148,8190,1632650,8924,8192
1632660,9102,8195,1632670,8939,8195
1632680,9124,8198,1632690,8932,8191
1632700,9149,8197,1632710,8887,8198
1632720,9177,8192,1632730,8913,8193
1632740,9145,8196,1632750,8941,8196
1632760,9091,8199,1632770,8944,8189
1632780,9142,8200,1632790,8932,8199
1632800,9168,8206,1632810,8880,8200
1632820,9162,8213,1632830,8933,8192
1632840,9150,8202,1632850,8932,8204
1632860,9085,8196,1632870,8952,8192
1632880,9159,8199,1632890,8931,8197
1632900,9159,8193,1632910,8860,8201
1632920,9159,8201,1632930,8925,8201
1632940,9150,8199,1632950,8924,8204
1632960,9092,8195,1632970,8956,8206
1632980,9144,8201,1632990,8922,8188
1633000,9157,8198,1633010,8887,8198
1633020,9151,8201,1633030,8938,8198
1633040,9151,8200,1633050,8914,8193
1633060,9115,8202,1633070,8928,8203
1633080,9152,8197,1633090,8914,8196
1633100,9155,8201,1633110,8871,8192
1633120,9165,8197,1633130,8935,8201
1633140,9135,8201,1633150,8936,8192
1633160,9108,8201,1633170,8939,8209
1633180,9155,8199,1633190,8926,8204
1633200,9160,8195,1633210,8887,8200
1633220,9153,8190,1633230,8929,8201
1633240,9135,8190,1633250,8929,8198
1633260,9115,8193,1633270,8922,8191
1633280,9136,8206,1633290,8931,8197
1633300,9153,8208,1633310,8878,8202
1633320,9135,8189,1633330,8937,8195
1633340,9133,8202,1633350,8935,8200
1633360,9099,8194,1633370,8913,8192
1633380,9145,8194,1633390,8932,8196
1633400,9156,8195,1633410,8896,8197
1633420,9154,8204,1633430,8933,8202
1633440,9135,8203,1633450,8952,8197
1633460,9115,8210,1633470,8932,8201
1633480,9154,8201,1633490,8909,8192
1633500,9175,8204,1633510,8869,8188
1633520,9142,8202,1633530,8932,8192
1633540,9139,8197,1633550,8935,8192
1633560,9112,8199,1633570,8918,8192
1633580,9155,8201,1633590,8916,8204
1633600,9152,8206,1633610,8894,8199
1633620,9132,8202,1633630,8933,8204
1633640,9147,8199,1633650,8930,8198
1633660,9106,8200,1633670,8921,8206
1633680,9158,8200,1633690,8918,8197
1633700,9148,8197,1633710,8882,8194
1633720,9158,8205,1633730,8945,8200
1633740,9147,8193,1633750,8941,8196
1633760,9111,8199,1633770,8923,8194
1633780,9157,8205,1633790,8918,8195
1633800,9172,8201,1633810,8890,8193
1633820,9145,8209,1633830,8949,8194
1633840,9143,8200,1633850,8938,8192
1633860,9117,8206,1633870,8909,8195
1633880,9158,8198,1633890,8918,8199
1633900,9156,8195,1633910,8883,8194
1633920,9144,8192,1633930,8937,8200
1633940,9142,8210,1633950,8932,8196
1633960,9125,8203,1633970,8926,8204
1633980,9154,8201,1633990,8923,8205
1634000,9162,8200,1634010,8882,8197
1634020,9143,8196,1634030,8945,8202
1634040,9135,8201,1634050,8938,8207
1634060,9109,8196,1634070,8935,8198
1634080,9179,8204,1634090,8925,8209
1634100,9160,8209,1634110,8886,8197
1634120,9143,8200,1634130,8950,8210
1634140,9143,8197,1634150,8935,8193
1634160,9110,8207,1634170,8924,8200
1634180,9169,8199,1634190,8915,8192
1634200,9159,8199,1634210,8897,8201
1634220,9128,8197,1634230,8933,8198
1634240,9141,8200,1634250,8940,8200
1634260,9121,8194,1634270,8931,8199
1634280,9169,8207,1634290,8922,8200
1634300,9169,8195,1634310,8897,8198
1634320,9149,8196,1634330,8942,8204
1634340,9143,8204,1634350,8923,8199
1634360,9121,8209,1634370,8919,8199
1634380,9156,8204,1634390,8905,8197
1634400,9169,8202,1634410,8891,8198
1634420,9144,8196,1634430,8948,8202
1634440,9132,8196,1634450,8945,8198
1634460,9127,8202,1634470,8924,8196
1634480,9165,8203,1634490,8906,8203
1634500,9162,8191,1634510,8889,8193
1634520,9123,8195,1634530,8944,8197
1634540,9135,8209,1634550,8947,8201
1634560,9113,8204,1634570,8903,8212
1634580,9170,8209,1634590,8925,8203
1634600,9161,8213,1634610,8886,8200
1634620,9124,8211,1634630,8930,8193
1634640,9138,8210,1634650,8943,8197
1634660,9119,8204,1634670,8904,8193
1634680,9170,8194,1634690,8897,8202
1634700,9158,8200,1634710,8891,8195
1634720,9160,8205,1634730,8949,8217
1634740,9140,8193,1634750,8923,8203
1634760,9127,8206,1634770,8923,8207
1634780,9161,8197,1634790,8937,8195
1634800,9151,8208,1634810,8914,8194
1634820,9146,8196,1634830,8941,8193
1634840,9122,8201,1634850,8935,8201
1634860,9140,8198,1634870,8932,8197
1634880,9176,8208,1634890,8921,8202
1634900,9180,8201,1634910,8898,8193
1634920,9149,8203,1634930,8938,8199
1634940,9140,8205,1634950,8959,8201
1634960,9115,8204,1634970,8932,8199
1634980,9169,8204,1634990,8921,8207
1635000,9181,8200,1635010,8918,8193
1635020,9137,8197,1635030,8957,8208
1635040,9129,8205,1635050,8959,8197
1635060,9151,8203,1635070,8920,8206
1635080,9163,8198,1635090,8915,8203
1635100,9170,8193,1635110,8933,8195
1635120,9147,8205,1635130,8941,8193
1635140,9113,8200,1635150,8943,8200
1635160,9127,8204,1635170,8929,8203
1635180,9172,8214,1635190,8893,8197
1635200,9176,8200,1635210,8898,8191
1635220,9153,8199,1635230,8942,8195
1635240,9113,8199,1635250,8955,8193
1635260,9132,8198,1635270,8923,8193
1635280,9158,8199,1635290,8888,8203
1635300,9174,8192,1635310,8921,8197
1635320,9141,8195,1635330,8928,8194
1635340,9095,8200,1635350,8951,8191
1635360,9138,8201,1635370,8916,8197
1635380,9162,8192,1635390,8879,8198
1635400,9158,8194,1635410,8911,8191
1635420,9144,8204,1635430,8938,8197
1635440,9104,8205,1635450,8949,8193
1635460,9139,8203,1635470,8927,8203
1635480,9161,8204,1635490,8866,8204
1635500,9171,8201,1635510,8920,8195
1635520,9152,8196,1635530,8930,8192
1635540,9105,8197,1635550,8956,8209
1635560,9147,8201,1635570,8942,8199
1635580,9170,8198,1635590,8876,8209
1635600,9194,8203,1635610,8934,8208
1635620,9151,8205,1635630,8946,8202
1635640,9110,8200,1635650,8950,8204
1635660,9150,8207,1635670,8953,8200
1635680,9160,8197,1635690,8886,8204
1635700,9172,8205,1635710,8936,8208
1635720,9146,8207,1635730,8945,8205
1635740,9116,8197,1635750,8942,8202
1635760,9154,8203,1635770,8924,8199
1635780,9153,8204,1635790,8868,8199
1635800,9167,8206,1635810,8900,8196
1635820,9130,8194,1635830,8941,8191
1635840,9087,8210,1635850,8943,8208
1635860,9160,8199,1635870,8920,8190
1635880,9151,8205,1635890,8893,8197
1635900,9172,8196,1635910,8914,8201
1635920,9142,8200,1635930,8927,8198
1635940,9104,8201,1635950,8944,8192
1635960,9127,8197,1635970,8931,8200
1635980,9154,8199,1635990,8871,8203
1636000,9164,8201,1636010,8934,8200
1636020,9155,8193,1636030,8938,8194
1636040,9097,8200,1636050,8967,8189
1636060,9156,8207,1636070,8920,8186
1636080,9160,8199,1636090,8889,8196
1636100,9165,8196,1636110,8930,8192
1636120,9154,8205,1636130,8943,8203
1636140,9111,8208,1636150,8966,8201
1636160,9126,8203,1636170,8921,8198
1636180,9171,8205,1636190,8875,8195
1636200,9186,8205,1636210,8920,8197
1636220,9135,8206,1636230,8923,8196
1636240,9107,8200,1636250,8930,8195
1636260,9132,8205,1636270,8932,8202
1636280,9155,8195,1636290,8870,8204
1636300,9161,8209,1636310,8944,8210
1636320,9154,8202,1636330,8932,8191
1636340,9108,8201,1636350,8942,8204
1636360,9161,8201,1636370,8933,8205
1636380,9157,8200,1636390,8871,8196
1636400,9162,8201,1636410,8924,8190
1636420,9147,8208,1636430,8929,8199
1636440,9114,8197,1636450,8926,8199
1636460,9144,8214,1636470,8932,8191
1636480,9177,8198,1636490,8900,8195
1636500,9136,8198,1636510,8926,8199
1636520,9134,8201,1636530,8914,8196
1636540,9097,8198,1636550,8919,8202
1636560,9160,8204,1636570,8914,8196
1636580,9151,8196,1636590,8888,8200
1636600,9132,8203,1636610,8946,8197
1636620,9136,8197,1636630,8932,8202
1636640,9098,8200,1636650,8936,8189
1636660,9147,8197,1636670,8915,8197
1636680,9138,8190,1636690,8898,8197
1636700,9127,8197,1636710,8924,8189
1636720,9141,8201,1636730,8924,8194
1636740,9090,8201,1636750,8921,8192
1636760,9168,8191,1636770,8920,8192
1636780,9154,8194,1636790,8881,8198
1636800,9125,8206,1636810,8936,8196
1636820,9146,8200,1636830,8940,8207
1636840,9115,8200,1636850,8913,8200
1636860,9150,8199,1636870,8913,8198
1636880,9158,8192,1636890,8876,8204
1636900,9127,8196,1636910,8939,8202
1636920,9141,8192,1636930,8931,8185
1636940,9101,8191,1636950,8946,8198
1636960,9166,8204,1636970,8925,8194
1636980,9150,8201,1636990,8898,8190
1637000,9150,8195,1637010,8947,8189
1637020,9145,8199,1637030,8925,8192
1637040,9105,8192,1637050,8926,8199
1637060,9158,8200,1637070,8918,8191
1637080,9155,8199,1637090,8894,8194
1637100,9151,8200,1637110,8950,8190
1637120,9149,8205,1637130,8958,8203
1637140,9125,8206,1637150,8923,8203
1637160,9169,8212,1637170,8925,8205
1637180,9173,8203,1637190,8893,8193
1637200,9147,8207,1637210,8932,8193
1637220,9155,8195,1637230,8934,8194
1637240,9124,8194,1637250,8919,8192
1637260,9161,8202,1637270,8917,8189
1637280,9164,8202,1637290,8902,8192
1637300,9143,8202,1637310,8941,8200
1637320,9137,8205,1637330,8921,8198
1637340,9110,8209,1637350,8925,8191
1637360,9144,8200,1637370,8908,8199
1637380,9153,8205,1637390,8892,8201
1637400,9137,8195,1637410,8947,8196
1637420,9148,8200,1637430,8934,8198
1637440,9112,8205,1637450,8924,8204
1637460,9159,8210,1637470,8906,8191
1637480,9165,8203,1637490,8890,8193
1637500,9133,8196,1637510,8934,8201
1637520,9145,8197,1637530,8926,8192
1637540,9115,8200,1637550,8917,8192
1637560,9157,8195,1637570,8925,8197
1637580,9178,8205,1637590,8892,8198
1637600,9134,8198,1637610,8923,8194
1637620,9142,8199,1637630,8934,8201
1637640,9093,8194,1637650,8921,8207
1637660,9160,8204,1637670,8914,8198
1637680,9173,8204,1637690,8896,8199
1637700,9160,8206,1637710,8946,8199
1637720,9130,8205,1637730,8935,8198
1637740,9128,8195,1637750,8926,8189
1637760,9174,8192,1637770,8922,8200
1637780,9157,8206,1637790,8872,8197
1637800,9134,8201,1637810,8933,8207
1637820,9146,8196,1637830,8949,8201
1637840,9106,8194,1637850,8917,8198
1637860,9153,8193,1637870,8920,8191
1637880,9146,8201,1637890,8906,8199
1637900,9122,8197,1637910,8923,8194
1637920,9145,8202,1637930,8943,8194
1637940,9122,8205,1637950,8928,8190
1637960,9166,8212,1637970,8906,8196
1637980,9158,8196,1637990,8894,8199
1638000,9150,8193,1638010,8946,8198
1638020,9150,8207,1638030,8937,8197
1638040,9117,8202,1638050,8947,8195
1638060,9163,8209,1638070,8915,8195
1638080,9157,8199,1638090,8879,8198
1638100,9142,8197,1638110,8945,8195
1638120,9140,8198,1638130,8926,8195
1638140,9133,8204,1638150,8929,8202
1638160,9161,8198,1638170,8920,8208
1638180,9167,8201,1638190,8913,8203
1638200,9142,8211,1638210,8948,8200
1638220,9117,8207,1638230,8930,8202
1638240,9115,8203,1638250,8925,8197
1638260,9163,8210,1638270,8928,8205
1638280,9169,8206,1638290,8926,8200
1638300,9143,8192,1638310,8946,8205
1638320,9151,8212,1638330,8948,8204
1638340,9127,8208,1638350,8912,8193
1638360,9158,8200,1638370,8911,8201
1638380,9169,8206,1638390,8905,8201
1638400,9148,8195,1638410,8942,8204
1638420,9127,8198,1638430,8938,8201
1638440,9127,8197,1638450,8937,8195
1638460,9164,8204,1638470,8913,8198
1638480,9182,8207,1638490,8925,8208
1638500,9145,8204,1638510,8931,8202
1638520,9149,8205,1638530,8949,8207
1638540,9125,8208,1638550,8936,8200
1638560,9172,8203,1638570,8913,8203
1638580,9174,8206,1638590,8925,8206
1638600,9142,8192,1638610,8947,8199
1638620,9128,8204,1638630,8959,8200
1638640,9152,8203,1638650,8936,8195
1638660,9175,8204,1638670,8895,8201
1638680,9171,8186,1638690,8949,8207
1638700,9149,8199,1638710,8927,8199
1638720,9111,8196,1638730,8971,8198
1638740,9139,8202,1638750,8924,8196
1638760,9171,8215,1638770,8875,8204
1638780,9190,8201,1638790,8924,8206
1638800,9146,8205,1638810,8938,8191
1638820,9098,8210,1638830,8944,8203
1638840,9140,8197,1638850,8921,8207
1638860,9159,8200,1638870,8892,8195
1638880,9183,8216,1638890,8914,8192
1638900,9146,8193,1638910,8947,8196
1638920,9092,8204,1638930,8960,8196
1638940,9137,8205,1638950,8940,8204
1638960,9166,8200,1638970,8877,8199
1638980,9150,8206,1638990,8930,8196
1639000,9156,8194,1639010,8940,8201
1639020,9114,8208,1639030,8945,8198
1639040,9134,8204,1639050,8911,8202
1639060,9176,8206,1639070,8872,8197
1639080,9158,8192,1639090,8928,8195
1639100,9135,8198,1639110,8935,8198
1639120,9107,8204,1639130,8952,8193
1639140,9147,8204,1639150,8928,8199
1639160,9167,8201,1639170,8888,8193
1639180,9175,8208,1639190,8944,8205
1639200,9159,8194,1639210,8934,8195
1639220,9105,8201,1639230,8942,8196
1639240,9151,8202,1639250,8928,8205
1639260,9162,8199,1639270,8880,8199
1639280,9164,8201,1639290,8913,8194
1639300,9148,8196,1639310,8932,8206
1639320,9113,8201,1639330,8952,8200
1639340,9146,8205,1639350,8911,8198
1639360,9165,8207,1639370,8868,8197
1639380,9164,8201,1639390,8919,8197
1639400,9136,8196,1639410,8942,8194
1639420,9117,8211,1639430,8938,8202
1639440,9164,8200,1639450,8939,8205
1639460,9158,8211,1639470,8889,8205
1639480,9167,8203,1639490,8947,8195
1639500,9146,8203,1639510,8939,8202
1639520,9112,8207,1639530,8951,8202
1639540,9142,8196,1639550,8929,8196
1639560,9173,8203,1639570,8888,8204
1639580,9168,8204,1639590,8924,8196
1639600,9153,8201,1639610,8955,8197
1639620,9095,8189,1639630,8940,8193
1639640,9146,8203,1639650,8926,8204
1639660,9166,8213,1639670,8883,8193
1639680,9163,8208,1639690,8937,8209
1639700,9144,8195,1639710,8931,8199
1639720,9112,8207,1639730,8940,8195
1639740,9160,8209,1639750,8917,8189
1639760,9164,8204,1639770,8885,8198
1639780,9154,8194,1639790,8925,8193
1639800,9150,8191,1639810,8936,8195
1639820,9110,8210,1639830,8934,8196
1639840,9124,8199,1639850,8914,8194
1639860,9175,8205,1639870,8878,8197
1639880,9159,8203,1639890,8914,8197
1639900,9140,8203,1639910,8911,8197
1639920,9108,8207,1639930,8939,8211
1639940,9166,8207,1639950,8926,8202
1639960,9140,8199,1639970,8872,8193
1639980,9122,8204,1639990,8937,8197
