LED1 Timestamp (ms),LED1_PD1,LED1_PD2,LED2 Timestamp (ms),LED2_PD1,LED2_PD2
1152500,13538,-48,1152510,13533,-56
1152520,13533,-46,1152530,13536,-44
1152540,13538,-46,1152550,13539,-56
1152560,13537,-41,1152570,13531,-48
1152580,13523,-47,1152590,13534,-39
1152600,13549,-45,1152610,13555,-41
1152620,13528,-47,1152630,13542,-51
1152640,13541,-50,1152650,13538,-50
1152660,13545,-45,1152670,13536,-47
1152680,13538,-45,1152690,13534,-40
1152700,13530,-46,1152710,13523,-49
1152720,13531,-44,1152730,13539,-53
1152740,13530,-43,1152750,13533,-51
1152760,13530,-48,1152770,13533,-47
1152780,13548,-36,1152790,13537,-45
1152800,13546,-40,1152810,13543,-49
1152820,13546,-44,1152830,13538,-37
1152840,13541,-40,1152850,13540,-39
1152860,13537,-53,1152870,13534,-49
1152880,13536,-50,1152890,13524,-43
1152900,13500,-43,1152910,13492,-48
1152920,13483,-47,1152930,13490,-51
1152940,13484,-53,1152950,13475,-54
1152960,13492,-51,1152970,13500,-43
1152980,13500,-50,1152990,13513,-42
1153000,13526,-40,1153010,13533,-38
1153020,13534,-43,1153030,13541,-56
1153040,13538,-44,1153050,13533,-51
1153060,13542,-52,1153070,13530,-47
1153080,13532,-46,1153090,13535,-49
1153100,13545,-45,1153110,13537,-41
1153120,13538,-47,1153130,13530,-45
1153140,13535,-42,1153150,13529,-39
1153160,13543,-44,1153170,13538,-45
1153180,13548,-44,1153190,13531,-42
1153200,13535,-36,1153210,13525,-40
1153220,13534,-47,1153230,13532,-49
1153240,13534,-51,1153250,13539,-46
1153260,13544,-32,1153270,13529,-38
1153280,13530,-42,1153290,13537,-43
1153300,13537,-41,1153310,13544,-45
1153320,13531,-48,1153330,13545,-40
1153340,13547,-47,1153350,13541,-45
1153360,13536,-46,1153370,13539,-51
1153380,13538,-46,1153390,13540,-47
1153400,13531,-42,1153410,13545,-47
1153420,13532,-52,1153430,13540,-47
1153440,13550,-42,1153450,13538,-47
1153460,13543,-41,1153470,13528,-46
1153480,13537,-44,1153490,13533,-41
1153500,13547,-45,1153510,13541,-42
1153520,13530,-49,1153530,13544,-40
1153540,13541,-41,1153550,13542,-40
1153560,13542,-40,1153570,13538,-49
1153580,13538,-44,1153590,13539,-44
1153600,13536,-46,1153610,13538,-51
1153620,13545,-47,1153630,13535,-46
1153640,13539,-49,1153650,13542,-55
1153660,13534,-44,1153670,13524,-42
1153680,13539,-49,1153690,13530,-49
1153700,13532,-42,1153710,13539,-42
1153720,13532,-47,1153730,13537,-42
1153740,13539,-48,1153750,13548,-49
1153760,13530,-46,1153770,13538,-51
1153780,13533,-43,1153790,13540,-45
1153800,13536,-44,1153810,13533,-38
1153820,13538,-41,1153830,13540,-49
1153840,13535,-39,1153850,13531,-45
1153860,13544,-43,1153870,13535,-47
1153880,13524,-49,1153890,13519,-40
1153900,13505,-55,1153910,13500,-54
1153920,13498,-49,1153930,13512,-44
1153940,13510,-51,1153950,13512,-43
1153960,13505,-42,1153970,13522,-51
1153980,13529,-39,1153990,13541,-48
1154000,13557,-40,1154010,13537,-49
1154020,13543,-38,1154030,13537,-43
1154040,13546,-40,1154050,13550,-40
1154060,13548,-39,1154070,13536,-48
1154080,13538,-46,1154090,13550,-32
1154100,13539,-51,1154110,13547,-53
1154120,13538,-54,1154130,13544,-43
1154140,13544,-42,1154150,13537,-43
1154160,13540,-45,1154170,13541,-45
1154180,13540,-52,1154190,13530,-49
1154200,13536,-47,1154210,13540,-45
1154220,13537,-45,1154230,13539,-39
1154240,13535,-42,1154250,13557,-43
1154260,13550,-36,1154270,13535,-51
1154280,13541,-48,1154290,13544,-44
1154300,13545,-44,1154310,13545,-40
1154320,13532,-46,1154330,13544,-50
1154340,13544,-57,1154350,13545,-39
1154360,13547,-46,1154370,13543,-42
1154380,13545,-42,1154390,13538,-44
1154400,13542,-49,1154410,13533,-44
1154420,13531,-51,1154430,13536,-41
1154440,13544,-44,1154450,13536,-48
1154460,13541,-47,1154470,13532,-44
1154480,13546,-40,1154490,13548,-46
1154500,13533,-50,1154510,13541,-41
1154520,13520,-40,1154530,13546,-46
1154540,13537,-54,1154550,13546,-42
1154560,13537,-43,1154570,13528,-49
1154580,13551,-40,1154590,13535,-48
1154600,13538,-42,1154610,13545,-35
1154620,13539,-40,1154630,13535,-45
1154640,13543,-53,1154650,13551,-36
1154660,13534,-38,1154670,13544,-46
1154680,13551,-48,1154690,13545,-46
1154700,13541,-48,1154710,13539,-46
1154720,13528,-44,1154730,13534,-44
1154740,13533,-36,1154750,13549,-47
1154760,13540,-41,1154770,13532,-32
1154780,13541,-38,1154790,13556,-42
1154800,13532,-34,1154810,13542,-47
1154820,13541,-39,1154830,13540,-43
1154840,13543,-42,1154850,13554,-49
1154860,13537,-42,1154870,13542,-52
1154880,13525,-42,1154890,13507,-40
1154900,13503,-49,1154910,13493,-41
1154920,13485,-47,1154930,13486,-41
1154940,13478,-47,1154950,13498,-42
1154960,13504,-46,1154970,13506,-45
1154980,13515,-42,1154990,13539,-44
1155000,13547,-41,1155010,13546,-43
1155020,13552,-43,1155030,13544,-52
1155040,13538,-38,1155050,13545,-43
1155060,13550,-42,1155070,13533,-43
1155080,13548,-49,1155090,13538,-37
1155100,13528,-48,1155110,13535,-32
1155120,13549,-42,1155130,13551,-37
1155140,13544,-49,1155150,13537,-52
1155160,13550,-41,1155170,13538,-46
1155180,13542,-48,1155190,13539,-45
1155200,13543,-48,1155210,13533,-45
1155220,13541,-40,1155230,13544,-50
1155240,13538,-38,1155250,13541,-44
1155260,13549,-45,1155270,13542,-41
1155280,13552,-47,1155290,13541,-52
1155300,13545,-44,1155310,13538,-45
1155320,13541,-48,1155330,13543,-39
1155340,13539,-41,1155350,13526,-40
1155360,13541,-48,1155370,13537,-46
1155380,13538,-53,1155390,13535,-62
1155400,13536,-47,1155410,13531,-49
1155420,13529,-53,1155430,13537,-54
1155440,13530,-46,1155450,13536,-45
1155460,13552,-44,1155470,13531,-46
1155480,13539,-43,1155490,13537,-46
1155500,13537,-47,1155510,13537,-50
1155520,13533,-47,1155530,13544,-45
1155540,13544,-40,1155550,13539,-44
1155560,13534,-36,1155570,13540,-44
1155580,13537,-38,1155590,13533,-49
1155600,13539,-49,1155610,13549,-45
1155620,13525,-44,1155630,13538,-41
1155640,13537,-49,1155650,13541,-49
1155660,13536,-56,1155670,13521,-55
1155680,13533,-44,1155690,13536,-39
1155700,13543,-46,1155710,13538,-45
1155720,13535,-48,1155730,13534,-38
1155740,13532,-49,1155750,13539,-43
1155760,13528,-50,1155770,13530,-45
1155780,13536,-52,1155790,13525,-44
1155800,13537,-54,1155810,13528,-55
1155820,13533,-47,1155830,13535,-49
1155840,13537,-42,1155850,13526,-51
1155860,13542,-34,1155870,13518,-48
1155880,13517,-47,1155890,13512,-48
1155900,13504,-43,1155910,13497,-39
1155920,13504,-53,1155930,13502,-52
1155940,13506,-49,1155950,13496,-45
1155960,13515,-41,1155970,13515,-42
1155980,13540,-50,1155990,13539,-47
1156000,13540,-45,1156010,13534,-49
1156020,13531,-44,1156030,13537,-44
1156040,13544,-48,1156050,13534,-48
1156060,13534,-45,1156070,13540,-44
1156080,13536,-50,1156090,13546,-44
1156100,13541,-49,1156110,13540,-54
1156120,13538,-49,1156130,13543,-45
1156140,13547,-52,1156150,13540,-50
1156160,13542,-40,1156170,13548,-38
1156180,13532,-45,1156190,13541,-38
1156200,13544,-52,1156210,13530,-46
1156220,13527,-47,1156230,13535,-44
1156240,13535,-49,1156250,13541,-39
1156260,13538,-44,1156270,13535,-34
1156280,13533,-44,1156290,13535,-52
1156300,13541,-46,1156310,13543,-53
1156320,13542,-49,1156330,13537,-47
1156340,13546,-44,1156350,13537,-50
1156360,13532,-48,1156370,13529,-47
1156380,13540,-42,1156390,13537,-42
1156400,13542,-50,1156410,13535,-43
1156420,13539,-42,1156430,13543,-49
1156440,13527,-45,1156450,13540,-38
1156460,13535,-48,1156470,13544,-42
1156480,13531,-38,1156490,13545,-50
1156500,13541,-42,1156510,13532,-38
1156520,13543,-44,1156530,13548,-42
1156540,13532,-46,1156550,13531,-40
1156560,13549,-50,1156570,13538,-45
1156580,13550,-39,1156590,13539,-40
1156600,13538,-55,1156610,13546,-47
1156620,13547,-46,1156630,13537,-41
1156640,13530,-48,1156650,13541,-45
1156660,13537,-42,1156670,13534,-48
1156680,13537,-47,1156690,13524,-45
1156700,13547,-43,1156710,13536,-43
1156720,13542,-45,1156730,13548,-42
1156740,13534,-43,1156750,13544,-45
1156760,13541,-41,1156770,13526,-48
1156780,13538,-42,1156790,13539,-52
1156800,13532,-49,1156810,13537,-33
1156820,13535,-39,1156830,13535,-52
1156840,13541,-52,1156850,13546,-45
1156860,13535,-41,1156870,13523,-44
1156880,13528,-44,1156890,13499,-50
1156900,13486,-36,1156910,13476,-42
1156920,13492,-44,1156930,13485,-46
1156940,13483,-43,1156950,13488,-44
1156960,13499,-47,1156970,13500,-43
1156980,13536,-41,1156990,13550,-41
1157000,13555,-43,1157010,13541,-43
1157020,13548,-43,1157030,13540,-39
1157040,13533,-49,1157050,13539,-45
1157060,13549,-48,1157070,13541,-43
1157080,13537,-44,1157090,13544,-50
1157100,13544,-39,1157110,13551,-46
1157120,13543,-45,1157130,13546,-49
1157140,13538,-47,1157150,13536,-42
1157160,13549,-44,1157170,13543,-28
1157180,13544,-50,1157190,13539,-47
1157200,13534,-49,1157210,13538,-43
1157220,13543,-40,1157230,13542,-46
1157240,13531,-47,1157250,13536,-42
1157260,13536,-43,1157270,13513,-44
1157280,13553,-40,1157290,13546,-49
1157300,13552,-37,1157310,13550,-36
1157320,13550,-43,1157330,13544,-42
1157340,13539,-47,1157350,13550,-43
1157360,13546,-42,1157370,13547,-41
1157380,13543,-44,1157390,13540,-48
1157400,13550,-35,1157410,13545,-42
1157420,13544,-41,1157430,13537,-38
1157440,13539,-46,1157450,13528,-41
1157460,13528,-37,1157470,13539,-42
1157480,13546,-48,1157490,13536,-44
1157500,13543,-44,1157510,13533,-44
1157520,13535,-40,1157530,13537,-38
1157540,13537,-43,1157550,13531,-45
1157560,13538,-42,1157570,13529,-49
1157580,13528,-45,1157590,13539,-46
1157600,13527,-46,1157610,13539,-43
1157620,13540,-43,1157630,13526,-48
1157640,13537,-53,1157650,13531,-48
1157660,13536,-47,1157670,13529,-39
1157680,13532,-41,1157690,13537,-45
1157700,13553,-48,1157710,13530,-48
1157720,13534,-47,1157730,13533,-44
1157740,13533,-45,1157750,13533,-45
1157760,13532,-44,1157770,13538,-43
1157780,13535,-48,1157790,13531,-43
1157800,13540,-43,1157810,13551,-37
1157820,13543,-43,1157830,13549,-52
1157840,13532,-45,1157850,13550,-43
1157860,13536,-42,1157870,13496,-37
1157880,13511,-40,1157890,13501,-41
1157900,13501,-43,1157910,13517,-49
1157920,13512,-48,1157930,13514,-39
1157940,13505,-49,1157950,13518,-47
1157960,13518,-50,1157970,13541,-51
1157980,13540,-39,1157990,13546,-45
1158000,13562,-45,1158010,13536,-43
1158020,13543,-46,1158030,13541,-45
1158040,13546,-42,1158050,13539,-39
1158060,13544,-46,1158070,13539,-47
1158080,13545,-44,1158090,13542,-43
1158100,13545,-37,1158110,13533,-48
1158120,13543,-50,1158130,13543,-42
1158140,13542,-44,1158150,13532,-31
1158160,13537,-40,1158170,13535,-44
1158180,13536,-43,1158190,13542,-43
1158200,13535,-40,1158210,13542,-43
1158220,13536,-50,1158230,13543,-46
1158240,13533,-49,1158250,13534,-45
1158260,13526,-53,1158270,13534,-51
1158280,13543,-45,1158290,13540,-48
1158300,13539,-48,1158310,13545,-52
1158320,13541,-45,1158330,13543,-50
1158340,13536,-53,1158350,13540,-37
1158360,13534,-46,1158370,13533,-47
1158380,13546,-46,1158390,13537,-43
1158400,13536,-50,1158410,13526,-47
1158420,13529,-45,1158430,13537,-44
1158440,13535,-36,1158450,13542,-46
1158460,13542,-39,1158470,13507,-44
1158480,13540,-39,1158490,13545,-43
1158500,13540,-46,1158510,13544,-35
1158520,13533,-46,1158530,13538,-38
1158540,13536,-39,1158550,13530,-37
1158560,13525,-36,1158570,13532,-46
1158580,13526,-40,1158590,13531,-37
1158600,13530,-52,1158610,13530,-46
1158620,13522,-45,1158630,13536,-48
1158640,13542,-40,1158650,13544,-46
1158660,13533,-52,1158670,13534,-49
1158680,13536,-55,1158690,13538,-38
1158700,13539,-53,1158710,13536,-45
1158720,13534,-49,1158730,13536,-48
1158740,13522,-47,1158750,13525,-46
1158760,13549,-43,1158770,13528,-43
1158780,13530,-42,1158790,13539,-42
1158800,13530,-56,1158810,13526,-49
1158820,13525,-46,1158830,13548,-56
1158840,13537,-43,1158850,13536,-49
1158860,13545,-47,1158870,13530,-32
1158880,13497,-43,1158890,13490,-47
1158900,13490,-44,1158910,13492,-48
1158920,13486,-48,1158930,13492,-44
1158940,13480,-48,1158950,13498,-47
1158960,13503,-56,1158970,13519,-45
1158980,13525,-41,1158990,13538,-53
1159000,13562,-52,1159010,13547,-54
1159020,13541,-39,1159030,13548,-46
1159040,13526,-44,1159050,13541,-47
1159060,13540,-44,1159070,13520,-35
1159080,13540,-44,1159090,13539,-39
1159100,13536,-46,1159110,13540,-36
1159120,13534,-46,1159130,13536,-50
1159140,13535,-39,1159150,13535,-50
1159160,13534,-56,1159170,13537,-42
1159180,13537,-46,1159190,13538,-41
1159200,13551,-39,1159210,13539,-49
1159220,13548,-39,1159230,13535,-47
1159240,13539,-40,1159250,13543,-39
1159260,13540,-45,1159270,13532,-33
1159280,13527,-44,1159290,13543,-40
1159300,13532,-42,1159310,13533,-43
1159320,13535,-43,1159330,13542,-42
1159340,13528,-47,1159350,13527,-46
1159360,13553,-43,1159370,13533,-36
1159380,13529,-46,1159390,13525,-49
1159400,13542,-42,1159410,13534,-44
1159420,13528,-40,1159430,13544,-36
1159440,13528,-48,1159450,13537,-45
1159460,13542,-50,1159470,13525,-56
1159480,13540,-48,1159490,13541,-47
1159500,13531,-40,1159510,13534,-51
1159520,13535,-49,1159530,13526,-45
1159540,13541,-51,1159550,13534,-49
1159560,13530,-38,1159570,13534,-33
1159580,13547,-41,1159590,13531,-46
1159600,13537,-50,1159610,13526,-41
1159620,13536,-44,1159630,13530,-53
1159640,13538,-36,1159650,13541,-40
1159660,13549,-43,1159670,13537,-38
1159680,13545,-43,1159690,13532,-50
1159700,13528,-47,1159710,13540,-45
1159720,13532,-45,1159730,13538,-40
1159740,13535,-46,1159750,13534,-43
1159760,13535,-48,1159770,13537,-44
1159780,13547,-44,1159790,13556,-42
1159800,13539,-44,1159810,13544,-45
1159820,13546,-41,1159830,13535,-34
1159840,13539,-44,1159850,13523,-36
1159860,13529,-42,1159870,13514,-38
1159880,13500,-44,1159890,13512,-56
1159900,13496,-48,1159910,13511,-52
1159920,13495,-51,1159930,13514,-52
1159940,13503,-37,1159950,13521,-41
1159960,13527,-52,1159970,13556,-46
1159980,13535,-48,1159990,13540,-42
1160000,13550,-48,1160010,13541,-55
1160020,13537,-37,1160030,13545,-45
1160040,13538,-47,1160050,13521,-49
1160060,13525,-42,1160070,13527,-49
1160080,13533,-43,1160090,13536,-46
1160100,13543,-40,1160110,13536,-39
1160120,13540,-46,1160130,13542,-41
1160140,13546,-29,1160150,13531,-51
1160160,13534,-42,1160170,13547,-45
1160180,13534,-40,1160190,13539,-49
1160200,13546,-47,1160210,13537,-41
1160220,13543,-47,1160230,13539,-46
1160240,13545,-44,1160250,13549,-50
1160260,13546,-44,1160270,13551,-39
1160280,13548,-43,1160290,13529,-37
1160300,13533,-43,1160310,13546,-43
1160320,13545,-44,1160330,13546,-43
1160340,13559,-35,1160350,13538,-46
1160360,13527,-46,1160370,13533,-33
1160380,13535,-43,1160390,13530,-47
1160400,13534,-43,1160410,13542,-46
1160420,13543,-44,1160430,13537,-43
1160440,13546,-40,1160450,13532,-48
1160460,13538,-42,1160470,13546,-44
1160480,13557,-46,1160490,13541,-49
1160500,13531,-49,1160510,13539,-45
1160520,13544,-44,1160530,13542,-45
1160540,13541,-47,1160550,13540,-37
1160560,13526,-37,1160570,13540,-47
1160580,13535,-51,1160590,13549,-41
1160600,13528,-45,1160610,13536,-44
1160620,13530,-43,1160630,13539,-42
1160640,13537,-44,1160650,13528,-37
1160660,13534,-44,1160670,13548,-50
1160680,13535,-48,1160690,13547,-48
1160700,13531,-46,1160710,13530,-51
1160720,13542,-48,1160730,13537,-44
1160740,13532,-40,1160750,13542,-45
1160760,13539,-48,1160770,13540,-57
1160780,13538,-40,1160790,13541,-50
1160800,13532,-43,1160810,13527,-47
1160820,13531,-37,1160830,13535,-47
1160840,13545,-43,1160850,13533,-50
1160860,13504,-48,1160870,13501,-44
1160880,13498,-48,1160890,13473,-45
1160900,13472,-51,1160910,13484,-41
1160920,13483,-42,1160930,13472,-51
1160940,13475,-46,1160950,13477,-56
1160960,13510,-48,1160970,13534,-51
1160980,13542,-51,1160990,13561,-45
1161000,13537,-47,1161010,13537,-48
1161020,13544,-41,1161030,13544,-47
1161040,13551,-47,1161050,13537,-42
1161060,13544,-53,1161070,13535,-53
1161080,13543,-50,1161090,13543,-46
1161100,13543,-54,1161110,13537,-53
1161120,13544,-45,1161130,13548,-48
1161140,13541,-49,1161150,13544,-51
1161160,13540,-45,1161170,13546,-55
1161180,13557,-40,1161190,13537,-39
1161200,13543,-42,1161210,13539,-42
1161220,13531,-45,1161230,13541,-44
1161240,13531,-49,1161250,13547,-45
1161260,13549,-47,1161270,13541,-50
1161280,13554,-39,1161290,13544,-44
1161300,13541,-49,1161310,13546,-33
1161320,13551,-47,1161330,13545,-37
1161340,13544,-47,1161350,13557,-48
1161360,13541,-47,1161370,13542,-47
1161380,13532,-51,1161390,13548,-44
1161400,13540,-42,1161410,13531,-51
1161420,13545,-52,1161430,13547,-51
1161440,13541,-44,1161450,13539,-41
1161460,13540,-44,1161470,13543,-48
1161480,13539,-40,1161490,13538,-46
1161500,13539,-50,1161510,13539,-47
1161520,13542,-44,1161530,13543,-44
1161540,13538,-45,1161550,13530,-50
1161560,13548,-47,1161570,13543,-45
1161580,13546,-44,1161590,13550,-55
1161600,13535,-51,1161610,13528,-51
1161620,13534,-50,1161630,13527,-47
1161640,13524,-40,1161650,13538,-42
1161660,13542,-38,1161670,13530,-60
1161680,13549,-37,1161690,13539,-44
1161700,13540,-47,1161710,13554,-51
1161720,13534,-48,1161730,13533,-46
1161740,13545,-49,1161750,13527,-43
1161760,13540,-49,1161770,13539,-48
1161780,13547,-47,1161790,13556,-50
1161800,13547,-38,1161810,13531,-38
1161820,13533,-48,1161830,13538,-45
1161840,13543,-50,1161850,13520,-45
1161860,13523,-53,1161870,13513,-48
1161880,13510,-50,1161890,13515,-44
1161900,13518,-46,1161910,13520,-46
1161920,13519,-46,1161930,13504,-45
1161940,13512,-48,1161950,13536,-38
1161960,13552,-46,1161970,13542,-43
1161980,13536,-54,1161990,13558,-54
1162000,13537,-45,1162010,13548,-48
1162020,13542,-43,1162030,13551,-46
1162040,13552,-48,1162050,13546,-40
1162060,13550,-42,1162070,13540,-47
1162080,13548,-43,1162090,13545,-40
1162100,13540,-43,1162110,13545,-44
1162120,13537,-37,1162130,13544,-40
1162140,13539,-53,1162150,13540,-50
1162160,13550,-45,1162170,13540,-53
1162180,13547,-51,1162190,13543,-46
1162200,13550,-54,1162210,13537,-47
1162220,13548,-47,1162230,13537,-50
1162240,13529,-52,1162250,13550,-36
1162260,13548,-40,1162270,13556,-47
1162280,13550,-48,1162290,13540,-47
1162300,13538,-43,1162310,13544,-48
1162320,13552,-53,1162330,13552,-45
1162340,13542,-39,1162350,13541,-44
1162360,13541,-50,1162370,13529,-45
1162380,13536,-46,1162390,13541,-46
1162400,13527,-48,1162410,13546,-47
1162420,13535,-44,1162430,13548,-46
1162440,13544,-46,1162450,13545,-36
1162460,13546,-41,1162470,13551,-42
1162480,13556,-57,1162490,13539,-44
1162500,13545,-43,1162510,13537,-46
1162520,13547,-52,1162530,13543,-44
1162540,13544,-44,1162550,13547,-45
1162560,13550,-41,1162570,13540,-50
1162580,13545,-44,1162590,13544,-46
1162600,13543,-50,1162610,13539,-42
1162620,13531,-53,1162630,13535,-56
1162640,13539,-45,1162650,13532,-51
1162660,13538,-43,1162670,13541,-57
1162680,13540,-45,1162690,13538,-51
1162700,13540,-53,1162710,13544,-43
1162720,13543,-41,1162730,13543,-45
1162740,13542,-49,1162750,13532,-46
1162760,13538,-42,1162770,13538,-49
1162780,13538,-46,1162790,13538,-50
1162800,13545,-45,1162810,13542,-40
1162820,13535,-48,1162830,13546,-45
1162840,13555,-48,1162850,13526,-40
1162860,13523,-48,1162870,13510,-54
1162880,13501,-37,1162890,13482,-50
1162900,13486,-46,1162910,13494,-46
1162920,13482,-49,1162930,13485,-56
1162940,13509,-38,1162950,13527,-41
1162960,13530,-46,1162970,13529,-38
1162980,13534,-46,1162990,13560,-57
1163000,13552,-43,1163010,13543,-40
1163020,13550,-38,1163030,13528,-43
1163040,13547,-45,1163050,13541,-54
1163060,13546,-43,1163070,13535,-42
1163080,13543,-49,1163090,13529,-36
1163100,13533,-49,1163110,13537,-42
1163120,13536,-44,1163130,13521,-49
1163140,13541,-51,1163150,13543,-52
1163160,13554,-55,1163170,13540,-47
1163180,13534,-38,1163190,13545,-34
1163200,13531,-44,1163210,13546,-47
1163220,13526,-45,1163230,13536,-40
1163240,13539,-53,1163250,13542,-46
1163260,13532,-42,1163270,13542,-43
1163280,13531,-43,1163290,13532,-45
1163300,13542,-42,1163310,13531,-53
1163320,13542,-43,1163330,13536,-51
1163340,13537,-41,1163350,13542,-44
1163360,13535,-38,1163370,13539,-45
1163380,13532,-47,1163390,13550,-50
1163400,13540,-42,1163410,13535,-39
1163420,13526,-41,1163430,13544,-51
1163440,13540,-43,1163450,13543,-45
1163460,13540,-45,1163470,13541,-39
1163480,13553,-44,1163490,13547,-40
1163500,13535,-44,1163510,13538,-43
1163520,13539,-45,1163530,13539,-42
1163540,13544,-48,1163550,13549,-42
1163560,13538,-43,1163570,13541,-37
1163580,13537,-27,1163590,13535,-48
1163600,13546,-51,1163610,13547,-43
1163620,13527,-31,1163630,13537,-48
1163640,13539,-50,1163650,13537,-57
1163660,13532,-40,1163670,13544,-44
1163680,13541,-48,1163690,13527,-47
1163700,13534,-49,1163710,13546,-49
1163720,13536,-46,1163730,13539,-48
1163740,13534,-45,1163750,13534,-41
1163760,13542,-40,1163770,13541,-43
1163780,13542,-45,1163790,13533,-47
1163800,13534,-47,1163810,13542,-50
1163820,13534,-44,1163830,13536,-51
1163840,13536,-45,1163850,13525,-48
1163860,13488,-49,1163870,13513,-50
1163880,13507,-51,1163890,13509,-48
1163900,13517,-41,1163910,13505,-42
1163920,13511,-52,1163930,13508,-48
1163940,13527,-46,1163950,13531,-58
1163960,13551,-54,1163970,13541,-47
1163980,13536,-43,1163990,13556,-49
1164000,13535,-51,1164010,13538,-52
1164020,13546,-45,1164030,13553,-43
1164040,13547,-49,1164050,13535,-46
1164060,13545,-52,1164070,13548,-48
1164080,13546,-47,1164090,13537,-44
1164100,13525,-42,1164110,13539,-46
1164120,13544,-47,1164130,13532,-48
1164140,13542,-42,1164150,13541,-46
1164160,13535,-43,1164170,13537,-45
1164180,13538,-41,1164190,13552,-55
1164200,13535,-44,1164210,13540,-51
1164220,13548,-48,1164230,13532,-51
1164240,13539,-46,1164250,13547,-51
1164260,13538,-44,1164270,13529,-46
1164280,13534,-47,1164290,13541,-43
1164300,13534,-48,1164310,13545,-49
1164320,13536,-44,1164330,13537,-35
1164340,13546,-42,1164350,13538,-42
1164360,13524,-56,1164370,13532,-42
1164380,13529,-44,1164390,13533,-42
1164400,13533,-54,1164410,13545,-49
1164420,13536,-45,1164430,13538,-42
1164440,13553,-42,1164450,13543,-42
1164460,13538,-52,1164470,13543,-54
1164480,13541,-44,1164490,13542,-44
1164500,13539,-44,1164510,13541,-37
1164520,13543,-46,1164530,13536,-44
1164540,13544,-45,1164550,13549,-44
1164560,13547,-49,1164570,13532,-50
1164580,13534,-52,1164590,13543,-42
1164600,13532,-47,1164610,13550,-49
1164620,13530,-48,1164630,13545,-53
1164640,13531,-44,1164650,13541,-49
1164660,13549,-43,1164670,13548,-26
1164680,13540,-42,1164690,13535,-49
1164700,13533,-55,1164710,13523,-43
1164720,13533,-42,1164730,13530,-46
1164740,13534,-53,1164750,13533,-46
1164760,13540,-48,1164770,13547,-40
1164780,13540,-50,1164790,13540,-49
1164800,13544,-57,1164810,13543,-41
1164820,13539,-45,1164830,13540,-40
1164840,13528,-46,1164850,13515,-46
1164860,13503,-50,1164870,13493,-49
1164880,13492,-49,1164890,13483,-52
1164900,13485,-48,1164910,13485,-36
1164920,13487,-56,1164930,13505,-44
1164940,13508,-49,1164950,13533,-46
1164960,13533,-46,1164970,13555,-43
1164980,13550,-50,1164990,13562,-43
1165000,13557,-42,1165010,13545,-47
1165020,13556,-55,1165030,13554,-45
1165040,13537,-51,1165050,13553,-47
1165060,13543,-46,1165070,13541,-55
1165080,13539,-46,1165090,13544,-54
1165100,13537,-51,1165110,13537,-46
1165120,13533,-51,1165130,13549,-52
1165140,13548,-54,1165150,13551,-44
1165160,13543,-47,1165170,13544,-45
1165180,13542,-45,1165190,13531,-44
1165200,13540,-45,1165210,13538,-41
1165220,13538,-50,1165230,13545,-46
1165240,13542,-44,1165250,13547,-45
1165260,13548,-53,1165270,13534,-43
1165280,13534,-45,1165290,13537,-48
1165300,13524,-49,1165310,13527,-38
1165320,13542,-52,1165330,13534,-38
1165340,13536,-55,1165350,13544,-54
1165360,13535,-52,1165370,13537,-46
1165380,13542,-53,1165390,13542,-56
1165400,13531,-42,1165410,13541,-42
1165420,13534,-46,1165430,13534,-49
1165440,13529,-50,1165450,13528,-48
1165460,13541,-42,1165470,13532,-51
1165480,13541,-49,1165490,13549,-43
1165500,13538,-46,1165510,13527,-43
1165520,13538,-44,1165530,13536,-49
1165540,13537,-47,1165550,13554,-41
1165560,13533,-41,1165570,13529,-38
1165580,13556,-48,1165590,13539,-44
1165600,13533,-48,1165610,13534,-46
1165620,13541,-41,1165630,13538,-51
1165640,13539,-50,1165650,13529,-46
1165660,13529,-45,1165670,13537,-39
1165680,13535,-33,1165690,13529,-40
1165700,13545,-51,1165710,13540,-43
1165720,13530,-47,1165730,13530,-45
1165740,13528,-45,1165750,13540,-46
1165760,13541,-47,1165770,13537,-52
1165780,13542,-40,1165790,13537,-47
1165800,13530,-48,1165810,13538,-52
1165820,13525,-41,1165830,13521,-52
1165840,13520,-45,1165850,13506,-42
1165860,13498,-42,1165870,13500,-45
1165880,13494,-42,1165890,13507,-47
1165900,13504,-44,1165910,13511,-44
1165920,13495,-51,1165930,13523,-52
1165940,13526,-42,1165950,13547,-43
1165960,13548,-41,1165970,13546,-50
1165980,13546,-46,1165990,13554,-42
1166000,13543,-45,1166010,13543,-43
1166020,13537,-45,1166030,13538,-48
1166040,13537,-53,1166050,13532,-41
1166060,13535,-41,1166070,13521,-50
1166080,13533,-44,1166090,13532,-37
1166100,13547,-41,1166110,13540,-45
1166120,13538,-45,1166130,13530,-52
1166140,13527,-46,1166150,13544,-50
1166160,13531,-51,1166170,13524,-48
1166180,13533,-52,1166190,13530,-47
1166200,13523,-49,1166210,13532,-49
1166220,13528,-51,1166230,13534,-44
1166240,13530,-51,1166250,13533,-41
1166260,13522,-57,1166270,13531,-50
1166280,13538,-54,1166290,13533,-51
1166300,13535,-51,1166310,13541,-44
1166320,13544,-30,1166330,13538,-44
1166340,13536,-44,1166350,13538,-42
1166360,13540,-42,1166370,13539,-36
1166380,13534,-46,1166390,13532,-50
1166400,13540,-45,1166410,13552,-39
1166420,13533,-31,1166430,13544,-42
1166440,13544,-44,1166450,13542,-45
1166460,13532,-43,1166470,13536,-44
1166480,13535,-46,1166490,13529,-45
1166500,13532,-42,1166510,13527,-41
1166520,13537,-48,1166530,13539,-42
1166540,13533,-44,1166550,13532,-45
1166560,13530,-46,1166570,13524,-51
1166580,13537,-43,1166590,13528,-45
1166600,13538,-46,1166610,13539,-44
1166620,13539,-54,1166630,13539,-49
1166640,13529,-47,1166650,13538,-52
1166660,13540,-51,1166670,13545,-54
1166680,13540,-44,1166690,13528,-46
1166700,13539,-42,1166710,13545,-37
1166720,13539,-43,1166730,13538,-46
1166740,13532,-41,1166750,13546,-43
1166760,13541,-43,1166770,13544,-34
1166780,13542,-45,1166790,13551,-40
1166800,13539,-50,1166810,13530,-49
1166820,13547,-42,1166830,13542,-47
1166840,13518,-42,1166850,13525,-39
1166860,13475,-41,1166870,13488,-40
1166880,13490,-36,1166890,13473,-45
1166900,13481,-42,1166910,13486,-51
1166920,13488,-42,1166930,13503,-44
1166940,13516,-34,1166950,13544,-34
1166960,13537,-48,1166970,13551,-47
1166980,13541,-46,1166990,13555,-42
1167000,13546,-49,1167010,13538,-48
1167020,13539,-47,1167030,13537,-50
1167040,13546,-41,1167050,13545,-44
1167060,13542,-38,1167070,13541,-47
1167080,13545,-46,1167090,13544,-41
1167100,13544,-56,1167110,13530,-48
1167120,13540,-47,1167130,13542,-48
1167140,13540,-51,1167150,13546,-51
1167160,13537,-44,1167170,13536,-41
1167180,13554,-44,1167190,13545,-41
1167200,13543,-49,1167210,13550,-47
1167220,13533,-43,1167230,13539,-52
1167240,13536,-52,1167250,13527,-53
1167260,13546,-52,1167270,13529,-44
1167280,13537,-42,1167290,13539,-40
1167300,13533,-41,1167310,13537,-43
1167320,13534,-47,1167330,13539,-38
1167340,13536,-44,1167350,13528,-43
1167360,13547,-52,1167370,13542,-43
1167380,13536,-42,1167390,13527,-46
1167400,13535,-42,1167410,13536,-47
1167420,13543,-44,1167430,13517,-44
1167440,13537,-53,1167450,13543,-41
1167460,13502,-48,1167470,13549,-49
1167480,13550,-36,1167490,13546,-41
1167500,13544,-46,1167510,13541,-39
1167520,13545,-48,1167530,13528,-43
1167540,13539,-47,1167550,13536,-43
1167560,13534,-49,1167570,13529,-44
1167580,13540,-50,1167590,13529,-51
1167600,13541,-47,1167610,13532,-46
1167620,13532,-43,1167630,13533,-52
1167640,13542,-42,1167650,13528,-50
1167660,13539,-45,1167670,13541,-38
1167680,13533,-39,1167690,13539,-42
1167700,13542,-40,1167710,13538,-46
1167720,13532,-48,1167730,13544,-34
1167740,13539,-44,1167750,13534,-39
1167760,13547,-44,1167770,13530,-44
1167780,13536,-41,1167790,13543,-46
1167800,13551,-48,1167810,13529,-44
1167820,13548,-50,1167830,13536,-46
1167840,13525,-47,1167850,13512,-41
1167860,13511,-45,1167870,13518,-46
1167880,13511,-36,1167890,13520,-45
1167900,13504,-43,1167910,13505,-51
1167920,13523,-45,1167930,13534,-32
1167940,13539,-44,1167950,13546,-46
1167960,13534,-34,1167970,13532,-37
1167980,13540,-50,1167990,13557,-50
1168000,13542,-51,1168010,13530,-51
1168020,13541,-44,1168030,13539,-42
1168040,13548,-46,1168050,13544,-46
1168060,13498,-42,1168070,13536,-47
1168080,13545,-40,1168090,13548,-46
1168100,13536,-43,1168110,13532,-53
1168120,13541,-46,1168130,13535,-39
1168140,13536,-38,1168150,13544,-43
1168160,13554,-42,1168170,13532,-50
1168180,13540,-44,1168190,13543,-39
1168200,13537,-57,1168210,13536,-47
1168220,13533,-48,1168230,13540,-44
1168240,13542,-45,1168250,13541,-39
1168260,13544,-38,1168270,13539,-52
1168280,13528,-46,1168290,13544,-44
1168300,13536,-47,1168310,13539,-43
1168320,13548,-45,1168330,13539,-37
1168340,13539,-41,1168350,13544,-45
1168360,13540,-44,1168370,13551,-46
1168380,13545,-56,1168390,13537,-57
1168400,13524,-49,1168410,13540,-48
1168420,13546,-45,1168430,13539,-43
1168440,13538,-50,1168450,13533,-51
1168460,13532,-39,1168470,13540,-42
1168480,13540,-52,1168490,13537,-43
1168500,13537,-48,1168510,13521,-42
1168520,13524,-40,1168530,13538,-45
1168540,13533,-49,1168550,13542,-42
1168560,13541,-46,1168570,13553,-48
1168580,13535,-44,1168590,13540,-54
1168600,13545,-51,1168610,13533,-48
1168620,13539,-46,1168630,13539,-50
1168640,13540,-52,1168650,13537,-49
1168660,13521,-56,1168670,13536,-51
1168680,13545,-41,1168690,13545,-48
1168700,13538,-53,1168710,13539,-48
1168720,13539,-45,1168730,13533,-47
1168740,13533,-40,1168750,13530,-56
1168760,13542,-52,1168770,13540,-44
1168780,13536,-42,1168790,13529,-55
1168800,13537,-45,1168810,13535,-46
1168820,13535,-35,1168830,13510,-40
1168840,13512,-39,1168850,13491,-45
1168860,13480,-34,1168870,13485,-46
1168880,13480,-51,1168890,13481,-40
1168900,13484,-53,1168910,13492,-46
1168920,13504,-54,1168930,13526,-45
1168940,13535,-50,1168950,13547,-42
1168960,13535,-51,1168970,13544,-44
1168980,13542,-50,1168990,13537,-45
1169000,13541,-54,1169010,13543,-41
1169020,13543,-44,1169030,13552,-48
1169040,13520,-51,1169050,13532,-48
1169060,13536,-47,1169070,13550,-39
1169080,13552,-44,1169090,13530,-46
1169100,13555,-40,1169110,13549,-46
1169120,13535,-44,1169130,13549,-41
1169140,13538,-49,1169150,13532,-52
1169160,13536,-43,1169170,13545,-50
1169180,13565,-39,1169190,13550,-48
1169200,13538,-46,1169210,13541,-42
1169220,13546,-44,1169230,13540,-52
1169240,13557,-50,1169250,13539,-37
1169260,13559,-47,1169270,13542,-44
1169280,13544,-44,1169290,13541,-43
1169300,13544,-47,1169310,13531,-42
1169320,13546,-46,1169330,13548,-37
1169340,13539,-42,1169350,13541,-50
1169360,13539,-41,1169370,13550,-44
1169380,13540,-54,1169390,13548,-47
1169400,13549,-48,1169410,13530,-47
1169420,13538,-39,1169430,13549,-40
1169440,13537,-45,1169450,13542,-48
1169460,13539,-38,1169470,13538,-44
1169480,13540,-35,1169490,13544,-40
1169500,13542,-49,1169510,13528,-45
1169520,13545,-41,1169530,13533,-52
1169540,13552,-49,1169550,13548,-48
1169560,13535,-43,1169570,13534,-35
1169580,13549,-43,1169590,13539,-46
1169600,13527,-38,1169610,13541,-40
1169620,13545,-47,1169630,13548,-47
1169640,13538,-41,1169650,13536,-43
1169660,13537,-54,1169670,13525,-42
1169680,13547,-41,1169690,13544,-51
1169700,13538,-45,1169710,13549,-43
1169720,13536,-44,1169730,13543,-46
1169740,13552,-43,1169750,13535,-47
1169760,13531,-49,1169770,13542,-43
1169780,13542,-52,1169790,13540,-45
1169800,13537,-42,1169810,13531,-43
1169820,13550,-51,1169830,13545,-47
1169840,13500,-48,1169850,13499,-46
1169860,13514,-43,1169870,13506,-48
1169880,13501,-42,1169890,13501,-54
1169900,13515,-35,1169910,13516,-48
1169920,13528,-43,1169930,13547,-45
1169940,13548,-40,1169950,13548,-40
1169960,13549,-50,1169970,13546,-45
1169980,13546,-42,1169990,13554,-51
1170000,13539,-43,1170010,13550,-39
1170020,13538,-42,1170030,13540,-44
1170040,13542,-44,1170050,13541,-38
1170060,13549,-46,1170070,13549,-46
1170080,13548,-43,1170090,13548,-41
1170100,13538,-53,1170110,13551,-41
1170120,13547,-36,1170130,13545,-45
1170140,13548,-47,1170150,13545,-39
1170160,13553,-44,1170170,13537,-46
1170180,13539,-44,1170190,13546,-42
1170200,13549,-49,1170210,13540,-46
1170220,13544,-32,1170230,13533,-43
1170240,13550,-43,1170250,13535,-42
1170260,13553,-41,1170270,13533,-43
1170280,13543,-46,1170290,13548,-44
1170300,13540,-53,1170310,13547,-44
1170320,13550,-44,1170330,13560,-48
1170340,13542,-45,1170350,13532,-46
1170360,13535,-49,1170370,13543,-45
1170380,13535,-39,1170390,13546,-46
1170400,13537,-42,1170410,13547,-41
1170420,13541,-43,1170430,13545,-51
1170440,13534,-37,1170450,13540,-44
1170460,13548,-36,1170470,13549,-50
1170480,13534,-45,1170490,13536,-47
1170500,13551,-48,1170510,13543,-48
1170520,13540,-53,1170530,13548,-49
1170540,13537,-45,1170550,13539,-45
1170560,13540,-43,1170570,13534,-45
1170580,13538,-49,1170590,13548,-46
1170600,13541,-39,1170610,13539,-46
1170620,13541,-51,1170630,13538,-51
1170640,13541,-45,1170650,13536,-51
1170660,13538,-49,1170670,13539,-52
1170680,13545,-50,1170690,13536,-38
1170700,13547,-45,1170710,13543,-39
1170720,13531,-41,1170730,13549,-54
1170740,13540,-47,1170750,13537,-53
1170760,13539,-47,1170770,13530,-52
1170780,13533,-46,1170790,13536,-43
1170800,13531,-49,1170810,13536,-56
1170820,13532,-41,1170830,13516,-51
1170840,13502,-44,1170850,13491,-47
1170860,13468,-52,1170870,13489,-35
1170880,13481,-48,1170890,13482,-46
1170900,13489,-53,1170910,13492,-45
1170920,13507,-55,1170930,13523,-51
1170940,13525,-41,1170950,13559,-43
1170960,13559,-58,1170970,13546,-46
1170980,13563,-37,1170990,13545,-50
1171000,13556,-49,1171010,13545,-38
1171020,13548,-41,1171030,13539,-43
1171040,13542,-47,1171050,13550,-46
1171060,13561,-47,1171070,13547,-44
1171080,13557,-49,1171090,13549,-41
1171100,13554,-49,1171110,13556,-38
1171120,13549,-42,1171130,13540,-38
1171140,13547,-45,1171150,13543,-38
1171160,13539,-48,1171170,13546,-44
1171180,13553,-37,1171190,13545,-44
1171200,13539,-45,1171210,13540,-48
1171220,13545,-54,1171230,13548,-41
1171240,13538,-44,1171250,13544,-41
1171260,13552,-50,1171270,13551,-46
1171280,13555,-42,1171290,13540,-32
1171300,13540,-45,1171310,13541,-42
1171320,13548,-55,1171330,13540,-42
1171340,13540,-42,1171350,13552,-39
1171360,13545,-54,1171370,13544,-44
1171380,13545,-40,1171390,13542,-49
1171400,13550,-42,1171410,13546,-45
1171420,13548,-40,1171430,13546,-47
1171440,13537,-44,1171450,13532,-46
1171460,13536,-45,1171470,13539,-47
1171480,13550,-48,1171490,13532,-45
1171500,13551,-46,1171510,13551,-34
1171520,13560,-49,1171530,13539,-44
1171540,13542,-40,1171550,13544,-37
1171560,13543,-50,1171570,13538,-45
1171580,13538,-43,1171590,13545,-45
1171600,13542,-42,1171610,13539,-46
1171620,13539,-47,1171630,13536,-46
1171640,13534,-52,1171650,13546,-48
1171660,13542,-43,1171670,13545,-49
1171680,13552,-36,1171690,13544,-48
1171700,13548,-46,1171710,13530,-48
1171720,13550,-49,1171730,13535,-45
1171740,13538,-41,1171750,13542,-49
1171760,13538,-41,1171770,13545,-41
1171780,13551,-51,1171790,13544,-44
1171800,13534,-46,1171810,13531,-45
1171820,13523,-51,1171830,13502,-49
1171840,13508,-46,1171850,13513,-49
1171860,13513,-32,1171870,13500,-41
1171880,13515,-39,1171890,13506,-51
1171900,13503,-50,1171910,13518,-51
1171920,13552,-48,1171930,13542,-46
1171940,13539,-39,1171950,13546,-50
1171960,13545,-52,1171970,13544,-49
1171980,13557,-44,1171990,13552,-41
1172000,13526,-42,1172010,13545,-49
1172020,13536,-41,1172030,13535,-34
1172040,13548,-51,1172050,13532,-55
1172060,13534,-47,1172070,13539,-41
1172080,13545,-48,1172090,13536,-47
1172100,13543,-41,1172110,13548,-39
1172120,13548,-45,1172130,13539,-47
1172140,13532,-40,1172150,13533,-47
1172160,13545,-48,1172170,13543,-46
1172180,13537,-38,1172190,13547,-49
1172200,13538,-40,1172210,13536,-47
1172220,13531,-43,1172230,13542,-45
1172240,13545,-49,1172250,13537,-42
1172260,13536,-39,1172270,13552,-45
1172280,13545,-48,1172290,13532,-48
1172300,13533,-40,1172310,13546,-48
1172320,13549,-36,1172330,13543,-50
1172340,13544,-42,1172350,13537,-45
1172360,13541,-48,1172370,13534,-48
1172380,13540,-51,1172390,13534,-50
1172400,13542,-39,1172410,13534,-54
1172420,13528,-44,1172430,13537,-47
1172440,13534,-44,1172450,13532,-53
1172460,13533,-46,1172470,13541,-53
1172480,13535,-43,1172490,13541,-47
1172500,13543,-52,1172510,13542,-49
1172520,13545,-41,1172530,13536,-46
1172540,13540,-51,1172550,13532,-39
1172560,13533,-53,1172570,13525,-53
1172580,13532,-50,1172590,13537,-50
1172600,13533,-46,1172610,13539,-39
1172620,13543,-37,1172630,13533,-45
1172640,13548,-46,1172650,13540,-49
1172660,13543,-43,1172670,13542,-46
1172680,13546,-54,1172690,13550,-47
1172700,13551,-36,1172710,13531,-43
1172720,13539,-48,1172730,13529,-51
1172740,13536,-42,1172750,13538,-43
1172760,13529,-45,1172770,13545,-45
1172780,13523,-44,1172790,13543,-44
1172800,13545,-47,1172810,13535,-47
1172820,13518,-43,1172830,13510,-46
1172840,13506,-44,1172850,13487,-49
1172860,13495,-41,1172870,13487,-43
1172880,13484,-51,1172890,13479,-41
1172900,13494,-38,1172910,13510,-52
1172920,13521,-54,1172930,13545,-49
1172940,13540,-50,1172950,13546,-43
1172960,13546,-45,1172970,13542,-45
1172980,13555,-43,1172990,13550,-45
1173000,13532,-44,1173010,13546,-45
1173020,13541,-46,1173030,13538,-43
1173040,13553,-47,1173050,13539,-52
1173060,13546,-47,1173070,13541,-38
1173080,13544,-39,1173090,13552,-41
1173100,13549,-50,1173110,13528,-47
1173120,13543,-41,1173130,13547,-39
1173140,13540,-35,1173150,13539,-47
1173160,13545,-42,1173170,13534,-42
1173180,13538,-54,1173190,13546,-42
1173200,13536,-45,1173210,13540,-47
1173220,13541,-51,1173230,13553,-45
1173240,13548,-54,1173250,13539,-49
1173260,13544,-40,1173270,13548,-50
1173280,13535,-34,1173290,13526,-47
1173300,13538,-50,1173310,13539,-45
1173320,13537,-51,1173330,13536,-53
1173340,13546,-44,1173350,13535,-46
1173360,13542,-52,1173370,13542,-40
1173380,13540,-40,1173390,13543,-48
1173400,13543,-40,1173410,13542,-44
1173420,13544,-49,1173430,13531,-45
1173440,13538,-48,1173450,13526,-51
1173460,13525,-47,1173470,13538,-50
1173480,13546,-47,1173490,13545,-45
1173500,13543,-43,1173510,13550,-45
1173520,13543,-44,1173530,13533,-44
1173540,13533,-47,1173550,13531,-56
1173560,13535,-51,1173570,13536,-50
1173580,13539,-43,1173590,13541,-60
1173600,13539,-46,1173610,13537,-47
1173620,13532,-50,1173630,13543,-48
1173640,13542,-55,1173650,13542,-40
1173660,13538,-45,1173670,13536,-50
1173680,13535,-44,1173690,13529,-46
1173700,13531,-47,1173710,13528,-43
1173720,13531,-47,1173730,13534,-45
1173740,13554,-43,1173750,13543,-50
1173760,13536,-46,1173770,13532,-46
1173780,13541,-43,1173790,13548,-42
1173800,13541,-45,1173810,13523,-49
1173820,13520,-41,1173830,13497,-45
1173840,13505,-44,1173850,13510,-46
1173860,13494,-53,1173870,13513,-58
1173880,13507,-43,1173890,13509,-43
1173900,13524,-46,1173910,13545,-45
1173920,13543,-47,1173930,13536,-43
1173940,13545,-52,1173950,13549,-47
1173960,13540,-34,1173970,13534,-43
1173980,13563,-45,1173990,13543,-50
1174000,13539,-47,1174010,13549,-45
1174020,13545,-39,1174030,13546,-49
1174040,13545,-43,1174050,13551,-40
1174060,13548,-56,1174070,13545,-42
1174080,13529,-49,1174090,13544,-46
1174100,13538,-56,1174110,13536,-49
1174120,13538,-43,1174130,13546,-40
1174140,13545,-40,1174150,13530,-47
1174160,13543,-45,1174170,13539,-44
1174180,13549,-51,1174190,13553,-35
1174200,13537,-44,1174210,13534,-43
1174220,13544,-44,1174230,13550,-48
1174240,13537,-42,1174250,13541,-39
1174260,13529,-42,1174270,13543,-51
1174280,13539,-45,1174290,13543,-37
1174300,13544,-49,1174310,13534,-53
1174320,13541,-50,1174330,13531,-49
1174340,13536,-49,1174350,13544,-49
1174360,13537,-47,1174370,13540,-45
1174380,13540,-47,1174390,13534,-52
1174400,13540,-44,1174410,13542,-49
1174420,13532,-51,1174430,13541,-48
1174440,13537,-48,1174450,13540,-51
1174460,13540,-47,1174470,13554,-42
1174480,13527,-42,1174490,13538,-48
1174500,13548,-42,1174510,13538,-48
1174520,13542,-58,1174530,13534,-40
1174540,13547,-43,1174550,13550,-48
1174560,13539,-48,1174570,13546,-46
1174580,13528,-38,1174590,13537,-38
1174600,13540,-43,1174610,13532,-35
1174620,13539,-49,1174630,13539,-44
1174640,13547,-48,1174650,13542,-53
1174660,13538,-57,1174670,13543,-50
1174680,13547,-36,1174690,13538,-46
1174700,13535,-41,1174710,13548,-42
1174720,13542,-41,1174730,13551,-38
1174740,13543,-50,1174750,13548,-41
1174760,13535,-38,1174770,13539,-46
1174780,13541,-48,1174790,13541,-43
1174800,13543,-49,1174810,13523,-37
1174820,13512,-46,1174830,13497,-43
1174840,13486,-45,1174850,13494,-44
1174860,13492,-52,1174870,13488,-40
1174880,13480,-46,1174890,13482,-49
1174900,13512,-41,1174910,13521,-55
1174920,13553,-44,1174930,13548,-50
1174940,13546,-45,1174950,13557,-44
1174960,13548,-46,1174970,13549,-48
1174980,13553,-47,1174990,13540,-47
1175000,13542,-49,1175010,13554,-57
1175020,13535,-38,1175030,13556,-53
1175040,13541,-54,1175050,13534,-36
1175060,13550,-44,1175070,13547,-51
1175080,13544,-56,1175090,13540,-49
1175100,13544,-36,1175110,13537,-45
1175120,13552,-40,1175130,13541,-36
1175140,13543,-42,1175150,13542,-48
1175160,13547,-51,1175170,13535,-50
1175180,13537,-54,1175190,13540,-45
1175200,13545,-51,1175210,13549,-45
1175220,13542,-41,1175230,13536,-49
1175240,13558,-46,1175250,13543,-41
1175260,13545,-46,1175270,13553,-46
1175280,13537,-42,1175290,13549,-57
1175300,13549,-44,1175310,13557,-45
1175320,13543,-48,1175330,13534,-42
1175340,13546,-43,1175350,13544,-44
1175360,13553,-51,1175370,13535,-47
1175380,13538,-43,1175390,13543,-43
1175400,13541,-49,1175410,13553,-48
1175420,13552,-48,1175430,13544,-49
1175440,13535,-46,1175450,13538,-45
1175460,13535,-53,1175470,13533,-51
1175480,13541,-49,1175490,13549,-42
1175500,13538,-49,1175510,13539,-43
1175520,13542,-41,1175530,13545,-45
1175540,13547,-52,1175550,13535,-49
1175560,13533,-50,1175570,13534,-44
1175580,13540,-54,1175590,13547,-42
1175600,13552,-45,1175610,13542,-49
1175620,13542,-46,1175630,13545,-39
1175640,13543,-38,1175650,13539,-54
1175660,13532,-45,1175670,13546,-49
1175680,13541,-38,1175690,13540,-39
1175700,13541,-33,1175710,13535,-44
1175720,13542,-46,1175730,13549,-37
1175740,13547,-40,1175750,13539,-45
1175760,13546,-51,1175770,13541,-42
1175780,13537,-47,1175790,13545,-42
1175800,13528,-46,1175810,13517,-42
1175820,13522,-51,1175830,13509,-37
1175840,13511,-50,1175850,13511,-42
1175860,13514,-39,1175870,13514,-47
1175880,13514,-38,1175890,13519,-41
1175900,13539,-46,1175910,13551,-45
1175920,13540,-35,1175930,13553,-42
1175940,13550,-40,1175950,13549,-43
1175960,13546,-36,1175970,13533,-44
1175980,13551,-44,1175990,13547,-51
1176000,13546,-46,1176010,13534,-38
1176020,13546,-51,1176030,13541,-44
1176040,13548,-48,1176050,13551,-48
1176060,13537,-44,1176070,13547,-39
1176080,13538,-49,1176090,13545,-38
1176100,13540,-44,1176110,13546,-49
1176120,13537,-51,1176130,13537,-51
1176140,13533,-36,1176150,13541,-48
1176160,13541,-44,1176170,13536,-35
1176180,13541,-46,1176190,13538,-43
1176200,13542,-46,1176210,13542,-38
1176220,13544,-42,1176230,13548,-38
1176240,13549,-48,1176250,13549,-44
1176260,13547,-45,1176270,13542,-47
1176280,13547,-48,1176290,13548,-36
1176300,13544,-41,1176310,13541,-56
1176320,13537,-42,1176330,13547,-42
1176340,13542,-46,1176350,13537,-45
1176360,13547,-51,1176370,13540,-41
1176380,13553,-47,1176390,13546,-47
1176400,13548,-45,1176410,13553,-37
1176420,13534,-47,1176430,13538,-39
1176440,13546,-45,1176450,13539,-43
1176460,13541,-48,1176470,13542,-49
1176480,13536,-48,1176490,13533,-51
1176500,13539,-47,1176510,13552,-40
1176520,13541,-50,1176530,13541,-51
1176540,13547,-46,1176550,13541,-40
1176560,13544,-42,1176570,13550,-46
1176580,13537,-46,1176590,13543,-45
1176600,13535,-47,1176610,13542,-46
1176620,13541,-44,1176630,13548,-43
1176640,13544,-38,1176650,13545,-52
1176660,13535,-49,1176670,13533,-43
1176680,13551,-48,1176690,13535,-57
1176700,13541,-43,1176710,13541,-49
1176720,13550,-49,1176730,13540,-56
1176740,13544,-53,1176750,13543,-52
1176760,13545,-50,1176770,13547,-44
1176780,13537,-42,1176790,13542,-48
1176800,13549,-42,1176810,13519,-45
1176820,13490,-52,1176830,13487,-41
1176840,13486,-44,1176850,13488,-44
1176860,13500,-38,1176870,13493,-47
1176880,13503,-45,1176890,13497,-42
1176900,13513,-45,1176910,13527,-45
1176920,13544,-40,1176930,13550,-46
1176940,13547,-49,1176950,13549,-49
1176960,13546,-42,1176970,13547,-37
1176980,13548,-57,1176990,13540,-43
1177000,13551,-48,1177010,13552,-42
1177020,13561,-40,1177030,13536,-42
1177040,13547,-52,1177050,13526,-52
1177060,13549,-35,1177070,13550,-49
1177080,13548,-43,1177090,13550,-38
1177100,13556,-44,1177110,13540,-36
1177120,13545,-49,1177130,13550,-52
1177140,13544,-38,1177150,13536,-48
1177160,13554,-42,1177170,13540,-43
1177180,13535,-43,1177190,13543,-44
1177200,13544,-45,1177210,13536,-48
1177220,13528,-47,1177230,13546,-47
1177240,13531,-50,1177250,13540,-45
1177260,13526,-47,1177270,13534,-44
1177280,13536,-48,1177290,13550,-35
1177300,13548,-48,1177310,13536,-36
1177320,13541,-51,1177330,13546,-47
1177340,13549,-47,1177350,13542,-42
1177360,13549,-46,1177370,13540,-32
1177380,13551,-46,1177390,13538,-42
1177400,13547,-49,1177410,13540,-49
1177420,13546,-46,1177430,13531,-48
1177440,13538,-36,1177450,13537,-39
1177460,13548,-47,1177470,13541,-45
1177480,13543,-41,1177490,13549,-46
1177500,13536,-48,1177510,13541,-44
1177520,13549,-45,1177530,13546,-52
1177540,13538,-47,1177550,13537,-57
1177560,13535,-46,1177570,13535,-46
1177580,13546,-46,1177590,13537,-43
1177600,13554,-41,1177610,13547,-46
1177620,13541,-46,1177630,13543,-48
1177640,13538,-47,1177650,13506,-48
1177660,13538,-50,1177670,13547,-43
1177680,13542,-35,1177690,13553,-47
1177700,13537,-40,1177710,13543,-30
1177720,13544,-41,1177730,13538,-42
1177740,13538,-47,1177750,13549,-45
1177760,13531,-50,1177770,13539,-46
1177780,13547,-47,1177790,13541,-48
1177800,13518,-47,1177810,13518,-48
1177820,13504,-48,1177830,13512,-44
1177840,13520,-44,1177850,13519,-47
1177860,13509,-53,1177870,13511,-44
1177880,13519,-38,1177890,13518,-45
1177900,13543,-50,1177910,13531,-47
1177920,13540,-51,1177930,13548,-44
1177940,13542,-43,1177950,13551,-41
1177960,13537,-46,1177970,13543,-47
1177980,13560,-42,1177990,13550,-49
1178000,13549,-44,1178010,13549,-41
1178020,13543,-45,1178030,13560,-43
1178040,13553,-49,1178050,13557,-44
1178060,13552,-45,1178070,13561,-50
1178080,13540,-48,1178090,13544,-48
1178100,13548,-47,1178110,13542,-45
1178120,13548,-41,1178130,13535,-45
1178140,13538,-43,1178150,13551,-50
1178160,13539,-43,1178170,13552,-45
1178180,13537,-43,1178190,13550,-44
1178200,13547,-48,1178210,13539,-51
1178220,13533,-43,1178230,13542,-58
1178240,13544,-43,1178250,13503,-48
1178260,13542,-39,1178270,13531,-42
1178280,13538,-44,1178290,13542,-39
1178300,13527,-50,1178310,13537,-42
1178320,13533,-42,1178330,13542,-48
1178340,13548,-37,1178350,13529,-41
1178360,13535,-43,1178370,13532,-48
1178380,13551,-45,1178390,13541,-41
1178400,13533,-50,1178410,13531,-51
1178420,13543,-44,1178430,13529,-41
1178440,13551,-40,1178450,13539,-40
1178460,13534,-50,1178470,13535,-51
1178480,13539,-53,1178490,13521,-55
1178500,13537,-53,1178510,13537,-35
1178520,13538,-52,1178530,13530,-50
1178540,13531,-47,1178550,13534,-48
1178560,13538,-45,1178570,13538,-37
1178580,13529,-49,1178590,13536,-47
1178600,13535,-43,1178610,13532,-49
1178620,13542,-47,1178630,13539,-50
1178640,13534,-51,1178650,13548,-58
1178660,13545,-37,1178670,13548,-46
1178680,13528,-53,1178690,13532,-54
1178700,13533,-48,1178710,13525,-52
1178720,13544,-48,1178730,13538,-47
1178740,13542,-49,1178750,13546,-41
1178760,13540,-45,1178770,13541,-48
1178780,13535,-48,1178790,13527,-41
1178800,13528,-44,1178810,13504,-45
1178820,13493,-50,1178830,13496,-46
1178840,13488,-49,1178850,13496,-49
1178860,13469,-40,1178870,13489,-47
1178880,13506,-39,1178890,13509,-50
1178900,13528,-47,1178910,13533,-48
1178920,13542,-46,1178930,13553,-43
1178940,13554,-40,1178950,13553,-44
1178960,13542,-40,1178970,13549,-46
1178980,13553,-37,1178990,13539,-44
1179000,13556,-42,1179010,13556,-43
1179020,13549,-43,1179030,13546,-43
1179040,13543,-44,1179050,13546,-50
1179060,13539,-45,1179070,13542,-50
1179080,13542,-43,1179090,13550,-45
1179100,13540,-51,1179110,13541,-54
1179120,13524,-51,1179130,13547,-41
1179140,13548,-38,1179150,13532,-46
1179160,13539,-48,1179170,13533,-46
1179180,13541,-51,1179190,13539,-45
1179200,13533,-42,1179210,13538,-45
1179220,13545,-45,1179230,13536,-46
1179240,13541,-50,1179250,13540,-44
1179260,13547,-46,1179270,13539,-44
1179280,13535,-39,1179290,13536,-50
1179300,13527,-49,1179310,13529,-42
1179320,13548,-41,1179330,13538,-41
1179340,13545,-45,1179350,13532,-44
1179360,13536,-44,1179370,13541,-42
1179380,13549,-47,1179390,13531,-54
1179400,13532,-51,1179410,13541,-53
1179420,13540,-47,1179430,13530,-54
1179440,13544,-44,1179450,13548,-37
1179460,13538,-41,1179470,13534,-59
1179480,13529,-43,1179490,13542,-51
1179500,13539,-38,1179510,13548,-45
1179520,13555,-43,1179530,13537,-41
1179540,13531,-44,1179550,13532,-47
1179560,13542,-54,1179570,13532,-42
1179580,13549,-52,1179590,13554,-39
1179600,13543,-55,1179610,13538,-42
1179620,13525,-44,1179630,13539,-47
1179640,13534,-54,1179650,13542,-48
1179660,13538,-43,1179670,13533,-38
1179680,13533,-43,1179690,13547,-46
1179700,13526,-58,1179710,13547,-44
1179720,13526,-46,1179730,13547,-40
1179740,13538,-55,1179750,13547,-45
1179760,13540,-45,1179770,13537,-41
1179780,13540,-44,1179790,13534,-35
1179800,13528,-42,1179810,13506,-44
1179820,13495,-49,1179830,13501,-41
1179840,13500,-52,1179850,13519,-44
1179860,13518,-47,1179870,13514,-45
1179880,13522,-50,1179890,13536,-48
1179900,13538,-44,1179910,13541,-48
1179920,13544,-41,1179930,13534,-46
1179940,13540,-42,1179950,13526,-45
1179960,13547,-45,1179970,13539,-46
1179980,13550,-59,1179990,13538,-46
1180000,13551,-48,1180010,13541,-34
1180020,13547,-44,1180030,13532,-45
1180040,13545,-47,1180050,13509,-54
1180060,13535,-49,1180070,13528,-55
1180080,13544,-57,1180090,13554,-44
1180100,13539,-43,1180110,13543,-52
1180120,13532,-43,1180130,13537,-48
1180140,13543,-38,1180150,13543,-46
1180160,13539,-44,1180170,13539,-41
1180180,13555,-47,1180190,13540,-49
1180200,13541,-47,1180210,13538,-44
1180220,13540,-41,1180230,13536,-49
1180240,13551,-42,1180250,13543,-47
1180260,13550,-46,1180270,13544,-44
1180280,13548,-38,1180290,13538,-49
1180300,13549,-41,1180310,13547,-50
1180320,13539,-37,1180330,13544,-47
1180340,13545,-39,1180350,13541,-46
1180360,13544,-42,1180370,13545,-47
1180380,13536,-45,1180390,13554,-46
1180400,13549,-48,1180410,13554,-44
1180420,13538,-49,1180430,13534,-46
1180440,13541,-48,1180450,13545,-49
1180460,13547,-40,1180470,13536,-49
1180480,13534,-39,1180490,13542,-47
1180500,13541,-41,1180510,13552,-56
1180520,13533,-49,1180530,13553,-48
1180540,13541,-49,1180550,13540,-47
1180560,13546,-50,1180570,13539,-38
1180580,13544,-43,1180590,13542,-36
1180600,13542,-48,1180610,13542,-54
1180620,13548,-55,1180630,13548,-42
1180640,13537,-40,1180650,13540,-45
1180660,13535,-44,1180670,13538,-44
1180680,13545,-50,1180690,13543,-41
1180700,13547,-52,1180710,13550,-50
1180720,13535,-55,1180730,13528,-46
1180740,13529,-36,1180750,13546,-48
1180760,13528,-41,1180770,13527,-44
1180780,13535,-40,1180790,13525,-50
1180800,13505,-50,1180810,13499,-51
1180820,13482,-48,1180830,13473,-41
1180840,13468,-49,1180850,13488,-42
1180860,13482,-40,1180870,13495,-51
1180880,13504,-45,1180890,13518,-43
1180900,13529,-43,1180910,13535,-38
1180920,13559,-43,1180930,13544,-38
1180940,13535,-39,1180950,13543,-43
1180960,13535,-47,1180970,13549,-41
1180980,13534,-49,1180990,13547,-44
1181000,13542,-47,1181010,13541,-44
1181020,13543,-38,1181030,13541,-45
1181040,13537,-53,1181050,13534,-44
1181060,13544,-46,1181070,13548,-45
1181080,13550,-42,1181090,13550,-39
1181100,13544,-44,1181110,13544,-51
1181120,13541,-55,1181130,13542,-48
1181140,13546,-41,1181150,13547,-36
1181160,13553,-40,1181170,13551,-44
1181180,13544,-47,1181190,13538,-44
1181200,13537,-41,1181210,13542,-42
1181220,13550,-41,1181230,13559,-49
1181240,13534,-46,1181250,13521,-38
1181260,13544,-51,1181270,13538,-42
1181280,13540,-41,1181290,13543,-47
1181300,13538,-52,1181310,13538,-46
1181320,13546,-38,1181330,13534,-51
1181340,13548,-45,1181350,13536,-49
1181360,13540,-42,1181370,13539,-46
1181380,13537,-47,1181390,13536,-44
1181400,13538,-50,1181410,13537,-44
1181420,13532,-44,1181430,13540,-45
1181440,13537,-39,1181450,13536,-43
1181460,13539,-41,1181470,13545,-41
1181480,13534,-42,1181490,13540,-43
1181500,13541,-44,1181510,13543,-47
1181520,13531,-50,1181530,13548,-40
1181540,13532,-43,1181550,13548,-47
1181560,13535,-40,1181570,13538,-46
1181580,13542,-57,1181590,13532,-48
1181600,13540,-53,1181610,13529,-42
1181620,13541,-43,1181630,13529,-50
1181640,13535,-47,1181650,13537,-44
1181660,13524,-46,1181670,13542,-48
1181680,13537,-49,1181690,13542,-47
1181700,13552,-44,1181710,13548,-47
1181720,13541,-48,1181730,13537,-30
1181740,13547,-46,1181750,13539,-46
1181760,13542,-48,1181770,13532,-49
1181780,13528,-48,1181790,13517,-44
1181800,13509,-35,1181810,13497,-43
1181820,13512,-43,1181830,13510,-45
1181840,13509,-49,1181850,13512,-48
1181860,13507,-49,1181870,13514,-46
1181880,13523,-43,1181890,13547,-47
1181900,13542,-44,1181910,13547,-39
1181920,13549,-42,1181930,13534,-45
1181940,13536,-45,1181950,13546,-43
1181960,13541,-49,1181970,13560,-45
1181980,13544,-40,1181990,13546,-41
1182000,13545,-41,1182010,13552,-38
1182020,13550,-49,1182030,13541,-48
1182040,13545,-43,1182050,13546,-47
1182060,13553,-47,1182070,13542,-52
1182080,13550,-46,1182090,13542,-53
1182100,13538,-53,1182110,13536,-49
1182120,13546,-49,1182130,13551,-43
1182140,13547,-49,1182150,13559,-49
1182160,13539,-51,1182170,13550,-58
1182180,13538,-50,1182190,13539,-39
1182200,13549,-40,1182210,13541,-50
1182220,13543,-40,1182230,13541,-49
1182240,13539,-60,1182250,13550,-51
1182260,13540,-44,1182270,13545,-50
1182280,13539,-46,1182290,13545,-39
1182300,13541,-46,1182310,13540,-44
1182320,13549,-42,1182330,13547,-47
1182340,13532,-40,1182350,13538,-39
1182360,13552,-48,1182370,13541,-42
1182380,13539,-37,1182390,13541,-47
1182400,13536,-48,1182410,13532,-50
1182420,13540,-50,1182430,13542,-37
1182440,13538,-42,1182450,13542,-44
1182460,13552,-42,1182470,13549,-38
1182480,13538,-47,1182490,13536,-52
1182500,13540,-53,1182510,13538,-47
1182520,13547,-47,1182530,13539,-53
1182540,13542,-39,1182550,13543,-49
1182560,13545,-47,1182570,13539,-48
1182580,13531,-40,1182590,13541,-50
1182600,13550,-44,1182610,13551,-39
1182620,13538,-47,1182630,13541,-42
1182640,13539,-51,1182650,13544,-44
1182660,13546,-43,1182670,13543,-46
1182680,13544,-48,1182690,13535,-49
1182700,13545,-50,1182710,13554,-46
1182720,13533,-42,1182730,13547,-45
1182740,13546,-46,1182750,13538,-47
1182760,13543,-46,1182770,13542,-42
1182780,13539,-39,1182790,13517,-52
1182800,13494,-42,1182810,13493,-38
1182820,13493,-39,1182830,13475,-41
1182840,13487,-49,1182850,13496,-44
1182860,13486,-49,1182870,13504,-52
1182880,13529,-46,1182890,13544,-48
1182900,13547,-40,1182910,13538,-40
1182920,13560,-38,1182930,13554,-44
1182940,13551,-45,1182950,13546,-52
1182960,13556,-42,1182970,13560,-47
1182980,13543,-53,1182990,13551,-42
1183000,13549,-40,1183010,13545,-46
1183020,13548,-44,1183030,13540,-44
1183040,13551,-40,1183050,13547,-34
1183060,13554,-46,1183070,13562,-43
1183080,13552,-45,1183090,13549,-48
1183100,13557,-38,1183110,13547,-41
1183120,13550,-47,1183130,13545,-41
1183140,13552,-45,1183150,13551,-44
1183160,13555,-44,1183170,13554,-41
1183180,13562,-34,1183190,13534,-38
1183200,13551,-47,1183210,13541,-39
1183220,13540,-49,1183230,13533,-43
1183240,13539,-38,1183250,13540,-48
1183260,13553,-38,1183270,13542,-46
1183280,13543,-42,1183290,13537,-47
1183300,13546,-47,1183310,13551,-51
1183320,13550,-56,1183330,13538,-50
1183340,13542,-45,1183350,13544,-42
1183360,13544,-49,1183370,13536,-51
1183380,13542,-44,1183390,13553,-39
1183400,13531,-44,1183410,13542,-47
1183420,13557,-47,1183430,13542,-40
1183440,13545,-42,1183450,13546,-45
1183460,13539,-42,1183470,13537,-48
1183480,13548,-39,1183490,13534,-43
1183500,13553,-49,1183510,13540,-40
1183520,13539,-52,1183530,13549,-45
1183540,13536,-47,1183550,13549,-42
1183560,13544,-43,1183570,13552,-47
1183580,13546,-38,1183590,13549,-40
1183600,13540,-41,1183610,13528,-44
1183620,13534,-42,1183630,13555,-41
1183640,13541,-33,1183650,13555,-49
1183660,13547,-50,1183670,13556,-40
1183680,13546,-47,1183690,13549,-39
1183700,13542,-41,1183710,13551,-44
1183720,13559,-46,1183730,13551,-47
1183740,13540,-40,1183750,13553,-43
1183760,13551,-45,1183770,13537,-43
1183780,13528,-52,1183790,13503,-40
1183800,13506,-43,1183810,13515,-54
1183820,13510,-49,1183830,13516,-52
1183840,13516,-51,1183850,13501,-51
1183860,13519,-38,1183870,13531,-43
1183880,13545,-49,1183890,13552,-52
1183900,13546,-48,1183910,13552,-43
1183920,13551,-44,1183930,13552,-37
1183940,13545,-49,1183950,13547,-43
1183960,13548,-46,1183970,13538,-47
1183980,13558,-39,1183990,13548,-44
1184000,13549,-52,1184010,13547,-45
1184020,13552,-49,1184030,13542,-42
1184040,13547,-45,1184050,13550,-42
1184060,13542,-43,1184070,13547,-43
1184080,13553,-46,1184090,13543,-43
1184100,13545,-39,1184110,13546,-44
1184120,13549,-46,1184130,13553,-52
1184140,13549,-44,1184150,13547,-47
1184160,13542,-49,1184170,13533,-45
1184180,13542,-51,1184190,13545,-47
1184200,13537,-49,1184210,13547,-49
1184220,13546,-39,1184230,13538,-46
1184240,13538,-47,1184250,13533,-52
1184260,13542,-45,1184270,13561,-50
1184280,13540,-48,1184290,13540,-49
1184300,13543,-46,1184310,13544,-46
1184320,13540,-45,1184330,13532,-44
1184340,13542,-46,1184350,13549,-50
1184360,13535,-48,1184370,13550,-45
1184380,13543,-41,1184390,13551,-52
1184400,13537,-53,1184410,13545,-39
1184420,13544,-54,1184430,13553,-32
1184440,13545,-36,1184450,13536,-42
1184460,13550,-47,1184470,13540,-47
1184480,13545,-39,1184490,13543,-39
1184500,13535,-33,1184510,13548,-50
1184520,13544,-39,1184530,13542,-42
1184540,13553,-45,1184550,13551,-49
1184560,13543,-41,1184570,13550,-54
1184580,13552,-47,1184590,13540,-46
1184600,13540,-49,1184610,13535,-47
1184620,13558,-53,1184630,13549,-37
1184640,13550,-40,1184650,13543,-43
1184660,13541,-46,1184670,13538,-38
1184680,13537,-45,1184690,13547,-47
1184700,13552,-48,1184710,13529,-53
1184720,13545,-52,1184730,13540,-45
1184740,13542,-46,1184750,13538,-40
1184760,13550,-43,1184770,13531,-44
1184780,13527,-54,1184790,13513,-47
1184800,13492,-46,1184810,13480,-47
1184820,13496,-39,1184830,13496,-48
1184840,13495,-48,1184850,13503,-41
1184860,13501,-54,1184870,13516,-56
1184880,13529,-54,1184890,13549,-53
1184900,13558,-51,1184910,13554,-47
1184920,13538,-49,1184930,13543,-50
1184940,13554,-42,1184950,13554,-53
1184960,13550,-41,1184970,13568,-43
1184980,13546,-56,1184990,13552,-41
1185000,13541,-48,1185010,13545,-42
1185020,13546,-53,1185030,13544,-46
1185040,13558,-38,1185050,13553,-40
1185060,13550,-43,1185070,13547,-45
1185080,13548,-47,1185090,13558,-44
1185100,13545,-48,1185110,13547,-43
1185120,13559,-46,1185130,13547,-49
1185140,13553,-50,1185150,13559,-41
1185160,13540,-51,1185170,13539,-36
1185180,13561,-38,1185190,13552,-39
1185200,13559,-44,1185210,13551,-45
1185220,13547,-40,1185230,13556,-55
1185240,13547,-42,1185250,13558,-47
1185260,13548,-47,1185270,13563,-47
1185280,13538,-41,1185290,13552,-44
1185300,13542,-46,1185310,13540,-48
1185320,13550,-43,1185330,13550,-56
1185340,13545,-43,1185350,13540,-48
1185360,13543,-44,1185370,13551,-49
1185380,13539,-43,1185390,13546,-52
1185400,13547,-44,1185410,13538,-53
1185420,13548,-45,1185430,13556,-54
1185440,13538,-50,1185450,13549,-40
1185460,13541,-40,1185470,13540,-40
1185480,13542,-45,1185490,13546,-50
1185500,13536,-45,1185510,13544,-44
1185520,13538,-44,1185530,13537,-40
1185540,13544,-46,1185550,13552,-48
1185560,13545,-51,1185570,13547,-47
1185580,13547,-45,1185590,13535,-46
1185600,13545,-56,1185610,13547,-46
1185620,13538,-43,1185630,13548,-31
1185640,13555,-43,1185650,13544,-41
1185660,13542,-40,1185670,13543,-55
1185680,13538,-49,1185690,13537,-45
1185700,13540,-41,1185710,13555,-52
1185720,13535,-46,1185730,13538,-51
1185740,13528,-42,1185750,13541,-49
1185760,13557,-41,1185770,13534,-49
1185780,13517,-49,1185790,13529,-44
1185800,13511,-44,1185810,13514,-47
1185820,13517,-43,1185830,13516,-36
1185840,13511,-43,1185850,13512,-42
1185860,13530,-55,1185870,13529,-39
1185880,13544,-42,1185890,13557,-47
1185900,13547,-34,1185910,13546,-45
1185920,13557,-55,1185930,13537,-56
1185940,13554,-44,1185950,13550,-45
1185960,13543,-44,1185970,13549,-43
1185980,13544,-52,1185990,13535,-45
1186000,13546,-49,1186010,13544,-46
1186020,13543,-42,1186030,13545,-55
1186040,13542,-45,1186050,13535,-47
1186060,13526,-47,1186070,13531,-42
1186080,13546,-39,1186090,13536,-48
1186100,13536,-59,1186110,13547,-43
1186120,13536,-53,1186130,13532,-44
1186140,13551,-36,1186150,13537,-44
1186160,13549,-51,1186170,13539,-42
1186180,13540,-60,1186190,13551,-44
1186200,13537,-43,1186210,13535,-54
1186220,13541,-37,1186230,13547,-49
1186240,13549,-34,1186250,13539,-42
1186260,13543,-46,1186270,13543,-49
1186280,13531,-49,1186290,13537,-45
1186300,13534,-43,1186310,13545,-48
1186320,13540,-47,1186330,13544,-46
1186340,13553,-44,1186350,13535,-43
1186360,13532,-40,1186370,13537,-48
1186380,13540,-50,1186390,13554,-48
1186400,13534,-44,1186410,13550,-47
1186420,13542,-48,1186430,13540,-44
1186440,13544,-40,1186450,13542,-45
1186460,13540,-40,1186470,13534,-40
1186480,13537,-41,1186490,13538,-41
1186500,13540,-42,1186510,13543,-44
1186520,13543,-42,1186530,13531,-43
1186540,13553,-48,1186550,13540,-41
1186560,13530,-48,1186570,13538,-37
1186580,13547,-45,1186590,13530,-40
1186600,13542,-42,1186610,13534,-42
1186620,13539,-50,1186630,13538,-51
1186640,13504,-41,1186650,13537,-56
1186660,13529,-50,1186670,13531,-44
1186680,13538,-43,1186690,13540,-41
1186700,13540,-50,1186710,13539,-46
1186720,13541,-44,1186730,13540,-49
1186740,13537,-50,1186750,13546,-47
1186760,13534,-50,1186770,13528,-49
1186780,13503,-45,1186790,13504,-44
1186800,13497,-41,1186810,13498,-45
1186820,13494,-40,1186830,13499,-41
1186840,13496,-42,1186850,13496,-44
1186860,13502,-46,1186870,13539,-42
1186880,13547,-48,1186890,13546,-48
1186900,13558,-53,1186910,13541,-51
1186920,13552,-46,1186930,13538,-49
1186940,13552,-44,1186950,13556,-47
1186960,13555,-45,1186970,13549,-37
1186980,13539,-51,1186990,13541,-41
1187000,13548,-41,1187010,13546,-38
1187020,13553,-42,1187030,13541,-47
1187040,13542,-45,1187050,13536,-47
1187060,13539,-43,1187070,13539,-48
1187080,13534,-51,1187090,13547,-42
1187100,13543,-45,1187110,13551,-34
1187120,13544,-40,1187130,13550,-49
1187140,13563,-48,1187150,13548,-53
1187160,13540,-40,1187170,13548,-51
1187180,13540,-44,1187190,13539,-46
1187200,13531,-45,1187210,13540,-49
1187220,13542,-55,1187230,13549,-39
1187240,13521,-52,1187250,13553,-39
1187260,13541,-45,1187270,13540,-53
1187280,13538,-48,1187290,13541,-50
1187300,13547,-41,1187310,13534,-51
1187320,13541,-41,1187330,13542,-51
1187340,13538,-38,1187350,13529,-43
1187360,13547,-52,1187370,13540,-43
1187380,13536,-42,1187390,13542,-50
1187400,13551,-49,1187410,13557,-45
1187420,13540,-41,1187430,13544,-49
1187440,13527,-44,1187450,13539,-50
1187460,13552,-53,1187470,13527,-41
1187480,13545,-53,1187490,13539,-37
1187500,13540,-48,1187510,13533,-46
1187520,13541,-47,1187530,13530,-48
1187540,13535,-47,1187550,13547,-46
1187560,13544,-40,1187570,13548,-46
1187580,13539,-49,1187590,13533,-44
1187600,13547,-50,1187610,13543,-36
1187620,13535,-43,1187630,13540,-57
1187640,13544,-48,1187650,13542,-45
1187660,13538,-43,1187670,13536,-50
1187680,13548,-39,1187690,13546,-50
1187700,13548,-53,1187710,13530,-44
1187720,13546,-48,1187730,13535,-46
1187740,13544,-44,1187750,13533,-46
1187760,13524,-42,1187770,13508,-37
1187780,13500,-49,1187790,13509,-40
1187800,13507,-43,1187810,13501,-41
1187820,13505,-42,1187830,13503,-45
1187840,13488,-48,1187850,13527,-39
1187860,13541,-47,1187870,13547,-49
1187880,13541,-37,1187890,13550,-50
1187900,13546,-40,1187910,13555,-49
1187920,13540,-49,1187930,13545,-43
1187940,13537,-34,1187950,13545,-41
1187960,13545,-45,1187970,13553,-45
1187980,13541,-49,1187990,13545,-39
1188000,13538,-47,1188010,13540,-50
1188020,13546,-49,1188030,13548,-43
1188040,13536,-50,1188050,13544,-40
1188060,13550,-35,1188070,13532,-50
1188080,13535,-44,1188090,13547,-45
1188100,13545,-47,1188110,13540,-53
1188120,13533,-51,1188130,13546,-40
1188140,13534,-37,1188150,13544,-42
1188160,13536,-46,1188170,13538,-44
1188180,13537,-43,1188190,13539,-45
1188200,13547,-46,1188210,13534,-43
1188220,13537,-50,1188230,13550,-46
1188240,13548,-39,1188250,13540,-40
1188260,13547,-45,1188270,13537,-43
1188280,13542,-48,1188290,13547,-44
1188300,13543,-51,1188310,13553,-38
1188320,13535,-45,1188330,13544,-34
1188340,13537,-50,1188350,13534,-41
1188360,13560,-42,1188370,13540,-42
1188380,13541,-44,1188390,13539,-46
1188400,13525,-49,1188410,13540,-44
1188420,13548,-38,1188430,13543,-40
1188440,13513,-45,1188450,13543,-45
1188460,13533,-43,1188470,13533,-47
1188480,13545,-48,1188490,13536,-40
1188500,13543,-38,1188510,13535,-49
1188520,13539,-46,1188530,13535,-44
1188540,13527,-44,1188550,13535,-47
1188560,13534,-42,1188570,13533,-52
1188580,13527,-44,1188590,13540,-46
1188600,13548,-44,1188610,13531,-47
1188620,13535,-41,1188630,13543,-47
1188640,13545,-55,1188650,13543,-55
1188660,13527,-46,1188670,13522,-56
1188680,13538,-47,1188690,13536,-40
1188700,13543,-47,1188710,13532,-43
1188720,13541,-42,1188730,13530,-41
1188740,13539,-40,1188750,13537,-50
1188760,13516,-36,1188770,13509,-47
1188780,13493,-53,1188790,13485,-51
1188800,13480,-52,1188810,13480,-46
1188820,13492,-43,1188830,13486,-46
1188840,13502,-46,1188850,13508,-47
1188860,13531,-46,1188870,13536,-45
1188880,13543,-49,1188890,13538,-53
1188900,13541,-54,1188910,13541,-44
1188920,13552,-46,1188930,13547,-52
1188940,13539,-44,1188950,13546,-47
1188960,13531,-46,1188970,13544,-42
1188980,13549,-54,1188990,13540,-43
1189000,13550,-47,1189010,13539,-41
1189020,13545,-46,1189030,13538,-51
1189040,13513,-46,1189050,13543,-42
1189060,13509,-38,1189070,13549,-49
1189080,13541,-47,1189090,13541,-40
1189100,13535,-49,1189110,13537,-51
1189120,13543,-49,1189130,13543,-51
1189140,13543,-50,1189150,13552,-47
1189160,13540,-45,1189170,13547,-40
1189180,13532,-50,1189190,13544,-44
1189200,13559,-63,1189210,13539,-42
1189220,13550,-41,1189230,13541,-42
1189240,13546,-43,1189250,13536,-41
1189260,13535,-45,1189270,13544,-39
1189280,13542,-49,1189290,13538,-49
1189300,13548,-48,1189310,13538,-54
1189320,13549,-45,1189330,13535,-48
1189340,13547,-43,1189350,13535,-43
1189360,13538,-54,1189370,13550,-55
1189380,13544,-51,1189390,13532,-43
1189400,13539,-43,1189410,13532,-36
1189420,13544,-53,1189430,13534,-48
1189440,13531,-35,1189450,13535,-45
1189460,13540,-39,1189470,13537,-41
1189480,13546,-45,1189490,13538,-47
1189500,13539,-44,1189510,13544,-53
1189520,13541,-46,1189530,13549,-56
1189540,13540,-47,1189550,13540,-50
1189560,13540,-40,1189570,13527,-44
1189580,13528,-54,1189590,13537,-49
1189600,13539,-45,1189610,13548,-43
1189620,13532,-49,1189630,13539,-44
1189640,13540,-47,1189650,13529,-39
1189660,13542,-45,1189670,13547,-43
1189680,13542,-44,1189690,13534,-52
1189700,13538,-58,1189710,13537,-50
1189720,13529,-55,1189730,13536,-45
1189740,13540,-52,1189750,13531,-44
1189760,13530,-45,1189770,13502,-48
1189780,13507,-47,1189790,13509,-46
1189800,13513,-52,1189810,13522,-42
1189820,13518,-47,1189830,13506,-54
1189840,13511,-46,1189850,13528,-49
1189860,13536,-52,1189870,13531,-45
1189880,13552,-42,1189890,13538,-49
1189900,13539,-46,1189910,13546,-43
1189920,13548,-46,1189930,13540,-48
1189940,13541,-47,1189950,13544,-45
1189960,13550,-45,1189970,13562,-51
1189980,13543,-54,1189990,13538,-45
1190000,13545,-46,1190010,13539,-42
1190020,13534,-54,1190030,13535,-54
1190040,13539,-47,1190050,13552,-43
1190060,13553,-53,1190070,13553,-44
1190080,13545,-45,1190090,13533,-43
1190100,13540,-43,1190110,13539,-50
1190120,13539,-39,1190130,13557,-34
1190140,13543,-39,1190150,13537,-52
1190160,13536,-45,1190170,13531,-44
1190180,13532,-49,1190190,13532,-45
1190200,13538,-45,1190210,13527,-48
1190220,13529,-45,1190230,13536,-45
1190240,13535,-48,1190250,13546,-42
1190260,13539,-49,1190270,13539,-42
1190280,13542,-43,1190290,13550,-41
1190300,13537,-53,1190310,13538,-42
1190320,13546,-49,1190330,13553,-47
1190340,13544,-59,1190350,13552,-47
1190360,13542,-49,1190370,13543,-44
1190380,13541,-49,1190390,13546,-35
1190400,13537,-52,1190410,13551,-49
1190420,13540,-45,1190430,13540,-47
1190440,13531,-47,1190450,13537,-43
1190460,13529,-45,1190470,13534,-46
1190480,13551,-43,1190490,13537,-47
1190500,13535,-40,1190510,13535,-46
1190520,13534,-48,1190530,13530,-44
1190540,13534,-42,1190550,13525,-47
1190560,13535,-41,1190570,13539,-48
1190580,13542,-51,1190590,13530,-56
1190600,13527,-57,1190610,13543,-49
1190620,13530,-48,1190630,13540,-44
1190640,13537,-41,1190650,13525,-54
1190660,13527,-43,1190670,13539,-47
1190680,13532,-48,1190690,13529,-45
1190700,13527,-49,1190710,13525,-43
1190720,13536,-44,1190730,13540,-45
1190740,13538,-38,1190750,13503,-46
1190760,13508,-42,1190770,13487,-47
1190780,13482,-48,1190790,13474,-42
1190800,13481,-43,1190810,13466,-47
1190820,13478,-48,1190830,13469,-38
1190840,13488,-51,1190850,13490,-48
1190860,13527,-48,1190870,13532,-47
1190880,13539,-40,1190890,13538,-54
1190900,13535,-48,1190910,13543,-49
1190920,13535,-45,1190930,13542,-48
1190940,13537,-52,1190950,13539,-47
1190960,13553,-49,1190970,13535,-45
1190980,13528,-41,1190990,13546,-50
1191000,13533,-44,1191010,13537,-42
1191020,13533,-38,1191030,13554,-46
1191040,13537,-55,1191050,13538,-45
1191060,13543,-47,1191070,13537,-45
1191080,13535,-45,1191090,13536,-48
1191100,13527,-45,1191110,13533,-53
1191120,13547,-48,1191130,13547,-52
1191140,13542,-56,1191150,13540,-51
1191160,13533,-49,1191170,13545,-50
1191180,13545,-48,1191190,13544,-46
1191200,13561,-48,1191210,13547,-37
1191220,13543,-43,1191230,13529,-57
1191240,13542,-51,1191250,13544,-48
1191260,13536,-45,1191270,13545,-49
1191280,13537,-50,1191290,13546,-49
1191300,13543,-48,1191310,13553,-39
1191320,13541,-43,1191330,13545,-38
1191340,13533,-40,1191350,13531,-52
1191360,13536,-37,1191370,13531,-43
1191380,13544,-46,1191390,13553,-44
1191400,13539,-54,1191410,13544,-49
1191420,13535,-42,1191430,13543,-49
1191440,13540,-49,1191450,13531,-50
1191460,13538,-48,1191470,13536,-56
1191480,13549,-48,1191490,13545,-49
1191500,13531,-53,1191510,13539,-43
1191520,13539,-47,1191530,13537,-51
1191540,13538,-37,1191550,13536,-46
1191560,13529,-43,1191570,13538,-52
1191580,13520,-43,1191590,13542,-46
1191600,13534,-46,1191610,13550,-39
1191620,13538,-47,1191630,13534,-52
1191640,13537,-46,1191650,13541,-53
1191660,13530,-48,1191670,13528,-59
1191680,13542,-52,1191690,13536,-48
1191700,13532,-50,1191710,13535,-42
1191720,13542,-43,1191730,13542,-48
1191740,13535,-49,1191750,13523,-50
1191760,13507,-55,1191770,13502,-48
1191780,13507,-55,1191790,13498,-47
1191800,13498,-49,1191810,13505,-45
1191820,13497,-47,1191830,13498,-50
1191840,13515,-44,1191850,13545,-43
1191860,13534,-52,1191870,13535,-48
1191880,13527,-50,1191890,13529,-52
1191900,13534,-43,1191910,13539,-47
1191920,13534,-39,1191930,13535,-51
1191940,13544,-58,1191950,13542,-51
1191960,13546,-49,1191970,13538,-47
1191980,13539,-57,1191990,13536,-40
1192000,13547,-41,1192010,13546,-50
1192020,13528,-41,1192030,13537,-43
1192040,13536,-48,1192050,13535,-61
1192060,13533,-48,1192070,13545,-42
1192080,13533,-34,1192090,13541,-47
1192100,13532,-42,1192110,13535,-44
1192120,13544,-49,1192130,13537,-46
1192140,13527,-49,1192150,13531,-54
1192160,13527,-45,1192170,13534,-49
1192180,13529,-47,1192190,13541,-43
1192200,13545,-44,1192210,13551,-44
1192220,13546,-38,1192230,13536,-51
1192240,13532,-51,1192250,13540,-51
1192260,13528,-44,1192270,13538,-52
1192280,13535,-53,1192290,13539,-48
1192300,13534,-42,1192310,13525,-53
1192320,13525,-50,1192330,13543,-41
1192340,13539,-50,1192350,13540,-55
1192360,13540,-49,1192370,13541,-42
1192380,13529,-51,1192390,13546,-49
1192400,13545,-50,1192410,13541,-56
1192420,13544,-47,1192430,13530,-44
1192440,13530,-48,1192450,13541,-45
1192460,13548,-46,1192470,13537,-47
1192480,13552,-39,1192490,13537,-49
1192500,13530,-49,1192510,13543,-49
1192520,13537,-43,1192530,13544,-50
1192540,13536,-45,1192550,13527,-49
1192560,13530,-42,1192570,13536,-48
1192580,13533,-50,1192590,13540,-52
1192600,13536,-42,1192610,13530,-46
1192620,13526,-48,1192630,13542,-45
1192640,13530,-49,1192650,13539,-53
1192660,13538,-48,1192670,13539,-55
1192680,13534,-52,1192690,13538,-42
1192700,13534,-47,1192710,13529,-45
1192720,13541,-48,1192730,13538,-50
1192740,13526,-43,1192750,13521,-46
1192760,13497,-50,1192770,13483,-46
1192780,13486,-37,1192790,13498,-46
1192800,13488,-44,1192810,13485,-51
1192820,13498,-45,1192830,13498,-45
1192840,13511,-47,1192850,13517,-44
1192860,13538,-50,1192870,13554,-46
1192880,13548,-49,1192890,13554,-46
1192900,13548,-46,1192910,13536,-46
1192920,13547,-47,1192930,13543,-50
1192940,13534,-41,1192950,13539,-43
1192960,13554,-45,1192970,13556,-46
1192980,13542,-55,1192990,13543,-45
1193000,13543,-48,1193010,13535,-48
1193020,13542,-41,1193030,13540,-48
1193040,13540,-52,1193050,13543,-38
1193060,13543,-46,1193070,13550,-41
1193080,13546,-40,1193090,13534,-43
1193100,13541,-50,1193110,13545,-46
1193120,13540,-39,1193130,13535,-42
1193140,13534,-40,1193150,13534,-45
1193160,13537,-49,1193170,13543,-33
1193180,13536,-42,1193190,13544,-32
1193200,13550,-45,1193210,13544,-44
1193220,13540,-41,1193230,13543,-47
1193240,13545,-49,1193250,13549,-44
1193260,13536,-49,1193270,13533,-50
1193280,13545,-56,1193290,13535,-45
1193300,13534,-48,1193310,13544,-50
1193320,13534,-41,1193330,13537,-43
1193340,13542,-43,1193350,13537,-42
1193360,13542,-43,1193370,13537,-47
1193380,13552,-42,1193390,13544,-39
1193400,13538,-50,1193410,13541,-49
1193420,13533,-57,1193430,13554,-47
1193440,13533,-45,1193450,13538,-45
1193460,13543,-46,1193470,13545,-42
1193480,13539,-40,1193490,13537,-48
1193500,13539,-53,1193510,13541,-49
1193520,13542,-47,1193530,13548,-41
1193540,13538,-44,1193550,13534,-56
1193560,13536,-42,1193570,13542,-42
1193580,13549,-50,1193590,13527,-47
1193600,13541,-50,1193610,13542,-44
1193620,13546,-49,1193630,13533,-38
1193640,13534,-51,1193650,13538,-48
1193660,13541,-52,1193670,13541,-47
1193680,13537,-49,1193690,13538,-46
1193700,13535,-50,1193710,13534,-36
1193720,13546,-50,1193730,13549,-45
1193740,13532,-53,1193750,13518,-43
1193760,13508,-41,1193770,13518,-51
1193780,13502,-41,1193790,13507,-47
1193800,13499,-50,1193810,13514,-44
1193820,13511,-42,1193830,13514,-49
1193840,13544,-50,1193850,13535,-54
1193860,13539,-48,1193870,13537,-53
1193880,13534,-48,1193890,13543,-38
1193900,13532,-48,1193910,13540,-46
1193920,13540,-45,1193930,13537,-46
1193940,13540,-41,1193950,13531,-43
1193960,13550,-48,1193970,13540,-50
1193980,13520,-50,1193990,13552,-54
1194000,13541,-41,1194010,13545,-41
1194020,13546,-47,1194030,13542,-43
1194040,13537,-46,1194050,13539,-41
1194060,13535,-41,1194070,13539,-50
1194080,13532,-46,1194090,13543,-50
1194100,13530,-45,1194110,13542,-35
1194120,13540,-39,1194130,13550,-41
1194140,13538,-50,1194150,13542,-51
1194160,13552,-43,1194170,13538,-48
1194180,13549,-51,1194190,13556,-44
1194200,13532,-57,1194210,13545,-50
1194220,13535,-44,1194230,13537,-46
1194240,13547,-45,1194250,13548,-43
1194260,13539,-48,1194270,13535,-46
1194280,13539,-50,1194290,13551,-41
1194300,13546,-37,1194310,13548,-43
1194320,13540,-53,1194330,13548,-51
1194340,13533,-48,1194350,13548,-48
1194360,13548,-54,1194370,13533,-51
1194380,13542,-37,1194390,13537,-46
1194400,13540,-53,1194410,13534,-42
1194420,13530,-48,1194430,13542,-37
1194440,13553,-45,1194450,13531,-47
1194460,13539,-38,1194470,13528,-44
1194480,13545,-39,1194490,13552,-48
1194500,13543,-49,1194510,13545,-44
1194520,13546,-43,1194530,13547,-41
1194540,13536,-51,1194550,13546,-43
1194560,13552,-40,1194570,13544,-45
1194580,13548,-46,1194590,13546,-46
1194600,13542,-38,1194610,13541,-36
1194620,13549,-42,1194630,13545,-44
1194640,13539,-45,1194650,13537,-46
1194660,13552,-37,1194670,13541,-42
1194680,13546,-45,1194690,13540,-36
1194700,13537,-44,1194710,13546,-43
1194720,13545,-44,1194730,13537,-48
1194740,13526,-40,1194750,13513,-47
1194760,13502,-48,1194770,13490,-44
1194780,13485,-41,1194790,13487,-45
1194800,13485,-44,1194810,13492,-43
1194820,13488,-48,1194830,13518,-47
1194840,13520,-36,1194850,13546,-45
1194860,13550,-43,1194870,13550,-44
1194880,13536,-38,1194890,13548,-39
1194900,13547,-40,1194910,13546,-40
1194920,13554,-49,1194930,13547,-45
1194940,13549,-48,1194950,13554,-39
1194960,13557,-41,1194970,13543,-54
1194980,13540,-45,1194990,13534,-42
1195000,13541,-45,1195010,13555,-48
1195020,13544,-45,1195030,13538,-48
1195040,13548,-47,1195050,13542,-41
1195060,13546,-51,1195070,13550,-47
1195080,13541,-39,1195090,13533,-43
1195100,13550,-44,1195110,13533,-43
1195120,13545,-50,1195130,13542,-50
1195140,13538,-44,1195150,13534,-37
1195160,13548,-48,1195170,13539,-36
1195180,13546,-42,1195190,13537,-44
1195200,13542,-40,1195210,13537,-43
1195220,13539,-45,1195230,13534,-44
1195240,13542,-40,1195250,13544,-39
1195260,13537,-44,1195270,13532,-48
1195280,13542,-45,1195290,13543,-47
1195300,13543,-42,1195310,13540,-48
1195320,13538,-49,1195330,13550,-43
1195340,13533,-50,1195350,13540,-52
1195360,13542,-46,1195370,13539,-38
1195380,13551,-41,1195390,13547,-49
1195400,13542,-41,1195410,13546,-55
1195420,13546,-39,1195430,13537,-43
1195440,13550,-53,1195450,13543,-48
1195460,13550,-37,1195470,13543,-44
1195480,13540,-36,1195490,13539,-47
1195500,13547,-46,1195510,13556,-46
1195520,13533,-49,1195530,13546,-47
1195540,13548,-50,1195550,13539,-38
1195560,13561,-39,1195570,13542,-40
1195580,13552,-38,1195590,13550,-44
1195600,13548,-45,1195610,13551,-55
1195620,13537,-57,1195630,13547,-42
1195640,13553,-39,1195650,13549,-39
1195660,13549,-49,1195670,13553,-42
1195680,13549,-50,1195690,13545,-43
1195700,13546,-36,1195710,13543,-50
1195720,13538,-43,1195730,13530,-46
1195740,13519,-44,1195750,13509,-51
1195760,13517,-52,1195770,13504,-43
1195780,13501,-50,1195790,13519,-44
1195800,13512,-45,1195810,13521,-42
1195820,13536,-39,1195830,13540,-43
1195840,13551,-40,1195850,13549,-52
1195860,13557,-46,1195870,13557,-49
1195880,13550,-48,1195890,13559,-39
1195900,13549,-45,1195910,13547,-43
1195920,13544,-49,1195930,13546,-48
1195940,13555,-49,1195950,13557,-47
1195960,13568,-42,1195970,13554,-51
1195980,13544,-46,1195990,13531,-46
1196000,13547,-43,1196010,13551,-40
1196020,13547,-39,1196030,13547,-44
1196040,13551,-49,1196050,13549,-38
1196060,13550,-44,1196070,13553,-36
1196080,13543,-52,1196090,13548,-44
1196100,13532,-44,1196110,13540,-42
1196120,13545,-47,1196130,13538,-47
1196140,13545,-32,1196150,13544,-46
1196160,13554,-37,1196170,13540,-36
1196180,13553,-46,1196190,13547,-48
1196200,13558,-44,1196210,13551,-45
1196220,13543,-43,1196230,13538,-48
1196240,13555,-40,1196250,13546,-43
1196260,13557,-51,1196270,13542,-35
1196280,13536,-53,1196290,13551,-47
1196300,13536,-43,1196310,13553,-45
1196320,13551,-34,1196330,13543,-53
1196340,13544,-54,1196350,13551,-51
1196360,13540,-47,1196370,13551,-51
1196380,13542,-52,1196390,13546,-42
1196400,13538,-43,1196410,13549,-32
1196420,13545,-41,1196430,13532,-55
1196440,13540,-37,1196450,13538,-50
1196460,13545,-41,1196470,13534,-42
1196480,13543,-47,1196490,13555,-53
1196500,13545,-46,1196510,13539,-39
1196520,13547,-48,1196530,13530,-41
1196540,13543,-43,1196550,13547,-47
1196560,13545,-44,1196570,13542,-47
1196580,13544,-44,1196590,13546,-46
1196600,13541,-43,1196610,13542,-40
1196620,13546,-41,1196630,13549,-51
1196640,13542,-39,1196650,13543,-51
1196660,13538,-45,1196670,13543,-38
1196680,13533,-49,1196690,13547,-45
1196700,13550,-40,1196710,13557,-52
1196720,13541,-49,1196730,13516,-44
1196740,13514,-43,1196750,13488,-46
1196760,13479,-52,1196770,13491,-50
1196780,13500,-37,1196790,13490,-50
1196800,13498,-48,1196810,13495,-40
1196820,13508,-48,1196830,13495,-44
1196840,13533,-51,1196850,13547,-44
1196860,13545,-39,1196870,13553,-42
1196880,13544,-41,1196890,13544,-44
1196900,13550,-40,1196910,13529,-42
1196920,13540,-49,1196930,13551,-39
1196940,13544,-48,1196950,13535,-44
1196960,13550,-48,1196970,13537,-46
1196980,13552,-41,1196990,13541,-49
