LED1 Timestamp (ms),LED1_PD1,LED1_PD2,LED2 Timestamp (ms),LED2_PD1,LED2_PD2
192500,8695,8846,192510,8673,8762
192520,8692,8842,192530,8676,8776
192540,8709,8881,192550,8732,8840
192560,8770,8937,192570,8770,8907
192580,8812,8981,192590,8820,8930
192600,8815,9005,192610,8830,8932
192620,8807,8972,192630,8800,8882
192640,8761,8906,192650,8748,8821
192660,8716,8858,192670,8713,8810
192680,8687,8837,192690,8687,8785
192700,8685,8846,192710,8674,8768
192720,8654,8824,192730,8637,8730
192740,8649,8784,192750,8639,8721
192760,8651,8796,192770,8640,8729
192780,8643,8797,192790,8649,8731
192800,8655,8801,192810,8661,8734
192820,8658,8792,192830,8664,8725
192840,8630,8771,192850,8653,8710
192860,8623,8757,192870,8626,8697
192880,8606,8740,192890,8615,8666
192900,8605,8734,192910,8604,8655
192920,8610,8718,192930,8596,8630
192940,8599,8687,192950,8591,8609
192960,8589,8660,192970,8608,8607
192980,8622,8666,192990,8653,8591
193000,8652,8664,193010,8664,8602
193020,8657,8666,193030,8642,8604
193040,8627,8675,193050,8637,8621
193060,8627,8675,193070,8639,8616
193080,8628,8676,193090,8653,8602
193100,8648,8674,193110,8669,8610
193120,8647,8666,193130,8628,8600
193140,8594,8679,193150,8599,8628
193160,8595,8703,193170,8597,8659
193180,8598,8744,193190,8609,8688
193200,8617,8784,193210,8642,8742
193220,8645,8831,193230,8690,8798
193240,8701,8872,193250,8752,8842
193260,8754,8909,193270,8783,8868
193280,8746,8886,193290,8757,8826
193300,8711,8826,193310,8719,8758
193320,8667,8766,193330,8684,8707
193340,8645,8750,193350,8679,8729
193360,8661,8755,193370,8713,8733
193380,8665,8765,193390,8715,8735
193400,8697,8772,193410,8737,8744
193420,8715,8788,193430,8752,8752
193440,8703,8798,193450,8733,8756
193460,8676,8775,193470,8679,8717
193480,8607,8705,193490,8601,8627
193500,8540,8647,193510,8550,8575
193520,8502,8622,193530,8544,8584
193540,8532,8642,193550,8564,8616
193560,8529,8648,193570,8548,8606
193580,8536,8652,193590,8553,8599
193600,8529,8667,193610,8548,8591
193620,8529,8625,193630,8532,8552
193640,8510,8589,193650,8529,8543
193660,8510,8584,193670,8543,8522
193680,8600,8575,193690,8674,8536
193700,8702,8636,193710,8738,8610
193720,8723,8680,193730,8763,8632
193740,8721,8658,193750,8743,8610
193760,8700,8653,193770,8685,8557
193780,8645,8587,193790,8666,8519
193800,8656,8586,193810,8651,8513
193820,8623,8577,193830,8591,8506
193840,8529,8579,193850,8532,8512
193860,8533,8582,193870,8529,8515
193880,8548,8603,193890,8526,8507
193900,8560,8623,193910,8535,8514
193920,8577,8635,193930,8521,8506
193940,8599,8654,193950,8525,8525
193960,8639,8674,193970,8527,8513
193980,8646,8685,193990,8519,8540
194000,8673,8720,194010,8592,8590
194020,8661,8730,194030,8587,8618
194040,8659,8753,194050,8609,8681
194060,8677,8799,194070,8657,8731
194080,8704,8859,194090,8679,8768
194100,8738,8873,194110,8651,8749
194120,8710,8838,194130,8606,8671
194140,8687,8785,194150,8593,8614
194160,8749,8751,194170,8568,8570
194180,8793,8775,194190,8551,8561
194200,8851,8804,194210,8559,8561
194220,8932,8831,194230,8543,8545
194240,9024,8835,194250,8474,8500
194260,9204,8832,194270,8475,8477
194280,9251,8833,194290,8485,8470
194300,9178,8836,194310,8475,8481
194320,9065,8820,194330,8501,8505
194340,8967,8803,194350,8523,8530
194360,8869,8778,194370,8523,8512
194380,8829,8768,194390,8512,8496
194400,8879,8776,194410,8515,8507
194420,8940,8777,194430,8500,8488
194440,8977,8764,194450,8477,8465
194460,9083,8733,194470,8438,8419
194480,9256,8670,194490,8413,8375
194500,9334,8673,194510,8419,8378
194520,9284,8706,194530,8419,8397
194540,9199,8737,194550,8451,8405
194560,9173,8720,194570,8438,8407
194580,9165,8713,194590,8440,8391
194600,9188,8732,194610,8439,8410
194620,9237,8742,194630,8442,8405
194640,9342,8728,194650,8442,8403
194660,9461,8714,194670,8428,8395
194680,9556,8718,194690,8423,8396
194700,9599,8730,194710,8446,8397
194720,9632,8727,194730,8433,8392
194740,9795,8692,194750,8416,8383
194760,9912,8638,194770,8397,8364
194780,9970,8637,194790,8397,8362
194800,10016,8640,194810,8386,8367
194820,9987,8592,194830,8369,8341
194840,9911,8532,194850,8379,8326
194860,9916,8515,194870,8365,8323
194880,9924,8515,194890,8360,8310
194900,9915,8522,194910,8368,8309
194920,9918,8510,194930,8362,8321
194940,9903,8514,194950,8372,8328
194960,9897,8513,194970,8362,8339
194980,9881,8563,194990,8370,8348
195000,9981,8601,195010,8384,8353
195020,9967,8613,195030,8384,8359
195040,9999,8602,195050,8395,8375
195060,10001,8640,195070,8418,8395
195080,9983,8702,195090,8423,8397
195100,9967,8720,195110,8421,8401
195120,9905,8731,195130,8453,8440
195140,9780,8809,195150,8501,8474
195160,9630,8828,195170,8484,8474
195180,9569,8837,195190,8476,8462
195200,9536,8839,195210,8479,8465
195220,9482,8836,195230,8466,8463
195240,9487,8838,195250,8473,8475
195260,9516,8819,195270,8447,8430
195280,9503,8807,195290,8428,8429
195300,9494,8803,195310,8432,8433
195320,9479,8786,195330,8418,8398
195340,9587,8739,195350,8389,8381
195360,9745,8702,195370,8397,8374
195380,9891,8663,195390,8373,8340
195400,9916,8574,195410,8368,8327
195420,9849,8507,195430,8363,8310
195440,9846,8470,195450,8355,8307
195460,9870,8449,195470,8354,8280
195480,9793,8451,195490,8326,8242
195500,9975,8463,195510,8334,8239
195520,10182,8489,195530,8351,8254
195540,10319,8509,195550,8339,8258
195560,10472,8538,195570,8331,8238
195580,10595,8586,195590,8334,8227
195600,10708,8620,195610,8334,8229
195620,10801,8635,195630,8355,8237
195640,10853,8646,195650,8359,8250
195660,10885,8664,195670,8336,8235
195680,10937,8697,195690,8329,8222
195700,11011,8707,195710,8336,8226
195720,11040,8708,195730,8349,8251
195740,11042,8697,195750,8354,8255
195760,11059,8714,195770,8343,8240
195780,11071,8728,195790,8343,8231
195800,11086,8738,195810,8342,8230
195820,11081,8730,195830,8369,8249
195840,11082,8724,195850,8360,8248
195860,11093,8716,195870,8347,8244
195880,11101,8745,195890,8348,8232
195900,11092,8753,195910,8348,8235
195920,11091,8743,195930,8367,8245
195940,11106,8732,195950,8361,8256
195960,11102,8727,195970,8345,8248
195980,11119,8760,195990,8341,8223
196000,11133,8770,196010,8361,8225
196020,11140,8753,196030,8373,8254
196040,11142,8737,196050,8361,8264
196060,11141,8735,196070,8348,8248
196080,11153,8768,196090,8348,8231
196100,11157,8774,196110,8348,8226
196120,11141,8758,196130,8378,8257
196140,11145,8749,196150,8363,8263
196160,11149,8755,196170,8354,8246
196180,11149,8771,196190,8339,8222
196200,11151,8777,196210,8363,8234
196220,11150,8756,196230,8362,8255
196240,11138,8741,196250,8369,8275
196260,11141,8750,196270,8359,8252
196280,11154,8770,196290,8347,8226
196300,11153,8777,196310,8355,8230
196320,11152,8748,196330,8356,8244
196340,11143,8747,196350,8364,8255
196360,11150,8737,196370,8355,8235
196380,11158,8767,196390,8341,8232
196400,11157,8762,196410,8350,8222
196420,11153,8756,196430,8367,8244
196440,11151,8757,196450,8364,8257
196460,11172,8752,196470,8352,8247
196480,11181,8785,196490,8342,8227
196500,11183,8789,196510,8362,8236
196520,11174,8768,196530,8388,8273
196540,11170,8746,196550,8370,8272
196560,11173,8756,196570,8351,8252
196580,11186,8778,196590,8340,8221
196600,11189,8794,196610,8344,8238
196620,11173,8761,196630,8376,8255
196640,11163,8748,196650,8357,8251
196660,11141,8752,196670,8350,8240
196680,11149,8780,196690,8346,8229
196700,11168,8784,196710,8361,8243
196720,11191,8766,196730,8370,8253
196740,11198,8752,196750,8357,8266
196760,11200,8770,196770,8346,8230
196780,11209,8796,196790,8342,8224
196800,11193,8791,196810,8370,8234
196820,11178,8770,196830,8380,8268
196840,11189,8760,196850,8364,8265
196860,11197,8762,196870,8352,8246
196880,11206,8788,196890,8342,8223
196900,11200,8787,196910,8357,8238
196920,11195,8773,196930,8376,8248
196940,11184,8755,196950,8354,8252
196960,11194,8768,196970,8351,8229
196980,11208,8778,196990,8343,8223
197000,11193,8787,197010,8356,8229
197020,11187,8759,197030,8372,8256
197040,11181,8739,197050,8357,8257
197060,11197,8753,197070,8345,8236
197080,11186,8779,197090,8345,8217
197100,11189,8781,197110,8365,8236
197120,11185,8748,197130,8367,8257
197140,11186,8744,197150,8360,8272
197160,11179,8758,197170,8353,8230
197180,11198,8784,197190,8340,8227
197200,11199,8779,197210,8363,8250
197220,11191,8763,197230,8370,8259
197240,11192,8747,197250,8361,8249
197260,11193,8760,197270,8342,8239
197280,11203,8772,197290,8336,8221
197300,11204,8773,197310,8364,8234
197320,11178,8765,197330,8373,8263
197340,11188,8755,197350,8356,8252
197360,11196,8754,197370,8352,8230
197380,11204,8797,197390,8341,8229
197400,11204,8783,197410,8370,8235
197420,11197,8765,197430,8389,8265
197440,11200,8756,197450,8360,8260
197460,11204,8777,197470,8350,8233
197480,11227,8798,197490,8343,8225
197500,11217,8794,197510,8370,8233
197520,11213,8770,197530,8370,8259
197540,11205,8744,197550,8358,8261
197560,11217,8767,197570,8346,8230
197580,11233,8797,197590,8345,8221
197600,11228,8790,197610,8367,8238
197620,11222,8779,197630,8376,8257
197640,11222,8757,197650,8366,8249
197660,11227,8762,197670,8349,8238
197680,11238,8787,197690,8354,8230
197700,11232,8787,197710,8366,8238
197720,11214,8761,197730,8375,8257
197740,11175,8743,197750,8353,8259
197760,11181,8760,197770,8356,8225
197780,11160,8777,197790,8347,8229
197800,11238,8783,197810,8370,8243
197820,11230,8760,197830,8370,8265
197840,11218,8754,197850,8361,8253
197860,11228,8782,197870,8350,8235
197880,11231,8784,197890,8351,8222
197900,11231,8775,197910,8354,8232
197920,11226,8766,197930,8369,8260
197940,11211,8753,197950,8358,8248
197960,11227,8771,197970,8358,8229
197980,11216,8789,197990,8348,8221
198000,11214,8781,198010,8363,8241
198020,11221,8767,198030,8378,8260
198040,11213,8752,198050,8363,8256
198060,11219,8772,198070,8344,8228
198080,11242,8792,198090,8349,8221
198100,11224,8788,198110,8374,8243
198120,11207,8765,198130,8376,8255
198140,11222,8765,198150,8364,8257
198160,11210,8767,198170,8349,8236
198180,11227,8786,198190,8354,8231
198200,11216,8785,198210,8370,8242
198220,11213,8753,198230,8373,8253
198240,11216,8755,198250,8359,8256
198260,11216,8777,198270,8348,8230
198280,11237,8797,198290,8355,8230
198300,11227,8794,198310,8377,8248
198320,11206,8768,198330,8376,8260
198340,11207,8763,198350,8371,8257
198360,11213,8772,198370,8352,8222
198380,11231,8791,198390,8353,8227
198400,11218,8790,198410,8365,8239
198420,11217,8764,198430,8365,8255
198440,11214,8767,198450,8354,8260
198460,11231,8785,198470,8351,8222
198480,11222,8786,198490,8345,8221
198500,11229,8788,198510,8367,8238
198520,11216,8757,198530,8372,8259
198540,11211,8747,198550,8352,8258
198560,11219,8761,198570,8344,8226
198580,11223,8784,198590,8351,8219
198600,11224,8795,198610,8374,8256
198620,11171,8753,198630,8376,8256
198640,11214,8753,198650,8355,8246
198660,11217,8784,198670,8349,8232
198680,11218,8792,198690,8349,8220
198700,11219,8779,198710,8366,8244
198720,11211,8757,198730,8360,8256
198740,11206,8744,198750,8356,8245
198760,11237,8778,198770,8337,8234
198780,11231,8805,198790,8351,8222
198800,11193,8786,198810,8371,8246
198820,11194,8752,198830,8377,8261
198840,11172,8757,198850,8360,8254
198860,11173,8779,198870,8346,8215
198880,11223,8791,198890,8349,8224
198900,11236,8776,198910,8373,8253
198920,11216,8769,198930,8372,8261
198940,11217,8766,198950,8353,8253
198960,11247,8784,198970,8359,8230
198980,11231,8800,198990,8355,8232
199000,11233,8781,199010,8367,8239
199020,11224,8761,199030,8363,8257
199040,11222,8764,199050,8356,8257
199060,11233,8781,199070,8345,8215
199080,11242,8800,199090,8350,8229
199100,11231,8797,199110,8381,8252
199120,11223,8768,199130,8375,8270
199140,11231,8762,199150,8360,8237
199160,11246,8802,199170,8338,8221
199180,11236,8803,199190,8351,8222
199200,11245,8781,199210,8385,8253
199220,11178,8763,199230,8376,8262
199240,11219,8770,199250,8359,8240
199260,11254,8795,199270,8344,8217
199280,11235,8810,199290,8352,8230
199300,11232,8785,199310,8374,8240
199320,11216,8759,199330,8367,8254
199340,11229,8774,199350,8356,8246
199360,11240,8784,199370,8355,8232
199380,11249,8798,199390,8344,8235
199400,11244,8787,199410,8380,8252
199420,11224,8760,199430,8374,8253
199440,11238,8759,199450,8353,8241
199460,11252,8792,199470,8345,8225
199480,11250,8798,199490,8355,8215
199500,11240,8784,199510,8372,8242
199520,11203,8760,199530,8375,8249
199540,11249,8768,199550,8349,8237
199560,11263,8776,199570,8356,8222
199580,11253,8794,199590,8349,8237
199600,11245,8786,199610,8373,8241
199620,11234,8764,199630,8372,8251
199640,11250,8764,199650,8353,8238
199660,11261,8787,199670,8337,8218
199680,11247,8800,199690,8355,8222
199700,11246,8774,199710,8382,8248
199720,11242,8759,199730,8367,8257
199740,11244,8766,199750,8349,8233
199760,11252,8800,199770,8344,8224
199780,11255,8801,199790,8354,8228
199800,11252,8785,199810,8372,8243
199820,11237,8769,199830,8371,8257
199840,11247,8770,199850,8348,8244
199860,11243,8791,199870,8355,8223
199880,11242,8801,199890,8360,8234
199900,11226,8800,199910,8377,8244
199920,11215,8761,199930,8368,8261
199940,11243,8777,199950,8360,8247
199960,11268,8803,199970,8352,8227
199980,11260,8808,199990,8362,8224
200000,11257,8782,200010,8378,8254
200020,11235,8762,200030,8357,8252
200040,11244,8755,200050,8357,8234
200060,11252,8777,200070,8348,8223
200080,11253,8791,200090,8368,8233
200100,11261,8780,200110,8380,8257
200120,11205,8769,200130,8372,8267
200140,11253,8773,200150,8350,8246
200160,11255,8791,200170,8351,8213
200180,11252,8795,200190,8354,8225
200200,11253,8782,200210,8376,8249
200220,11245,8772,200230,8361,8253
200240,11244,8777,200250,8347,8232
200260,11247,8804,200270,8341,8223
200280,11256,8793,200290,8362,8224
200300,11243,8777,200310,8373,8247
200320,11234,8769,200330,8366,8252
200340,11237,8763,200350,8351,8247
200360,11251,8792,200370,8347,8228
200380,11261,8803,200390,8359,8221
200400,11235,8789,200410,8376,8248
200420,11207,8759,200430,8362,8257
200440,11254,8776,200450,8355,8238
200460,11252,8796,200470,8341,8214
200480,11254,8799,200490,8367,8225
200500,11244,8783,200510,8369,8262
200520,11237,8774,200530,8369,8256
200540,11246,8773,200550,8358,8241
200560,11263,8800,200570,8345,8219
200580,11254,8807,200590,8354,8224
200600,11243,8783,200610,8370,8241
200620,11236,8756,200630,8369,8253
200640,11229,8784,200650,8337,8222
200660,11254,8800,200670,8348,8226
200680,11258,8802,200690,8356,8232
200700,11252,8784,200710,8376,8257
200720,11201,8769,200730,8363,8258
200740,11231,8764,200750,8351,8245
200760,11263,8795,200770,8352,8218
200780,11256,8794,200790,8359,8228
200800,11239,8779,200810,8369,8259
200820,11245,8756,200830,8366,8256
200840,11239,8769,200850,8350,8234
200860,11257,8789,200870,8345,8228
200880,11255,8800,200890,8353,8237
200900,11248,8764,200910,8371,8246
200920,11241,8759,200930,8356,8253
200940,11245,8776,200950,8346,8233
200960,11224,8790,200970,8355,8223
200980,11224,8790,200990,8369,8232
201000,11204,8785,201010,8378,8268
201020,11208,8756,201030,8357,8254
201040,11194,8771,201050,8346,8239
201060,11209,8804,201070,8344,8212
201080,11220,8797,201090,8360,8239
201100,11244,8763,201110,8378,8254
201120,11244,8768,201130,8363,8258
201140,11248,8778,201150,8355,8218
201160,11260,8795,201170,8342,8226
201180,11255,8791,201190,8368,8246
201200,11242,8772,201210,8373,8257
201220,11244,8763,201230,8361,8258
201240,11249,8783,201250,8349,8233
201260,11254,8800,201270,8344,8220
201280,11244,8788,201290,8358,8232
201300,11223,8772,201310,8370,8262
201320,11239,8770,201330,8358,8252
201340,11240,8776,201350,8346,8234
201360,11245,8809,201370,8339,8218
201380,11239,8792,201390,8358,8236
201400,11223,8769,201410,8375,8254
201420,11229,8762,201430,8357,8258
201440,11226,8772,201450,8343,8221
201460,11249,8786,201470,8354,8225
201480,11235,8787,201490,8352,8238
201500,11234,8767,201510,8372,8251
201520,11232,8755,201530,8366,8251
201540,11228,8765,201550,8343,8233
201560,11235,8784,201570,8343,8224
201580,11232,8771,201590,8369,8231
201600,11227,8765,201610,8371,8264
201620,11223,8757,201630,8362,8250
201640,11231,8778,201650,8355,8233
201660,11240,8793,201670,8351,8217
201680,11237,8796,201690,8371,8243
201700,11235,8769,201710,8376,8260
201720,11222,8758,201730,8357,8252
201740,11234,8787,201750,8346,8234
201760,11250,8793,201770,8342,8223
201780,11240,8798,201790,8370,8239
201800,11227,8768,201810,8369,8247
201820,11229,8760,201830,8358,8251
201840,11243,8780,201850,8347,8241
201860,11247,8787,201870,8342,8224
201880,11231,8781,201890,8363,8243
201900,11232,8770,201910,8356,8252
201920,11227,8766,201930,8347,8245
201940,11236,8767,201950,8348,8228
201960,11249,8792,201970,8355,8222
201980,11238,8799,201990,8367,8239
202000,11235,8768,202010,8364,8253
202020,11226,8765,202030,8365,8263
202040,11223,8791,202050,8347,8234
202060,11210,8798,202070,8344,8221
202080,11217,8796,202090,8368,8237
202100,11234,8772,202110,8372,8264
202120,11246,8769,202130,8356,8246
202140,11263,8782,202150,8345,8227
202160,11247,8801,202170,8355,8211
202180,11246,8788,202190,8367,8240
202200,11245,8759,202210,8372,8265
202220,11225,8752,202230,8358,8248
202240,11240,8758,202250,8345,8218
202260,11240,8794,202270,8352,8218
202280,11245,8783,202290,8373,8238
202300,11224,8759,202310,8364,8255
202320,11235,8750,202330,8356,8246
202340,11234,8783,202350,8345,8233
202360,11242,8794,202370,8343,8228
202380,11237,8778,202390,8364,8225
202400,11246,8761,202410,8370,8256
202420,11232,8756,202430,8360,8241
202440,11263,8797,202450,8350,8224
202460,11242,8787,202470,8361,8223
202480,11252,8797,202490,8374,8237
202500,11237,8762,202510,8376,8260
202520,11222,8759,202530,8348,8255
202540,11246,8783,202550,8340,8218
202560,11262,8797,202570,8338,8212
202580,11239,8789,202590,8360,8239
202600,11223,8766,202610,8366,8246
202620,11242,8762,202630,8355,8242
202640,11257,8778,202650,8349,8224
202660,11253,8802,202670,8344,8227
202680,11252,8786,202690,8370,8245
202700,11245,8766,202710,8367,8262
202720,11251,8764,202730,8349,8240
202740,11241,8786,202750,8343,8218
202760,11256,8791,202770,8358,8220
202780,11252,8799,202790,8369,8237
202800,11238,8770,202810,8370,8259
202820,11258,8767,202830,8362,8239
202840,11254,8796,202850,8339,8220
202860,11258,8801,202870,8349,8245
202880,11246,8782,202890,8370,8252
202900,11242,8770,202910,8368,8260
202920,11244,8768,202930,8347,8246
202940,11244,8774,202950,8350,8224
202960,11251,8787,202970,8354,8229
202980,11244,8774,202990,8380,8245
203000,11241,8757,203010,8362,8255
203020,11244,8754,203030,8348,8250
203040,11252,8781,203050,8346,8222
203060,11261,8802,203070,8351,8226
203080,11241,8785,203090,8369,8246
203100,11227,8762,203110,8359,8256
203120,11210,8763,203130,8357,8247
203140,11208,8780,203150,8346,8226
203160,11182,8784,203170,8355,8228
203180,11232,8775,203190,8379,8250
203200,11244,8768,203210,8362,8250
203220,11250,8769,203230,8351,8240
203240,11262,8786,203250,8342,8228
203260,11255,8796,203270,8352,8229
203280,11257,8784,203290,8368,8245
203300,11240,8748,203310,8373,8257
203320,11245,8762,203330,8349,8227
203340,11247,8776,203350,8341,8222
203360,11250,8791,203370,8356,8229
203380,11252,8792,203390,8379,8249
203400,11241,8769,203410,8372,8250
203420,11241,8769,203430,8352,8238
203440,11251,8790,203450,8342,8219
203460,11252,8795,203470,8350,8217
203480,11242,8773,203490,8371,8239
203500,11241,8759,203510,8370,8253
203520,11241,8770,203530,8348,8241
203540,11252,8784,203550,8350,8222
203560,11253,8799,203570,8354,8235
203580,11258,8798,203590,8383,8251
203600,11242,8767,203610,8363,8264
203620,11244,8767,203630,8358,8247
203640,11240,8783,203650,8347,8219
203660,11249,8793,203670,8362,8225
203680,11234,8781,203690,8363,8255
203700,11224,8759,203710,8358,8254
203720,11221,8748,203730,8350,8241
203740,11242,8784,203750,8336,8220
203760,11238,8777,203770,8356,8224
203780,11233,8770,203790,8363,8242
203800,11230,8760,203810,8350,8250
203820,11233,8765,203830,8351,8239
203840,11259,8782,203850,8340,8221
203860,11245,8787,203870,8363,8228
203880,11237,8779,203890,8367,8251
203900,11238,8763,203910,8355,8254
203920,11237,8764,203930,8349,8241
203940,11265,8782,203950,8352,8216
203960,11251,8799,203970,8363,8221
203980,11240,8780,203990,8370,8245
204000,11235,8770,204010,8355,8255
204020,11225,8764,204030,8348,8233
204040,11245,8785,204050,8341,8217
204060,11251,8784,204070,8355,8221
204080,11234,8773,204090,8381,8240
204100,11236,8770,204110,8360,8249
204120,11245,8772,204130,8344,8228
204140,11253,8793,204150,8344,8229
204160,11239,8789,204170,8346,8226
204180,11219,8777,204190,8363,8252
204200,11214,8753,204210,8365,8267
204220,11209,8760,204230,8347,8235
204240,11217,8806,204250,8347,8215
204260,11247,8800,204270,8360,8229
204280,11266,8783,204290,8377,8251
204300,11234,8772,204310,8367,8263
204320,11253,8770,204330,8347,8236
204340,11259,8796,204350,8341,8225
204360,11255,8791,204370,8357,8226
204380,11247,8771,204390,8374,8259
204400,11234,8754,204410,8362,8250
204420,11232,8761,204430,8337,8236
204440,11251,8793,204450,8353,8223
204460,11255,8788,204470,8352,8228
204480,11239,8782,204490,8364,8257
204500,11247,8756,204510,8361,8244
204520,11246,8764,204530,8352,8245
204540,11258,8802,204550,8354,8223
204560,11259,8797,204570,8355,8234
204580,11244,8773,204590,8379,8250
204600,11235,8770,204610,8362,8244
204620,11256,8777,204630,8346,8231
204640,11246,8795,204650,8344,8224
204660,11252,8785,204670,8359,8231
204680,11238,8778,204690,8375,8253
204700,11231,8758,204710,8351,8248
204720,11230,8774,204730,8338,8235
204740,11258,8794,204750,8347,8216
204760,11244,8791,204770,8363,8232
204780,11249,8770,204790,8368,8262
204800,11231,8764,204810,8353,8251
204820,11247,8771,204830,8338,8222
204840,11254,8792,204850,8344,8223
204860,11260,8796,204870,8361,8228
204880,11252,8778,204890,8363,8250
204900,11241,8765,204910,8360,8257
204920,11249,8784,204930,8339,8231
204940,11250,8809,204950,8346,8225
204960,11263,8797,204970,8370,8243
204980,11247,8790,204990,8372,8258
205000,11239,8768,205010,8364,8246
205020,11257,8788,205030,8355,8243
205040,11253,8806,205050,8351,8213
205060,11253,8789,205070,8361,8231
205080,11244,8776,205090,8385,8254
205100,11221,8753,205110,8363,8253
205120,11257,8788,205130,8342,8227
205140,11272,8787,205150,8350,8223
205160,11260,8791,205170,8371,8238
205180,11255,8771,205190,8368,8262
205200,11228,8749,205210,8358,8236
205220,11239,8762,205230,8338,8231
205240,11251,8788,205250,8360,8223
205260,11246,8782,205270,8365,8234
205280,11203,8784,205290,8379,8258
205300,11187,8767,205310,8361,8253
205320,11187,8770,205330,8354,8227
205340,11224,8789,205350,8351,8220
205360,11242,8782,205370,8358,8237
205380,11232,8759,205390,8369,8251
205400,11215,8752,205410,8349,8251
205420,11214,8757,205430,8345,8229
205440,11192,8766,205450,8347,8228
205460,11166,8758,205470,8368,8229
205480,11137,8742,205490,8370,8255
205500,11120,8737,205510,8348,8251
205520,11091,8735,205530,8343,8239
205540,11023,8710,205550,8340,8233
205560,10907,8699,205570,8352,8254
205580,10793,8684,205590,8351,8271
205600,10663,8679,205610,8333,8285
205620,10593,8665,205630,8355,8287
205640,10556,8669,205650,8357,8292
205660,10536,8670,205670,8352,8307
205680,10510,8649,205690,8370,8323
205700,10494,8642,205710,8373,8319
205720,10493,8645,205730,8382,8317
205740,10491,8630,205750,8384,8330
205760,10490,8609,205770,8394,8331
205780,10427,8590,205790,8394,8345
205800,10363,8592,205810,8395,8336
205820,10309,8568,205830,8398,8337
205840,10245,8575,205850,8409,8344
205860,10157,8555,205870,8418,8357
205880,9969,8555,205890,8406,8353
205900,9804,8543,205910,8409,8355
205920,9699,8537,205930,8420,8361
205940,9611,8538,205950,8417,8359
205960,9481,8559,205970,8417,8385
205980,9218,8657,205990,8530,8524
206000,8666,8692,206010,8534,8559
206020,8564,8680,206030,8606,8663
206040,8574,8689,206050,8547,8595
206060,8530,8629,206070,8552,8587
206080,8514,8621,206090,8612,8571
206100,8618,8605,206110,8694,8607
206120,8676,8666,206130,8744,8664
206140,8729,8725,206150,8774,8688
206160,8734,8717,206170,8766,8690
206180,8737,8715,206190,8793,8705
206200,8746,8735,206210,8782,8695
206220,8713,8695,206230,8644,8601
206240,8628,8668,206250,8733,8713
206260,8700,8694,206270,8661,8624
206280,8620,8664,206290,8655,8649
206300,8618,8679,206310,8650,8654
206320,8622,8696,206330,8652,8666
206340,8643,8707,206350,8669,8647
206360,8656,8673,206370,8700,8620
206380,8685,8659,206390,8725,8626
206400,8718,8689,206410,8730,8612
206420,8703,8663,206430,8690,8576
206440,8714,8659,206450,8708,8557
206460,8760,8670,206470,8756,8599
206480,8852,8745,206490,8797,8625
206500,8879,8749,206510,8761,8584
206520,8836,8711,206530,8704,8523
206540,8843,8693,206550,8671,8483
206560,9093,8754,206570,8466,8476
206580,9762,8804,206590,8399,8518
206600,9341,8884,206610,8480,8583
206620,8658,8746,206630,8535,8579
206640,8604,8659,206650,8580,8552
206660,8597,8630,206670,8589,8566
206680,8604,8656,206690,8673,8624
206700,8715,8692,206710,8820,8682
206720,8878,8760,206730,8997,8783
206740,9015,8874,206750,9010,8780
206760,8986,8826,206770,9095,8854
206780,9104,9041,206790,9126,9035
206800,9058,9042,206810,9076,8987
206820,9038,9017,206830,9072,8979
206840,9061,9021,206850,9081,8967
206860,9046,9017,206870,9083,8972
206880,9049,9007,206890,9102,8983
206900,9055,9021,206910,9112,9010
206920,9080,9080,206930,9144,9067
206940,9123,9149,206950,9160,9117
206960,9137,9183,206970,9210,9175
206980,9186,9225,206990,9275,9226
207000,9255,9315,207010,9323,9298
207020,9284,9354,207030,9324,9325
207040,9291,9375,207050,9328,9330
207060,9283,9354,207070,9330,9336
207080,9280,9355,207090,9345,9345
207100,9283,9364,207110,9321,9330
207120,9283,9365,207130,9334,9342
207140,9304,9383,207150,9347,9338
207160,9289,9364,207170,9335,9342
207180,9294,9376,207190,9359,9365
207200,9297,9380,207210,9342,9360
207220,9301,9386,207230,9371,9362
207240,9320,9405,207250,9348,9369
207260,9301,9379,207270,9355,9362
207280,9303,9388,207290,9371,9380
207300,9306,9398,207310,9362,9368
207320,9307,9401,207330,9356,9364
207340,9306,9404,207350,9357,9376
207360,9301,9396,207370,9352,9363
207380,9298,9379,207390,9349,9376
207400,9310,9385,207410,9350,9346
207420,9297,9380,207430,9345,9360
207440,9303,9385,207450,9342,9348
207460,9283,9373,207470,9325,9345
207480,9283,9363,207490,9335,9353
207500,9281,9368,207510,9320,9319
207520,9266,9347,207530,9313,9327
207540,9270,9375,207550,9313,9324
207560,9263,9351,207570,9315,9331
207580,9262,9345,207590,9316,9331
207600,9260,9343,207610,9312,9312
207620,9252,9342,207630,9311,9321
207640,9263,9358,207650,9314,9310
207660,9249,9342,207670,9298,9313
207680,9258,9347,207690,9311,9329
207700,9263,9351,207710,9301,9315
207720,9249,9341,207730,9315,9326
207740,9275,9359,207750,9307,9312
207760,9239,9346,207770,9294,9290
207780,9166,9229,207790,9175,9182
207800,9097,9145,207810,9102,9054
207820,9008,9010,207830,9004,8924
207840,8934,8923,207850,8938,8838
207860,8881,8857,207870,8869,8775
207880,8859,8771,207890,8844,8610
207900,8831,8615,207910,8741,8500
207920,8715,8596,207930,8561,8481
207940,8691,8639,207950,8531,8477
207960,8763,8662,207970,8544,8490
207980,8844,8693,207990,8631,8497
208000,8878,8680,208010,8637,8479
208020,8870,8716,208030,8696,8486
208040,8824,8692,208050,8726,8489
208060,8771,8708,208070,8758,8615
208080,8798,8750,208090,8797,8667
208100,8805,8726,208110,8806,8599
208120,8799,8644,208130,8718,8489
208140,8679,8571,208150,8669,8477
208160,8678,8556,208170,8728,8517
208180,8741,8645,208190,8817,8642
208200,8799,8721,208210,8859,8708
208220,8863,8802,208230,8898,8784
208240,8867,8826,208250,8903,8767
208260,8886,8800,208270,8935,8791
208280,8936,8838,208290,9103,8900
208300,9225,9170,208310,9285,9252
208320,9259,9322,208330,9305,9290
208340,9257,9341,208350,9306,9302
208360,9257,9324,208370,9309,9289
208380,9271,9330,208390,9311,9301
208400,9277,9336,208410,9298,9293
208420,9257,9334,208430,9299,9273
208440,9262,9324,208450,9281,9265
208460,9249,9315,208470,9274,9271
208480,9251,9325,208490,9277,9269
208500,9263,9326,208510,9286,9271
208520,9280,9335,208530,9288,9282
208540,9272,9330,208550,9280,9270
208560,9266,9319,208570,9284,9255
208580,9270,9330,208590,9290,9283
208600,9250,9324,208610,9263,9261
208620,9260,9339,208630,9282,9276
208640,9251,9334,208650,9274,9272
208660,9255,9319,208670,9276,9270
208680,9260,9319,208690,9265,9254
208700,9246,9322,208710,9265,9249
208720,9256,9274,208730,9264,9128
208740,9243,9165,208750,9187,9047
208760,9130,9095,208770,9106,9010
208780,9078,9067,208790,9060,8983
208800,9061,9053,208810,9067,8965
208820,9094,9045,208830,9119,8982
208840,9165,9062,208850,9196,9002
208860,9227,9096,208870,9247,9056
208880,9260,9142,208890,9253,9074
208900,9256,9146,208910,9250,9080
208920,9260,9198,208930,9277,9180
208940,9266,9297,208950,9270,9255
208960,9243,9320,208970,9274,9273
208980,9243,9314,208990,9267,9278
209000,9229,9303,209010,9268,9268
209020,9240,9319,209030,9277,9281
209040,9239,9319,209050,9266,9277
209060,9234,9308,209070,9277,9273
209080,9238,9320,209090,9271,9287
209100,9225,9319,209110,9278,9281
209120,9235,9327,209130,9293,9293
209140,9247,9329,209150,9277,9279
209160,9233,9320,209170,9296,9306
209180,9263,9335,209190,9299,9296
209200,9250,9325,209210,9290,9295
209220,9240,9328,209230,9288,9276
209240,9245,9329,209250,9287,9280
209260,9248,9306,209270,9289,9298
209280,9255,9323,209290,9302,9297
209300,9245,9319,209310,9283,9279
209320,9256,9332,209330,9296,9305
209340,9237,9328,209350,9299,9290
209360,9253,9305,209370,9285,9297
209380,9244,9319,209390,9297,9299
209400,9241,9317,209410,9281,9286
209420,9256,9321,209430,9293,9291
209440,9251,9316,209450,9291,9279
209460,9242,9322,209470,9297,9296
209480,9254,9316,209490,9301,9296
209500,9251,9313,209510,9288,9285
209520,9254,9333,209530,9310,9301
209540,9257,9331,209550,9295,9302
209560,9260,9330,209570,9306,9305
209580,9263,9336,209590,9310,9300
209600,9255,9319,209610,9301,9291
209620,9273,9336,209630,9312,9298
209640,9264,9332,209650,9313,9295
209660,9261,9331,209670,9316,9317
209680,9261,9327,209690,9312,9307
209700,9247,9319,209710,9292,9286
209720,9254,9327,209730,9292,9293
209740,9256,9320,209750,9295,9289
209760,9228,9309,209770,9285,9288
209780,9238,9303,209790,9282,9270
209800,9226,9300,209810,9277,9265
209820,9232,9324,209830,9280,9275
209840,9234,9318,209850,9282,9277
209860,9235,9311,209870,9287,9293
209880,9240,9306,209890,9276,9286
209900,9238,9311,209910,9277,9279
209920,9237,9326,209930,9276,9282
209940,9228,9315,209950,9263,9273
209960,9218,9297,209970,9273,9286
209980,9229,9317,209990,9274,9271
210000,9217,9303,210010,9269,9277
210020,9233,9310,210030,9276,9275
210040,9233,9302,210050,9276,9273
210060,9228,9309,210070,9285,9293
210080,9235,9311,210090,9269,9259
210100,9230,9279,210110,9274,9235
210120,9203,9222,210130,9216,9133
210140,9138,9153,210150,9174,9112
210160,9119,9133,210170,9164,9120
210180,9111,9142,210190,9159,9121
210200,9116,9164,210210,9173,9143
210220,9143,9192,210230,9198,9153
210240,9160,9192,210250,9214,9170
210260,9154,9202,210270,9236,9205
210280,9179,9235,210290,9230,9213
210300,9195,9262,210310,9245,9232
210320,9225,9295,210330,9268,9269
210340,9223,9293,210350,9272,9270
210360,9220,9301,210370,9280,9277
210380,9238,9293,210390,9250,9253
210400,9193,9263,210410,9211,9219
210420,9161,9247,210430,9196,9192
210440,9134,9213,210450,9165,9164
210460,9102,9185,210470,9144,9171
210480,9113,9193,210490,9146,9155
210500,9110,9194,210510,9165,9166
210520,9132,9210,210530,9167,9168
210540,9115,9180,210550,9129,9153
210560,9092,9172,210570,9137,9137
210580,9060,9128,210590,9095,9082
210600,9029,9097,210610,9069,9049
210620,9025,9074,210630,9049,9024
210640,9008,9062,210650,9049,9043
210660,9019,9069,210670,9085,9074
210680,9046,9114,210690,9086,9092
210700,9062,9138,210710,9103,9110
210720,9097,9157,210730,9106,9052
210740,8939,8999,210750,8881,8901
210760,8797,8890,210770,8827,8820
210780,8780,8797,210790,8813,8730
210800,8782,8767,210810,8836,8730
210820,8822,8773,210830,8879,8717
210840,8813,8754,210850,8858,8712
210860,8820,8731,210870,8847,8701
210880,8795,8702,210890,8819,8660
210900,8776,8713,210910,8793,8697
210920,8752,8769,210930,8755,8712
210940,8699,8772,210950,8728,8732
210960,8709,8795,210970,8724,8770
210980,8718,8832,210990,8736,8772
211000,8721,8830,211010,8670,8665
211020,8667,8728,211030,8633,8604
211040,8643,8678,211050,8611,8582
211060,8640,8657,211070,8612,8568
211080,8646,8656,211090,8610,8554
211100,8665,8680,211110,8608,8548
211120,8686,8688,211130,8598,8533
211140,8673,8663,211150,8578,8526
211160,8655,8661,211170,8570,8531
211180,8648,8657,211190,8548,8515
211200,8646,8662,211210,8554,8521
211220,8663,8675,211230,8541,8513
211240,8655,8662,211250,8555,8516
211260,8647,8665,211270,8549,8519
211280,8631,8651,211290,8543,8512
211300,8629,8654,211310,8556,8517
211320,8651,8680,211330,8539,8509
211340,8674,8685,211350,8531,8507
211360,8699,8696,211370,8548,8522
211380,8704,8686,211390,8542,8503
211400,8725,8702,211410,8580,8523
211420,8781,8733,211430,8593,8531
211440,8806,8759,211450,8590,8555
211460,8834,8759,211470,8585,8536
211480,8835,8732,211490,8550,8504
211500,8817,8741,211510,8540,8513
211520,8813,8747,211530,8540,8510
211540,8795,8733,211550,8540,8514
211560,8804,8745,211570,8531,8510
211580,8801,8737,211590,8526,8498
211600,8817,8744,211610,8533,8497
211620,8830,8750,211630,8525,8505
211640,8837,8751,211650,8529,8498
211660,8859,8761,211670,8532,8512
211680,8885,8762,211690,8531,8489
211700,8892,8771,211710,8535,8505
211720,8892,8776,211730,8540,8504
211740,8821,8744,211750,8535,8508
211760,8768,8730,211770,8540,8524
211780,8699,8707,211790,8545,8517
211800,8622,8664,211810,8552,8520
211820,8695,8630,211830,8768,8545
211840,8783,8676,211850,8796,8625
211860,8769,8687,211870,8781,8641
211880,8718,8668,211890,8743,8645
211900,8722,8712,211910,8781,8696
211920,8771,8769,211930,8829,8775
211940,8844,8836,211950,8989,8927
211960,9142,9190,211970,9298,9309
211980,9242,9338,211990,9280,9305
212000,9231,9324,212010,9277,9293
212020,9227,9316,212030,9266,9279
212040,9206,9294,212050,9247,9267
212060,9220,9308,212070,9257,9275
212080,9209,9291,212090,9274,9268
212100,9256,9299,212110,9301,9254
212120,9210,9270,212130,9214,9195
212140,9152,9213,212150,9185,9166
212160,9147,9205,212170,9180,9136
212180,9114,9077,212190,9130,9007
212200,9089,9041,212210,9122,8968
212220,9037,8998,212230,8963,8918
212240,8851,8936,212250,8845,8884
212260,8782,8898,212270,8772,8823
212280,8711,8836,212290,8703,8772
212300,8672,8820,212310,8689,8762
212320,8672,8810,212330,8677,8751
212340,8683,8831,212350,8701,8789
212360,8723,8857,212370,8699,8788
212380,8692,8856,212390,8643,8757
212400,8660,8853,212410,8618,8747
212420,8663,8845,212430,8603,8720
212440,8671,8848,212450,8618,8748
212460,8671,8858,212470,8604,8735
212480,8655,8826,212490,8568,8636
212500,8635,8720,212510,8528,8528
212520,8647,8667,212530,8574,8493
212540,8793,8614,212550,8892,8532
212560,8940,8694,212570,8992,8708
212580,9022,8838,212590,9083,8841
212600,9074,8943,212610,9151,8964
212620,9124,9065,212630,9195,9085
212640,9176,9172,212650,9267,9180
212660,9232,9225,212670,9289,9202
212680,9236,9226,212690,9283,9194
212700,9234,9222,212710,9292,9195
212720,9266,9237,212730,9288,9190
212740,9238,9220,212750,9301,9205
212760,9257,9235,212770,9300,9205
212780,9251,9222,212790,9294,9181
212800,9254,9222,212810,9307,9196
212820,9260,9211,212830,9300,9180
212840,9237,9194,212850,9296,9184
212860,9245,9184,212870,9284,9105
212880,9226,9070,212890,9254,8958
212900,9221,8935,212910,9240,8802
212920,9141,8748,212930,9112,8608
212940,8972,8618,212950,8892,8550
212960,8811,8615,212970,8749,8552
212980,8722,8628,212990,8696,8565
213000,8663,8655,213010,8657,8589
213020,8619,8668,213030,8619,8602
213040,8640,8710,213050,8642,8655
213060,8678,8760,213070,8625,8670
213080,8666,8774,213090,8630,8691
213100,8668,8797,213110,8644,8706
213120,8661,8777,213130,8637,8675
213140,8646,8755,213150,8622,8673
213160,8654,8761,213170,8608,8656
213180,8665,8774,213190,8596,8655
213200,8703,8812,213210,8625,8700
213220,8736,8892,213230,8665,8796
213240,8800,8967,213250,8711,8858
213260,8845,9012,213270,8693,8862
213280,8881,9044,213290,8702,8863
213300,8923,9088,213310,8751,8911
213320,8957,9130,213330,8791,8968
213340,9012,9180,213350,8811,9004
213360,9125,9236,213370,8792,9006
213380,9194,9257,213390,8759,8985
213400,9164,9253,213410,8759,8974
213420,9142,9249,213430,8782,9003
213440,9221,9289,213450,8802,9059
213460,9372,9387,213470,8800,9108
213480,9464,9392,213490,8765,9058
213500,9372,9333,213510,8726,8988
213520,9225,9217,213530,8700,8912
213540,9147,9174,213550,8718,8935
213560,9203,9231,213570,8711,8957
213580,9302,9236,213590,8685,8937
213600,9385,9245,213610,8661,8929
213620,9350,9192,213630,8657,8882
213640,9327,9148,213650,8645,8858
213660,9412,9141,213670,8618,8841
213680,9535,9144,213690,8591,8849
213700,9579,9150,213710,8581,8824
213720,9568,9132,213730,8592,8798
213740,9569,9093,213750,8569,8775
213760,9712,9050,213770,8495,8709
213780,9863,8959,213790,8458,8667
213800,9913,8944,213810,8463,8657
213820,9909,8941,213830,8476,8691
213840,9922,8952,213850,8470,8697
213860,9931,8934,213870,8452,8689
213880,9918,8929,213890,8452,8661
213900,9881,8896,213910,8444,8652
213920,9818,8860,213930,8438,8652
213940,9882,8904,213950,8468,8670
213960,9895,8914,213970,8442,8648
213980,9824,8866,213990,8423,8592
214000,9680,8805,214010,8401,8559
214020,9647,8763,214030,8391,8541
214040,9643,8730,214050,8411,8534
214060,9649,8716,214070,8394,8498
214080,9667,8667,214090,8384,8443
214100,9711,8629,214110,8359,8384
214120,9823,8547,214130,8358,8334
214140,10186,8523,214150,8350,8329
214160,10447,8564,214170,8334,8289
214180,10594,8590,214190,8333,8280
214200,10709,8619,214210,8339,8274
214220,10826,8651,214230,8347,8284
214240,10894,8640,214250,8350,8295
214260,10987,8675,214270,8330,8289
214280,11072,8698,214290,8346,8253
214300,11151,8728,214310,8349,8256
214320,11208,8731,214330,8370,8269
214340,11229,8727,214350,8360,8279
214360,11266,8751,214370,8350,8273
214380,11289,8754,214390,8363,8248
214400,11296,8769,214410,8360,8265
214420,11318,8765,214430,8370,8265
214440,11335,8758,214450,8361,8279
214460,11346,8773,214470,8358,8266
214480,11360,8775,214490,8360,8255
214500,11348,8783,214510,8356,8245
214520,11367,8759,214530,8368,8275
214540,11339,8747,214550,8369,8278
214560,11349,8757,214570,8367,8266
214580,11361,8780,214590,8355,8264
214600,11362,8782,214610,8366,8258
214620,11363,8777,214630,8375,8269
214640,11359,8750,214650,8366,8276
214660,11356,8764,214670,8360,8264
214680,11369,8774,214690,8358,8252
214700,11371,8785,214710,8360,8258
214720,11358,8775,214730,8368,8266
214740,11352,8757,214750,8372,8284
214760,11352,8765,214770,8366,8258
214780,11367,8787,214790,8361,8255
214800,11373,8789,214810,8372,8252
214820,11359,8781,214830,8378,8278
214840,11359,8755,214850,8375,8279
214860,11366,8762,214870,8363,8267
214880,11380,8785,214890,8364,8260
214900,11369,8784,214910,8363,8257
214920,11364,8778,214930,8379,8279
214940,11352,8766,214950,8380,8284
214960,11337,8770,214970,8373,8266
214980,11332,8790,214990,8359,8248
215000,11331,8794,215010,8370,8251
215020,11325,8774,215030,8376,8284
215040,11352,8764,215050,8379,8282
215060,11364,8762,215070,8365,8264
215080,11364,8800,215090,8354,8246
215100,11364,8794,215110,8356,8255
215120,11321,8769,215130,8381,8270
215140,11327,8746,215150,8367,8281
215160,11335,8760,215170,8360,8252
215180,11334,8789,215190,8360,8257
215200,11334,8778,215210,8369,8265
215220,11324,8763,215230,8378,8281
215240,11323,8751,215250,8368,8284
215260,11323,8767,215270,8351,8266
215280,11340,8783,215290,8361,8249
215300,11335,8790,215310,8377,8262
215320,11331,8776,215330,8379,8272
215340,11316,8754,215350,8371,8281
215360,11332,8772,215370,8357,8265
215380,11336,8786,215390,8359,8252
215400,11333,8775,215410,8366,8266
215420,11315,8756,215430,8372,8273
215440,11303,8749,215450,8364,8288
215460,11317,8766,215470,8354,8274
215480,11340,8785,215490,8359,8250
215500,11327,8779,215510,8378,8263
215520,11326,8768,215530,8378,8280
215540,11326,8749,215550,8376,8285
215560,11316,8764,215570,8361,8264
215580,11325,8788,215590,8359,8250
215600,11341,8786,215610,8369,8264
215620,11327,8772,215630,8379,8289
215640,11328,8766,215650,8374,8282
215660,11326,8779,215670,8365,8260
215680,11348,8790,215690,8351,8260
215700,11336,8795,215710,8366,8266
215720,11339,8777,215730,8380,8286
215740,11338,8768,215750,8371,8291
215760,11334,8775,215770,8356,8266
215780,11347,8798,215790,8367,8254
215800,11320,8789,215810,8377,8264
215820,11315,8772,215830,8378,8294
215840,11304,8751,215850,8369,8280
215860,11334,8762,215870,8374,8270
215880,11322,8788,215890,8368,8253
215900,11326,8778,215910,8366,8265
215920,11327,8758,215930,8380,8279
215940,11320,8750,215950,8371,8279
215960,11322,8773,215970,8362,8263
215980,11330,8777,215990,8360,8251
216000,11327,8773,216010,8381,8270
216020,11306,8755,216030,8378,8279
216040,11294,8749,216050,8372,8275
216060,11287,8762,216070,8351,8255
216080,11272,8784,216090,8364,8258
216100,11280,8775,216110,8377,8260
216120,11301,8749,216130,8382,8287
216140,11334,8752,216150,8370,8271
216160,11326,8775,216170,8366,8258
216180,11319,8780,216190,8354,8256
216200,11323,8778,216210,8373,8271
216220,11310,8765,216230,8384,8283
216240,11309,8753,216250,8366,8285
216260,11308,8763,216270,8366,8255
216280,11318,8794,216290,8363,8257
216300,11313,8780,216310,8368,8258
216320,11299,8766,216330,8372,8280
216340,11310,8758,216350,8366,8272
216360,11308,8762,216370,8361,8276
216380,11314,8784,216390,8363,8258
216400,11294,8771,216410,8370,8269
216420,11289,8757,216430,8380,8275
216440,11291,8751,216450,8357,8268
216460,11286,8752,216470,8359,8250
216480,11275,8774,216490,8363,8253
216500,11267,8766,216510,8372,8261
216520,11261,8747,216530,8371,8286
216540,11262,8733,216550,8362,8283
216560,11262,8746,216570,8363,8263
216580,11272,8769,216590,8356,8249
216600,11272,8761,216610,8382,8259
216620,11272,8745,216630,8380,8274
216640,11264,8730,216650,8357,8266
216660,11276,8746,216670,8352,8253
216680,11282,8763,216690,8364,8245
216700,11277,8757,216710,8370,8260
216720,11261,8731,216730,8372,8279
216740,11268,8744,216750,8361,8276
216760,11278,8751,216770,8369,8254
216780,11276,8771,216790,8359,8250
216800,11275,8762,216810,8368,8267
216820,11267,8738,216830,8369,8275
216840,11266,8736,216850,8368,8274
216860,11277,8751,216870,8352,8248
216880,11269,8761,216890,8357,8246
216900,11280,8761,216910,8376,8261
216920,11277,8740,216930,8363,8276
216940,11276,8742,216950,8361,8265
216960,11277,8751,216970,8351,8243
216980,11291,8770,216990,8352,8244
217000,11284,8763,217010,8378,8257
217020,11279,8749,217030,8369,8279
217040,11277,8735,217050,8361,8264
217060,11275,8754,217070,8356,8254
217080,11286,8771,217090,8356,8237
217100,11268,8757,217110,8361,8271
217120,11253,8731,217130,8370,8267
217140,11232,8724,217150,8366,8265
217160,11221,8745,217170,8348,8257
217180,11220,8754,217190,8354,8237
217200,11251,8737,217210,8373,8256
217220,11197,8731,217230,8369,8271
217240,11199,8723,217250,8360,8270
217260,11252,8738,217270,8359,8246
217280,11272,8762,217290,8360,8243
217300,11271,8750,217310,8375,8256
217320,11266,8736,217330,8377,8270
217340,11264,8731,217350,8370,8262
217360,11266,8744,217370,8357,8249
217380,11276,8764,217390,8360,8252
217400,11263,8747,217410,8374,8272
217420,11253,8738,217430,8362,8274
217440,11257,8735,217450,8364,8267
217460,11274,8753,217470,8358,8249
217480,11273,8760,217490,8359,8250
217500,11262,8751,217510,8383,8264
217520,11259,8730,217530,8375,8280
217540,11262,8741,217550,8358,8266
217560,11275,8753,217570,8351,8248
217580,11264,8760,217590,8352,8242
217600,11264,8761,217610,8363,8269
217620,11260,8732,217630,8368,8276
217640,11268,8737,217650,8367,8263
217660,11280,8753,217670,8349,8243
217680,11275,8765,217690,8354,8246
217700,11280,8758,217710,8367,8270
217720,11266,8737,217730,8370,8267
217740,11275,8739,217750,8362,8264
217760,11283,8764,217770,8359,8243
217780,11291,8767,217790,8362,8255
217800,11286,8760,217810,8387,8261
217820,11286,8738,217830,8360,8270
217840,11270,8743,217850,8356,8265
217860,11274,8750,217870,8358,8246
217880,11266,8757,217890,8361,8256
217900,11257,8743,217910,8362,8260
217920,11259,8735,217930,8372,8275
217940,11264,8744,217950,8362,8256
217960,11265,8753,217970,8356,8254
217980,11276,8767,217990,8365,8256
218000,11294,8755,218010,8376,8269
218020,11271,8732,218030,8375,8272
218040,11277,8742,218050,8361,8264
218060,11282,8753,218070,8359,8246
218080,11288,8766,218090,8355,8246
218100,11274,8746,218110,8376,8264
218120,11274,8734,218130,8370,8277
218140,11275,8731,218150,8357,8264
218160,11283,8756,218170,8355,8241
218180,11273,8754,218190,8361,8244
218200,11259,8749,218210,8380,8271
218220,11236,8724,218230,8365,8273
218240,11218,8740,218250,8356,8265
218260,11248,8754,218270,8352,8248
218280,11275,8763,218290,8360,8252
218300,11294,8759,218310,8365,8273
218320,11286,8743,218330,8373,8270
218340,11289,8745,218350,8364,8265
218360,11289,8757,218370,8353,8244
218380,11286,8774,218390,8375,8257
218400,11279,8753,218410,8379,8261
218420,11270,8728,218430,8363,8269
218440,11279,8745,218450,8357,8257
218460,11283,8759,218470,8366,8243
218480,11290,8767,218490,8360,8253
218500,11266,8752,218510,8374,8268
218520,11252,8729,218530,8371,8276
218540,11259,8728,218550,8346,8250
218560,11256,8741,218570,8349,8240
218580,11254,8750,218590,8355,8254
218600,11258,8732,218610,8369,8263
218620,11258,8728,218630,8370,8270
218640,11250,8730,218650,8354,8252
218660,11260,8757,218670,8359,8239
218680,11263,8762,218690,8374,8256
218700,11251,8744,218710,8376,8268
218720,11255,8728,218730,8368,8280
218740,11260,8732,218750,8358,8265
218760,11272,8756,218770,8361,8256
218780,11270,8765,218790,8377,8257
218800,11261,8744,218810,8387,8275
218820,11247,8726,218830,8359,8277
218840,11268,8739,218850,8369,8252
218860,11264,8755,218870,8358,8247
218880,11276,8762,218890,8360,8259
218900,11270,8737,218910,8373,8263
218920,11258,8733,218930,8369,8270
218940,11270,8749,218950,8358,8266
218960,11287,8770,218970,8359,8253
218980,11277,8760,218990,8366,8258
219000,11265,8751,219010,8385,8265
219020,11260,8738,219030,8373,8269
219040,11269,8747,219050,8355,8251
219060,11287,8771,219070,8354,8243
219080,11286,8769,219090,8359,8265
219100,11276,8747,219110,8378,8265
219120,11276,8743,219130,8370,8273
219140,11273,8757,219150,8363,8253
219160,11291,8768,219170,8368,8251
219180,11281,8764,219190,8368,8262
219200,11282,8747,219210,8381,8277
219220,11277,8728,219230,8372,8278
219240,11254,8732,219250,8359,8262
219260,11246,8763,219270,8362,8242
219280,11231,8755,219290,8368,8258
219300,11204,8732,219310,8392,8274
219320,11210,8720,219330,8367,8265
219340,11220,8738,219350,8358,8254
219360,11279,8757,219370,8364,8250
219380,11254,8760,219390,8363,8251
219400,11251,8737,219410,8380,8281
219420,11251,8733,219430,8375,8281
219440,11265,8746,219450,8353,8257
219460,11265,8765,219470,8352,8243
219480,11261,8754,219490,8370,8263
219500,11249,8735,219510,8374,8286
219520,11261,8733,219530,8366,8277
219540,11257,8746,219550,8362,8267
219560,11280,8756,219570,8360,8244
219580,11253,8736,219590,8368,8260
219600,11256,8735,219610,8373,8272
219620,11258,8726,219630,8366,8272
219640,11262,8745,219650,8367,8249
219660,11272,8766,219670,8363,8243
219680,11272,8763,219690,8373,8257
219700,11267,8735,219710,8380,8276
219720,11270,8729,219730,8362,8267
219740,11269,8747,219750,8355,8254
219760,11274,8755,219770,8361,8248
219780,11285,8768,219790,8383,8267
219800,11279,8751,219810,8379,8267
219820,11270,8736,219830,8365,8270
219840,11275,8753,219850,8364,8258
219860,11286,8772,219870,8360,8249
219880,11280,8762,219890,8367,8258
219900,11272,8750,219910,8372,8270
219920,11276,8740,219930,8371,8270
219940,11266,8755,219950,8368,8252
219960,11284,8770,219970,8355,8252
219980,11276,8768,219990,8370,8261
220000,11274,8739,220010,8371,8269
220020,11259,8738,220030,8366,8276
220040,11261,8748,220050,8360,8250
220060,11257,8752,220070,8355,8241
220080,11256,8745,220090,8367,8261
220100,11249,8732,220110,8368,8269
220120,11241,8728,220130,8366,8262
220140,11243,8735,220150,8353,8245
220160,11262,8760,220170,8359,8245
220180,11259,8754,220190,8368,8267
220200,11251,8728,220210,8368,8275
220220,11246,8723,220230,8366,8272
220240,11278,8736,220250,8350,8249
220260,11260,8751,220270,8354,8245
220280,11259,8747,220290,8363,8266
220300,11250,8727,220310,8374,8268
220320,11251,8717,220330,8362,8265
220340,11251,8738,220350,8360,8256
220360,11236,8751,220370,8362,8245
220380,11221,8750,220390,8368,8251
220400,11206,8726,220410,8368,8281
220420,11227,8727,220430,8366,8258
220440,11246,8739,220450,8352,8244
220460,11278,8764,220470,8352,8251
220480,11287,8765,220490,8367,8255
220500,11221,8734,220510,8386,8283
220520,11236,8731,220530,8354,8269
220540,11254,8762,220550,8351,8251
220560,11292,8772,220570,8361,8245
220580,11274,8753,220590,8375,8259
220600,11271,8743,220610,8380,8275
220620,11269,8737,220630,8365,8261
220640,11288,8746,220650,8362,8254
220660,11273,8764,220670,8354,8243
220680,11279,8758,220690,8372,8264
220700,11271,8742,220710,8378,8279
220720,11278,8745,220730,8360,8269
220740,11273,8748,220750,8358,8241
220760,11285,8769,220770,8349,8244
220780,11269,8753,220790,8369,8263
220800,11257,8743,220810,8374,8274
220820,11263,8736,220830,8363,8258
220840,11264,8743,220850,8344,8246
220860,11261,8755,220870,8351,8237
220880,11248,8741,220890,8371,8271
220900,11230,8725,220910,8367,8270
220920,11249,8718,220930,8358,8264
220940,11258,8745,220950,8355,8244
220960,11255,8753,220970,8352,8244
220980,11254,8747,220990,8368,8273
221000,11256,8731,221010,8376,8280
221020,11255,8733,221030,8364,8269
221040,11269,8755,221050,8355,8244
221060,11274,8759,221070,8362,8247
221080,11265,8748,221090,8379,8256
221100,11205,8724,221110,8381,8271
221120,11259,8728,221130,8366,8260
221140,11245,8747,221150,8360,8253
221160,11252,8753,221170,8357,8242
221180,11239,8727,221190,8369,8261
221200,11241,8730,221210,8369,8274
221220,11251,8733,221230,8357,8256
221240,11246,8734,221250,8355,8243
221260,11262,8754,221270,8359,8242
221280,11256,8737,221290,8369,8257
221300,11252,8721,221310,8368,8275
221320,11249,8742,221330,8354,8263
221340,11272,8738,221350,8351,8244
221360,11269,8751,221370,8365,8250
221380,11253,8747,221390,8370,8269
221400,11256,8743,221410,8372,8276
221420,11244,8729,221430,8361,8249
221440,11249,8753,221450,8364,8250
221460,11240,8758,221470,8367,8252
221480,11232,8746,221490,8371,8266
221500,11248,8722,221510,8367,8275
221520,11260,8736,221530,8356,8254
221540,11267,8743,221550,8347,8245
221560,11263,8754,221570,8360,8249
221580,11247,8733,221590,8371,8262
221600,11232,8719,221610,8368,8261
221620,11233,8723,221630,8367,8258
221640,11230,8739,221650,8357,8247
221660,11244,8751,221670,8361,8254
221680,11234,8736,221690,8368,8274
221700,11228,8724,221710,8373,8280
221720,11241,8730,221730,8363,8264
221740,11254,8743,221750,8354,8243
221760,11247,8755,221770,8352,8247
221780,11248,8736,221790,8374,8266
221800,11233,8726,221810,8366,8268
221820,11240,8726,221830,8358,8255
221840,11251,8744,221850,8358,8252
221860,11248,8749,221870,8361,8249
221880,11244,8742,221890,8366,8263
221900,11228,8720,221910,8366,8276
221920,11242,8726,221930,8358,8246
221940,11247,8749,221950,8352,8237
221960,11244,8753,221970,8372,8248
221980,11247,8727,221990,8370,8279
222000,11201,8715,222010,8382,8275
222020,11244,8733,222030,8355,8247
222040,11255,8750,222050,8350,8248
222060,11256,8752,222070,8367,8252
222080,11248,8741,222090,8363,8265
222100,11244,8728,222110,8362,8275
222120,11250,8738,222130,8359,8261
222140,11255,8755,222150,8360,8245
222160,11265,8758,222170,8371,8259
222180,11252,8748,222190,8365,8272
222200,11239,8726,222210,8377,8279
222220,11249,8734,222230,8357,8251
222240,11258,8754,222250,8360,8245
222260,11261,8763,222270,8365,8250
222280,11250,8731,222290,8374,8265
222300,11258,8743,222310,8370,8272
222320,11244,8731,222330,8361,8257
222340,11242,8747,222350,8357,8255
222360,11233,8746,222370,8372,8252
222380,11220,8724,222390,8372,8261
222400,11215,8711,222410,8364,8276
222420,11229,8722,222430,8355,8255
222440,11238,8736,222450,8353,8238
222460,11229,8748,222470,8358,8238
222480,11231,8724,222490,8369,8277
222500,11224,8717,222510,8362,8268
222520,11216,8736,222530,8365,8245
222540,11206,8753,222550,8357,8253
222560,11204,8748,222570,8371,8249
222580,11214,8732,222590,8379,8275
222600,11207,8713,222610,8373,8275
222620,11195,8735,222630,8358,8253
222640,11234,8745,222650,8361,8243
222660,11266,8748,222670,8363,8255
222680,11238,8731,222690,8375,8275
222700,11241,8728,222710,8360,8259
222720,11239,8726,222730,8357,8252
222740,11257,8746,222750,8367,8253
222760,11256,8748,222770,8377,8261
222780,11246,8733,222790,8379,8280
222800,11240,8737,222810,8385,8289
222820,11262,8747,222830,8363,8256
222840,11268,8759,222850,8359,8244
222860,11255,8753,222870,8365,8255
222880,11257,8737,222890,8373,8275
222900,11257,8728,222910,8370,8275
222920,11250,8749,222930,8348,8248
222940,11257,8759,222950,8357,8242
222960,11254,8762,222970,8368,8256
222980,11257,8738,222990,8373,8270
223000,11261,8732,223010,8361,8265
223020,11249,8746,223030,8361,8259
223040,11264,8761,223050,8360,8248
223060,11268,8756,223070,8366,8259
223080,11269,8750,223090,8377,8274
223100,11257,8736,223110,8368,8271
223120,11249,8743,223130,8356,8265
223140,11249,8760,223150,8356,8248
223160,11246,8750,223170,8368,8273
223180,11224,8722,223190,8374,8273
223200,11221,8721,223210,8357,8268
223220,11233,8735,223230,8358,8253
223240,11244,8749,223250,8360,8247
223260,11237,8743,223270,8371,8267
223280,11225,8726,223290,8369,8270
223300,11234,8717,223310,8372,8264
223320,11249,8720,223330,8353,8249
223340,11254,8754,223350,8361,8246
223360,11244,8748,223370,8368,8255
223380,11237,8722,223390,8365,8272
223400,11234,8713,223410,8362,8276
223420,11248,8739,223430,8350,8252
223440,11245,8740,223450,8355,8245
223460,11239,8739,223470,8365,8262
223480,11233,8722,223490,8366,8272
223500,11240,8718,223510,8364,8269
223520,11239,8728,223530,8353,8245
223540,11248,8741,223550,8353,8245
223560,11245,8735,223570,8379,8266
223580,11234,8720,223590,8365,8275
223600,11229,8725,223610,8356,8268
223620,11217,8743,223630,8351,8246
223640,11219,8764,223650,8359,8246
223660,11256,8755,223670,8369,8256
223680,11254,8732,223690,8376,8287
223700,11259,8735,223710,8367,8268
223720,11261,8748,223730,8356,8257
223740,11266,8759,223750,8356,8240
223760,11263,8757,223770,8368,8262
223780,11258,8744,223790,8370,8275
223800,11264,8737,223810,8365,8269
223820,11263,8749,223830,8358,8237
223840,11276,8764,223850,8359,8236
223860,11252,8734,223870,8372,8257
223880,11257,8731,223890,8372,8266
223900,11251,8723,223910,8354,8265
223920,11260,8744,223930,8359,8249
223940,11266,8765,223950,8359,8242
223960,11252,8750,223970,8371,8271
223980,11247,8719,223990,8380,8272
224000,11231,8718,224010,8354,8265
224020,11241,8742,224030,8359,8257
224040,11248,8743,224050,8361,8245
224060,11229,8732,224070,8379,8265
224080,11239,8716,224090,8372,8278
224100,11233,8718,224110,8361,8270
224120,11256,8740,224130,8363,8248
224140,11248,8741,224150,8353,8236
224160,11249,8746,224170,8369,8258
224180,11246,8719,224190,8379,8275
224200,11251,8737,224210,8356,8264
224220,11253,8756,224230,8350,8236
224240,11247,8755,224250,8360,8239
224260,11260,8747,224270,8371,8258
224280,11241,8726,224290,8362,8267
224300,11248,8728,224310,8359,8254
224320,11250,8754,224330,8352,8244
224340,11261,8757,224350,8361,8251
224360,11262,8740,224370,8373,8263
224380,11242,8720,224390,8371,8272
224400,11255,8732,224410,8361,8257
224420,11262,8736,224430,8350,8233
224440,11260,8769,224450,8353,8253
224460,11261,8751,224470,8374,8255
224480,11250,8731,224490,8372,8277
224500,11261,8746,224510,8354,8260
224520,11275,8747,224530,8351,8250
224540,11269,8754,224550,8359,8237
224560,11266,8749,224570,8370,8274
224580,11248,8728,224590,8363,8276
224600,11263,8726,224610,8367,8259
224620,11262,8744,224630,8348,8244
224640,11259,8755,224650,8363,8250
224660,11240,8740,224670,8370,8259
224680,11226,8729,224690,8377,8274
224700,11194,8727,224710,8369,8265
224720,11204,8743,224730,8352,8243
224740,11188,8753,224750,8359,8252
224760,11243,8728,224770,8366,8265
224780,11227,8720,224790,8366,8276
224800,11224,8727,224810,8354,8255
224820,11243,8741,224830,8356,8236
224840,11247,8749,224850,8356,8249
224860,11240,8740,224870,8379,8266
224880,11237,8716,224890,8372,8278
224900,11238,8725,224910,8357,8261
224920,11247,8737,224930,8358,8255
224940,11260,8749,224950,8360,8254
224960,11250,8740,224970,8373,8260
224980,11236,8720,224990,8361,8277
225000,11234,8737,225010,8354,8254
225020,11247,8751,225030,8352,8249
225040,11253,8748,225050,8363,8253
225060,11249,8737,225070,8372,8263
225080,11241,8729,225090,8369,8283
225100,11239,8722,225110,8348,8261
225120,11250,8748,225130,8354,8242
225140,11254,8752,225150,8368,8251
225160,11252,8748,225170,8376,8263
225180,11240,8723,225190,8382,8269
225200,11243,8727,225210,8360,8252
225220,11249,8751,225230,8365,8252
225240,11257,8757,225250,8365,8257
225260,11262,8741,225270,8374,8268
225280,11239,8725,225290,8370,8273
225300,11253,8747,225310,8361,8264
225320,11255,8764,225330,8355,8243
225340,11261,8759,225350,8367,8248
225360,11249,8746,225370,8387,8271
225380,11250,8733,225390,8371,8277
225400,11245,8740,225410,8356,8257
225420,11247,8759,225430,8345,8236
225440,11234,8749,225450,8372,8258
225460,11220,8727,225470,8377,8262
225480,11224,8721,225490,8366,8268
225500,11214,8726,225510,8363,8254
225520,11224,8738,225530,8357,8248
225540,11228,8747,225550,8373,8262
225560,11221,8728,225570,8377,8266
225580,11215,8713,225590,8373,8279
225600,11214,8730,225610,8352,8262
225620,11236,8747,225630,8357,8252
225640,11231,8745,225650,8369,8255
225660,11214,8728,225670,8377,8277
225680,11206,8717,225690,8368,8276
225700,11226,8722,225710,8360,8257
225720,11226,8752,225730,8365,8242
225740,11213,8736,225750,8368,8257
225760,11190,8721,225770,8374,8270
225780,11185,8717,225790,8371,8282
225800,11191,8734,225810,8361,8251
225820,11224,8752,225830,8358,8250
225840,11232,8749,225850,8371,8260
225860,11219,8727,225870,8372,8276
225880,11213,8726,225890,8362,8273
225900,11230,8734,225910,8361,8261
225920,11227,8748,225930,8360,8246
225940,11227,8746,225950,8364,8252
225960,11231,8724,225970,8382,8267
225980,11233,8733,225990,8366,8277
226000,11236,8742,226010,8364,8264
226020,11241,8758,226030,8367,8255
226040,11237,8752,226050,8366,8248
226060,11229,8730,226070,8375,8278
226080,11219,8721,226090,8364,8275
226100,11228,8737,226110,8352,8257
226120,11244,8748,226130,8368,8248
226140,11232,8746,226150,8368,8257
226160,11210,8729,226170,8380,8267
226180,11196,8709,226190,8367,8275
226200,11187,8720,226210,8362,8256
226220,11202,8730,226230,8370,8246
226240,11202,8733,226250,8361,8257
226260,11195,8714,226270,8379,8275
226280,11202,8713,226290,8360,8269
226300,11196,8727,226310,8356,8249
226320,11211,8731,226330,8359,8247
226340,11214,8749,226350,8372,8257
226360,11216,8725,226370,8375,8266
226380,11208,8705,226390,8372,8269
226400,11217,8729,226410,8357,8254
226420,11219,8754,226430,8354,8244
226440,11225,8746,226450,8366,8259
226460,11220,8730,226470,8381,8271
226480,11220,8718,226490,8369,8268
226500,11216,8732,226510,8354,8253
226520,11225,8746,226530,8357,8243
226540,11217,8749,226550,8371,8265
226560,11217,8711,226570,8379,8269
226580,11217,8707,226590,8362,8275
226600,11225,8727,226610,8352,8252
226620,11235,8754,226630,8358,8246
226640,11248,8741,226650,8371,8255
226660,11227,8730,226670,8368,8281
226680,11226,8724,226690,8364,8263
226700,11241,8732,226710,8350,8246
226720,11232,8750,226730,8351,8242
226740,11230,8746,226750,8372,8258
226760,11243,8718,226770,8375,8273
226780,11221,8712,226790,8366,8268
226800,11213,8724,226810,8356,8248
226820,11209,8744,226830,8361,8241
226840,11184,8740,226850,8372,8260
226860,11184,8708,226870,8371,8272
226880,11166,8712,226890,8367,8257
226900,11193,8711,226910,8340,8241
226920,11213,8729,226930,8350,8241
226940,11198,8722,226950,8379,8262
226960,11206,8715,226970,8373,8273
226980,11185,8706,226990,8366,8257
227000,11206,8724,227010,8354,8244
227020,11215,8742,227030,8346,8241
227040,11219,8739,227050,8380,8242
227060,11204,8709,227070,8366,8277
227080,11210,8717,227090,8356,8262
227100,11212,8729,227110,8351,8240
227120,11210,8743,227130,8354,8253
227140,11202,8735,227150,8361,8257
227160,11205,8702,227170,8370,8261
227180,11197,8704,227190,8369,8255
227200,11215,8733,227210,8357,8247
227220,11216,8738,227230,8368,8247
227240,11206,8726,227250,8370,8265
227260,11202,8714,227270,8372,8261
227280,11193,8716,227290,8354,8259
227300,11217,8730,227310,8351,8242
227320,11205,8744,227330,8363,8240
227340,11202,8729,227350,8374,8258
227360,11219,8713,227370,8364,8273
227380,11209,8710,227390,8357,8270
227400,11215,8729,227410,8353,8234
227420,11222,8739,227430,8355,8247
227440,11225,8724,227450,8369,8262
227460,11211,8705,227470,8374,8277
227480,11228,8723,227490,8358,8259
227500,11231,8738,227510,8354,8250
227520,11229,8751,227530,8364,8239
227540,11232,8734,227550,8384,8255
227560,11225,8722,227570,8374,8280
227580,11231,8710,227590,8361,8268
227600,11241,8731,227610,8359,8231
227620,11230,8739,227630,8368,8252
227640,11212,8730,227650,8376,8260
227660,11191,8706,227670,8365,8263
227680,11198,8713,227690,8354,8258
227700,11189,8723,227710,8351,8247
227720,11201,8737,227730,8357,8255
227740,11208,8724,227750,8374,8257
227760,11202,8704,227770,8370,8274
227780,11205,8707,227790,8360,8256
227800,11213,8727,227810,8362,8249
227820,11221,8742,227830,8358,8249
227840,11206,8724,227850,8373,8263
227860,11215,8718,227870,8371,8273
227880,11210,8717,227890,8354,8260
227900,11214,8733,227910,8361,8244
227920,11179,8728,227930,8353,8259
227940,11177,8729,227950,8367,8260
227960,11194,8718,227970,8369,8268
227980,11216,8709,227990,8359,8264
228000,11223,8743,228010,8353,8246
228020,11212,8743,228030,8368,8247
228040,11174,8725,228050,8365,8265
228060,11223,8714,228070,8368,8268
228080,11214,8717,228090,8358,8269
228100,11241,8738,228110,8362,8259
228120,11235,8747,228130,8372,8255
228140,11221,8722,228150,8370,8255
228160,11215,8709,228170,8368,8268
228180,11223,8712,228190,8355,8255
228200,11232,8739,228210,8363,8251
228220,11228,8755,228230,8356,8254
228240,11230,8726,228250,8370,8270
228260,11219,8715,228270,8367,8276
228280,11216,8726,228290,8356,8257
228300,11235,8745,228310,8363,8248
228320,11237,8750,228330,8364,8242
228340,11229,8733,228350,8370,8268
228360,11230,8723,228370,8365,8270
228380,11233,8735,228390,8355,8256
228400,11234,8756,228410,8364,8249
228420,11225,8735,228430,8370,8261
228440,11198,8719,228450,8373,8276
228460,11192,8704,228470,8364,8265
228480,11194,8703,228490,8350,8255
228500,11207,8730,228510,8357,8240
228520,11207,8742,228530,8361,8245
228540,11213,8729,228550,8378,8269
228560,11193,8706,228570,8366,8272
228580,11223,8708,228590,8354,8250
228600,11222,8735,228610,8352,8239
228620,11208,8742,228630,8366,8250
228640,11218,8733,228650,8380,8266
228660,11214,8714,228670,8363,8271
228680,11212,8724,228690,8353,8257
228700,11219,8734,228710,8364,8237
228720,11219,8747,228730,8363,8251
228740,11216,8727,228750,8385,8279
228760,11208,8701,228770,8373,8274
228780,11223,8726,228790,8358,8260
228800,11220,8748,228810,8363,8255
228820,11216,8743,228830,8368,8255
228840,11223,8730,228850,8371,8280
228860,11219,8707,228870,8363,8271
228880,11227,8721,228890,8357,8260
228900,11229,8751,228910,8350,8238
228920,11229,8740,228930,8368,8261
228940,11237,8731,228950,8365,8277
228960,11216,8727,228970,8359,8277
228980,11210,8728,228990,8352,8249
229000,11205,8751,229010,8364,8246
229020,11200,8756,229030,8375,8255
229040,11197,8728,229050,8371,8275
229060,11228,8718,229070,8368,8277
229080,11257,8739,229090,8359,8251
229100,11242,8752,229110,8360,8250
229120,11255,8745,229130,8365,8253
229140,11242,8746,229150,8374,8272
229160,11237,8723,229170,8371,8271
229180,11259,8735,229190,8356,8251
229200,11255,8752,229210,8357,8246
229220,11246,8748,229230,8372,8250
229240,11209,8721,229250,8370,8287
229260,11217,8713,229270,8365,8277
229280,11210,8716,229290,8356,8253
229300,11218,8742,229310,8351,8250
229320,11211,8738,229330,8372,8251
229340,11224,8717,229350,8374,8265
229360,11226,8712,229370,8360,8272
229380,11223,8729,229390,8362,8265
229400,11235,8741,229410,8363,8247
229420,11225,8741,229430,8360,8250
229440,11235,8721,229450,8374,8281
229460,11230,8710,229470,8368,8275
229480,11229,8742,229490,8360,8251
229500,11221,8741,229510,8366,8246
229520,11228,8734,229530,8369,8252
229540,11215,8729,229550,8370,8270
229560,11216,8719,229570,8365,8276
229580,11216,8735,229590,8356,8256
229600,11226,8738,229610,8359,8249
229620,11227,8739,229630,8368,8251
229640,11228,8721,229650,8369,8264
229660,11225,8711,229670,8358,8268
229680,11218,8728,229690,8354,8256
229700,11230,8758,229710,8350,8248
229720,11225,8744,229730,8372,8258
229740,11213,8727,229750,8362,8265
229760,11224,8725,229770,8359,8274
229780,11229,8736,229790,8353,8243
229800,11228,8744,229810,8357,8239
229820,11232,8744,229830,8373,8261
229840,11220,8720,229850,8372,8266
229860,11224,8720,229870,8355,8264
229880,11232,8739,229890,8352,8245
229900,11235,8746,229910,8356,8243
229920,11224,8731,229930,8373,8256
229940,11207,8711,229950,8371,8277
229960,11192,8695,229970,8360,8261
229980,11197,8718,229990,8355,8245
230000,11202,8731,230010,8356,8237
230020,11207,8726,230030,8365,8257
230040,11197,8711,230050,8367,8255
230060,11177,8706,230070,8363,8269
230080,11175,8724,230090,8357,8241
230100,11153,8725,230110,8358,8242
230120,11163,8733,230130,8369,8257
230140,11149,8718,230150,8370,8266
230160,11212,8714,230170,8352,8257
230180,11215,8723,230190,8356,8239
230200,11213,8742,230210,8342,8245
230220,11211,8738,230230,8377,8260
230240,11206,8719,230250,8363,8280
230260,11196,8701,230270,8352,8264
230280,11204,8717,230290,8360,8246
230300,11204,8738,230310,8353,8240
230320,11218,8728,230330,8369,8259
230340,11213,8723,230350,8374,8269
230360,11205,8721,230370,8362,8258
230380,11215,8727,230390,8347,8243
230400,11224,8743,230410,8364,8242
230420,11207,8724,230430,8367,8261
230440,11215,8719,230450,8363,8275
230460,11218,8723,230470,8358,8268
230480,11217,8737,230490,8356,8238
230500,11224,8740,230510,8357,8246
230520,11222,8739,230530,8381,8268
230540,11214,8705,230550,8369,8270
230560,11213,8725,230570,8362,8257
230580,11205,8727,230590,8358,8238
230600,11192,8739,230610,8365,8245
230620,11181,8722,230630,8373,8268
230640,11155,8706,230650,8365,8272
230660,11137,8697,230670,8356,8269
230680,11112,8717,230690,8360,8257
230700,11062,8706,230710,8360,8265
230720,11002,8679,230730,8362,8280
230740,10949,8659,230750,8348,8293
230760,10873,8630,230770,8347,8274
230780,10821,8632,230790,8335,8266
230800,10712,8627,230810,8341,8288
230820,10531,8601,230830,8343,8316
230840,10369,8573,230850,8356,8322
230860,10264,8566,230870,8353,8331
230880,10197,8579,230890,8360,8334
230900,10139,8595,230910,8359,8356
230920,10072,8588,230930,8359,8362
230940,10032,8581,230950,8378,8382
230960,9959,8581,230970,8377,8382
230980,9915,8587,230990,8375,8384
231000,9869,8583,231010,8381,8391
231020,9841,8585,231030,8376,8401
231040,9806,8572,231050,8377,8397
231060,9765,8571,231070,8384,8422
231080,9742,8582,231090,8384,8418
231100,9730,8595,231110,8372,8414
231120,9708,8588,231130,8392,8426
231140,9672,8591,231150,8404,8441
231160,9650,8590,231170,8392,8452
231180,9642,8609,231190,8397,8472
231200,9629,8638,231210,8402,8491
231220,9629,8655,231230,8407,8512
231240,9621,8681,231250,8414,8536
231260,9601,8684,231270,8401,8532
231280,9591,8686,231290,8413,8536
231300,9556,8677,231310,8419,8540
231320,9528,8693,231330,8419,8544
231340,9521,8676,231350,8422,8526
231360,9488,8635,231370,8416,8492
231380,9451,8607,231390,8416,8467
231400,9395,8601,231410,8416,8482
231420,9352,8599,231430,8432,8488
231440,9295,8586,231450,8441,8492
231460,9231,8589,231470,8439,8502
231480,9228,8620,231490,8449,8512
231500,9234,8629,231510,8447,8513
231520,9232,8632,231530,8476,8497
231540,9215,8610,231550,8501,8513
231560,8997,8749,231570,8641,8695
231580,8893,8720,231590,8650,8675
231600,8931,9042,231610,8996,9120
231620,9097,9237,231630,9107,9166
231640,9032,9212,231650,8964,9029
231660,8875,9007,231670,8799,8854
231680,8764,8881,231690,8726,8780
231700,8748,8871,231710,8797,8851
231720,8800,8916,231730,8835,8877
231740,8856,8970,231750,8916,8962
231760,8909,9021,231770,8947,8992
231780,8909,9035,231790,8952,8994
231800,8935,9032,231810,9104,9021
231820,9173,9236,231830,9259,9255
231840,9242,9327,231850,9297,9313
231860,9240,9329,231870,9293,9301
231880,9241,9338,231890,9297,9309
231900,9234,9341,231910,9272,9289
231920,9215,9300,231930,9252,9276
231940,9200,9290,231950,9269,9265
231960,9229,9295,231970,9294,9299
231980,9280,9340,231990,9350,9332
232000,9309,9372,232010,9380,9361
232020,9322,9399,232030,9385,9386
232040,9345,9418,232050,9395,9398
232060,9335,9428,232070,9370,9374
232080,9339,9435,232090,9406,9408
232100,9347,9431,232110,9397,9399
232120,9342,9419,232130,9393,9407
232140,9350,9433,232150,9396,9408
232160,9338,9427,232170,9388,9400
232180,9324,9438,232190,9394,9411
232200,9345,9436,232210,9383,9396
232220,9333,9417,232230,9391,9404
232240,9354,9436,232250,9397,9402
232260,9332,9416,232270,9385,9396
232280,9343,9428,232290,9398,9402
232300,9341,9424,232310,9375,9381
232320,9331,9406,232330,9391,9404
232340,9349,9429,232350,9401,9398
232360,9340,9418,232370,9372,9387
232380,9334,9429,232390,9395,9386
232400,9340,9418,232410,9375,9391
232420,9324,9404,232430,9390,9400
232440,9359,9431,232450,9395,9395
232460,9341,9409,232470,9385,9387
232480,9355,9427,232490,9398,9396
232500,9346,9410,232510,9386,9396
232520,9336,9417,232530,9394,9399
232540,9359,9424,232550,9400,9393
232560,9331,9419,232570,9382,9383
232580,9346,9426,232590,9402,9401
232600,9343,9419,232610,9393,9393
232620,9336,9419,232630,9394,9405
232640,9354,9431,232650,9386,9389
232660,9337,9420,232670,9382,9377
232680,9352,9418,232690,9393,9409
232700,9337,9419,232710,9385,9388
232720,9324,9415,232730,9395,9406
232740,9350,9423,232750,9390,9397
232760,9342,9417,232770,9379,9388
232780,9343,9436,232790,9414,9401
232800,9339,9426,232810,9388,9387
232820,9325,9410,232830,9386,9386
232840,9343,9427,232850,9391,9403
232860,9330,9407,232870,9372,9383
232880,9350,9420,232890,9393,9387
232900,9335,9419,232910,9380,9378
232920,9324,9407,232930,9393,9400
232940,9346,9421,232950,9385,9384
232960,9330,9409,232970,9384,9377
232980,9330,9424,232990,9385,9396
233000,9331,9415,233010,9372,9384
233020,9328,9403,233030,9389,9397
233040,9336,9423,233050,9374,9383
233060,9330,9416,233070,9381,9382
233080,9345,9421,233090,9394,9394
233100,9332,9422,233110,9385,9391
233120,9325,9409,233130,9387,9400
233140,9341,9426,233150,9389,9388
233160,9322,9406,233170,9386,9372
233180,9336,9419,233190,9388,9384
233200,9333,9409,233210,9379,9391
233220,9324,9422,233230,9391,9396
233240,9334,9428,233250,9379,9385
233260,9324,9407,233270,9372,9388
233280,9339,9420,233290,9378,9389
233300,9336,9402,233310,9377,9379
233320,9334,9398,233330,9383,9389
233340,9335,9418,233350,9375,9379
233360,9326,9401,233370,9370,9380
233380,9344,9420,233390,9380,9384
233400,9326,9416,233410,9376,9380
233420,9327,9400,233430,9381,9389
233440,9328,9408,233450,9377,9385
233460,9320,9406,233470,9377,9372
233480,9335,9419,233490,9371,9379
233500,9307,9400,233510,9358,9370
233520,9319,9401,233530,9379,9392
233540,9320,9405,233550,9362,9380
233560,9322,9404,233570,9375,9376
233580,9323,9418,233590,9373,9383
233600,9333,9401,233610,9366,9377
233620,9331,9410,233630,9381,9395
233640,9330,9408,233650,9369,9378
233660,9323,9405,233670,9373,9367
233680,9339,9405,233690,9377,9381
233700,9324,9395,233710,9368,9369
233720,9328,9397,233730,9384,9390
233740,9331,9404,233750,9375,9373
233760,9321,9397,233770,9378,9368
233780,9339,9413,233790,9379,9368
233800,9318,9397,233810,9357,9359
233820,9319,9397,233830,9383,9386
233840,9327,9401,233850,9370,9368
233860,9307,9386,233870,9366,9371
233880,9332,9401,233890,9368,9365
233900,9321,9408,233910,9360,9376
233920,9325,9407,233930,9382,9388
233940,9332,9408,233950,9369,9381
233960,9316,9405,233970,9372,9379
233980,9337,9415,233990,9385,9378
