LED1 Timestamp (ms),LED1_PD1,LED1_PD2,LED2 Timestamp (ms),LED2_PD1,LED2_PD2
6000,12998,12998,6010,13126,13116
6020,13002,13005,6030,13134,13123
6040,13008,12997,6050,13135,13124
6060,13003,12999,6070,13128,13124
6080,13009,13006,6090,13130,13133
6100,12997,12997,6110,13127,13124
6120,12997,13007,6130,13126,13133
6140,13002,13004,6150,13134,13126
6160,13000,13008,6170,13136,13128
6180,12994,13002,6190,13130,13128
6200,13005,13010,6210,13135,13136
6220,12994,13005,6230,13137,13132
6240,13010,13020,6250,13142,13129
6260,13005,13008,6270,13134,13133
6280,13004,12978,6290,13154,13134
6300,13000,12966,6310,13135,13116
6320,12996,12967,6330,13137,13109
6340,12995,12969,6350,13144,13103
6360,13004,12979,6370,13126,13107
6380,12985,12997,6390,13113,13116
6400,12971,13000,6410,13112,13121
6420,12961,13006,6430,13105,13122
6440,12956,13015,6450,13104,13121
6460,12970,13002,6470,13094,13119
6480,12980,13003,6490,13124,13128
6500,12989,13000,6510,13127,13122
6520,12999,12994,6530,13084,13111
6540,12937,13019,6550,13059,13070
6560,12941,13013,6570,13065,13100
6580,13010,13008,6590,13130,13124
6600,12996,12998,6610,13123,13130
6620,12999,12998,6630,13142,13136
6640,13000,12997,6650,13124,13137
6660,13007,13001,6670,13140,13123
6680,12997,12997,6690,13130,13127
6700,12999,13012,6710,13135,13134
6720,13007,12999,6730,13131,13141
6740,13002,12991,6750,13128,13126
6760,13008,13002,6770,13131,13129
6780,12994,12990,6790,13141,13124
6800,12991,12996,6810,13128,13131
6820,12992,13006,6830,13136,13126
6840,12993,12999,6850,13129,13132
6860,12996,13003,6870,13140,13131
6880,12998,13005,6890,13137,13142
6900,13002,13006,6910,13126,13122
6920,12990,13006,6930,13138,13129
6940,12993,13013,6950,13123,13127
6960,13001,13000,6970,13136,13128
6980,13007,13010,6990,13141,13134
7000,13000,12986,7010,13127,13128
7020,13008,12994,7030,13140,13136
7040,13000,13003,7050,13124,13129
7060,12988,12991,7070,13131,13117
7080,13002,13001,7090,13132,13130
7100,12999,12993,7110,13129,13131
7120,12991,12986,7130,13135,13120
7140,12998,12998,7150,13135,13127
7160,12991,13002,7170,13139,13127
7180,13000,12991,7190,13137,13135
7200,12999,12996,7210,13134,13122
7220,12995,12992,7230,13139,13132
7240,12998,12999,7250,13136,13131
7260,13000,12999,7270,13144,13132
7280,12994,12996,7290,13126,13126
7300,12999,12990,7310,13130,13131
7320,13003,13002,7330,13126,13121
7340,12988,12999,7350,13139,13123
7360,13005,13004,7370,13143,13120
7380,12992,12998,7390,13145,13120
7400,12995,12997,7410,13127,13144
7420,13003,12994,7430,13135,13113
7440,12999,12972,7450,13138,13100
7460,13001,12969,7470,13127,13090
7480,13001,12949,7490,13136,13094
7500,12995,12954,7510,13136,13083
7520,13006,12957,7530,13129,13093
7540,12990,12977,7550,13106,13105
7560,12956,13010,7570,13105,13102
7580,12958,13007,7590,13102,13111
7600,12936,13012,7610,13083,13104
7620,12951,13017,7630,13087,13111
7640,12966,13002,7650,13102,13121
7660,12991,13007,7670,13103,13113
7680,12995,12998,7690,13113,13119
7700,13004,13013,7710,13125,13119
7720,13008,12998,7730,13121,13121
7740,13006,12998,7750,13119,13112
7760,12994,13008,7770,13072,13102
7780,13010,13004,7790,13118,13117
7800,12994,13004,7810,13094,13112
7820,13001,13015,7830,13123,13132
7840,13002,13002,7850,13127,13125
7860,13001,13006,7870,13122,13121
7880,12988,13007,7890,13134,13126
7900,13001,12999,7910,13138,13128
7920,13007,12996,7930,13137,13130
7940,12999,13000,7950,13138,13135
7960,13005,13007,7970,13134,13131
7980,13004,13007,7990,13135,13129
8000,13002,13010,8010,13128,13130
8020,13008,13003,8030,13151,13131
8040,12996,12999,8050,13124,13110
8060,12990,13008,8070,13128,13133
8080,13007,13008,8090,13139,13128
8100,12994,13001,8110,13140,13124
8120,13003,12998,8130,13137,13128
8140,13009,13003,8150,13136,13130
8160,13000,13007,8170,13129,13129
8180,13000,12992,8190,13132,13128
8200,13007,13004,8210,13124,13125
8220,12999,13004,8230,13129,13133
8240,13002,13001,8250,13130,13133
8260,13000,13000,8270,13129,13128
8280,12996,13004,8290,13121,13121
8300,13003,12996,8310,13127,13126
8320,12990,12995,8330,13134,13129
8340,13000,13005,8350,13130,13127
8360,12994,13000,8370,13127,13118
8380,12997,13003,8390,13135,13129
8400,12991,13000,8410,13130,13130
8420,12997,13002,8430,13127,13127
8440,12999,13006,8450,13135,13123
8460,12995,12999,8470,13125,13114
8480,12999,13007,8490,13142,13136
8500,13004,13000,8510,13135,13127
8520,12997,12997,8530,13132,13129
8540,12995,13007,8550,13133,13125
8560,12990,12998,8570,13125,13124
8580,12990,12986,8590,13124,13124
8600,13007,12973,8610,13130,13109
8620,12993,12967,8630,13133,13121
8640,13003,12964,8650,13117,13085
8660,12995,12915,8670,13125,13063
8680,12992,12916,8690,13117,13069
8700,12970,12921,8710,13106,13051
8720,12967,13003,8730,13103,13118
8740,12965,13007,8750,13093,13115
8760,12971,12992,8770,13105,13122
8780,12972,13007,8790,13098,13125
8800,12989,12998,8810,13115,13135
8820,13002,13002,8830,13115,13119
8840,12998,13010,8850,13115,13125
8860,12999,13015,8870,13121,13126
8880,12996,13005,8890,13122,13125
8900,13006,13004,8910,13123,13124
8920,12989,12992,8930,13125,13124
8940,13008,12997,8950,13121,13126
8960,13006,12999,8970,13131,13118
8980,12998,13005,8990,13134,13120
9000,13010,13005,9010,13126,13125
9020,12998,13002,9030,13137,13139
9040,12995,12992,9050,13134,13134
9060,13000,13000,9070,13140,13123
9080,13003,13008,9090,13134,13135
9100,12993,13007,9110,13129,13133
9120,13001,13011,9130,13125,13128
9140,12995,12999,9150,13130,13123
9160,13003,13009,9170,13138,13123
9180,13001,13007,9190,13138,13126
9200,13003,13006,9210,13124,13126
9220,13002,13013,9230,13138,13122
9240,13009,13005,9250,13122,13115
9260,13000,13002,9270,13127,13123
9280,12995,12994,9290,13131,13127
9300,13004,12986,9310,13133,13134
9320,12995,12998,9330,13140,13128
9340,13011,12995,9350,13132,13130
9360,13001,12997,9370,13127,13118
9380,12997,13003,9390,13140,13118
9400,13008,13001,9410,13141,13131
9420,12997,13002,9430,13131,13138
9440,13002,13006,9450,13143,13137
9460,13000,13002,9470,13145,13121
9480,13014,13010,9490,13138,13130
9500,13003,13008,9510,13133,13136
9520,12996,13000,9530,13135,13132
9540,12995,13001,9550,13133,13127
9560,12999,12993,9570,13128,13123
9580,12986,12998,9590,13129,13124
9600,12996,13005,9610,13126,13126
9620,12994,13001,9630,13124,13127
9640,12996,13003,9650,13126,13117
9660,12999,13003,9670,13137,13126
9680,13005,13008,9690,13133,13129
9700,12997,13001,9710,13146,13131
9720,13001,13004,9730,13136,13128
9740,12994,13013,9750,13124,13125
9760,12994,12985,9770,13141,13106
9780,12992,12952,9790,13135,13107
9800,13002,12945,9810,13139,13098
9820,12991,12943,9830,13127,13084
9840,13001,12945,9850,13136,13080
9860,12983,12968,9870,13123,13106
9880,12973,13004,9890,13102,13109
9900,12950,13001,9910,13097,13102
9920,12947,13013,9930,13089,13118
9940,12968,13017,9950,13094,13115
9960,12953,13002,9970,13097,13115
9980,12989,13003,9990,13119,13121
10000,12997,13005,10010,13119,13127
10020,13012,12988,10030,13128,13126
10040,13001,12996,10050,13112,13120
10060,13005,13008,10070,13125,13124
10080,13008,13003,10090,13119,13121
10100,12997,13001,10110,13129,13121
10120,13007,12998,10130,13126,13134
10140,13000,12998,10150,13045,13069
10160,13016,12993,10170,13106,13113
10180,13012,13010,10190,13115,13108
10200,13006,13007,10210,13102,13120
10220,12996,13003,10230,13129,13127
10240,13003,13009,10250,13129,13124
10260,13010,13005,10270,13140,13138
10280,13006,12996,10290,13145,13130
10300,13014,13024,10310,13132,13126
10320,13013,13023,10330,13133,13130
10340,13002,13011,10350,13129,13122
10360,12998,12993,10370,13129,13133
10380,12999,13003,10390,13133,13130
10400,13012,13004,10410,13130,13130
10420,12989,13003,10430,13129,13119
10440,13006,13010,10450,13127,13125
10460,13010,13005,10470,13128,13117
10480,13002,13006,10490,13134,13136
10500,12999,13003,10510,13134,13126
10520,13006,13003,10530,13132,13133
10540,13003,13008,10550,13142,13129
10560,13005,13007,10570,13137,13130
10580,12998,13012,10590,13135,13143
10600,13012,13009,10610,13143,13134
10620,13003,13008,10630,13124,13132
10640,12996,13007,10650,13141,13120
10660,13008,13005,10670,13124,13126
10680,12998,12982,10690,13118,13119
10700,12999,13003,10710,13130,13115
10720,13006,12995,10730,13121,13129
10740,12998,13004,10750,13128,13131
10760,13002,13004,10770,13127,13117
10780,12996,12995,10790,13129,13111
10800,12997,13008,10810,13128,13133
10820,12999,13006,10830,13127,13116
10840,12991,13004,10850,13126,13121
10860,13000,12991,10870,13124,13118
10880,13003,12993,10890,13132,13128
10900,13001,13004,10910,13133,13113
10920,13003,12978,10930,13128,13105
10940,12999,12977,10950,13137,13107
10960,12986,12961,10970,13130,13102
10980,12995,12963,10990,13132,13098
11000,13003,12973,11010,13136,13092
11020,12990,12977,11030,13132,13121
11040,12975,12996,11050,13102,13069
11060,12938,12931,11070,13093,13084
11080,12919,12990,11090,13082,13099
11100,12913,12958,11110,13060,13076
11120,12977,13006,11130,13116,13134
11140,13003,12995,11150,13123,13130
11160,13007,13004,11170,13127,13117
11180,13012,13007,11190,13134,13127
11200,12992,13016,11210,13118,13137
11220,13001,13007,11230,13124,13120
11240,13010,13006,11250,13130,13122
11260,12992,13011,11270,13134,13123
11280,12994,12991,11290,13133,13131
11300,12999,13001,11310,13134,13123
11320,12993,13002,11330,13135,13124
11340,12979,12976,11350,13124,13128
11360,12998,13005,11370,13131,13128
11380,12995,13004,11390,13138,13126
11400,12998,13003,11410,13129,13126
11420,12995,13005,11430,13123,13118
11440,12998,12995,11450,13128,13119
11460,13004,12996,11470,13128,13126
11480,13005,13013,11490,13126,13126
11500,13012,12996,11510,13139,13118
11520,12995,12995,11530,13131,13128
11540,12994,13013,11550,13130,13125
11560,12999,13010,11570,13138,13129
11580,13007,13001,11590,13139,13127
11600,13002,12999,11610,13121,13121
11620,12990,13000,11630,13115,13112
11640,12987,12985,11650,13125,13125
11660,12994,12996,11670,13134,13136
11680,13007,12991,11690,13132,13126
11700,12995,13003,11710,13133,13138
11720,13004,13006,11730,13131,13115
11740,13003,13005,11750,13135,13123
11760,12993,13004,11770,13138,13131
11780,13002,13004,11790,13139,13132
11800,13007,13006,11810,13130,13131
11820,13008,13002,11830,13129,13135
11840,13011,13004,11850,13138,13132
11860,13004,13009,11870,13141,13136
11880,13005,13010,11890,13137,13142
11900,12999,13013,11910,13136,13133
11920,13001,13006,11930,13133,13130
11940,13001,13001,11950,13139,13133
11960,12997,13010,11970,13122,13138
11980,12999,13000,11990,13134,13124
12000,12995,13001,12010,13125,13121
12020,12999,12999,12030,13139,13132
12040,12999,13007,12050,13139,13129
12060,12995,12999,12070,13134,13122
12080,12997,13003,12090,13134,13114
12100,12997,12970,12110,13137,13111
12120,13004,12955,12130,13130,13091
12140,12995,12948,12150,13128,13087
12160,13003,12960,12170,13145,13094
12180,12998,12957,12190,13118,13092
12200,12979,12976,12210,13103,13110
12220,12950,13005,12230,13095,13115
12240,12942,13011,12250,13076,13090
12260,12920,12920,12270,13063,13066
12280,12901,13001,12290,13051,13097
12300,12894,12958,12310,13055,13061
12320,13003,13002,12330,13115,13131
12340,13002,13003,12350,13117,13110
12360,13007,13005,12370,13118,13127
12380,12999,13020,12390,13136,13125
12400,13007,13008,12410,13122,13124
12420,13011,13012,12430,13123,13129
12440,13007,13009,12450,13140,13134
12460,12994,13007,12470,13131,13132
12480,13014,12999,12490,13125,13126
12500,12992,13002,12510,13125,13139
12520,13000,13014,12530,13139,13121
12540,13006,13000,12550,13118,13112
12560,12999,13004,12570,13113,13118
12580,12987,12994,12590,13128,13116
12600,12998,12993,12610,13116,13126
12620,12990,13006,12630,13129,13119
12640,12997,13006,12650,13128,13125
12660,13002,12999,12670,13126,13132
12680,12995,13002,12690,13144,13122
12700,12998,13006,12710,13121,13125
12720,12998,12999,12730,13123,13117
12740,13004,13008,12750,13130,13113
12760,12994,13007,12770,13137,13126
12780,12997,12998,12790,13134,13120
12800,12992,13007,12810,13135,13123
12820,13000,13006,12830,13129,13126
12840,12998,13002,12850,13138,13128
12860,13000,13002,12870,13135,13134
12880,12995,13008,12890,13139,13135
12900,13000,13017,12910,13140,13138
12920,12997,12999,12930,13134,13133
12940,12993,13006,12950,13128,13114
12960,12996,13007,12970,13132,13132
12980,13002,12993,12990,13131,13125
13000,12995,12999,13010,13134,13124
13020,12999,13003,13030,13133,13135
13040,12994,12997,13050,13129,13118
13060,12998,13004,13070,13130,13115
13080,12997,13001,13090,13129,13119
13100,12999,12987,13110,13129,13119
13120,12993,12994,13130,13130,13122
13140,12967,12896,13150,13118,13123
13160,12992,12993,13170,13130,13122
13180,12993,12992,13190,13125,13128
13200,12991,13004,13210,13142,13117
13220,13002,13011,13230,13142,13128
13240,13009,13002,13250,13140,13124
13260,13006,12980,13270,13133,13119
13280,13003,12965,13290,13126,13099
13300,12994,12963,13310,13141,13108
13320,12998,12976,13330,13123,13097
13340,12999,12978,13350,13114,13096
13360,12983,12987,13370,13109,13104
13380,12966,13003,13390,13106,13112
13400,12966,13003,13410,13106,13120
13420,12967,13007,13430,13109,13116
13440,12914,12953,13450,13106,13128
13460,12987,13007,13470,13115,13119
13480,13005,13000,13490,13119,13133
13500,13015,12996,13510,13119,13113
13520,12999,12999,13530,13120,13116
13540,13002,13010,13550,13109,13119
13560,12999,12995,13570,13127,13121
13580,13005,12993,13590,13125,13122
13600,13010,12999,13610,13117,13123
13620,12988,13000,13630,13130,13126
13640,13000,12995,13650,13125,13122
13660,12990,12995,13670,13136,13116
13680,13001,12999,13690,13124,13116
13700,12989,12992,13710,13119,13124
13720,13000,12988,13730,13125,13130
13740,12892,12908,13750,13116,13124
13760,13000,12991,13770,13111,13113
13780,12999,12990,13790,13112,13130
13800,12990,12993,13810,13124,13118
13820,12991,13012,13830,13140,13134
13840,13012,13010,13850,13128,13127
13860,13002,12988,13870,13122,13133
13880,13000,13011,13890,13138,13122
13900,12998,13008,13910,13134,13139
13920,13004,13002,13930,13133,13131
13940,12998,13006,13950,13139,13126
13960,13001,13008,13970,13130,13119
13980,12999,12997,13990,13128,13126
14000,12985,12987,14010,13124,13123
14020,13000,13013,14030,13138,13129
14040,12893,12888,14050,13113,13119
14060,12996,12993,14070,13122,13119
14080,12996,12999,14090,13124,13116
14100,13005,13006,14110,13116,13123
14120,12990,12992,14130,13137,13136
14140,12999,13004,14150,13121,13126
14160,12991,12990,14170,13130,13121
14180,12995,12997,14190,13128,13120
14200,12992,12999,14210,13134,13126
14220,13009,13009,14230,13130,13130
14240,13004,13013,14250,13141,13129
14260,12993,12995,14270,13135,13124
14280,12993,13011,14290,13128,13126
14300,12999,13011,14310,13132,13130
14320,13002,13004,14330,13126,13133
14340,12993,12996,14350,13127,13130
14360,12999,13002,14370,13131,13121
14380,12999,13009,14390,13126,13123
14400,12986,12996,14410,13119,13120
14420,13010,12980,14430,13122,13103
14440,12996,12970,14450,13137,13101
14460,12995,12956,14470,13134,13087
14480,13001,12950,14490,13138,13087
14500,12996,12949,14510,13119,13083
14520,12979,12977,14530,13117,13102
14540,12959,12995,14550,13089,13104
14560,12951,13002,14570,13097,13107
14580,12952,13003,14590,13082,13109
14600,12951,13005,14610,13088,13126
14620,12976,13005,14630,13106,13120
14640,12897,12906,14650,13066,13070
14660,12898,12998,14670,13066,13088
14680,12923,13023,14690,13069,13109
14700,12984,13009,14710,13096,13102
14720,12996,13009,14730,13126,13125
14740,13003,13004,14750,13125,13122
14760,13010,13016,14770,13131,13130
14780,13006,13009,14790,13125,13128
14800,13013,13004,14810,13134,13129
14820,13003,13003,14830,13130,13125
14840,13006,13012,14850,13124,13124
14860,12997,13004,14870,13147,13128
14880,13003,13008,14890,13125,13121
14900,13006,13010,14910,13129,13127
14920,13007,13006,14930,13136,13136
14940,13011,13008,14950,13130,13123
14960,13004,13001,14970,13130,13122
14980,13006,13003,14990,13131,13131
15000,12998,13013,15010,13137,13138
15020,13007,13011,15030,13139,13151
15040,12999,13008,15050,13131,13139
15060,13014,13012,15070,13137,13128
15080,13007,13005,15090,13122,13122
15100,12997,13021,15110,13135,13133
15120,13004,13000,15130,13128,13129
15140,13011,13000,15150,13132,13130
15160,13003,13012,15170,13138,13124
15180,13001,13005,15190,13136,13137
15200,13003,13003,15210,13134,13122
15220,13008,13011,15230,13141,13127
15240,12901,12915,15250,13124,13114
15260,12981,12999,15270,13117,13122
15280,12999,12995,15290,13128,13124
15300,12988,12998,15310,13129,13131
15320,12998,13003,15330,13129,13113
15340,13000,12995,15350,13127,13120
15360,13003,13003,15370,13129,13128
15380,13009,13012,15390,13134,13128
15400,12993,13001,15410,13134,13129
15420,12997,13001,15430,13124,13129
15440,12997,12993,15450,13136,13129
15460,13003,13010,15470,13121,13123
15480,13001,13001,15490,13116,13120
15500,13000,13001,15510,13122,13121
15520,12996,12993,15530,13131,13118
15540,12905,12896,15550,13129,13123
15560,13001,13000,15570,13132,13117
15580,12995,12970,15590,13122,13102
15600,12991,12959,15610,13137,13112
15620,13007,12981,15630,13136,13101
15640,12989,12959,15650,13132,13098
15660,12999,12967,15670,13124,13102
15680,12987,12992,15690,13107,13121
15700,12970,13002,15710,13115,13125
15720,12967,13001,15730,13120,13120
15740,12974,13014,15750,13103,13113
15760,12973,13000,15770,13106,13123
15780,12986,13004,15790,13114,13126
15800,13009,13008,15810,13115,13130
15820,13004,13022,15830,13116,13119
15840,13006,13003,15850,13124,13124
15860,13003,13022,15870,13119,13123
15880,13008,13000,15890,13131,13132
15900,13005,13003,15910,13138,13137
15920,12996,13000,15930,13135,13131
15940,13003,13007,15950,13128,13129
15960,13000,12999,15970,13130,13118
15980,13003,12997,15990,13125,13130
16000,13001,13005,16010,13124,13118
16020,13002,12997,16030,13142,13134
16040,12996,12997,16050,13145,13132
16060,13009,13005,16070,13129,13122
16080,12997,13008,16090,13126,13128
16100,12996,12993,16110,13136,13137
16120,13000,12999,16130,13145,13126
16140,12917,12917,16150,13121,13116
16160,12998,12992,16170,13127,13117
16180,13018,13004,16190,13117,13127
16200,12998,13011,16210,13131,13132
16220,13013,13005,16230,13140,13135
16240,12998,13007,16250,13129,13130
16260,12986,13003,16270,13132,13129
16280,12997,13003,16290,13130,13117
16300,13008,12998,16310,13133,13129
16320,12995,12999,16330,13125,13128
16340,13003,13010,16350,13128,13133
16360,13008,13007,16370,13141,13134
16380,12991,13001,16390,13140,13130
16400,13006,13011,16410,13130,13139
16420,13006,13008,16430,13151,13130
16440,13007,13025,16450,13140,13148
16460,13008,13006,16470,13143,13135
16480,13000,13012,16490,13128,13127
16500,13006,12997,16510,13138,13131
16520,13002,12995,16530,13127,13122
16540,12996,13003,16550,13131,13124
16560,13012,13004,16570,13139,13127
16580,12995,13004,16590,13129,13141
16600,12997,13012,16610,13140,13129
16620,12998,13002,16630,13129,13137
16640,13006,13009,16650,13136,13137
16660,13003,13009,16670,13130,13125
16680,13009,13008,16690,13133,13126
16700,13008,13001,16710,13139,13133
16720,12995,13009,16730,13124,13127
16740,13005,12975,16750,13126,13104
16760,12999,12962,16770,13129,13098
16780,13001,12944,16790,13127,13081
16800,13007,12923,16810,13129,13093
16820,13001,12949,16830,13130,13088
16840,12988,12975,16850,13139,13097
16860,12970,12986,16870,13110,13111
16880,12951,13003,16890,13100,13110
16900,12964,13022,16910,13100,13122
16920,12949,13014,16930,13089,13125
16940,12973,13013,16950,13090,13115
16960,12988,13034,16970,13117,13128
16980,13006,13012,16990,13113,13127
17000,13009,13011,17010,13118,13119
17020,13013,13020,17030,13135,13131
17040,12993,12993,17050,13085,13105
17060,12977,13017,17070,13094,13093
17080,13006,13007,17090,13100,13108
17100,13010,13020,17110,13132,13128
17120,12998,13007,17130,13134,13124
17140,13008,13004,17150,13132,13145
17160,13002,13012,17170,13131,13115
17180,13009,13010,17190,13128,13115
17200,12994,13011,17210,13130,13123
17220,12996,13007,17230,13137,13123
17240,13012,13008,17250,13134,13132
17260,13005,13013,17270,13130,13128
17280,13006,13005,17290,13136,13123
17300,13002,13009,17310,13122,13131
17320,13005,13001,17330,13129,13127
17340,13012,13000,17350,13123,13134
17360,12999,12995,17370,13133,13137
17380,13005,12999,17390,13132,13122
17400,13002,13013,17410,13130,13128
17420,12999,12999,17430,13142,13132
17440,13000,13003,17450,13139,13126
17460,13000,13000,17470,13131,13122
17480,13006,12997,17490,13130,13127
17500,12999,13002,17510,13123,13127
17520,13004,13001,17530,13134,13114
17540,12996,12998,17550,13132,13114
17560,12999,13007,17570,13137,13131
17580,13009,13001,17590,13128,13133
17600,13003,13001,17610,13141,13137
17620,13009,13010,17630,13127,13129
17640,12986,12982,17650,13126,13117
17660,12997,13001,17670,13118,13122
17680,12992,13001,17690,13125,13125
17700,13006,12993,17710,13130,13135
17720,12997,12994,17730,13139,13133
17740,13001,13008,17750,13132,13135
17760,13020,12992,17770,13139,13120
17780,13001,13004,17790,13136,13129
17800,13000,13010,17810,13130,13123
17820,12996,13008,17830,13134,13124
17840,13001,12993,17850,13126,13125
17860,12998,13004,17870,13127,13117
17880,12995,13004,17890,13133,13131
17900,13004,12979,17910,13132,13119
17920,13002,12966,17930,13135,13101
17940,13009,12966,17950,13130,13093
17960,13005,12955,17970,13131,13088
17980,12997,12965,17990,13129,13091
18000,12990,12978,18010,13121,13111
18020,12972,13011,18030,13105,13107
18040,12957,13001,18050,13102,13105
18060,12969,13010,18070,13103,13111
18080,12959,13013,18090,13099,13124
18100,12973,13001,18110,13097,13116
18120,12989,13013,18130,13113,13120
18140,13007,13006,18150,13118,13123
18160,13002,13010,18170,13117,13130
18180,13004,13002,18190,13116,13125
18200,13010,13018,18210,13132,13132
18220,13008,13001,18230,13121,13135
18240,13006,13002,18250,13126,13129
18260,13006,13014,18270,13116,13122
18280,13005,13005,18290,13127,13121
18300,13023,13008,18310,13124,13124
18320,13005,13009,18330,13139,13137
18340,13009,13002,18350,13135,13129
18360,13000,13009,18370,13135,13137
18380,12992,13006,18390,13124,13126
18400,13010,12994,18410,13121,13128
18420,13005,13004,18430,13124,13129
18440,13003,12995,18450,13125,13121
18460,12998,13004,18470,13129,13119
18480,13003,13002,18490,13017,13122
18500,12765,12998,18510,12476,13129
18520,12479,13004,18530,12544,13128
18540,12883,12990,18550,13119,13119
18560,12992,13002,18570,13135,13117
18580,13001,12998,18590,13137,13111
18600,12994,12995,18610,13122,13130
18620,13001,13006,18630,13126,13109
18640,12989,13000,18650,13124,13126
18660,12998,12994,18670,13121,13119
18680,13000,13006,18690,13128,13125
18700,13002,13011,18710,13127,13127
18720,13003,13008,18730,13139,13117
18740,13007,13000,18750,13135,13130
18760,12997,12997,18770,13131,13122
18780,12997,12997,18790,13132,13131
18800,13000,12994,18810,13132,13123
18820,12995,13006,18830,13130,13122
18840,12996,12996,18850,13137,13120
18860,13000,12997,18870,13131,13117
18880,13003,13002,18890,13138,13127
18900,13004,13014,18910,13136,13119
18920,12993,13014,18930,12649,13126
18940,12221,13002,18950,11781,13123
18960,11449,12756,18970,11177,12394
18980,11123,12260,18990,11066,12230
19000,11315,12551,19010,11589,12994
19020,12279,13024,19030,13095,13136
19040,13001,12996,19050,13136,13131
19060,13000,12992,19070,13120,13112
19080,13007,12974,19090,13126,13089
19100,13002,12956,19110,13133,13094
19120,13007,12959,19130,13138,13100
19140,12986,12944,19150,13128,13064
19160,12984,12897,19170,13102,13064
19180,12977,12907,19190,13100,13058
19200,12944,12942,19210,13088,13111
19220,12956,13016,19230,13095,13120
19240,12960,13010,19250,13086,13101
19260,12961,13000,19270,13090,13109
19280,12979,13004,19290,13111,13129
19300,13003,13015,19310,13107,13116
19320,13007,13009,19330,13113,13122
19340,13014,13012,19350,13123,13114
19360,13003,13016,19370,13120,13120
19380,13005,13005,19390,13124,13118
19400,12769,13011,19410,12294,13128
19420,12097,13008,19430,11911,13126
19440,11895,13014,19450,11890,13132
19460,12095,13010,19470,12480,13126
19480,13004,13010,19490,13124,13130
19500,13012,13007,19510,13130,13125
19520,13006,13012,19530,13126,13136
19540,13000,13010,19550,13134,13115
19560,13006,13005,19570,13136,13135
19580,12996,12993,19590,13135,13124
19600,13004,13006,19610,13127,13121
19620,13000,13003,19630,13127,13129
19640,13004,12999,19650,13141,13122
19660,13004,13006,19670,13134,13128
19680,12985,13010,19690,13135,13122
19700,13005,13000,19710,13127,13125
19720,12991,12997,19730,13127,13117
19740,12986,12992,19750,13122,13119
19760,12998,13005,19770,13127,13125
19780,13002,12997,19790,13126,13124
19800,13002,13001,19810,13131,13124
19820,13002,12999,19830,13139,13127
19840,13007,13008,19850,13136,13126
19860,13012,13016,19870,13125,13124
19880,12983,13005,19890,12778,13145
19900,12725,13004,19910,12619,13137
19920,12707,13008,19930,12843,13131
19940,12988,13003,19950,13142,13126
19960,13008,13009,19970,13144,13133
19980,13000,13006,19990,13132,13130
20000,13002,12996,20010,13136,13130
20020,13006,13023,20030,13139,13132
20040,12988,12994,20050,13133,13132
20060,12996,13005,20070,13130,13126
20080,13000,13003,20090,13137,13128
20100,12994,13013,20110,13126,13124
20120,13006,13010,20130,13138,13130
20140,12999,13014,20150,13143,13126
20160,12999,12997,20170,13129,13128
20180,13004,13008,20190,13127,13134
20200,13001,13011,20210,13131,13131
20220,12999,12993,20230,13126,13110
20240,12997,12976,20250,13123,13112
20260,13001,12969,20270,13137,13101
20280,12994,12970,20290,13134,13102
20300,13007,12970,20310,13135,13107
20320,12996,12979,20330,13132,13117
20340,12993,13017,20350,13112,13109
20360,12969,13016,20370,13114,13115
20380,12957,13005,20390,13112,13123
20400,12969,13007,20410,13100,13122
20420,12972,13005,20430,13099,13123
20440,12985,13004,20450,13130,13127
20460,13006,13015,20470,13123,13121
20480,13007,13009,20490,13133,13137
20500,13014,13018,20510,13131,13132
20520,13013,13019,20530,13133,13138
20540,13008,13015,20550,13132,13134
20560,13003,13012,20570,13136,13135
20580,13015,13020,20590,13139,13138
20600,13004,13000,20610,13134,13139
20620,13008,13001,20630,13129,13121
20640,12993,12989,20650,13109,13118
20660,13004,13010,20670,12894,13116
20680,12819,13002,20690,12630,13116
20700,12672,13015,20710,12702,13130
20720,12986,13004,20730,13130,13135
20740,13009,13012,20750,13146,13141
20760,13013,13028,20770,13136,13140
20780,13008,13005,20790,13136,13131
20800,13002,13006,20810,13136,13125
20820,13007,13000,20830,13138,13124
20840,13009,13009,20850,13147,13135
20860,13014,13019,20870,13149,13143
20880,12998,13015,20890,13125,13124
20900,13011,13017,20910,13132,13132
20920,13002,13015,20930,13144,13131
20940,13007,13004,20950,13143,13133
20960,13015,13015,20970,13131,13139
20980,13010,13020,20990,13132,13134
21000,13003,13019,21010,13138,13132
21020,13008,13020,21030,13136,13139
21040,12995,13016,21050,13131,13127
21060,13004,13009,21070,13137,13134
21080,13012,13017,21090,13141,13136
21100,13000,13011,21110,13141,13137
21120,13007,13009,21130,13145,13143
21140,13012,13010,21150,13145,13140
21160,13019,13018,21170,13145,13131
21180,13011,13020,21190,13144,13132
21200,13019,13006,21210,13139,13134
21220,13004,13015,21230,13131,13131
21240,13014,13020,21250,13143,13135
21260,13000,13000,21270,13138,13128
21280,13004,13003,21290,13134,13136
21300,13002,13018,21310,13141,13134
21320,13012,13018,21330,13147,13127
21340,13012,13015,21350,13141,13138
21360,13021,13011,21370,13145,13139
21380,13008,13011,21390,13135,13131
21400,13009,12983,21410,13141,13116
21420,12995,12964,21430,13135,13101
21440,13018,12960,21450,13142,13089
21460,13013,12958,21470,13146,13103
21480,13008,12961,21490,13135,13093
21500,12988,12985,21510,13125,13111
21520,12962,13000,21530,13119,13114
21540,12926,12928,21550,13072,13049
21560,12928,12945,21570,13067,13073
21580,12909,13005,21590,13063,13063
21600,12909,12956,21610,12796,13127
21620,12529,13015,21630,12136,13120
21640,11818,13019,21650,11508,12873
21660,11369,12591,21670,11167,12384
21680,11223,12390,21690,11136,12341
21700,11318,12527,21710,11435,12772
21720,11773,13020,21730,12222,13130
21740,12787,13016,21750,13130,13131
21760,13022,13022,21770,13134,13138
21780,13019,13014,21790,13134,13129
21800,13004,13010,21810,13138,13140
21820,13008,13016,21830,13140,13138
21840,13005,13014,21850,13141,13126
21860,13006,13005,21870,13134,13118
21880,13010,13013,21890,13135,13135
21900,13013,13012,21910,13148,13136
21920,13011,13018,21930,13138,13142
21940,13009,13017,21950,13138,13124
21960,13010,13011,21970,13138,13132
21980,13002,13002,21990,13142,13134
22000,13012,13003,22010,13143,13135
22020,13020,13016,22030,13131,13128
22040,13006,13009,22050,13146,13143
22060,13007,13012,22070,13132,13132
22080,13005,13013,22090,13145,13135
22100,13010,13015,22110,13143,13142
22120,13011,13016,22130,13145,13132
22140,13003,13011,22150,13132,13127
22160,12939,13003,22170,12167,13124
22180,11580,12918,22190,10918,12003
22200,10492,11304,22210,10148,10877
22220,10089,10711,22230,9975,10619
22240,9965,10561,22250,9904,10528
22260,9975,10534,22270,9875,10490
22280,9970,10534,22290,9876,10477
22300,9968,10523,22310,9877,10490
22320,9947,10504,22330,9899,10502
22340,9951,10495,22350,9894,10491
22360,9959,10520,22370,9874,10469
22380,9971,10527,22390,9862,10465
22400,9961,10525,22410,9877,10486
22420,9951,10507,22430,9888,10502
22440,9939,10480,22450,9871,10488
22460,9955,10503,22470,9866,10468
22480,9965,10521,22490,9861,10464
22500,9962,10513,22510,9873,10481
22520,9937,10494,22530,9877,10492
22540,9927,10475,22550,9876,10483
22560,9954,10508,22570,9857,10451
22580,9965,10521,22590,9850,10457
22600,9953,10511,22610,9874,10476
22620,9944,10492,22630,9877,10493
22640,9928,10478,22650,9868,10486
22660,9954,10503,22670,9861,10474
22680,9949,10508,22690,9866,10454
22700,9939,10494,22710,9876,10468
22720,9941,10487,22730,9880,10480
22740,9941,10490,22750,9865,10475
22760,9941,10511,22770,9858,10466
22780,9954,10503,22790,9860,10450
22800,9964,10499,22810,9864,10477
22820,9944,10484,22830,9897,10499
22840,9959,10499,22850,9883,10496
22860,9954,10524,22870,9875,10465
22880,9974,10533,22890,9882,10478
22900,9955,10521,22910,9892,10506
22920,9943,10514,22930,9899,10519
22940,9961,10525,22950,9883,10502
22960,9982,10547,22970,9889,10496
22980,9978,10529,22990,9777,10334
23000,9704,10144,23010,9085,9301
23020,8958,9021,23030,8851,8945
23040,8903,8934,23050,8809,8932
23060,8905,8942,23070,8807,8914
23080,8905,8946,23090,8810,8907
23100,8914,8960,23110,8814,8911
23120,8894,8934,23130,8816,8922
23140,8896,8931,23150,8818,8919
23160,8899,8947,23170,8802,8909
23180,8925,8955,23190,8811,8906
23200,8904,8949,23210,8823,8923
23220,8900,8929,23230,8832,8938
23240,8890,8935,23250,8825,8931
23260,8905,8949,23270,8804,8914
23280,8908,8955,23290,8815,8906
23300,8911,8953,23310,8820,8913
23320,8902,8951,23330,8828,8931
23340,8890,8931,23350,8807,8929
23360,8903,8947,23370,8806,8916
23380,8915,8960,23390,8815,8914
23400,8917,8962,23410,8818,8925
23420,8903,8932,23430,8838,8948
23440,8899,8941,23450,8822,8934
23460,8906,8950,23470,8806,8907
23480,8921,8976,23490,8813,8902
23500,8920,8970,23510,8836,8925
23520,8906,8945,23530,8836,8932
23540,8902,8942,23550,8825,8938
23560,8901,8958,23570,8804,8918
23580,8923,8964,23590,8810,8921
23600,8928,8965,23610,8834,8922
23620,8903,8936,23630,8837,8931
23640,8896,8934,23650,8830,8938
23660,8910,8955,23670,8801,8905
23680,8924,8978,23690,8805,8906
23700,8905,8952,23710,8830,8920
23720,8900,8925,23730,8835,8935
23740,8902,8948,23750,8822,8934
23760,8922,8962,23770,8816,8913
23780,8925,8982,23790,8816,8923
23800,8907,8951,23810,8830,8932
23820,8899,8947,23830,8834,8943
23840,8900,8952,23850,8833,8938
23860,8919,8958,23870,8808,8911
23880,8926,8974,23890,8825,8918
23900,8919,8969,23910,8828,8941
23920,8903,8943,23930,8843,8945
23940,8910,8947,23950,8835,8936
23960,8911,8951,23970,8815,8913
23980,8920,8971,23990,8823,8917
24000,8907,8962,24010,8834,8940
24020,8904,8932,24030,8834,8947
24040,8906,8953,24050,8828,8945
24060,8913,8967,24070,8808,8917
24080,8929,8978,24090,8821,8923
24100,8926,8956,24110,8825,8935
24120,8906,8943,24130,8835,8941
24140,8902,8950,24150,8816,8932
24160,8907,8959,24170,8820,8912
24180,8927,8967,24190,8815,8920
24200,8921,8954,24210,8834,8934
24220,8897,8937,24230,8846,8946
24240,8901,8945,24250,8826,8928
24260,8918,8954,24270,8813,8917
24280,8926,8987,24290,8815,8919
24300,8916,8950,24310,8835,8935
24320,8901,8935,24330,8841,8946
24340,8895,8949,24350,8822,8930
24360,8919,8961,24370,8817,8915
24380,8930,8979,24390,8832,8920
24400,8919,8962,24410,8835,8938
24420,8910,8940,24430,8842,8957
24440,8910,8957,24450,8823,8935
24460,8911,8963,24470,8814,8920
24480,8926,8973,24490,8821,8926
24500,8923,8954,24510,8841,8951
24520,8901,8951,24530,8838,8956
24540,8910,8948,24550,8822,8932
24560,8910,8968,24570,8820,8922
24580,8923,8962,24590,8830,8936
24600,8916,8962,24610,8838,8934
24620,8901,8936,24630,8842,8949
24640,8910,8953,24650,8831,8935
24660,8919,8962,24670,8827,8928
24680,8931,8978,24690,8817,8918
24700,8924,8964,24710,8839,8936
24720,8915,8953,24730,8838,8940
24740,8912,8957,24750,8839,8935
24760,8916,8961,24770,8824,8925
24780,8934,8970,24790,8829,8924
24800,8920,8969,24810,8838,8937
24820,8917,8960,24830,8845,8945
24840,8906,8952,24850,8825,8933
24860,8933,8970,24870,8817,8916
24880,8942,8980,24890,8833,8926
24900,8911,8952,24910,8838,8940
24920,8913,8948,24930,8843,8949
24940,8908,8956,24950,8830,8946
24960,8915,8970,24970,8830,8926
24980,8928,8979,24990,8825,8927
25000,8918,8971,25010,8848,8941
25020,8908,8937,25030,8832,8948
25040,8917,8958,25050,8816,8931
25060,8934,8972,25070,8814,8912
25080,8946,8976,25090,8834,8921
25100,8927,8965,25110,8851,8944
25120,8910,8950,25130,8843,8960
25140,8906,8949,25150,8825,8937
25160,8916,8963,25170,8819,8931
25180,8919,8973,25190,8818,8932
25200,8917,8966,25210,8837,8945
25220,8915,8952,25230,8838,8958
25240,8912,8957,25250,8821,8939
25260,8920,8970,25270,8819,8922
25280,8936,8981,25290,8822,8927
25300,8917,8960,25310,8839,8947
25320,8902,8951,25330,8847,8957
25340,8917,8959,25350,8821,8939
25360,8919,8975,25370,8826,8926
25380,8923,8972,25390,8816,8932
25400,8908,8957,25410,8846,8954
25420,8922,8964,25430,8844,8958
25440,8918,8965,25450,8825,8930
25460,8931,8969,25470,8826,8922
25480,8932,8975,25490,8817,8930
25500,8926,8956,25510,8846,8946
25520,8917,8954,25530,8840,8961
25540,8918,8954,25550,8836,8944
25560,8917,8968,25570,8825,8933
25580,8942,8989,25590,8831,8938
25600,8915,8965,25610,8846,8952
25620,8914,8959,25630,8846,8955
25640,8918,8961,25650,8827,8936
25660,8919,8985,25670,8824,8929
25680,8937,8989,25690,8819,8938
25700,8917,8972,25710,8858,8956
25720,8914,8961,25730,8835,8956
25740,8909,8964,25750,8817,8930
25760,8929,8981,25770,8824,8929
25780,8927,8983,25790,8830,8950
25800,8920,8964,25810,8842,8955
25820,8919,8955,25830,8845,8954
25840,8911,8964,25850,8830,8942
25860,8926,8980,25870,8823,8917
25880,8932,8989,25890,8835,8938
25900,8917,8974,25910,8860,8960
25920,8918,8945,25930,8853,8977
25940,8922,8973,25950,8827,8937
25960,8931,8974,25970,8834,8942
25980,8933,8989,25990,8835,8954
26000,8930,8967,26010,8847,8950
26020,8914,8973,26030,8844,8957
26040,8918,8973,26050,8818,8931
26060,8928,8979,26070,8823,8933
26080,8942,8993,26090,8833,8936
26100,8915,8961,26110,8848,8957
26120,8905,8954,26130,8843,8950
26140,8922,8972,26150,8825,8950
26160,8916,8984,26170,8824,8935
26180,8933,8980,26190,8835,8943
26200,8912,8957,26210,8853,8952
26220,8911,8965,26230,8827,8951
26240,8919,8974,26250,8832,8937
26260,8941,8976,26270,8824,8936
26280,8929,8979,26290,8830,8941
26300,8916,8959,26310,8844,8957
26320,8913,8955,26330,8832,8958
26340,8920,8972,26350,8826,8934
26360,8929,8984,26370,8818,8929
26380,8932,8973,26390,8833,8939
26400,8919,8963,26410,8845,8952
26420,8915,8966,26430,8847,8947
26440,8926,8979,26450,8820,8935
26460,8924,8981,26470,8834,8945
26480,8922,8978,26490,8837,8942
26500,8917,8968,26510,8847,8964
26520,8919,8958,26530,8837,8960
26540,8929,8970,26550,8821,8945
26560,8939,8985,26570,8824,8928
26580,8931,8989,26590,8835,8943
26600,8911,8968,26610,8847,8954
26620,8921,8962,26630,8835,8958
26640,8925,8978,26650,8830,8935
26660,8941,8989,26670,8831,8939
26680,8921,8986,26690,8829,8939
26700,8914,8965,26710,8848,8950
26720,8910,8968,26730,8840,8946
26740,8929,8961,26750,8816,8930
26760,8934,8987,26770,8825,8932
26780,8941,8978,26790,8835,8938
26800,8919,8967,26810,8840,8964
26820,8916,8963,26830,8840,8961
26840,8923,8979,26850,8826,8929
26860,8934,8981,26870,8826,8939
26880,8925,8984,26890,8835,8943
26900,8917,8964,26910,8847,8960
26920,8915,8965,26930,8832,8960
26940,8918,8976,26950,8819,8929
26960,8935,8980,26970,8816,8939
26980,8932,8990,26990,8849,8949
27000,8917,8965,27010,8848,8955
27020,8923,8972,27030,8846,8958
27040,8919,8975,27050,8826,8932
27060,8944,8981,27070,8832,8933
27080,8929,8971,27090,8830,8948
27100,8919,8956,27110,8851,8959
27120,8906,8955,27130,8824,8953
27140,8911,8967,27150,8826,8933
27160,8930,8990,27170,8824,8931
27180,8915,8979,27190,8842,8936
27200,8911,8957,27210,8842,8948
27220,8917,8951,27230,8839,8955
27240,8923,8962,27250,8812,8926
27260,8923,8984,27270,8831,8940
27280,8927,8973,27290,8842,8944
27300,8898,8960,27310,8843,8956
27320,8909,8959,27330,8837,8950
27340,8925,8978,27350,8817,8937
27360,8938,8985,27370,8822,8929
27380,8918,8982,27390,8829,8950
27400,8910,8955,27410,8840,8960
27420,8918,8960,27430,8840,8938
27440,8922,8967,27450,8827,8927
27460,8936,8985,27470,8819,8929
27480,8928,8975,27490,8832,8949
27500,8913,8951,27510,8855,8955
27520,8923,8958,27530,8833,8946
27540,8922,8970,27550,8824,8935
27560,8935,8981,27570,8819,8924
27580,8931,8968,27590,8832,8945
27600,8907,8948,27610,8843,8945
27620,8920,8960,27630,8837,8944
27640,8913,8965,27650,8822,8923
27660,8926,8975,27670,8825,8930
27680,8915,8956,27690,8839,8936
27700,8908,8941,27710,8836,8948
27720,8917,8946,27730,8826,8940
27740,8925,8965,27750,8819,8918
27760,8942,8979,27770,8819,8927
27780,8929,8971,27790,8836,8932
27800,8902,8954,27810,8839,8943
27820,8916,8948,27830,8830,8934
27840,8919,8961,27850,8809,8925
27860,8928,8968,27870,8823,8923
27880,8920,8956,27890,8826,8949
27900,8908,8947,27910,8844,8964
27920,8902,8952,27930,8825,8937
27940,8940,8975,27950,8833,8940
27960,12388,12998,27970,13132,13120
27980,13012,13009,27990,13135,13129
28000,13008,13013,28010,13137,13128
28020,13011,13021,28030,13133,13125
28040,13003,13001,28050,13140,13129
28060,13010,13011,28070,13134,13136
28080,13007,13025,28090,13131,13125
28100,13005,13005,28110,13140,13133
28120,13008,13003,28130,13121,13106
28140,13007,13004,28150,13132,13126
28160,13001,12997,28170,13130,13128
28180,12996,13014,28190,13142,13123
28200,13008,13004,28210,13135,13128
28220,13009,12995,28230,13134,13128
28240,13014,13012,28250,13142,13135
28260,13008,13011,28270,13130,13119
28280,13005,13017,28290,13133,13126
28300,12996,13007,28310,13142,13124
28320,12996,12994,28330,13136,13130
28340,13011,13010,28350,13145,13131
28360,13005,13006,28370,13133,13120
28380,13013,12991,28390,13143,13115
28400,13000,12977,28410,13139,13113
28420,13008,12961,28430,13139,13095
28440,13016,12967,28450,13127,13100
28460,13012,12959,28470,13131,13093
28480,12975,12984,28490,13122,13108
28500,12971,13004,28510,13108,13116
28520,12954,13021,28530,13106,13103
28540,12952,13014,28550,13093,13117
28560,12955,13012,28570,13101,13121
28580,12971,13011,28590,13105,13120
28600,12990,13007,28610,13113,13120
28620,13012,13020,28630,13121,13122
28640,13012,13008,28650,13113,13116
28660,13011,13012,28670,13122,13135
28680,13012,13006,28690,13126,13121
28700,13002,13016,28710,13120,13126
28720,13006,13010,28730,13126,13135
28740,13013,13021,28750,13126,13122
28760,13002,13008,28770,13132,13126
28780,13023,13006,28790,13125,13135
28800,13004,13012,28810,13125,13122
28820,13016,13009,28830,13131,13124
28840,13013,13016,28850,13140,13135
28860,13011,13015,28870,13141,13134
28880,13010,13010,28890,13143,13129
28900,13012,13021,28910,13142,13133
28920,13024,13013,28930,13130,13144
28940,13013,13002,28950,13139,13127
28960,13009,13007,28970,13133,13138
28980,13007,13012,28990,13123,13124
29000,13014,13020,29010,13120,13121
29020,13017,13021,29030,13060,13046
29040,13010,13010,29050,13136,13133
29060,13013,12999,29070,13133,13125
29080,13018,13007,29090,13135,13130
29100,12999,12999,29110,13134,13134
29120,13004,12998,29130,13147,13141
29140,13002,13002,29150,13122,13121
29160,13005,13006,29170,13136,13133
29180,13004,13005,29190,13143,13137
29200,13013,13015,29210,13143,13138
29220,13013,13018,29230,13128,13124
29240,13001,13010,29250,13141,13134
29260,13008,13017,29270,13140,13136
29280,13007,13009,29290,13141,13131
29300,13014,13009,29310,13137,13130
29320,13008,13008,29330,13123,13126
29340,13015,13013,29350,13141,13125
29360,13016,13013,29370,13133,13130
29380,13017,13020,29390,13142,13137
29400,12999,13013,29410,13145,13136
29420,13002,13009,29430,13145,13139
29440,13025,13009,29450,13141,13147
29460,13018,13023,29470,13150,13135
29480,13013,13017,29490,13147,13133
29500,13008,13016,29510,13142,13134
29520,13002,13017,29530,13134,13127
29540,13007,12995,29550,13145,13121
29560,13015,12969,29570,13139,13113
29580,13003,12969,29590,13138,13107
29600,13014,12974,29610,13143,13104
29620,13005,12974,29630,13128,13089
29640,12992,12925,29650,13112,13067
29660,12968,12948,29670,13111,13064
29680,12955,12921,29690,13088,13068
29700,12965,13017,29710,13109,13130
29720,12975,13017,29730,13100,13129
29740,12986,13009,29750,13115,13127
29760,13011,13016,29770,13126,13124
29780,13009,13002,29790,13121,13131
29800,13007,13015,29810,13118,13123
29820,12997,12996,29830,13129,13124
29840,13014,13014,29850,13124,13124
29860,13006,13007,29870,13135,13128
29880,13015,13007,29890,13138,13132
29900,13009,13016,29910,13139,13139
29920,13016,13015,29930,13136,13134
29940,12988,13007,29950,12468,13142
29960,12059,13003,29970,11559,12928
29980,11166,12291,29990,10766,11743
30000,10419,11175,30010,10144,10864
30020,10113,10747,30030,9974,10616
30040,10044,10618,30050,9928,10542
30060,10004,10572,30070,9936,10566
30080,10192,10858,30090,10442,11304
30100,10875,11886,30110,11365,12658
30120,12111,13013,30130,12799,13137
30140,13007,13020,30150,13137,13131
30160,13010,13021,30170,13136,13137
30180,13009,13010,30190,13137,13143
30200,13006,13003,30210,13156,13146
30220,13013,13013,30230,13132,13125
30240,13013,13007,30250,13129,13140
30260,13013,13006,30270,13135,13115
30280,13002,13008,30290,13125,13130
30300,13007,13019,30310,13139,13134
30320,13000,13003,30330,13135,13132
30340,13006,13016,30350,13133,13123
30360,13010,13012,30370,13142,13132
30380,13006,13015,30390,13126,13131
30400,12992,13015,30410,12565,13137
30420,12179,13010,30430,11666,13070
30440,11320,12491,30450,10876,11919
30460,10675,11546,30470,10303,11078
30480,10180,10829,30490,10033,10694
30500,10072,10661,30510,10153,10880
30520,10504,11311,30530,10814,11841
30540,11444,12703,30550,12040,13120
30560,12866,13017,30570,13147,13129
30580,13008,13011,30590,13139,13131
30600,13010,13014,30610,13142,13139
30620,13011,13006,30630,13148,13122
30640,13016,13014,30650,13145,13138
30660,13028,13012,30670,13146,13137
30680,13006,13017,30690,13146,13131
30700,13009,12991,30710,13131,13117
30720,13009,12977,30730,13137,13101
30740,13006,12959,30750,13133,13088
30760,13013,12959,30770,13133,13087
30780,13000,12965,30790,13134,13095
30800,12985,12973,30810,13129,13106
30820,12979,12999,30830,12841,13112
30840,12417,13004,30850,11877,13114
30860,11493,12777,30870,11071,12218
30880,10786,11716,30890,10455,11315
30900,10297,11001,30910,10121,10835
30920,10246,10917,30930,10311,11100
30940,10672,11575,30950,11050,12201
30960,11789,13013,30970,12579,13125
30980,13005,12998,30990,13119,13124
31000,13021,13018,31010,13138,13134
31020,13014,13007,31030,13130,13130
31040,13015,13017,31050,13140,13139
31060,13013,13022,31070,13130,13128
31080,13004,13001,31090,13135,13130
31100,13013,13004,31110,13135,13127
31120,13021,13003,31130,13128,13119
31140,13013,13014,31150,13116,13127
31160,13010,13016,31170,12777,13120
31180,12220,13013,31190,11680,13092
31200,11241,12396,31210,10816,11842
31220,10596,11454,31230,10249,11017
31240,10206,10863,31250,10136,10850
31260,10378,11099,31270,10580,11499
31280,11060,12145,31290,11644,13074
31300,12520,13015,31310,13141,13142
31320,13006,13008,31330,13143,13139
31340,13016,13010,31350,13126,13128
31360,13020,13014,31370,13140,13136
31380,13012,13003,31390,13138,13129
31400,13018,13016,31410,13141,13130
31420,13007,13021,31430,13147,13138
31440,13012,13005,31450,13139,13126
31460,13013,13020,31470,13134,13133
31480,13005,13024,31490,13144,13140
31500,13002,13015,31510,12584,13133
31520,12189,13003,31530,11712,13138
31540,11446,12706,31550,11156,12325
31560,11098,12176,31570,11045,12182
31580,11188,12323,31590,11404,12717
31600,11917,13009,31610,12535,13135
31620,13012,13022,31630,13148,13132
31640,13012,13018,31650,13144,13139
31660,13017,13028,31670,13131,13131
31680,13016,13019,31690,13145,13126
31700,13016,13022,31710,13140,13145
31720,13009,13010,31730,13127,13127
31740,13008,12998,31750,13136,13125
31760,13004,13000,31770,13130,13136
31780,13001,13006,31790,13140,13133
31800,13002,13016,31810,12653,13146
31820,12275,13008,31830,11812,13141
31840,11601,12923,31850,11336,12586
31860,11312,12475,31870,11301,12554
31880,11460,12726,31890,11685,13097
31900,12205,12973,31910,12827,13113
31920,13010,12970,31930,13139,13110
31940,13005,12981,31950,13139,13107
31960,13001,12995,31970,13120,13112
31980,12993,13004,31990,13113,13127
32000,12977,13018,32010,13115,13128
32020,12971,13020,32030,13077,13073
32040,12931,12967,32050,13069,13078
32060,12907,13024,32070,13068,13100
32080,12913,12979,32090,13062,13084
32100,13010,13016,32110,13131,13140
32120,13017,13030,32130,12625,13121
32140,12111,13006,32150,11519,12862
32160,11132,12237,32170,10706,11667
32180,10357,11093,32190,10130,10835
32200,10094,10702,32210,9970,10596
32220,10032,10607,32230,9925,10558
32240,10307,11023,32250,10825,11856
32260,11902,13018,32270,13130,13135
32280,13010,13016,32290,13136,13125
32300,13011,13020,32310,13133,13126
32320,13005,13009,32330,13143,13133
32340,13009,13010,32350,13140,13138
32360,13005,13004,32370,13131,13133
32380,12998,13008,32390,13128,13126
32400,13020,13005,32410,13141,13118
32420,13001,13010,32430,13146,13139
32440,12492,13014,32450,11677,13075
32460,10990,12019,32470,10391,11220
32480,10214,10890,32490,10058,10715
32500,10062,10655,32510,9951,10571
32520,10006,10578,32530,9909,10522
32540,10003,10563,32550,9926,10548
32560,10655,11549,32570,12087,13146
32580,13011,13016,32590,13145,13129
32600,13008,13016,32610,13134,13128
32620,13016,13010,32630,13130,13124
32640,12999,13002,32650,13135,13129
32660,13015,13017,32670,13132,13132
32680,13008,13010,32690,13134,13140
32700,13019,13009,32710,13136,13128
32720,13014,12999,32730,13133,13129
32740,12990,13012,32750,12204,13128
32760,11391,12616,32770,10591,11480
32780,10311,11010,32790,10091,10783
32800,10091,10681,32810,9954,10588
32820,10022,10593,32830,9916,10525
32840,10002,10567,32850,9916,10532
32860,9969,10543,32870,9921,10526
32880,9971,10508,32890,9913,10530
32900,9971,10534,32910,9961,10607
32920,10679,11565,32930,11748,13143
32940,12987,13014,32950,13146,13144
32960,13005,13013,32970,13141,13128
32980,13009,13007,32990,13146,13129
33000,13016,13008,33010,13149,13140
33020,13012,13003,33030,13141,13121
33040,13011,12980,33050,13141,13110
33060,13009,12970,33070,13145,13115
33080,13010,12962,33090,12875,13109
33100,12016,12973,33110,11066,12171
33120,10510,11304,33130,10164,10877
33140,10135,10761,33150,9973,10615
33160,10024,10597,33170,9932,10546
33180,9980,10529,33190,9917,10526
33200,9975,10537,33210,9900,10504
33220,9992,10545,33230,9900,10493
33240,10295,10994,33250,11256,12513
33260,12815,13003,33270,13069,13086
33280,12979,13016,33290,13084,13111
33300,13023,13017,33310,13132,13130
33320,13015,13022,33330,13118,13132
33340,13002,13006,33350,13134,13137
33360,13015,13014,33370,13123,13122
33380,13012,13011,33390,13142,13136
33400,12839,13006,33410,11806,13135
33420,10916,11893,33430,10351,11145
33440,10226,10875,33450,10037,10693
33460,10052,10630,33470,9958,10590
33480,9994,10558,33490,9920,10532
33500,9990,10544,33510,9901,10509
33520,9999,10545,33530,9892,10479
33540,10103,10717,33550,10852,11912
33560,12394,13012,33570,13131,13115
33580,13011,13012,33590,13138,13129
33600,13018,13015,33610,13133,13138
33620,13024,13018,33630,13138,13144
33640,13002,13002,33650,13134,13136
33660,13014,13019,33670,13128,13126
33680,13012,13016,33690,13137,13134
33700,13004,13003,33710,12940,13128
33720,11844,13007,33730,10739,11690
33740,10395,11128,33750,10122,10819
33760,10095,10704,33770,9983,10630
33780,10009,10580,33790,9930,10555
33800,9998,10558,33810,9905,10518
33820,9997,10554,33830,9904,10494
33840,9997,10542,33850,9914,10511
33860,10123,10746,33870,10819,11865
33880,12078,13017,33890,13154,13132
33900,13010,13008,33910,13135,13132
33920,13003,12999,33930,13132,13129
33940,13021,13009,33950,13132,13134
33960,13007,13014,33970,13138,13132
33980,13001,13014,33990,13134,13129
34000,13003,13014,34010,13146,13139
34020,12588,13014,34030,11389,12658
34040,10642,11507,34050,10246,11015
34060,10154,10783,34070,10014,10666
34080,10020,10604,34090,9931,10563
34100,10013,10574,34110,9905,10514
34120,9997,10553,34130,9904,10504
34140,9994,10537,34150,9901,10499
34160,9970,10525,34170,9908,10515
34180,9974,10518,34190,10162,10894
34200,11128,12233,34210,12352,13111
34220,13021,12985,34230,13143,13113
34240,13000,12977,34250,13133,13106
34260,12997,12974,34270,13130,13094
34280,13005,12979,34290,13125,13105
34300,12985,12989,34310,13113,13117
34320,12966,12999,34330,13119,13113
34340,12956,13007,34350,12007,13122
34360,11176,12288,34370,10482,11334
34380,10251,10940,34390,10068,10746
34400,10078,10671,34410,9959,10579
34420,10021,10597,34430,9913,10526
34440,10002,10550,34450,9910,10531
34460,9979,10528,34470,9920,10532
34480,9986,10524,34490,10093,10800
34500,10917,11939,34510,12002,13131
34520,13004,13008,34530,13135,13141
34540,12998,13010,34550,13126,13130
34560,13007,13009,34570,13136,13118
34580,13013,13017,34590,13134,13136
34600,13000,13015,34610,13143,13125
34620,13006,13015,34630,13136,13131
34640,13010,13014,34650,12243,13114
34660,11416,12655,34670,10676,11614
34680,10349,11066,34690,10109,10797
34700,10107,10701,34710,9957,10584
34720,10035,10592,34730,9917,10522
34740,10002,10555,34750,10115,10820
34760,11042,12117,34770,12498,13125
34780,13013,13012,34790,13117,13126
34800,13015,13017,34810,13143,13127
34820,13000,13007,34830,13135,13131
34840,12994,13009,34850,13134,13132
34860,13005,13010,34870,13131,13129
34880,12997,13004,34890,13143,13131
34900,13014,13011,34910,13129,13125
34920,13007,13011,34930,13118,13122
34940,12996,13009,34950,12049,13126
34960,11177,12268,34970,10479,11323
34980,10247,10921,34990,10059,10731
35000,10065,10657,35010,9941,10552
35020,10004,10572,35030,9904,10508
35040,9985,10534,35050,9906,10518
35060,10275,10976,35070,10850,11899
35080,11775,12990,35090,12657,13118
35100,12991,13009,35110,13133,13134
35120,13003,13014,35130,13138,13125
35140,13000,13005,35150,13132,13129
35160,12989,12998,35170,13151,13134
35180,12999,12992,35190,13143,13139
35200,13017,13002,35210,13147,13130
35220,13012,13008,35230,13144,13126
35240,13008,13002,35250,13135,13127
35260,12988,13009,35270,13136,13125
35280,13011,13012,35290,13135,13128
35300,13000,13014,35310,13132,13129
35320,12990,12992,35330,13143,13131
35340,13017,13009,35350,13133,13119
35360,13001,12981,35370,13140,13118
35380,13000,12962,35390,13135,13105
35400,13008,12956,35410,13135,13092
35420,13011,12951,35430,13139,13098
35440,12997,12951,35450,13123,13076
35460,12982,12974,35470,13115,13102
35480,12974,12998,35490,13110,13114
35500,12951,13031,35510,13104,13109
35520,12962,13010,35530,13099,13109
35540,12946,13021,35550,13085,13122
35560,12976,13015,35570,13120,13124
35580,12996,13023,35590,13115,13121
35600,13011,13020,35610,13114,13133
35620,13022,13022,35630,13062,13090
35640,12944,13009,35650,13069,13099
35660,13018,13013,35670,13081,13106
35680,13013,13002,35690,13082,13110
35700,13022,13007,35710,13129,13124
35720,13021,13014,35730,13137,13137
35740,13007,13009,35750,13137,13132
35760,13019,13006,35770,13113,13137
35780,13011,13015,35790,13143,13134
35800,13012,13009,35810,13131,13127
35820,13012,13011,35830,13125,13133
35840,13024,13009,35850,13129,13130
35860,13006,13000,35870,13135,13141
35880,13005,13012,35890,13142,13129
35900,13010,13015,35910,13145,13134
35920,13009,13008,35930,13138,13131
35940,13011,13012,35950,13128,13126
35960,13001,13014,35970,13137,13125
35980,13010,13003,35990,13147,13130
36000,13006,13007,36010,13141,13138
36020,13002,12997,36030,13138,13132
36040,13003,13006,36050,13134,13131
36060,13004,13005,36070,13135,13125
36080,13003,13005,36090,13135,13125
36100,13002,13010,36110,13136,13129
36120,13006,13010,36130,13141,13139
36140,13006,13010,36150,13135,13123
36160,13009,13012,36170,13137,13136
36180,13004,13001,36190,13133,13124
36200,12997,13008,36210,13135,13124
36220,12996,13015,36230,13137,13126
36240,13007,13005,36250,13126,13123
36260,13002,13020,36270,13133,13120
36280,13004,12997,36290,13137,13119
36300,13008,13011,36310,13129,13133
36320,12994,13006,36330,13139,13143
36340,13015,13019,36350,13133,13139
36360,13011,13024,36370,13135,13124
36380,13012,13007,36390,13136,13143
36400,13007,13008,36410,13143,13132
36420,13006,13015,36430,13131,13143
36440,13016,13019,36450,13131,13136
36460,13015,13002,36470,13139,13141
36480,13016,13015,36490,13144,13137
36500,13001,13002,36510,13132,13128
36520,12996,12992,36530,13133,13117
36540,12992,12972,36550,13134,13100
36560,12995,12939,36570,13125,13085
36580,13000,12939,36590,13137,13068
36600,13008,12983,36610,13146,13121
36620,12995,12999,36630,13123,13115
36640,12982,13009,36650,13113,13115
36660,12970,13018,36670,13123,13122
36680,12988,13013,36690,13108,13122
36700,12967,13017,36710,13098,13132
36720,12995,13026,36730,13130,13142
36740,13009,13018,36750,13116,13133
36760,13022,13019,36770,13129,13122
36780,13006,13008,36790,13133,13125
36800,13018,13010,36810,13138,13129
36820,12963,12904,36830,13132,13121
36840,13011,13012,36850,13125,13117
36860,13004,13013,36870,13141,13129
36880,13008,13001,36890,13136,13139
36900,13009,13001,36910,13130,13131
36920,13010,13018,36930,13137,13131
36940,13006,13005,36950,13131,13131
36960,13007,13021,36970,13138,13133
36980,13009,13013,36990,13132,13122
37000,13006,13000,37010,13138,13136
37020,13009,13016,37030,13133,13116
37040,13012,13007,37050,13138,13136
37060,13012,13019,37070,13131,13130
37080,13009,13004,37090,13132,13139
37100,13001,12997,37110,13127,13129
37120,12953,12896,37130,13130,13128
37140,13007,13004,37150,13130,13130
37160,13012,13008,37170,13129,13130
37180,13007,13005,37190,13133,13131
37200,13016,13020,37210,13142,13130
37220,13006,13018,37230,13130,13143
37240,13009,13021,37250,13139,13130
37260,13005,13013,37270,13138,13132
37280,13010,13002,37290,13142,13134
37300,13004,13012,37310,13132,13132
37320,13014,13018,37330,13144,13127
37340,13010,13013,37350,13136,13136
37360,13007,13016,37370,13139,13132
37380,13022,13021,37390,13137,13130
37400,13016,13012,37410,13128,13132
37420,13012,13015,37430,13132,13128
37440,13005,13006,37450,13132,13137
37460,13011,13013,37470,13136,13127
37480,13001,13014,37490,13124,13129
37500,13010,13000,37510,13140,13134
37520,13016,13004,37530,13133,13131
37540,13007,13018,37550,13135,13136
37560,12997,13009,37570,13145,13128
37580,13014,13019,37590,13137,13131
37600,13016,13006,37610,13141,13145
37620,12999,13006,37630,13130,13127
37640,12998,13014,37650,13130,13125
37660,13004,13013,37670,13129,13122
37680,13010,12990,37690,13137,13117
37700,12993,12975,37710,13129,13106
37720,12910,12865,37730,13127,13085
37740,12991,12922,37750,13129,13072
37760,13002,12919,37770,13126,13064
37780,12986,12912,37790,13123,13066
37800,12980,12993,37810,13108,13106
37820,12960,13002,37830,13106,13120
37840,12958,13012,37850,13098,13120
37860,12959,13007,37870,13096,13116
37880,12955,13024,37890,13098,13115
37900,12994,13010,37910,13119,13129
37920,13011,13019,37930,13122,13128
37940,13009,13023,37950,13123,13136
37960,13024,13014,37970,13134,13121
37980,13001,13012,37990,13111,13122
38000,13005,13000,38010,13131,13128
38020,12973,12976,38030,13077,13113
38040,12996,13007,38050,13089,13118
38060,13007,13017,38070,13112,13101
38080,13021,13016,38090,13098,13126
38100,13015,13013,38110,13133,13127
38120,13008,13004,38130,13130,13128
38140,13011,13003,38150,13137,13136
38160,13005,13001,38170,13138,13130
38180,13003,13003,38190,13123,13124
38200,12997,13001,38210,13131,13134
38220,13012,13000,38230,13125,13122
38240,13010,13002,38250,13133,13121
38260,12999,13011,38270,13136,13133
38280,13015,12999,38290,13129,13130
38300,13002,13011,38310,13140,13131
38320,12999,13005,38330,13137,13130
38340,13002,13008,38350,13138,13123
38360,13013,13000,38370,13143,13135
38380,13021,13008,38390,13126,13115
38400,13008,13002,38410,13125,13123
38420,13014,13000,38430,13134,13131
38440,13009,13017,38450,13142,13131
38460,13009,13008,38470,13140,13141
38480,13005,13007,38490,13142,13137
