LED1 Timestamp (ms),LED1_PD1,LED1_PD2,LED2 Timestamp (ms),LED2_PD1,LED2_PD2
11500,13094,8232,11510,12872,8143
11520,13085,8197,11530,12857,8204
11540,13065,8189,11550,12839,8222
11560,13059,8161,11570,12835,8188
11580,13048,8208,11590,12832,8192
11600,13048,8203,11610,12823,8155
11620,13042,8207,11630,12856,8203
11640,13057,8190,11650,12872,8212
11660,13080,8158,11670,12870,8189
11680,13084,8198,11690,12883,8197
11700,13083,8205,11710,12869,8146
11720,13089,8194,11730,12867,8195
11740,13079,8197,11750,12871,8213
11760,13085,8141,11770,12877,8191
11780,13085,8208,11790,12875,8196
11800,13072,8210,11810,12862,8149
11820,13084,8194,11830,12869,8196
11840,13080,8197,11850,12861,8205
11860,13092,8150,11870,12872,8201
11880,13101,8207,11890,12870,8187
11900,13090,8214,11910,12872,8144
11920,13085,8195,11930,12873,8198
11940,13092,8196,11950,12884,8203
11960,13087,8169,11970,12864,8204
11980,13090,8212,11990,12871,8188
12000,13090,8214,12010,12861,8166
12020,13084,8191,12030,12855,8203
12040,13081,8190,12050,12854,8197
12060,13079,8165,12070,12855,8185
12080,13096,8211,12090,12870,8189
12100,13095,8205,12110,12871,8151
12120,13082,8193,12130,12863,8220
12140,13100,8201,12150,12886,8214
12160,13098,8164,12170,12874,8194
12180,13100,8212,12190,12860,8188
12200,13098,8212,12210,12867,8162
12220,13093,8199,12230,12861,8202
12240,13082,8186,12250,12875,8212
12260,13086,8172,12270,12875,8212
12280,13089,8201,12290,12865,8188
12300,13079,8204,12310,12864,8173
12320,13076,8199,12330,12858,8205
12340,13074,8189,12350,12870,8211
12360,13078,8166,12370,12868,8199
12380,13086,8217,12390,12875,8185
12400,13084,8205,12410,12860,8159
12420,13091,8204,12430,12863,8204
12440,13075,8194,12450,12871,8215
12460,13088,8168,12470,12866,8190
12480,13091,8216,12490,12859,8186
12500,13087,8218,12510,12864,8170
12520,13090,8200,12530,12870,8206
12540,13074,8196,12550,12877,8210
12560,13093,8176,12570,12874,8188
12580,13076,8211,12590,12859,8184
12600,13065,8217,12610,12843,8168
12620,13058,8185,12630,12817,8214
12640,13033,8190,12650,12783,8203
12660,13004,8157,12670,12783,8194
12680,12987,8204,12690,12834,8187
12700,13064,8221,12710,12871,8167
12720,13078,8198,12730,12870,8207
12740,13084,8195,12750,12864,8203
12760,13076,8163,12770,12861,8190
12780,13069,8205,12790,12862,8186
12800,13093,8219,12810,12872,8166
12820,13071,8197,12830,12858,8212
12840,13079,8179,12850,12862,8212
12860,13099,8168,12870,12861,8187
12880,13083,8210,12890,12867,8196
12900,13082,8211,12910,12854,8157
12920,13082,8199,12930,12863,8212
12940,13082,8189,12950,12874,8211
12960,13085,8165,12970,12862,8196
12980,13091,8220,12990,12866,8190
13000,13091,8218,13010,12864,8166
13020,13087,8201,13030,12871,8220
13040,13091,8199,13050,12860,8226
13060,13095,8154,13070,12856,8186
13080,13093,8208,13090,12862,8189
13100,13076,8209,13110,12874,8154
13120,13092,8201,13130,12864,8205
13140,13076,8195,13150,12868,8211
13160,13074,8159,13170,12861,8197
13180,13080,8209,13190,12865,8174
13200,13076,8217,13210,12858,8168
13220,13078,8198,13230,12871,8213
13240,13100,8194,13250,12867,8220
13260,13092,8161,13270,12866,8194
13280,13083,8207,13290,12871,8184
13300,13093,8225,13310,12867,8175
13320,13073,8182,13330,12861,8203
13340,13095,8197,13350,12862,8206
13360,13082,8168,13370,12863,8201
13380,13083,8213,13390,12871,8193
13400,13096,8220,13410,12873,8174
13420,13081,8192,13430,12854,8210
13440,13091,8185,13450,12869,8213
13460,13083,8174,13470,12874,8208
13480,13079,8209,13490,12857,8180
13500,13073,8208,13510,12864,8164
13520,13053,8196,13530,12851,8213
13540,13072,8182,13550,12863,8217
13560,13076,8165,13570,12854,8212
13580,13063,8205,13590,12857,8182
13600,13067,8216,13610,12857,8165
13620,13071,8191,13630,12865,8215
13640,13073,8184,13650,12869,8215
13660,13080,8174,13670,12843,8191
13680,13066,8219,13690,12833,8194
13700,13049,8224,13710,12821,8178
13720,13039,8192,13730,12818,8202
13740,13032,8199,13750,12825,8241
13760,13029,8193,13770,12828,8188
13780,13049,8220,13790,12866,8184
13800,13058,8220,13810,12869,8191
13820,13058,8206,13830,12867,8206
13840,13074,8192,13850,12873,8245
13860,13074,8171,13870,12870,8183
13880,13075,8215,13890,12875,8189
13900,13089,8255,13910,12865,8184
13920,13080,8197,13930,12867,8204
13940,13088,8184,13950,12857,8242
13960,13084,8196,13970,12863,8190
13980,13082,8223,13990,12864,8195
14000,13085,8250,14010,12866,8176
14020,13083,8186,14030,12873,8209
14040,13081,8187,14050,12860,8232
14060,13086,8192,14070,12853,8190
14080,13081,8212,14090,12865,8186
14100,13083,8236,14110,12870,8182
14120,13075,8196,14130,12866,8215
14140,13082,8188,14150,12858,8235
14160,13081,8186,14170,12870,8208
14180,13089,8215,14190,12862,8181
14200,13085,8244,14210,12869,8188
14220,13100,8192,14230,12865,8214
14240,13088,8192,14250,12870,8244
14260,13081,8191,14270,12859,8198
14280,13087,8219,14290,12861,8167
14300,13074,8243,14310,12865,8190
14320,13096,8189,14330,12870,8209
14340,13084,8160,14350,12855,8245
14360,13079,8202,14370,12865,8180
14380,13087,8218,14390,12871,8162
14400,13091,8248,14410,12868,8184
14420,13077,8192,14430,12864,8211
14440,13087,8159,14450,12859,8233
14460,13092,8198,14470,12871,8193
14480,13092,8219,14490,12869,8152
14500,13079,8233,14510,12874,8204
14520,13092,8194,14530,12866,8202
14540,13090,8148,14550,12860,8219
14560,13081,8175,14570,12870,8182
14580,13098,8214,14590,12867,8141
14600,13093,8238,14610,12865,8191
14620,13092,8202,14630,12869,8214
14640,13077,8149,14650,12867,8239
14660,13084,8197,14670,12867,8205
14680,13098,8223,14690,12869,8163
14700,13086,8238,14710,12868,8206
14720,13087,8204,14730,12875,8218
14740,13084,8164,14750,12846,8228
14760,13066,8196,14770,12826,8193
14780,13057,8213,14790,12829,8142
14800,13056,8234,14810,12840,8195
14820,13052,8190,14830,12828,8200
14840,13061,8143,14850,12867,8228
14860,13080,8195,14870,12863,8186
14880,13079,8204,14890,12870,8142
14900,13075,8235,14910,12870,8203
14920,13085,8198,14930,12875,8218
14940,13084,8154,14950,12872,8235
14960,13082,8206,14970,12859,8190
14980,13082,8216,14990,12866,8142
15000,13083,8231,15010,12868,8191
15020,13015,8191,15030,12846,8208
15040,13077,8141,15050,12864,8222
15060,13064,8192,15070,12860,8187
15080,13065,8207,15090,12867,8136
15100,13069,8224,15110,12870,8197
15120,13079,8201,15130,12867,8212
15140,13073,8151,15150,12862,8221
15160,13086,8199,15170,12865,8180
15180,13089,8207,15190,12868,8150
15200,13093,8240,15210,12868,8187
15220,13072,8189,15230,12855,8202
15240,13086,8146,15250,12862,8228
15260,13094,8201,15270,12866,8194
15280,13093,8213,15290,12857,8136
15300,13082,8227,15310,12862,8187
15320,12929,8191,15330,12858,8197
15340,13071,8143,15350,12852,8238
15360,13092,8188,15370,12853,8186
15380,13076,8219,15390,12864,8140
15400,13094,8228,15410,12869,8202
15420,13080,8187,15430,12855,8207
15440,13068,8160,15450,12858,8214
15460,13084,8193,15470,12851,8182
15480,13077,8205,15490,12865,8137
15500,13088,8227,15510,12866,8210
15520,13079,8193,15530,12874,8215
15540,13084,8139,15550,12864,8235
15560,13091,8193,15570,12857,8189
15580,13078,8206,15590,12865,8129
15600,13092,8224,15610,12874,8190
15620,12915,8195,15630,12856,8214
15640,13085,8147,15650,12853,8206
15660,13081,8208,15670,12855,8196
15680,13083,8217,15690,12865,8140
15700,13093,8204,15710,12872,8190
15720,13090,8183,15730,12865,8209
15740,13093,8150,15750,12861,8211
15760,13088,8198,15770,12859,8190
15780,13081,8218,15790,12866,8143
15800,13092,8206,15810,12871,8204
15820,13073,8195,15830,12839,8211
15840,13062,8146,15850,12819,8210
15860,13039,8203,15870,12818,8193
15880,13032,8211,15890,12829,8155
15900,13030,8195,15910,12835,8207
15920,13041,8191,15930,12864,8204
15940,13058,8150,15950,12872,8195
15960,13071,8208,15970,12880,8189
15980,13094,8221,15990,12868,8155
16000,13078,8188,16010,12870,8207
16020,13083,8184,16030,12871,8221
16040,13079,8130,16050,12869,8179
16060,13089,8205,16070,12877,8190
16080,13087,8210,16090,12862,8153
16100,13082,8200,16110,12870,8210
16120,13080,8195,16130,12874,8198
16140,13091,8156,16150,12864,8190
16160,13075,8207,16170,12858,8193
16180,13089,8216,16190,12867,8156
16200,13096,8201,16210,12872,8201
16220,13054,8192,16230,12860,8200
16240,13085,8156,16250,12861,8170
16260,13080,8210,16270,12864,8191
16280,13089,8205,16290,12869,8142
16300,13079,8207,16310,12863,8212
16320,13081,8188,16330,12868,8213
16340,13081,8149,16350,12860,8192
16360,13086,8212,16370,12864,8183
16380,13079,8205,16390,12867,8150
16400,13086,8200,16410,12870,8192
16420,13084,8190,16430,12884,8215
16440,13088,8159,16450,12867,8194
16460,13093,8218,16470,12869,8190
16480,13088,8201,16490,12870,8166
16500,13084,8195,16510,12860,8216
16520,12919,8188,16530,12864,8212
16540,13076,8150,16550,12870,8206
16560,13078,8214,16570,12856,8190
16580,13077,8212,16590,12870,8145
16600,13069,8198,16610,12846,8200
16620,13092,8189,16630,12870,8214
16640,13078,8155,16650,12859,8198
16660,13079,8203,16670,12865,8189
16680,13087,8217,16690,12870,8168
16700,13088,8202,16710,12876,8210
16720,13085,8200,16730,12870,8219
16740,13082,8163,16750,12870,8192
16760,13087,8217,16770,12861,8194
16780,13094,8219,16790,12882,8157
16800,13078,8193,16810,12853,8214
16820,13078,8194,16830,12861,8203
16840,13075,8166,16850,12857,8188
16860,13092,8214,16870,12861,8192
16880,13081,8219,16890,12855,8150
16900,13053,8206,16910,12844,8202
16920,13048,8183,16930,12824,8207
16940,13046,8169,16950,12833,8192
16960,13046,8211,16970,12830,8191
16980,13053,8218,16990,12848,8159
17000,13059,8203,17010,12876,8213
17020,13068,8186,17030,12863,8212
17040,13077,8169,17050,12872,8196
17060,13091,8212,17070,12874,8194
17080,13080,8202,17090,12868,8164
17100,13076,8198,17110,12881,8217
17120,12921,8187,17130,12873,8211
17140,13049,8160,17150,12858,8201
17160,13081,8215,17170,12865,8185
17180,13063,8213,17190,12868,8177
17200,13061,8193,17210,12870,8193
17220,13091,8198,17230,12872,8207
17240,13091,8162,17250,12871,8190
17260,13095,8216,17270,12859,8181
17280,13081,8210,17290,12859,8170
17300,13095,8188,17310,12865,8206
17320,13083,8189,17330,12873,8206
17340,13075,8167,17350,12865,8199
17360,13084,8214,17370,12868,8176
17380,13084,8209,17390,12871,8180
17400,13085,8197,17410,12862,8211
17420,13097,8192,17430,12867,8212
17440,13086,8173,17450,12867,8188
17460,13078,8210,17470,12869,8188
17480,13092,8211,17490,12864,8174
17500,13074,8197,17510,12857,8208
17520,13079,8183,17530,12875,8211
17540,13082,8175,17550,12858,8195
17560,13083,8213,17570,12865,8193
17580,13082,8213,17590,12869,8160
17600,13084,8200,17610,12875,8217
17620,13084,8193,17630,12854,8203
17640,13082,8165,17650,12866,8194
17660,13074,8209,17670,12858,8175
17680,13082,8220,17690,12869,8161
17700,13074,8201,17710,12865,8210
17720,12919,8191,17730,12866,8215
17740,13078,8162,17750,12860,8189
17760,13076,8214,17770,12856,8192
17780,13082,8217,17790,12873,8168
17800,13085,8189,17810,12869,8206
17820,13074,8190,17830,12882,8225
17840,13076,8165,17850,12870,8193
17860,13087,8218,17870,12863,8182
17880,13086,8222,17890,12869,8173
17900,13094,8196,17910,12877,8210
17920,13076,8189,17930,12855,8210
17940,13081,8169,17950,12850,8196
17960,13063,8208,17970,12835,8183
17980,13049,8217,17990,12833,8178
18000,13047,8190,18010,12818,8209
18020,13028,8193,18030,12766,8207
18040,13004,8173,18050,12752,8189
18060,12990,8218,18070,12786,8181
18080,13008,8219,18090,12871,8169
18100,13090,8195,18110,12873,8211
18120,13076,8193,18130,12875,8211
18140,13079,8183,18150,12878,8183
18160,13075,8214,18170,12874,8185
18180,13082,8218,18190,12879,8173
18200,13075,8190,18210,12867,8209
18220,13081,8183,18230,12859,8218
18240,13085,8164,18250,12867,8179
18260,13075,8213,18270,12867,8187
18280,13095,8218,18290,12869,8167
18300,13094,8185,18310,12866,8217
18320,13083,8181,18330,12860,8218
18340,13087,8196,18350,12872,8202
18360,13091,8219,18370,12863,8192
18380,13084,8218,18390,12861,8170
18400,13078,8205,18410,12865,8217
18420,13098,8196,18430,12859,8205
18440,13089,8174,18450,12864,8190
18460,13090,8209,18470,12861,8182
18480,13088,8251,18490,12870,8185
18500,13078,8191,18510,12870,8210
18520,13098,8182,18530,12874,8251
18540,13081,8190,18550,12871,8191
18560,13081,8225,18570,12866,8188
18580,13097,8242,18590,12866,8176
18600,13081,8194,18610,12880,8207
18620,13074,8183,18630,12852,8227
18640,13088,8171,18650,12854,8196
18660,13074,8207,18670,12863,8179
18680,13082,8230,18690,12867,8182
18700,13086,8188,18710,12859,8214
18720,13087,8189,18730,12870,8245
18740,13092,8187,18750,12867,8189
18760,13096,8204,18770,12867,8174
18780,13085,8237,18790,12858,8192
18800,13088,8198,18810,12864,8205
18820,13077,8186,18830,12861,8238
18840,13075,8184,18850,12858,8191
18860,13084,8219,18870,12857,8181
18880,13069,8227,18890,12866,8194
18900,13076,8190,18910,12877,8211
18920,13093,8174,18930,12860,8225
18940,13087,8205,18950,12870,8187
18960,13094,8219,18970,12867,8162
18980,13084,8236,18990,12859,8185
19000,13080,8189,19010,12871,8206
19020,13070,8153,19030,12841,8249
19040,13071,8192,19050,12835,8197
19060,13058,8213,19070,12826,8151
19080,13051,8229,19090,12820,8193
19100,13046,8189,19110,12830,8202
19120,13053,8156,19130,12840,8228
19140,13063,8205,19150,12864,8200
19160,13076,8222,19170,12875,8144
19180,13084,8219,19190,12861,8181
19200,13066,8191,19210,12860,8214
19220,13072,8155,19230,12856,8236
19240,13036,8191,19250,12839,8193
19260,13065,8218,19270,12864,8143
19280,13059,8234,19290,12873,8191
19300,13091,8209,19310,12877,8209
19320,13082,8156,19330,12859,8234
19340,13075,8191,19350,12847,8188
19360,13081,8214,19370,12870,8147
19380,13081,8217,19390,12862,8199
19400,13075,8193,19410,12860,8212
19420,13095,8152,19430,12860,8219
19440,13084,8193,19450,12857,8189
19460,13085,8208,19470,12872,8139
19480,13093,8231,19490,12870,8179
19500,13084,8196,19510,12873,8206
19520,13074,8146,19530,12869,8239
19540,13090,8199,19550,12853,8196
19560,13078,8203,19570,12851,8147
19580,13081,8237,19590,12874,8196
19600,13075,8201,19610,12858,8203
19620,13072,8142,19630,12860,8216
19640,13086,8185,19650,12869,8193
19660,13091,8214,19670,12862,8138
19680,13090,8230,19690,12857,8190
19700,13078,8192,19710,12859,8215
19720,13083,8139,19730,12876,8227
19740,13091,8177,19750,12869,8182
19760,13084,8204,19770,12861,8155
19780,13089,8226,19790,12851,8181
19800,13087,8185,19810,12863,8198
19820,13088,8156,19830,12857,8234
19840,13084,8203,19850,12861,8191
19860,13089,8214,19870,12869,8144
19880,13082,8217,19890,12869,8190
19900,13092,8198,19910,12871,8210
19920,13078,8145,19930,12857,8229
19940,13079,8179,19950,12855,8186
19960,13082,8217,19970,12845,8141
19980,13085,8217,19990,12859,8190
20000,13082,8192,20010,12865,8208
20020,13082,8155,20030,12861,8224
20040,13078,8189,20050,12861,8202
20060,13074,8207,20070,12878,8155
20080,13084,8230,20090,12873,8200
20100,13081,8189,20110,12849,8209
20120,13038,8144,20130,12813,8222
20140,13035,8184,20150,12799,8194
20160,13017,8226,20170,12779,8137
20180,12993,8239,20190,12822,8199
20200,13041,8181,20210,12859,8202
20220,13072,8169,20230,12870,8218
20240,13072,8191,20250,12871,8188
20260,13079,8209,20270,12878,8141
20280,13070,8214,20290,12871,8193
20300,13086,8196,20310,12867,8211
20320,13072,8151,20330,12874,8205
20340,13083,8199,20350,12877,8188
20360,13083,8217,20370,12856,8147
20380,13080,8211,20390,12876,8187
20400,13091,8193,20410,12877,8207
20420,13088,8151,20430,12875,8205
20440,13101,8223,20450,12862,8190
20460,13095,8215,20470,12871,8131
20480,13083,8208,20490,12872,8183
20500,13085,8197,20510,12872,8201
20520,13086,8142,20530,12862,8196
20540,13089,8212,20550,12859,8186
20560,13087,8214,20570,12885,8151
20580,13078,8186,20590,12875,8194
20600,13082,8186,20610,12863,8202
20620,13094,8145,20630,12873,8184
20640,13085,8184,20650,12863,8199
20660,13102,8206,20670,12866,8149
20680,13084,8185,20690,12865,8194
20700,13090,8191,20710,12867,8234
20720,13083,8138,20730,12869,8186
20740,13075,8197,20750,12864,8192
20760,13089,8214,20770,12869,8152
20780,13097,8188,20790,12872,8205
20800,13090,8191,20810,12863,8207
20820,13074,8151,20830,12870,8192
20840,13086,8203,20850,12865,8183
20860,13087,8206,20870,12859,8155
20880,13101,8199,20890,12872,8206
20900,13074,8197,20910,12868,8212
20920,13089,8160,20930,12873,8199
20940,13073,8213,20950,12857,8193
20960,13093,8221,20970,12863,8148
20980,13094,8208,20990,12869,8198
21000,13087,8192,21010,12871,8211
21020,13075,8152,21030,12861,8205
21040,13098,8213,21050,12862,8185
21060,13079,8213,21070,12865,8165
21080,13089,8198,21090,12866,8216
21100,13100,8207,21110,12864,8208
21120,13092,8156,21130,12869,8205
21140,13083,8204,21150,12867,8188
21160,13078,8208,21170,12853,8153
21180,13061,8200,21190,12840,8196
21200,13057,8189,21210,12842,8211
21220,13054,8152,21230,12829,8186
21240,13050,8201,21250,12830,8188
21260,13054,8218,21270,12847,8149
21280,13070,8204,21290,12863,8202
21300,13075,8199,21310,12857,8209
21320,12603,8158,21330,12114,8195
21340,11696,8205,21350,11112,8189
21360,10605,8204,21370,9916,8164
21380,9337,8209,21390,9168,8212
21400,9020,8197,21410,9016,8224
21420,9040,8162,21430,8964,8188
21440,9075,8215,21450,8946,8188
21460,8973,8213,21470,8890,8156
21480,8886,8184,21490,8961,8212
21500,8915,8185,21510,8966,8215
21520,8984,8168,21530,8933,8198
21540,9052,8224,21550,8938,8194
21560,8992,8220,21570,8902,8164
21580,8895,8213,21590,8972,8220
21600,8921,8193,21610,8982,8213
21620,8992,8157,21630,8960,8197
21640,9065,8221,21650,8935,8191
21660,8953,8216,21670,8890,8159
21680,8914,8198,21690,8966,8203
21700,8918,8199,21710,8965,8211
21720,9029,8157,21730,8935,8186
21740,9058,8225,21750,8932,8186
21760,8953,8218,21770,8891,8164
21780,8893,8195,21790,8952,8207
21800,8928,8197,21810,8951,8215
21820,9022,8167,21830,8928,8192
21840,9045,8213,21850,8917,8193
21860,8979,8225,21870,8886,8160
21880,8891,8194,21890,8954,8199
21900,8914,8188,21910,8975,8204
21920,9004,8159,21930,8937,8206
21940,9076,8224,21950,8917,8181
21960,8950,8216,21970,8898,8151
21980,8877,8196,21990,8970,8209
22000,8924,8192,22010,8972,8218
22020,9023,8170,22030,8961,8205
22040,9060,8207,22050,8926,8189
22060,8954,8208,22070,8891,8161
22080,8896,8190,22090,8957,8215
22100,8922,8185,22110,8977,8214
22120,8982,8160,22130,8941,8192
22140,9041,8208,22150,8935,8200
22160,8962,8222,22170,8905,8164
22180,8886,8206,22190,8965,8208
22200,8916,8188,22210,8970,8223
22220,9033,8163,22230,8941,8191
22240,9067,8218,22250,8937,8186
22260,8966,8203,22270,8919,8148
22280,8904,8196,22290,8962,8200
22300,8926,8189,22310,8976,8213
22320,9007,8171,22330,8961,8195
22340,9066,8217,22350,8927,8174
22360,8941,8209,22370,8906,8162
22380,8888,8203,22390,8966,8218
22400,8929,8193,22410,8982,8205
22420,8995,8145,22430,8933,8190
22440,9049,8214,22450,8938,8185
22460,8956,8218,22470,8915,8167
22480,8900,8198,22490,8971,8210
22500,8931,8183,22510,8987,8218
22520,9044,8167,22530,8965,8211
22540,9068,8207,22550,8938,8178
22560,8958,8220,22570,8912,8155
22580,8897,8202,22590,8987,8209
22600,8931,8189,22610,8975,8213
22620,8977,8168,22630,8930,8182
22640,9057,8206,22650,8933,8189
22660,8962,8208,22670,8942,8159
22680,8893,8198,22690,8976,8220
22700,8926,8190,22710,8972,8202
22720,9017,8175,22730,8949,8195
22740,9063,8208,22750,8928,8183
22760,8953,8210,22770,8914,8166
22780,8897,8209,22790,8970,8216
22800,8932,8189,22810,8975,8202
22820,9019,8178,22830,8974,8194
22840,9046,8220,22850,8949,8181
22860,8967,8224,22870,8935,8172
22880,8903,8200,22890,8990,8207
22900,8930,8180,22910,8988,8217
22920,9033,8170,22930,8944,8192
22940,9063,8213,22950,8936,8181
22960,8964,8213,22970,8925,8172
22980,8933,8192,22990,8988,8218
23000,8939,8192,23010,8985,8218
23020,9042,8182,23030,8935,8201
23040,9030,8210,23050,8927,8191
23060,8956,8211,23070,8929,8181
23080,8902,8195,23090,8976,8214
23100,8936,8171,23110,8976,8213
23120,9037,8184,23130,8947,8190
23140,9039,8222,23150,8956,8175
23160,8959,8229,23170,8927,8182
23180,8892,8193,23190,8966,8206
23200,8959,8195,23210,8980,8208
23220,9035,8170,23230,8962,8201
23240,9056,8216,23250,8958,8182
23260,8948,8211,23270,8933,8191
23280,8907,8191,23290,8979,8210
23300,8967,8182,23310,8976,8212
23320,9083,8190,23330,8943,8186
23340,9047,8216,23350,8921,8179
23360,8958,8212,23370,8932,8187
23380,8908,8191,23390,8986,8214
23400,8938,8178,23410,8999,8245
23420,9068,8189,23430,8953,8202
23440,9038,8216,23450,8939,8181
23460,8950,8241,23470,8946,8202
23480,8899,8202,23490,8985,8211
23500,8908,8194,23510,8985,8218
23520,9038,8197,23530,8965,8188
23540,9032,8213,23550,8928,8176
23560,8954,8223,23570,8954,8193
23580,8915,8201,23590,8985,8214
23600,8944,8185,23610,9008,8237
23620,9041,8197,23630,8953,8194
23640,9048,8213,23650,8917,8171
23660,8964,8232,23670,8951,8189
23680,8908,8191,23690,8968,8209
23700,8930,8154,23710,9007,8227
23720,9068,8191,23730,8940,8176
23740,9032,8220,23750,8911,8144
23760,8958,8242,23770,8943,8195
23780,8899,8204,23790,8981,8204
23800,8906,8159,23810,9011,8242
23820,9076,8192,23830,8957,8191
23840,9044,8217,23850,8876,8127
23860,8979,8221,23870,8956,8204
23880,8914,8203,23890,8976,8218
23900,8919,8152,23910,9004,8231
23920,9059,8193,23930,8957,8189
23940,9028,8220,23950,8891,8150
23960,8971,8235,23970,8940,8197
23980,8911,8195,23990,8975,8216
24000,8908,8162,24010,9008,8237
24020,9024,8209,24030,8958,8206
24040,9039,8223,24050,8871,8156
24060,8978,8228,24070,8970,8197
24080,8927,8188,24090,8984,8204
24100,8911,8164,24110,9007,8223
24120,9121,8192,24130,8946,8201
24140,9033,8214,24150,8896,8147
24160,8961,8240,24170,8940,8188
24180,8922,8187,24190,8986,8210
24200,8904,8147,24210,9012,8236
24220,9083,8197,24230,8952,8189
24240,9020,8222,24250,8884,8144
24260,8967,8234,24270,8959,8208
24280,8928,8203,24290,8991,8212
24300,8921,8156,24310,9013,8232
24320,9097,8206,24330,8945,8193
24340,9035,8220,24350,8887,8152
24360,8926,8230,24370,8964,8180
24380,8945,8204,24390,8994,8220
24400,8944,8163,24410,9010,8234
24420,9058,8191,24430,8950,8196
24440,9035,8203,24450,8897,8165
24460,8957,8222,24470,8962,8201
24480,8919,8196,24490,8978,8204
24500,8938,8150,24510,9012,8234
24520,9071,8208,24530,8972,8188
24540,9035,8207,24550,8882,8142
24560,8974,8230,24570,8970,8193
24580,8929,8184,24590,8971,8209
24600,8928,8155,24610,8998,8225
24620,9105,8197,24630,8947,8181
24640,9026,8219,24650,8897,8137
24660,8952,8231,24670,8960,8183
24680,8922,8192,24690,8982,8209
24700,8978,8155,24710,9008,8228
24720,9086,8201,24730,8986,8185
24740,9014,8216,24750,8887,8152
24760,8956,8247,24770,8963,8192
24780,8927,8192,24790,8989,8211
24800,8946,8149,24810,9012,8228
24820,9070,8205,24830,8956,8184
24840,9013,8210,24850,8887,8151
24860,8948,8228,24870,8969,8186
24880,8916,8186,24890,9001,8212
24900,8969,8137,24910,9007,8222
24920,9088,8201,24930,8966,8197
24940,9018,8210,24950,8890,8140
24960,8955,8240,24970,8975,8193
24980,8915,8193,24990,8994,8214
25000,8977,8156,25010,9015,8246
25020,9049,8205,25030,8959,8190
25040,9015,8213,25050,8904,8144
25060,8948,8219,25070,8967,8182
25080,8931,8198,25090,8986,8213
25100,8969,8146,25110,8998,8222
25120,9034,8204,25130,8959,8186
25140,8993,8218,25150,8878,8141
25160,8946,8216,25170,8964,8184
25180,8942,8194,25190,8985,8212
25200,8962,8157,25210,9011,8212
25220,9052,8191,25230,8949,8195
25240,9020,8220,25250,8901,8152
25260,8957,8221,25270,9001,8198
25280,8925,8198,25290,8973,8222
25300,9017,8152,25310,8993,8214
25320,9113,8205,25330,8955,8197
25340,9013,8216,25350,8894,8147
25360,8934,8228,25370,8976,8217
25380,8930,8202,25390,8990,8212
25400,9018,8149,25410,9064,8222
25420,9298,8203,25430,9334,8199
25440,9570,8216,25450,9635,8153
25460,9908,8212,25470,10132,8200
25480,10307,8192,25490,10572,8209
25500,10835,8164,25510,11125,8208
25520,11347,8204,25530,11514,8191
25540,11886,8223,25550,12147,8138
25560,12474,8191,25570,12712,8204
25580,12968,8194,25590,12876,8220
25600,13084,8152,25610,12879,8195
25620,13080,8209,25630,12871,8188
25640,13088,8204,25650,12874,8158
25660,13093,8184,25670,12872,8194
25680,13096,8196,25690,12881,8217
25700,13091,8153,25710,12857,8189
25720,13076,8206,25730,12877,8184
25740,13077,8220,25750,12873,8148
25760,13092,8203,25770,12880,8204
25780,13087,8195,25790,12877,8201
25800,13075,8154,25810,12858,8198
25820,13092,8209,25830,12880,8193
25840,13091,8224,25850,12867,8160
25860,13079,8191,25870,12877,8216
25880,13086,8196,25890,12876,8223
25900,13099,8150,25910,12873,8197
25920,13091,8208,25930,12866,8183
25940,13089,8210,25950,12868,8166
25960,13101,8202,25970,12884,8211
25980,13103,8202,25990,12867,8202
26000,13078,8155,26010,12863,8193
26020,13089,8210,26030,12869,8192
26040,13079,8205,26050,12864,8153
26060,13082,8195,26070,12876,8208
26080,13093,8195,26090,12874,8205
26100,13095,8142,26110,12825,8199
26120,13082,8201,26130,12861,8190
26140,13095,8209,26150,12863,8163
26160,13078,8202,26170,12861,8210
26180,13082,8196,26190,12869,8206
26200,13103,8160,26210,12880,8198
26220,13088,8210,26230,12872,8195
26240,13099,8218,26250,12879,8164
26260,13082,8200,26270,12879,8212
26280,13097,8192,26290,12863,8207
26300,13101,8163,26310,12885,8194
26320,13091,8212,26330,12876,8195
26340,13089,8226,26350,12880,8164
26360,13094,8197,26370,12864,8208
26380,13090,8206,26390,12876,8210
26400,13097,8174,26410,12861,8215
26420,13093,8211,26430,12867,8183
26440,13101,8217,26450,12881,8169
26460,13097,8212,26470,12876,8214
26480,13093,8207,26490,12878,8225
26500,13102,8171,26510,12872,8199
26520,13092,8213,26530,12853,8195
26540,13066,8207,26550,12839,8167
26560,13046,8191,26570,12826,8196
26580,13043,8203,26590,12815,8202
26600,13039,8172,26610,12814,8205
26620,13034,8214,26630,12837,8184
26640,13059,8212,26650,12856,8163
26660,13060,8212,26670,12875,8206
26680,13069,8187,26690,12869,8210
26700,13083,8166,26710,12696,8196
26720,13047,8212,26730,12857,8188
26740,13013,8216,26750,12866,8166
26760,13046,8203,26770,12870,8220
26780,13091,8183,26790,12876,8216
26800,13099,8172,26810,12881,8186
26820,13083,8209,26830,12870,8186
26840,13091,8212,26850,12882,8153
26860,13086,8196,26870,12865,8207
26880,13082,8188,26890,12867,8217
26900,13078,8170,26910,12861,8200
26920,13080,8218,26930,12865,8191
26940,13090,8227,26950,12873,8169
26960,13089,8194,26970,12874,8220
26980,13085,8191,26990,12873,8216
27000,13079,8154,27010,12743,8189
27020,13082,8214,27030,12885,8191
27040,13086,8205,27050,12873,8171
27060,13088,8198,27070,12868,8207
27080,13090,8206,27090,12865,8214
27100,13091,8163,27110,12873,8192
27120,13093,8206,27130,12882,8187
27140,13091,8225,27150,12861,8173
27160,13076,8197,27170,12868,8210
27180,13097,8195,27190,12865,8204
27200,13087,8159,27210,12863,8197
27220,13085,8214,27230,12865,8182
27240,13090,8222,27250,12869,8163
27260,13089,8196,27270,12866,8214
27280,13079,8180,27290,12854,8205
27300,13093,8162,27310,12867,8194
27320,13098,8204,27330,12871,8183
27340,13100,8218,27350,12868,8157
27360,13091,8187,27370,12866,8207
27380,13085,8185,27390,12854,8209
27400,12727,8168,27410,12329,8198
27420,12054,8215,27430,11711,8192
27440,11463,8217,27450,11081,8167
27460,10735,8202,27470,10484,8210
27480,10152,8189,27490,9900,8218
27500,9623,8173,27510,9220,8180
27520,9190,8220,27530,8995,8192
27540,8988,8217,27550,8933,8169
27560,8915,8194,27570,8962,8210
27580,8926,8201,27590,8971,8221
27600,9001,8174,27610,8932,8193
27620,9045,8218,27630,8932,8189
27640,8934,8217,27650,8907,8169
27660,8894,8193,27670,8975,8214
27680,8910,8188,27690,8970,8223
27700,9038,8159,27710,8944,8187
27720,9044,8226,27730,8919,8183
27740,8957,8221,27750,8927,8179
27760,8907,8205,27770,8966,8212
27780,8919,8188,27790,8966,8214
27800,9015,8176,27810,8923,8189
27820,9065,8222,27830,8920,8175
27840,8938,8220,27850,8930,8177
27860,8917,8205,27870,8964,8210
27880,8939,8180,27890,8964,8209
27900,9022,8155,27910,8948,8182
27920,9061,8221,27930,8935,8176
27940,8961,8226,27950,8914,8173
27960,8909,8195,27970,8986,8222
27980,8935,8186,27990,8980,8223
28000,9005,8168,28010,8955,8196
28020,9043,8211,28030,8927,8186
28040,8940,8218,28050,8910,8179
28060,8894,8192,28070,8973,8210
28080,8918,8188,28090,8955,8210
28100,9000,8188,28110,8921,8198
28120,9028,8214,28130,8919,8175
28140,8936,8224,28150,8920,8183
28160,8894,8203,28170,8969,8218
28180,8920,8195,28190,8980,8214
28200,9036,8193,28210,8941,8192
28220,9061,8221,28230,8911,8188
28240,8943,8223,28250,8917,8168
28260,8896,8189,28270,8972,8210
28280,8942,8183,28290,8968,8218
28300,9063,8186,28310,8949,8195
28320,9035,8218,28330,8927,8186
28340,8946,8217,28350,8939,8166
28360,8884,8190,28370,8973,8205
28380,8936,8183,28390,8985,8213
28400,9062,8183,28410,8943,8201
28420,9033,8214,28430,8884,8181
28440,8943,8220,28450,8962,8184
28460,8923,8202,28470,8985,8220
28480,8937,8185,28490,8981,8214
28500,9027,8189,28510,8960,8187
28520,9062,8226,28530,8938,8180
28540,8959,8215,28550,8957,8202
28560,8931,8202,28570,8991,8209
28580,8949,8188,28590,9006,8228
28600,9044,8198,28610,8957,8190
28620,9061,8218,28630,8945,8174
28640,8996,8242,28650,8940,8195
28660,8936,8200,28670,8999,8213
28680,8953,8192,28690,9057,8233
28700,9070,8205,28710,8953,8186
28720,9043,8217,28730,8942,8190
28740,8990,8233,28750,8983,8198
28760,8934,8192,28770,9010,8220
28780,8953,8193,28790,9038,8234
28800,9080,8205,28810,8986,8199
28820,9084,8223,28830,8973,8174
28840,9020,8228,28850,8982,8196
28860,8969,8207,28870,9045,8219
28880,9014,8172,28890,9063,8238
28900,9179,8202,28910,9028,8198
28920,9107,8222,28930,9022,8156
28940,9054,8244,28950,9046,8200
28960,8998,8197,28970,9059,8209
28980,8997,8171,28990,9089,8227
29000,9146,8196,29010,9032,8189
29020,9116,8208,29030,8973,8135
29040,9027,8226,29050,9025,8192
29060,8990,8195,29070,9054,8207
29080,8980,8160,29090,9082,8245
29100,9177,8198,29110,8994,8188
29120,9106,8221,29130,8947,8163
29140,9056,8233,29150,9038,8190
29160,9007,8209,29170,9058,8201
29180,8959,8156,29190,9080,8223
29200,9167,8195,29210,9044,8193
29220,9107,8213,29230,8949,8146
29240,9049,8230,29250,9042,8185
29260,8998,8207,29270,9056,8213
29280,8984,8156,29290,9084,8238
29300,9184,8182,29310,9057,8199
29320,9108,8208,29330,8966,8143
29340,9047,8236,29350,9047,8193
29360,8997,8210,29370,9065,8209
29380,8978,8149,29390,9082,8230
29400,9135,8195,29410,9023,8198
29420,9118,8219,29430,8950,8144
29440,9032,8230,29450,9009,8195
29460,8980,8192,29470,9049,8207
29480,8988,8153,29490,9054,8220
29500,9092,8211,29510,9002,8196
29520,9079,8220,29530,8935,8145
29540,8978,8232,29550,8983,8195
29560,8952,8207,29570,9014,8214
29580,8929,8151,29590,9031,8230
29600,9078,8191,29610,8988,8205
29620,9061,8214,29630,8902,8150
29640,8978,8232,29650,8980,8190
29660,8927,8211,29670,9002,8205
29680,8953,8164,29690,9025,8244
29700,9133,8210,29710,8978,8193
29720,9036,8226,29730,8902,8155
29740,8973,8229,29750,8960,8185
29760,8945,8197,29770,9016,8210
29780,8952,8150,29790,9039,8240
29800,9095,8198,29810,8976,8193
29820,9037,8217,29830,8903,8149
29840,8987,8224,29850,8989,8189
29860,8943,8197,29870,9008,8210
29880,8968,8158,29890,9042,8227
29900,9105,8192,29910,8978,8200
29920,9069,8221,29930,8911,8150
29940,8982,8215,29950,8998,8189
29960,8958,8196,29970,9014,8213
29980,8971,8152,29990,9020,8238
30000,9090,8204,30010,8971,8187
30020,9052,8225,30030,8929,8133
30040,8978,8243,30050,8987,8197
30060,8948,8199,30070,9013,8206
30080,9004,8146,30090,9028,8232
30100,9127,8195,30110,8982,8199
30120,9041,8208,30130,8905,8139
30140,8970,8235,30150,8963,8195
30160,8955,8189,30170,9021,8207
30180,8970,8143,30190,9016,8245
30200,9067,8207,30210,8982,8189
30220,9044,8220,30230,8914,8148
30240,8990,8227,30250,8984,8191
30260,8946,8195,30270,9010,8212
30280,8994,8141,30290,9035,8224
30300,9085,8201,30310,8972,8188
30320,9041,8205,30330,8928,8141
30340,8988,8238,30350,9025,8197
30360,8938,8194,30370,8999,8219
30380,8980,8146,30390,9038,8236
30400,9132,8195,30410,8988,8192
30420,9051,8217,30430,8917,8142
30440,8966,8234,30450,8992,8198
30460,8951,8192,30470,9015,8205
30480,8992,8137,30490,9037,8211
30500,9088,8201,30510,8988,8188
30520,9048,8220,30530,8937,8153
30540,8981,8227,30550,8989,8204
30560,8955,8195,30570,9010,8203
30580,8958,8158,30590,9032,8221
30600,9067,8202,30610,8970,8185
30620,9029,8221,30630,8907,8142
30640,8929,8199,30650,8996,8203
30660,8943,8194,30670,8999,8212
30680,9025,8149,30690,8995,8197
30700,9109,8188,30710,8984,8200
30720,9050,8215,30730,8921,8152
30740,8953,8197,30750,8975,8203
30760,8957,8201,30770,9011,8212
30780,8987,8138,30790,9023,8194
30800,9107,8205,30810,8988,8198
30820,9038,8214,30830,8899,8148
30840,8962,8222,30850,8987,8207
30860,8910,8186,30870,8907,8204
30880,8637,8161,30890,8541,8194
30900,8595,8205,30910,8521,8188
30920,8561,8234,30930,8424,8152
30940,8425,8189,30950,8514,8199
30960,8473,8196,30970,8529,8197
30980,8587,8163,30990,8516,8189
31000,8602,8199,31010,8489,8193
31020,8579,8211,31030,8463,8151
31040,8465,8215,31050,8537,8195
31060,8488,8193,31070,8551,8208
31080,8573,8167,31090,8531,8211
31100,8651,8208,31110,8497,8193
31120,8574,8207,31130,8431,8146
31140,8453,8200,31150,8546,8198
31160,8483,8195,31170,8528,8205
31180,8539,8165