LED1 Timestamp (ms),LED1_PD1,LED1_PD2,LED2 Timestamp (ms),LED2_PD1,LED2_PD2
78000,1949,-41,78010,1330,-29
78020,1846,-33,78030,1300,-26
78040,1961,-28,78050,1362,-36
78060,1906,-31,78070,1271,-30
78080,1893,-35,78090,1366,-29
78100,1945,-28,78110,1325,-31
78120,1858,-30,78130,1330,-34
78140,1957,-37,78150,1367,-34
78160,1901,-30,78170,1298,-33
78180,1881,-32,78190,1363,-32
78200,1939,-25,78210,1318,-31
78220,1842,-28,78230,1316,-32
78240,1966,-35,78250,1364,-32
78260,1897,-32,78270,1280,-30
78280,1911,-31,78290,1366,-30
78300,1937,-28,78310,1299,-23
78320,1852,-36,78330,1323,-20
78340,1960,-25,78350,1363,-29
78360,1892,-29,78370,1283,-29
78380,1911,-21,78390,1372,-18
78400,1943,-25,78410,1303,-37
78420,1855,-34,78430,1301,-36
78440,1949,-30,78450,1349,-20
78460,1893,-29,78470,1279,-28
78480,1906,-35,78490,1371,-37
78500,1934,-28,78510,1308,-25
78520,1850,-20,78530,1324,-31
78540,1948,-39,78550,1359,-35
78560,1897,-25,78570,1269,-28
78580,1905,-31,78590,1390,-16
78600,1925,-32,78610,1310,-19
78620,1857,-33,78630,1324,-18
78640,1964,-41,78650,1346,-24
78660,1888,-23,78670,1268,-25
78680,1908,-29,78690,1373,-32
78700,1920,-31,78710,1300,-22
78720,1838,-30,78730,1334,-24
78740,1973,-30,78750,1348,-31
78760,1885,-30,78770,1284,-29
78780,1904,-31,78790,1372,-26
78800,1925,-29,78810,1301,-30
78820,1855,-20,78830,1342,-30
78840,1972,-28,78850,1345,-27
78860,1888,-26,78870,1281,-33
78880,1933,-31,78890,1370,-31
78900,1926,-27,78910,1314,-27
78920,1871,-27,78930,1323,-41
78940,1953,-31,78950,1337,-27
78960,1878,-26,78970,1272,-36
78980,1930,-29,78990,1372,-27
79000,1941,-31,79010,1271,-21
79020,1856,-32,79030,1341,-30
79040,1961,-30,79050,1337,-30
79060,1873,-26,79070,1285,-37
79080,1943,-23,79090,1381,-28
79100,1918,-32,79110,1299,-30
79120,1860,-26,79130,1336,-19
79140,1935,-26,79150,1342,-30
79160,1875,-26,79170,1283,-36
79180,1927,-36,79190,1365,-33
79200,1918,-33,79210,1291,-35
79220,1871,-38,79230,1352,-26
79240,1957,-30,79250,1345,-29
79260,1890,-29,79270,1299,-37
79280,1929,-30,79290,1384,-23
79300,1910,-32,79310,1300,-32
79320,1869,-38,79330,1350,-16
79340,1956,-34,79350,1355,-34
79360,1882,-23,79370,1286,-23
79380,1942,-28,79390,1386,-37
79400,1915,-27,79410,1300,-29
79420,1874,-32,79430,1337,-25
79440,1964,-38,79450,1343,-27
79460,1887,-38,79470,1317,-33
79480,1946,-29,79490,1384,-33
79500,1924,-29,79510,1298,-28
79520,1879,-36,79530,1355,-26
79540,1956,-19,79550,1330,-26
79560,1886,-29,79570,1291,-32
79580,1946,-29,79590,1382,-34
79600,1921,-38,79610,1293,-25
79620,1886,-31,79630,1361,-25
79640,1957,-33,79650,1327,-33
79660,1875,-25,79670,1298,-31
79680,1958,-35,79690,1372,-20
79700,1926,-19,79710,1295,-33
79720,1858,-36,79730,1370,-31
79740,1957,-25,79750,1330,-30
79760,1887,-32,79770,1308,-30
79780,1940,-28,79790,1374,-35
79800,1922,-34,79810,1282,-23
79820,1881,-27,79830,1368,-36
79840,1960,-31,79850,1331,-33
79860,1852,-31,79870,1303,-31
79880,1952,-27,79890,1374,-35
79900,1919,-37,79910,1292,-36
79920,1870,-25,79930,1369,-32
79940,1938,-31,79950,1327,-35
79960,1866,-23,79970,1309,-30
79980,1968,-31,79990,1351,-27
80000,1917,-32,80010,1278,-25
80020,1891,-31,80030,1373,-28
80040,1947,-26,80050,1343,-27
80060,1858,-34,80070,1317,-28
80080,1957,-31,80090,1376,-15
80100,1909,-31,80110,1287,-27
80120,1879,-25,80130,1366,-37
80140,1947,-23,80150,1340,-33
80160,1870,-34,80170,1319,-35
80180,1960,-29,80190,1377,-30
80200,1907,-25,80210,1292,-31
80220,1901,-32,80230,1367,-25
80240,1950,-44,80250,1325,-16
80260,1857,-33,80270,1344,-29
80280,1961,-35,80290,1364,-25
80300,1914,-42,80310,1285,-31
80320,1908,-28,80330,1382,-32
80340,1956,-28,80350,1323,-20
80360,1865,-40,80370,1320,-28
80380,1964,-32,80390,1376,-36
80400,1912,-27,80410,1284,-35
80420,1918,-33,80430,1388,-31
80440,1939,-36,80450,1321,-26
80460,1856,-37,80470,1326,-33
80480,1962,-33,80490,1365,-32
80500,1910,-27,80510,1285,-24
80520,1903,-30,80530,1380,-34
80540,1948,-24,80550,1314,-34
80560,1897,-30,80570,1337,-32
80580,1961,-28,80590,1360,-23
80600,1914,-19,80610,1280,-32
80620,1902,-27,80630,1383,-33
80640,1939,-30,80650,1318,-23
80660,1868,-24,80670,1341,-24
80680,1967,-38,80690,1388,-33
80700,1904,-28,80710,1276,-29
80720,1916,-32,80730,1372,-30
80740,1942,-26,80750,1328,-26
80760,1856,-31,80770,1336,-33
80780,1967,-27,80790,1352,-30
80800,1898,-36,80810,1277,-31
80820,1910,-38,80830,1377,-19
80840,1929,-29,80850,1339,-24
80860,1868,-22,80870,1338,-26
80880,1973,-28,80890,1355,-30
80900,1889,-23,80910,1275,-31
80920,1917,-23,80930,1386,-34
80940,1946,-32,80950,1307,-22
80960,1863,-29,80970,1343,-28
80980,1999,-33,80990,1358,-40
81000,1899,-27,81010,1286,-30
81020,1932,-37,81030,1388,-30
81040,1941,-26,81050,1309,-34
81060,1874,-29,81070,1341,-31
81080,1957,-26,81090,1365,-34
81100,1889,-30,81110,1276,-28
81120,1938,-24,81130,1384,-34
81140,1955,-33,81150,1311,-22
81160,1879,-25,81170,1366,-26
81180,1975,-32,81190,1361,-23
81200,1900,-21,81210,1283,-34
81220,1931,-27,81230,1388,-30
81240,1952,-31,81250,1301,-19
81260,1870,-33,81270,1381,-29
81280,1978,-21,81290,1351,-26
81300,1886,-35,81310,1286,-30
81320,1951,-29,81330,1377,-23
81340,1928,-37,81350,1307,-34
81360,1855,-34,81370,1357,-28
81380,1959,-34,81390,1366,-32
81400,1896,-33,81410,1308,-30
81420,1948,-32,81430,1386,-31
81440,1914,-34,81450,1303,-32
81460,1872,-29,81470,1343,-25
81480,1964,-32,81490,1344,-35
81500,1879,-33,81510,1297,-37
81520,1952,-37,81530,1369,-36
81540,1933,-33,81550,1296,-26
81560,1896,-33,81570,1358,-34
81580,1969,-35,81590,1338,-31
81600,1876,-29,81610,1291,-27
81620,1943,-39,81630,1376,-26
81640,1925,-24,81650,1304,-32
81660,1891,-31,81670,1365,-44
81680,1960,-33,81690,1345,-34
81700,1883,-31,81710,1287,-24
81720,1947,-27,81730,1375,-28
81740,1919,-33,81750,1291,-28
81760,1879,-32,81770,1366,-35
81780,1953,-29,81790,1339,-31
81800,1879,-24,81810,1296,-22
81820,1913,-23,81830,1370,-34
81840,1911,-30,81850,1300,-35
81860,1894,-23,81870,1362,-33
81880,1964,-37,81890,1350,-31
81900,1864,-39,81910,1296,-34
81920,1947,-32,81930,1369,-37
81940,1919,-35,81950,1289,-30
81960,1883,-37,81970,1357,-31
81980,1964,-30,81990,1342,-23
82000,1870,-31,82010,1307,-30
82020,1950,-25,82030,1382,-24
82040,1910,-34,82050,1294,-28
82060,1882,-21,82070,1360,-33
82080,1945,-29,82090,1340,-22
82100,1870,-32,82110,1283,-24
82120,1954,-28,82130,1385,-33
82140,1923,-31,82150,1294,-23
82160,1904,-28,82170,1372,-27
82180,1946,-28,82190,1344,-34
82200,1873,-37,82210,1307,-31
82220,1960,-37,82230,1368,-40
82240,1884,-25,82250,1295,-34
82260,1881,-31,82270,1365,-29
82280,1956,-21,82290,1339,-26
82300,1866,-29,82310,1313,-24
82320,1955,-29,82330,1371,-25
82340,1924,-31,82350,1283,-33
82360,1888,-26,82370,1373,-30
82380,1968,-17,82390,1341,-23
82400,1847,-29,82410,1321,-24
82420,1967,-31,82430,1377,-32
82440,1922,-19,82450,1285,-26
82460,1889,-28,82470,1386,-22
82480,1947,-39,82490,1319,-32
82500,1875,-27,82510,1314,-29
82520,1957,-31,82530,1342,-33
82540,1921,-27,82550,1285,-21
82560,1905,-31,82570,1381,-27
82580,1957,-38,82590,1336,-35
82600,1861,-29,82610,1330,-32
82620,1963,-18,82630,1371,-33
82640,1898,-35,82650,1272,-33
82660,1903,-28,82670,1390,-17
82680,1946,-34,82690,1310,-33
82700,1861,-26,82710,1334,-29
82720,1959,-29,82730,1373,-29
82740,1902,-31,82750,1287,-29
82760,1923,-30,82770,1399,-36
82780,1951,-29,82790,1325,-28
82800,1884,-28,82810,1322,-26
82820,1957,-13,82830,1373,-30
82840,1912,-24,82850,1282,-27
82860,1921,-32,82870,1397,-27
82880,1958,-34,82890,1332,-26
82900,1865,-23,82910,1341,-28
82920,1985,-22,82930,1371,-34
82940,1897,-27,82950,1281,-32
82960,1932,-29,82970,1395,-31
82980,1950,-25,82990,1338,-22
89000,1961,-40,89010,1342,-27
89020,1877,-31,89030,1286,-24
89040,1940,-38,89050,1380,-33
89060,1920,-37,89070,1298,-22
89080,1883,-21,89090,1348,-32
89100,1952,-31,89110,1337,-31
89120,1873,-21,89130,1300,-24
89140,1960,-25,89150,1382,-29
89160,1916,-27,89170,1303,-19
89180,1879,-20,89190,1363,-33
89200,1949,-36,89210,1333,-28
89220,1856,-38,89230,1292,-30
89240,1949,-26,89250,1381,-24
89260,1923,-30,89270,1305,-22
89280,1888,-30,89290,1358,-39
89300,1967,-27,89310,1333,-19
89320,1873,-29,89330,1303,-24
89340,1931,-37,89350,1369,-34
89360,1916,-30,89370,1292,-25
89380,1864,-34,89390,1367,-31
89400,1969,-30,89410,1350,-32
89420,1866,-29,89430,1312,-28
89440,1949,-32,89450,1371,-34
89460,1912,-31,89470,1289,-26
89480,1879,-35,89490,1364,-28
89500,1963,-28,89510,1314,-40
89520,1874,-33,89530,1297,-40
89540,1955,-33,89550,1365,-36
89560,1925,-33,89570,1291,-35
89580,1874,-25,89590,1371,-20
89600,1955,-30,89610,1331,-29
89620,1877,-24,89630,1303,-28
89640,1960,-38,89650,1373,-29
89660,1917,-32,89670,1262,-31
89680,1907,-27,89690,1363,-34
89700,1941,-24,89710,1344,-20
89720,1866,-35,89730,1308,-33
89740,1943,-28,89750,1370,-29
89760,1920,-31,89770,1291,-32
89780,1888,-20,89790,1378,-32
89800,1922,-37,89810,1329,-29
89820,1854,-29,89830,1319,-32
89840,1956,-24,89850,1377,-33
89860,1926,-35,89870,1301,-23
89880,1901,-28,89890,1388,-23
89900,1948,-26,89910,1325,-35
89920,1871,-29,89930,1317,-30
89940,1961,-28,89950,1370,-23
89960,1922,-21,89970,1286,-28
89980,1901,-30,89990,1387,-29
90000,1957,-17,90010,1343,-26
90020,1884,-32,90030,1334,-25
90040,1967,-27,90050,1357,-36
90060,1924,-31,90070,1293,-27
90080,1909,-41,90090,1351,-29
90100,1961,-30,90110,1322,-19
90120,1865,-34,90130,1316,-37
90140,1963,-37,90150,1373,-35
90160,1908,-29,90170,1292,-35
90180,1909,-33,90190,1386,-31
90200,1965,-35,90210,1330,-26
90220,1879,-28,90230,1333,-29
90240,1969,-31,90250,1362,-25
90260,1924,-24,90270,1276,-27
90280,1924,-33,90290,1374,-25
90300,1955,-34,90310,1329,-24
90320,1868,-15,90330,1343,-28
90340,1973,-26,90350,1372,-22
90360,1913,-22,90370,1298,-33
90380,1902,-15,90390,1383,-30
90400,1950,-27,90410,1331,-22
90420,1857,-25,90430,1341,-22
90440,1968,-27,90450,1361,-22
90460,1903,-32,90470,1281,-36
90480,1918,-35,90490,1386,-29
90500,1960,-25,90510,1320,-28
90520,1888,-20,90530,1341,-26
90540,1962,-34,90550,1367,-30
90560,1908,-31,90570,1297,-32
90580,1916,-30,90590,1393,-33
90600,1952,-29,90610,1330,-28
90620,1867,-29,90630,1353,-33
90640,1961,-25,90650,1380,-30
90660,1917,-21,90670,1257,-18
90680,1932,-23,90690,1392,-17
90700,1958,-28,90710,1323,-36
90720,1870,-38,90730,1341,-23
90740,1980,-34,90750,1369,-27
90760,1900,-34,90770,1294,-31
90780,1925,-33,90790,1391,-19
90800,1948,-27,90810,1330,-34
90820,1873,-31,90830,1346,-21
90840,1973,-26,90850,1381,-35
90860,1921,-32,90870,1303,-35
90880,1939,-36,90890,1383,-27
90900,1939,-26,90910,1317,-31
90920,1872,-27,90930,1351,-29
90940,1968,-23,90950,1365,-19
90960,1893,-26,90970,1288,-24
90980,1947,-21,90990,1398,-34
91000,1959,-31,91010,1333,-32
91020,1882,-28,91030,1350,-31
91040,1973,-29,91050,1370,-24
91060,1912,-35,91070,1308,-24
91080,1950,-30,91090,1406,-34
91100,1957,-33,91110,1336,-38
91120,1877,-33,91130,1372,-24
91140,1981,-13,91150,1382,-29
91160,1907,-32,91170,1290,-28
91180,1946,-27,91190,1412,-23
91200,1974,-33,91210,1338,-25
91220,1910,-34,91230,1380,-20
91240,2000,-31,91250,1355,-31
91260,1922,-29,91270,1304,-26
91280,1966,-29,91290,1421,-25
91300,1963,-32,91310,1342,-35
91320,1886,-24,91330,1389,-30
91340,2004,-30,91350,1382,-31
91360,1930,-26,91370,1319,-33
91380,1980,-19,91390,1401,-31
91400,1968,-32,91410,1350,-34
91420,1904,-17,91430,1398,-32
91440,1992,-42,91450,1402,-28
91460,1930,-31,91470,1331,-37
91480,1982,-31,91490,1413,-30
91500,1979,-31,91510,1361,-29
91520,1910,-35,91530,1393,-22
91540,2005,-32,91550,1393,-24
91560,1923,-31,91570,1336,-34
91580,1987,-25,91590,1416,-30
91600,1985,-30,91610,1343,-31
91620,1917,-29,91630,1401,-26
91640,2003,-28,91650,1374,-27
91660,1909,-28,91670,1325,-32
91680,1970,-32,91690,1427,-28
91700,1969,-31,91710,1343,-30
91720,1919,-32,91730,1407,-26
91740,1999,-33,91750,1379,-35
91760,1910,-27,91770,1337,-31
91780,1977,-24,91790,1414,-33
91800,1992,-35,91810,1340,-30
91820,1915,-22,91830,1405,-18
91840,2010,-28,91850,1392,-24
91860,1912,-24,91870,1338,-21
91880,1988,-18,91890,1416,-29
91900,1964,-39,91910,1333,-23
91920,1921,-24,91930,1438,-26
91940,2005,-28,91950,1376,-23
91960,1915,-22,91970,1348,-37
91980,1979,-36,91990,1413,-30
92000,1968,-30,92010,1330,-25
92020,1921,-30,92030,1404,-21
92040,1990,-24,92050,1377,-29
92060,1923,-30,92070,1332,-33
92080,1998,-29,92090,1429,-38
92100,1962,-23,92110,1345,-34
92120,1909,-25,92130,1386,-26
92140,1999,-36,92150,1387,-19
92160,1917,-35,92170,1339,-41
92180,1993,-33,92190,1407,-35
92200,1958,-25,92210,1340,-36
92220,1952,-32,92230,1407,-27
92240,2003,-29,92250,1392,-30
92260,1918,-35,92270,1349,-29
92280,1985,-31,92290,1422,-29
92300,1962,-30,92310,1339,-27
92320,1927,-31,92330,1411,-22
92340,1993,-27,92350,1388,-19
92360,1919,-35,92370,1345,-25
92380,1995,-33,92390,1417,-38
92400,1956,-22,92410,1342,-34
92420,1930,-31,92430,1415,-28
92440,2004,-31,92450,1384,-38
92460,1913,-29,92470,1367,-30
92480,1999,-34,92490,1417,-30
92500,1962,-30,92510,1353,-36
92520,1931,-37,92530,1418,-32
92540,1988,-31,92550,1383,-31
92560,1915,-25,92570,1349,-34
92580,1993,-37,92590,1418,-30
92600,1973,-23,92610,1345,-27
92620,1943,-28,92630,1424,-38
92640,2021,-30,92650,1390,-21
92660,1928,-21,92670,1360,-28
92680,2008,-27,92690,1434,-31
92700,1971,-29,92710,1352,-29
92720,1941,-21,92730,1433,-38
92740,2000,-28,92750,1385,-28
92760,1914,-24,92770,1341,-38
92780,2014,-23,92790,1434,-30
92800,1982,-23,92810,1339,-28
92820,1949,-29,92830,1420,-23
92840,2003,-27,92850,1387,-30
92860,1906,-33,92870,1363,-21
92880,2026,-28,92890,1412,-20
92900,1963,-35,92910,1338,-30
92920,1968,-28,92930,1430,-23
92940,1991,-27,92950,1396,-31
92960,1933,-27,92970,1372,-29
92980,2018,-28,92990,1423,-38
93000,1968,-33,93010,1336,-31
93020,1962,-28,93030,1433,-29
93040,2007,-32,93050,1385,-37
93060,1887,-35,93070,1363,-25
93080,2014,-33,93090,1435,-29
93100,1963,-29,93110,1331,-28
93120,1950,-22,93130,1437,-22
93140,2020,-22,93150,1387,-30
93160,1922,-26,93170,1388,-35
93180,2025,-29,93190,1396,-30
93200,1963,-22,93210,1326,-26
93220,1951,-26,93230,1433,-38
93240,2014,-33,93250,1367,-17
93260,1918,-25,93270,1369,-25
93280,2018,-36,93290,1425,-19
93300,1957,-26,93310,1345,-23
93320,1967,-24,93330,1438,-26
93340,2008,-19,93350,1367,-27
93360,1915,-19,93370,1373,-33
93380,2020,-30,93390,1422,-24
93400,1964,-12,93410,1343,-35
93420,1968,-28,93430,1441,-34
93440,1997,-38,93450,1367,-29
93460,1910,-32,93470,1384,-29
93480,1984,-25,93490,1415,-30
93500,1965,-27,93510,1327,-30
93520,1952,-23,93530,1429,-34
93540,1989,-21,93550,1372,-33
93560,1917,-28,93570,1379,-31
93580,2019,-32,93590,1407,-28
93600,1951,-43,93610,1344,-15
93620,1976,-24,93630,1439,-26
93640,1998,-21,93650,1371,-28
93660,1916,-29,93670,1380,-20
93680,2025,-41,93690,1413,-21
93700,1957,-28,93710,1326,-29
93720,1973,-36,93730,1452,-31
93740,1995,-30,93750,1358,-29
93760,1913,-27,93770,1363,-31
93780,2022,-35,93790,1412,-36
93800,1962,-32,93810,1325,-30
93820,1965,-29,93830,1432,-22
93840,2015,-31,93850,1353,-25
93860,1919,-22,93870,1393,-28
93880,2011,-29,93890,1401,-27
93900,1937,-33,93910,1339,-36
93920,1977,-21,93930,1433,-29
93940,1998,-34,93950,1384,-25
93960,1918,-26,93970,1395,-31
93980,2018,-27,93990,1399,-30
94000,1956,-17,94010,1322,-32
94020,1983,-24,94030,1452,-23
94040,1999,-21,94050,1373,-36
94060,1900,-25,94070,1391,-22
94080,2019,-32,94090,1408,-26
94100,1949,-24,94110,1346,-31
94120,1984,-25,94130,1440,-30
94140,1985,-29,94150,1369,-26
94160,1912,-26,94170,1412,-26
94180,2027,-28,94190,1422,-22
94200,1935,-34,94210,1335,-23
94220,1975,-27,94230,1441,-26
94240,1990,-38,94250,1357,-31
94260,1910,-26,94270,1411,-28
94280,2024,-27,94290,1411,-32
94300,1949,-27,94310,1320,-39
94320,2013,-33,94330,1443,-34
94340,1978,-23,94350,1363,-30
94360,1929,-26,94370,1401,-27
94380,2016,-30,94390,1410,-34
94400,1948,-32,94410,1349,-30
94420,1983,-23,94430,1443,-24
94440,2005,-31,94450,1361,-27
94460,1918,-25,94470,1413,-36
94480,2022,-31,94490,1423,-20
102500,2004,-21,102510,1420,-25
102520,1969,-28,102530,1345,-30
102540,1938,-18,102550,1414,-32
102560,1986,-27,102570,1394,-30
102580,1930,-21,102590,1361,-29
102600,1996,-32,102610,1424,-31
102620,1962,-26,102630,1340,-32
102640,1933,-33,102650,1421,-31
102660,1995,-24,102670,1398,-34
102680,1927,-24,102690,1344,-25
102700,2006,-31,102710,1419,-34
102720,1963,-34,102730,1344,-34
102740,1936,-26,102750,1417,-17
102760,2012,-26,102770,1392,-33
102780,1927,-30,102790,1350,-34
102800,2008,-23,102810,1433,-26
102820,1986,-30,102830,1342,-21
102840,1947,-35,102850,1404,-19
102860,2013,-34,102870,1383,-24
102880,1945,-23,102890,1374,-40
102900,2016,-25,102910,1437,-27
102920,1966,-31,102930,1335,-31
102940,1936,-33,102950,1435,-22
102960,2012,-24,102970,1379,-31
102980,1892,-29,102990,1355,-34
103000,2003,-25,103010,1431,-30
103020,1967,-33,103030,1339,-28
103040,1947,-27,103050,1434,-20
103060,2012,-26,103070,1381,-29
103080,1917,-27,103090,1366,-26
103100,2003,-29,103110,1411,-21
103120,1952,-23,103130,1325,-31
103140,1940,-18,103150,1422,-25
103160,2003,-28,103170,1375,-35
103180,1905,-32,103190,1361,-29
103200,2006,-31,103210,1417,-27
103220,1963,-24,103230,1328,-30
103240,1936,-23,103250,1430,-28
103260,2003,-31,103270,1352,-29
103280,1909,-33,103290,1371,-27
103300,2005,-28,103310,1408,-25
103320,1964,-27,103330,1322,-24
103340,1935,-21,103350,1421,-33
103360,1984,-23,103370,1388,-26
103380,1916,-30,103390,1367,-12
103400,2004,-38,103410,1408,-23
103420,1956,-31,103430,1319,-31
103440,1928,-31,103450,1420,-25
103460,1980,-24,103470,1377,-27
103480,1903,-33,103490,1344,-33
103500,2001,-33,103510,1404,-19
103520,1956,-31,103530,1339,-29
103540,1945,-32,103550,1417,-29
103560,1976,-33,103570,1378,-31
103580,1911,-36,103590,1352,-18
103600,1994,-36,103610,1414,-34
103620,1939,-33,103630,1326,-38
103640,1945,-30,103650,1429,-27
103660,1994,-34,103670,1354,-27
103680,1901,-24,103690,1366,-17
103700,2017,-30,103710,1421,-28
103720,1949,-37,103730,1319,-29
103740,1945,-22,103750,1408,-35
103760,1974,-24,103770,1359,-25
103780,1885,-32,103790,1358,-19
103800,2004,-20,103810,1388,-23
103820,1970,-20,103830,1313,-28
103840,1941,-24,103850,1401,-32
103860,1975,-25,103870,1363,-26
103880,1909,-19,103890,1365,-31
103900,2002,-21,103910,1395,-28
103920,1934,-33,103930,1314,-21
103940,1922,-31,103950,1426,-29
103960,1984,-32,103970,1349,-29
103980,1894,-24,103990,1366,-29
104000,1979,-24,104010,1394,-28
104020,1935,-27,104030,1293,-30
104040,1943,-29,104050,1403,-20
104060,1970,-24,104070,1347,-26
104080,1880,-33,104090,1356,-21
104100,1973,-26,104110,1414,-21
104120,1924,-23,104130,1308,-34
104140,1945,-28,104150,1405,-23
104160,1970,-22,104170,1342,-22
104180,1894,-33,104190,1349,-22
104200,1996,-25,104210,1389,-19
104220,1923,-26,104230,1313,-17
104240,1963,-23,104250,1421,-22
104260,1972,-32,104270,1354,-28
104280,1889,-30,104290,1355,-18
104300,2004,-24,104310,1383,-28
104320,1920,-27,104330,1307,-30
104340,1941,-27,104350,1395,-35
104360,1971,-24,104370,1347,-22
104380,1893,-34,104390,1360,-31
104400,1990,-35,104410,1387,-31
104420,1924,-29,104430,1296,-19
104440,1940,-23,104450,1407,-33
104460,1950,-30,104470,1336,-26
104480,1892,-29,104490,1356,-20
104500,1992,-31,104510,1389,-24
104520,1915,-13,104530,1323,-23
104540,1950,-28,104550,1409,-24
104560,1956,-30,104570,1331,-24
104580,1876,-39,104590,1352,-33
104600,1989,-33,104610,1386,-31
104620,1909,-22,104630,1298,-24
104640,1950,-28,104650,1412,-33
104660,1968,-31,104670,1340,-19
104680,1878,-27,104690,1391,-34
104700,1977,-26,104710,1378,-20
104720,1921,-29,104730,1297,-28
104740,1956,-24,104750,1412,-29
104760,1952,-21,104770,1333,-24
104780,1884,-23,104790,1351,-30
104800,1986,-23,104810,1373,-30
104820,1935,-25,104830,1295,-17
104840,1942,-22,104850,1395,-34
104860,1960,-29,104870,1340,-35
104880,1895,-35,104890,1365,-25
104900,1973,-27,104910,1389,-27
104920,1914,-29,104930,1305,-25
104940,1941,-24,104950,1387,-24
104960,1957,-28,104970,1338,-20
104980,1891,-24,104990,1352,-39
105000,1992,-29,105010,1364,-23
105020,1911,-29,105030,1304,-27
105040,1946,-26,105050,1401,-33
105060,1956,-28,105070,1337,-26
105080,1865,-24,105090,1365,-34
105100,1971,-34,105110,1381,-31
105120,1913,-29,105130,1304,-22
105140,1958,-37,105150,1405,-18
105160,1957,-28,105170,1323,-28
105180,1887,-25,105190,1367,-22
105200,1981,-24,105210,1356,-31
105220,1914,-29,105230,1317,-29
105240,1949,-28,105250,1407,-27
105260,1952,-27,105270,1319,-31
105280,1892,-27,105290,1381,-34
105300,1980,-36,105310,1380,-22
105320,1910,-25,105330,1305,-26
105340,1947,-38,105350,1419,-36
105360,1956,-21,105370,1301,-26
105380,1877,-23,105390,1370,-31
105400,1989,-30,105410,1359,-28
105420,1895,-31,105430,1299,-27
105440,1959,-31,105450,1393,-39
105460,1943,-30,105470,1315,-36
105480,1901,-36,105490,1371,-27
105500,1961,-33,105510,1389,-17
105520,1904,-26,105530,1304,-31
105540,1956,-23,105550,1404,-30
105560,1947,-29,105570,1314,-29
105580,1877,-31,105590,1381,-31
105600,1980,-18,105610,1378,-35
105620,1915,-26,105630,1300,-36
105640,1961,-19,105650,1405,-38
105660,1926,-39,105670,1327,-18
105680,1891,-35,105690,1373,-31
105700,1979,-22,105710,1370,-28
105720,1894,-41,105730,1310,-36
105740,1966,-35,105750,1400,-33
105760,1942,-24,105770,1317,-29
105780,1896,-30,105790,1350,-33
105800,1958,-39,105810,1374,-26
105820,1890,-36,105830,1315,-21
105840,1964,-36,105850,1395,-21
105860,1945,-43,105870,1317,-32
105880,1893,-29,105890,1371,-27
105900,1965,-28,105910,1344,-22
105920,1891,-31,105930,1302,-41
105940,1941,-30,105950,1385,-33
105960,1936,-29,105970,1311,-24
105980,1886,-23,105990,1375,-38
106000,1972,-30,106010,1352,-30
106020,1900,-27,106030,1295,-22
106040,1954,-33,106050,1394,-34
106060,1932,-32,106070,1299,-26
106080,1866,-32,106090,1365,-21
106100,1959,-27,106110,1362,-29
106120,1894,-35,106130,1311,-33
106140,1959,-25,106150,1378,-30
106160,1933,-26,106170,1312,-34
106180,1894,-19,106190,1371,-22
106200,1976,-32,106210,1350,-33
106220,1896,-21,106230,1310,-27
106240,1945,-27,106250,1387,-30
106260,1935,-30,106270,1311,-32
106280,1873,-33,106290,1372,-32
106300,1981,-33,106310,1347,-29
106320,1888,-34,106330,1295,-33
106340,1997,-27,106350,1383,-17
106360,1922,-26,106370,1295,-26
106380,1900,-24,106390,1366,-27
106400,1959,-30,106410,1353,-24
106420,1895,-31,106430,1300,-29
106440,1951,-30,106450,1391,-32
106460,1951,-26,106470,1318,-34
106480,1884,-28,106490,1376,-32
106500,1967,-26,106510,1334,-30
106520,1887,-23,106530,1320,-35
106540,1948,-24,106550,1389,-24
106560,1929,-30,106570,1293,-30
106580,1898,-18,106590,1372,-30
106600,1966,-27,106610,1333,-32
106620,1882,-25,106630,1332,-36
106640,1960,-31,106650,1375,-22
106660,1914,-27,106670,1299,-34
106680,1890,-26,106690,1371,-27
106700,1945,-26,106710,1353,-28
106720,1884,-17,106730,1309,-21
106740,1962,-25,106750,1382,-28
106760,1956,-34,106770,1285,-29
106780,1887,-26,106790,1369,-28
106800,1965,-33,106810,1340,-19
106820,1884,-24,106830,1313,-32
106840,1961,-18,106850,1384,-20
106860,1931,-26,106870,1300,-21
106880,1904,-34,106890,1378,-21
106900,1978,-31,106910,1350,-29
106920,1895,-28,106930,1305,-36
106940,1965,-34,106950,1387,-35
106960,1921,-35,106970,1286,-25
106980,1882,-23,106990,1386,-30
107000,1957,-31,107010,1352,-34
107020,1889,-21,107030,1304,-22
107040,1950,-12,107050,1402,-24
107060,1928,-23,107070,1299,-19
107080,1901,-39,107090,1385,-17
107100,1955,-25,107110,1351,-31
107120,1875,-41,107130,1314,-37
107140,1953,-24,107150,1389,-25
107160,1927,-18,107170,1294,-22
107180,1897,-20,107190,1372,-28
107200,1976,-35,107210,1367,-20
107220,1879,-31,107230,1319,-23
107240,1951,-22,107250,1378,-23
107260,1942,-34,107270,1287,-19
107280,1900,-32,107290,1380,-26
107300,1965,-31,107310,1338,-31
107320,1870,-28,107330,1318,-24
107340,1992,-26,107350,1368,-31
107360,1916,-8,107370,1291,-33
107380,1893,-37,107390,1385,-32
107400,1973,-30,107410,1339,-31
107420,1882,-25,107430,1332,-32
107440,1976,-23,107450,1382,-30
107460,1932,-27,107470,1302,-29
107480,1892,-32,107490,1376,-30
115500,1895,-25,115510,1286,-38
115520,1942,-27,115530,1387,-33
115540,1926,-30,115550,1312,-30
115560,1886,-30,115570,1371,-33
115580,1969,-30,115590,1371,-26
115600,1903,-36,115610,1301,-22
115620,1957,-33,115630,1399,-28
115640,1970,-31,115650,1322,-18
115660,1879,-30,115670,1380,-34
115680,1980,-30,115690,1365,-31
115700,1909,-28,115710,1324,-23
115720,1944,-31,115730,1416,-34
115740,1954,-28,115750,1310,-25
115760,1897,-27,115770,1396,-30
115780,1987,-23,115790,1363,-33
115800,1913,-35,115810,1321,-14
115820,1964,-25,115830,1414,-21
115840,1970,-31,115850,1321,-22
115860,1916,-25,115870,1394,-29
115880,1980,-27,115890,1393,-26
115900,1923,-16,115910,1335,-24
115920,1977,-29,115930,1432,-31
115940,1973,-25,115950,1344,-36
115960,1929,-20,115970,1413,-29
115980,2009,-28,115990,1380,-26
116000,1918,-31,116010,1333,-29
116020,1981,-32,116030,1411,-29
116040,1962,-30,116050,1340,-32
116060,1960,-28,116070,1403,-33
116080,2019,-28,116090,1376,-28
116100,1917,-26,116110,1331,-32
116120,1996,-36,116130,1423,-25
116140,1976,-26,116150,1342,-20
116160,1927,-35,116170,1414,-26
116180,2004,-42,116190,1397,-32
116200,1928,-26,116210,1338,-31
116220,2006,-33,116230,1413,-15
116240,1971,-22,116250,1356,-29
116260,1916,-26,116270,1412,-20
116280,2003,-19,116290,1389,-24
116300,1929,-21,116310,1357,-18
116320,1974,-19,116330,1439,-22
116340,1965,-28,116350,1360,-28
116360,1933,-31,116370,1417,-26
116380,2004,-23,116390,1408,-21
116400,1924,-30,116410,1346,-28
116420,2002,-31,116430,1430,-25
116440,1972,-22,116450,1331,-29
116460,1922,-21,116470,1408,-28
116480,2001,-30,116490,1379,-18
116500,1924,-30,116510,1357,-21
116520,1993,-32,116530,1428,-31
116540,1977,-26,116550,1340,-26
116560,1929,-24,116570,1418,-28
116580,1990,-28,116590,1374,-34
116600,1915,-32,116610,1323,-24
116620,1992,-33,116630,1427,-29
116640,1978,-34,116650,1337,-28
116660,1926,-22,116670,1395,-29
116680,1994,-28,116690,1387,-24
116700,1911,-27,116710,1359,-24
116720,1992,-26,116730,1421,-21
116740,1946,-27,116750,1334,-33
116760,1927,-34,116770,1417,-32
116780,1989,-34,116790,1387,-26
116800,1925,-29,116810,1352,-20
116820,1997,-32,116830,1427,-32
116840,1962,-27,116850,1324,-26
116860,1924,-28,116870,1408,-30
116880,1994,-24,116890,1393,-29
116900,1900,-21,116910,1359,-29
116920,2007,-31,116930,1434,-21
116940,1951,-20,116950,1341,-19
116960,1919,-23,116970,1414,-34
116980,1987,-20,116990,1383,-25
117000,1915,-28,117010,1353,-29
117020,1983,-39,117030,1401,-33
117040,1970,-27,117050,1330,-25
117060,1946,-29,117070,1413,-28
117080,1996,-32,117090,1390,-22
117100,1926,-30,117110,1355,-33
117120,2007,-29,117130,1419,-24
117140,1975,-18,117150,1328,-33
117160,1960,-28,117170,1420,-20
117180,2017,-22,117190,1375,-20
117200,1913,-36,117210,1361,-33
117220,1997,-21,117230,1402,-30
117240,1970,-24,117250,1341,-33
117260,1938,-21,117270,1425,-31
117280,1991,-25,117290,1374,-27
117300,1909,-25,117310,1361,-29
117320,1980,-30,117330,1414,-35
117340,1961,-31,117350,1318,-34
117360,1935,-21,117370,1424,-31
117380,1990,-26,117390,1376,-33
117400,1908,-27,117410,1339,-36
117420,1994,-36,117430,1412,-33
117440,1957,-27,117450,1331,-25
117460,1933,-31,117470,1408,-30
117480,1997,-37,117490,1372,-31
117500,1911,-22,117510,1370,-33
117520,1990,-27,117530,1418,-28
117540,1975,-25,117550,1339,-23
117560,1937,-30,117570,1423,-33
117580,2015,-16,117590,1401,-41
117600,1917,-37,117610,1333,-34
117620,2007,-30,117630,1415,-25
117640,1967,-35,117650,1330,-33
117660,1947,-27,117670,1432,-29
117680,2008,-34,117690,1374,-26
117700,1915,-29,117710,1361,-23
117720,2013,-26,117730,1419,-30
117740,1954,-32,117750,1337,-33
117760,1950,-28,117770,1428,-32
117780,2004,-34,117790,1368,-32
117800,1917,-17,117810,1377,-34
117820,2004,-24,117830,1428,-33
117840,1969,-27,117850,1345,-35
117860,1941,-35,117870,1446,-20
117880,1990,-27,117890,1393,-37
117900,1896,-37,117910,1365,-27
117920,2012,-29,117930,1422,-31
117940,1960,-30,117950,1346,-32
117960,1972,-34,117970,1425,-30
117980,2016,-25,117990,1384,-34
118000,1923,-38,118010,1381,-25
118020,2017,-23,118030,1419,-32
118040,1964,-31,118050,1332,-22
118060,1955,-30,118070,1444,-28
118080,2012,-31,118090,1384,-31
118100,1916,-26,118110,1375,-25
118120,2032,-27,118130,1424,-32
118140,1981,-31,118150,1330,-27
118160,1987,-36,118170,1430,-32
118180,2007,-32,118190,1374,-33
118200,1910,-30,118210,1363,-36
118220,2009,-28,118230,1425,-28
118240,1952,-25,118250,1340,-30
118260,1964,-21,118270,1446,-29
118280,2011,-31,118290,1398,-32
118300,1916,-28,118310,1371,-33
118320,2024,-32,118330,1418,-37
118340,1959,-36,118350,1335,-35
118360,1956,-32,118370,1428,-28
118380,1991,-25,118390,1387,-44
118400,1912,-30,118410,1376,-31
118420,2009,-35,118430,1426,-25
118440,1953,-32,118450,1361,-29
118460,1958,-35,118470,1430,-29
118480,1994,-24,118490,1375,-31
118500,1924,-33,118510,1369,-29
118520,2015,-20,118530,1410,-31
118540,1948,-30,118550,1337,-28
118560,1960,-24,118570,1435,-28
118580,2031,-31,118590,1355,-32
118600,1898,-35,118610,1380,-35
118620,2018,-28,118630,1408,-30
118640,1951,-30,118650,1328,-36
118660,1962,-31,118670,1434,-33
118680,1985,-40,118690,1368,-28
118700,1892,-34,118710,1382,-36
118720,2017,-35,118730,1410,-26
118740,1970,-39,118750,1333,-31
118760,1963,-32,118770,1439,-33
118780,1990,-32,118790,1362,-26
118800,1897,-34,118810,1378,-22
118820,2001,-32,118830,1407,-34
118840,1946,-25,118850,1332,-32
118860,1964,-23,118870,1450,-28
118880,1980,-25,118890,1362,-33
118900,1892,-26,118910,1365,-35
118920,2006,-30,118930,1412,-27
118940,1941,-25,118950,1325,-31
118960,1959,-26,118970,1430,-25
118980,1994,-31,118990,1354,-38
119000,1900,-28,119010,1365,-32
119020,2002,-28,119030,1412,-38
119040,1939,-27,119050,1323,-20
119060,1971,-31,119070,1429,-28
119080,1983,-23,119090,1363,-33
119100,1921,-36,119110,1385,-21
119120,2022,-30,119130,1377,-31
119140,1935,-22,119150,1327,-29
119160,1974,-31,119170,1427,-26
119180,1989,-27,119190,1361,-31
119200,1906,-35,119210,1378,-35
119220,2014,-30,119230,1408,-28
119240,1939,-37,119250,1333,-29
119260,1974,-32,119270,1433,-30
119280,1986,-15,119290,1354,-37
119300,1912,-39,119310,1399,-18
119320,2024,-23,119330,1410,-28
119340,1951,-36,119350,1325,-30
119360,1975,-23,119370,1418,-25
119380,1995,-34,119390,1353,-37
119400,1914,-33,119410,1393,-27
119420,1999,-32,119430,1420,-22
119440,1944,-32,119450,1330,-25
119460,1964,-21,119470,1436,-26
119480,1988,-30,119490,1361,-30
119500,1905,-33,119510,1394,-35
119520,2020,-27,119530,1416,-37
119540,1939,-33,119550,1319,-29
119560,1972,-23,119570,1440,-33
119580,1991,-25,119590,1360,-36
119600,1920,-30,119610,1397,-30
119620,2030,-32,119630,1411,-36
119640,1943,-29,119650,1316,-33
119660,1990,-27,119670,1459,-38
119680,1985,-23,119690,1377,-30
119700,1902,-31,119710,1370,-37
119720,2024,-19,119730,1399,-31
119740,1956,-26,119750,1335,-23
119760,1984,-27,119770,1443,-30
119780,2001,-42,119790,1377,-33
119800,1909,-30,119810,1415,-28
119820,2030,-28,119830,1423,-30
119840,1909,-31,119850,1339,-33
119860,1978,-34,119870,1429,-28
119880,1990,-27,119890,1361,-29
119900,1927,-22,119910,1409,-29
119920,2016,-20,119930,1406,-28
119940,1936,-36,119950,1335,-33
119960,1981,-27,119970,1438,-37
119980,1987,-35,119990,1378,-20
120000,1910,-27,120010,1407,-27
120020,2023,-28,120030,1415,-28
120040,1941,-24,120050,1351,-30
120060,1979,-17,120070,1427,-25
120080,2004,-28,120090,1371,-36
120100,1916,-32,120110,1403,-28
120120,2009,-29,120130,1369,-24
120140,1957,-35,120150,1335,-24
120160,2001,-25,120170,1444,-23
120180,2000,-22,120190,1365,-20
120200,1927,-31,120210,1405,-26
120220,2020,-18,120230,1414,-22
120240,1947,-19,120250,1353,-29
120260,1994,-18,120270,1447,-30
120280,1999,-29,120290,1360,-28
120300,1918,-30,120310,1404,-37
120320,2039,-23,120330,1404,-28
120340,1958,-29,120350,1339,-27
120360,1986,-21,120370,1437,-34
120380,1993,-21,120390,1370,-25
120400,1941,-27,120410,1407,-34
120420,1996,-39,120430,1412,-28
120440,1938,-35,120450,1342,-30
120460,1992,-34,120470,1430,-33
120480,1988,-28,120490,1368,-30
120500,1927,-29,120510,1421,-41
120520,2020,-25,120530,1409,-28
120540,1929,-36,120550,1354,-33
120560,1990,-33,120570,1444,-28
120580,1981,-23,120590,1360,-31
120600,1933,-28,120610,1404,-28
120620,2011,-35,120630,1401,-33
120640,1948,-32,120650,1360,-29
120660,1998,-27,120670,1436,-27
120680,2016,-31,120690,1360,-29
120700,1937,-31,120710,1418,-33
120720,2024,-33,120730,1402,-28
120740,1934,-34,120750,1353,-30
120760,1996,-25,120770,1436,-34
120780,1972,-33,120790,1352,-34
120800,1918,-32,120810,1427,-29
120820,2003,-36,120830,1387,-29
120840,1937,-36,120850,1334,-31
120860,1975,-19,120870,1438,-27
120880,1978,-18,120890,1352,-36
120900,1935,-32,120910,1409,-30
120920,2011,-36,120930,1391,-34
120940,1924,-28,120950,1351,-35
120960,1995,-33,120970,1439,-38
120980,1986,-37,120990,1345,-36
128500,1958,-40,128510,1345,-34
128520,1890,-33,128530,1282,-24
128540,1898,-28,128550,1364,-30
128560,1916,-31,128570,1307,-27
128580,1838,-27,128590,1303,-26
128600,1953,-29,128610,1347,-28
128620,1895,-25,128630,1265,-36
128640,1893,-28,128650,1374,-23
128660,1955,-33,128670,1296,-32
128680,1823,-33,128690,1302,-36
128700,1934,-37,128710,1333,-22
128720,1881,-29,128730,1250,-31
128740,1914,-16,128750,1369,-15
128760,1938,-27,128770,1283,-32
128780,1853,-32,128790,1331,-31
128800,1943,-30,128810,1331,-36
128820,1886,-28,128830,1256,-25
128840,1895,-22,128850,1365,-33
128860,1921,-24,128870,1302,-24
128880,1855,-19,128890,1323,-28
128900,1954,-22,128910,1349,-22
128920,1875,-27,128930,1267,-27
128940,1911,-22,128950,1379,-35
128960,1924,-32,128970,1291,-20
128980,1835,-32,128990,1320,-34
129000,1942,-32,129010,1339,-29
129020,1871,-25,129030,1254,-30
129040,1900,-29,129050,1352,-27
129060,1898,-29,129070,1279,-19
129080,1827,-31,129090,1329,-22
129100,1941,-33,129110,1350,-26
129120,1872,-32,129130,1258,-27
129140,1900,-22,129150,1365,-29
129160,1905,-31,129170,1285,-29
129180,1828,-17,129190,1327,-33
129200,1935,-32,129210,1322,-28
129220,1864,-24,129230,1258,-28
129240,1931,-27,129250,1362,-39
129260,1911,-27,129270,1298,-27
129280,1833,-32,129290,1318,-32
129300,1942,-32,129310,1315,-26
129320,1865,-34,129330,1261,-38
129340,1915,-31,129350,1356,-27
129360,1914,-32,129370,1287,-28
129380,1836,-31,129390,1327,-22
129400,1942,-33,129410,1313,-34
129420,1859,-26,129430,1236,-36
129440,1879,-21,129450,1342,-35
129460,1899,-36,129470,1274,-23
129480,1844,-19,129490,1324,-29
129500,1913,-29,129510,1332,-28
129520,1847,-34,129530,1280,-30
129540,1915,-35,129550,1350,-33
129560,1896,-38,129570,1266,-33
129580,1836,-22,129590,1320,-35
129600,1945,-21,129610,1319,-28
129620,1859,-26,129630,1256,-35
129640,1898,-31,129650,1337,-21
129660,1900,-28,129670,1270,-37
129680,1847,-33,129690,1332,-28
129700,1938,-32,129710,1331,-34
129720,1850,-32,129730,1264,-32
129740,1912,-22,129750,1360,-33
129760,1904,-26,129770,1286,-37
129780,1849,-21,129790,1298,-38
129800,1936,-33,129810,1316,-25
129820,1862,-27,129830,1250,-28
129840,1908,-32,129850,1353,-27
129860,1896,-33,129870,1265,-26
129880,1843,-25,129890,1336,-29
129900,1938,-31,129910,1315,-25
129920,1839,-26,129930,1255,-33
129940,1916,-32,129950,1351,-37
129960,1893,-27,129970,1276,-21
129980,1827,-34,129990,1319,-37
130000,1907,-39,130010,1308,-36
130020,1851,-33,130030,1259,-33
130040,1917,-24,130050,1338,-37
130060,1892,-36,130070,1260,-26
130080,1819,-20,130090,1336,-28
130100,1909,-20,130110,1307,-32
130120,1838,-30,130130,1264,-28
130140,1900,-26,130150,1339,-22
130160,1889,-24,130170,1270,-38
130180,1830,-25,130190,1334,-36
130200,1917,-35,130210,1279,-33
130220,1848,-34,130230,1277,-22
130240,1920,-15,130250,1353,-36
130260,1897,-35,130270,1264,-34
130280,1846,-27,130290,1323,-39
130300,1933,-18,130310,1300,-29
130320,1853,-23,130330,1267,-25
130340,1923,-17,130350,1340,-30
130360,1898,-31,130370,1250,-15
130380,1851,-23,130390,1325,-28
130400,1927,-21,130410,1307,-32
130420,1846,-27,130430,1268,-28
130440,1924,-22,130450,1356,-24
130460,1892,-29,130470,1284,-19
130480,1855,-25,130490,1339,-27
130500,1901,-25,130510,1304,-40
130520,1842,-33,130530,1271,-21
130540,1927,-22,130550,1345,-27
130560,1902,-33,130570,1278,-24
130580,1875,-29,130590,1352,-28
130600,1934,-30,130610,1307,-21
130620,1850,-24,130630,1273,-30
130640,1923,-30,130650,1341,-28
130660,1896,-34,130670,1262,-32
130680,1848,-36,130690,1338,-24
130700,1937,-12,130710,1298,-23
130720,1851,-17,130730,1277,-20
130740,1909,-24,130750,1332,-26
130760,1888,-28,130770,1256,-26
130780,1847,-30,130790,1341,-28
130800,1935,-23,130810,1299,-32
130820,1837,-29,130830,1284,-40
130840,1932,-35,130850,1353,-27
130860,1876,-22,130870,1264,-40
130880,1865,-32,130890,1354,-30
130900,1914,-34,130910,1317,-25
130920,1848,-38,130930,1300,-27
130940,1924,-26,130950,1356,-30
130960,1904,-30,130970,1261,-28
130980,1890,-28,130990,1360,-29
131000,1937,-30,131010,1331,-19
131020,1857,-23,131030,1304,-26
131040,1949,-27,131050,1390,-30
131060,1900,-31,131070,1264,-32
131080,1868,-36,131090,1359,-29
131100,1941,-26,131110,1304,-38
131120,1855,-31,131130,1308,-27
131140,1946,-26,131150,1367,-22
131160,1912,-37,131170,1279,-29
131180,1893,-35,131190,1369,-33
131200,1950,-27,131210,1323,-31
131220,1853,-27,131230,1288,-25
131240,1958,-37,131250,1368,-31
131260,1915,-28,131270,1278,-21
131280,1879,-37,131290,1384,-28
131300,1947,-29,131310,1328,-13
131320,1860,-27,131330,1301,-30
131340,1963,-29,131350,1373,-27
131360,1901,-31,131370,1268,-25
131380,1898,-29,131390,1370,-21
131400,1954,-24,131410,1325,-21
131420,1861,-33,131430,1304,-30
131440,1969,-24,131450,1362,-24
131460,1905,-29,131470,1298,-30
131480,1888,-27,131490,1375,-22
131500,1940,-24,131510,1321,-18
131520,1867,-33,131530,1313,-22
131540,1948,-30,131550,1357,-32
131560,1908,-19,131570,1285,-22
131580,1906,-34,131590,1372,-32
131600,1952,-19,131610,1318,-35
131620,1850,-25,131630,1349,-27
131640,1957,-14,131650,1369,-28
131660,1903,-24,131670,1264,-32
131680,1887,-27,131690,1371,-28
131700,1944,-25,131710,1318,-36
131720,1856,-34,131730,1321,-23
131740,1961,-28,131750,1365,-25
131760,1923,-29,131770,1279,-30
131780,1900,-30,131790,1387,-22
131800,1956,-23,131810,1318,-34
131820,1845,-29,131830,1338,-28
131840,1965,-30,131850,1346,-34
131860,1910,-32,131870,1271,-31
131880,1896,-24,131890,1382,-27
131900,1960,-29,131910,1320,-26
131920,1860,-35,131930,1316,-29
131940,1960,-29,131950,1371,-29
131960,1905,-34,131970,1271,-31
131980,1889,-31,131990,1373,-26
132000,1940,-17,132010,1303,-34
132020,1832,-26,132030,1330,-39
132040,1968,-26,132050,1360,-23
132060,1871,-25,132070,1268,-33
132080,1893,-28,132090,1370,-25
132100,1931,-32,132110,1321,-30
132120,1826,-29,132130,1316,-22
132140,1960,-33,132150,1368,-25
132160,1898,-31,132170,1270,-25
132180,1921,-30,132190,1379,-18
132200,1926,-32,132210,1300,-18
132220,1854,-25,132230,1317,-34
132240,1964,-21,132250,1365,-18
132260,1886,-32,132270,1277,-30
132280,1909,-39,132290,1383,-30
132300,1961,-30,132310,1284,-32
132320,1857,-33,132330,1328,-31
132340,1975,-29,132350,1375,-30
132360,1894,-28,132370,1281,-20
132380,1921,-22,132390,1391,-27
132400,1949,-26,132410,1323,-38
132420,1862,-26,132430,1357,-28
132440,1939,-29,132450,1356,-26
132460,1890,-28,132470,1285,-28
132480,1933,-26,132490,1382,-29
132500,1937,-30,132510,1316,-27
132520,1861,-25,132530,1324,-29
132540,1982,-37,132550,1349,-36
132560,1906,-29,132570,1269,-30
132580,1931,-21,132590,1385,-13
132600,1909,-27,132610,1318,-38
132620,1852,-30,132630,1349,-28
132640,1969,-17,132650,1365,-30
132660,1885,-29,132670,1282,-32
132680,1919,-24,132690,1376,-29
132700,1940,-26,132710,1314,-12
132720,1863,-27,132730,1310,-31
132740,1963,-29,132750,1361,-28
132760,1894,-29,132770,1289,-26
132780,1928,-33,132790,1394,-20
132800,1939,-30,132810,1303,-25
132820,1857,-30,132830,1344,-33
132840,1971,-30,132850,1350,-14
132860,1874,-23,132870,1281,-19
132880,1923,-29,132890,1377,-30
132900,1946,-33,132910,1309,-32
132920,1866,-26,132930,1346,-25
132940,1970,-25,132950,1345,-22
132960,1885,-20,132970,1270,-27
132980,1920,-26,132990,1395,-30
133000,1925,-30,133010,1301,-24
133020,1830,-23,133030,1355,-28
133040,1957,-27,133050,1353,-28
133060,1875,-25,133070,1283,-29
133080,1924,-24,133090,1379,-30
133100,1921,-27,133110,1286,-36
133120,1857,-28,133130,1352,-18
133140,1951,-38,133150,1324,-33
133160,1872,-29,133170,1281,-37
133180,1924,-33,133190,1391,-27
133200,1923,-24,133210,1301,-21
133220,1880,-38,133230,1352,-30
133240,1957,-41,133250,1344,-29
133260,1877,-31,133270,1267,-37
133280,1957,-25,133290,1377,-35
133300,1919,-33,133310,1293,-20
133320,1861,-28,133330,1343,-24
133340,1972,-28,133350,1350,-29
133360,1892,-31,133370,1291,-39
133380,1923,-32,133390,1378,-27
133400,1922,-26,133410,1295,-28
133420,1867,-25,133430,1346,-25
133440,1960,-23,133450,1337,-19
133460,1872,-23,133470,1291,-33
133480,1930,-22,133490,1374,-21
133500,1922,-32,133510,1287,-28
133520,1856,-29,133530,1351,-29
133540,1943,-22,133550,1336,-30
133560,1863,-18,133570,1312,-22
133580,1928,-17,133590,1362,-26
133600,1921,-36,133610,1286,-31
133620,1872,-35,133630,1358,-35
133640,1942,-33,133650,1341,-32
133660,1850,-31,133670,1286,-22
133680,1932,-31,133690,1360,-34
133700,1948,-26,133710,1281,-31
133720,1870,-32,133730,1362,-29
133740,1951,-25,133750,1327,-23
133760,1862,-33,133770,1273,-34
133780,1929,-34,133790,1372,-31
133800,1912,-28,133810,1278,-31
133820,1856,-24,133830,1355,-25
133840,1944,-32,133850,1334,-28
133860,1896,-27,133870,1268,-28
133880,1940,-30,133890,1362,-32
133900,1898,-25,133910,1281,-28
133920,1872,-31,133930,1361,-34
133940,1947,-22,133950,1324,-19
133960,1856,-25,133970,1291,-23
133980,1939,-29,133990,1396,-27
134000,1901,-32,134010,1274,-26
134020,1882,-21,134030,1351,-26
134040,1940,-27,134050,1313,-24
134060,1871,-27,134070,1295,-18
134080,1937,-30,134090,1374,-24
134100,1900,-25,134110,1274,-27
134120,1871,-19,134130,1366,-28
134140,1940,-33,134150,1327,-23
134160,1864,-36,134170,1296,-27
134180,1947,-28,134190,1372,-24
134200,1900,-31,134210,1289,-19
134220,1897,-27,134230,1367,-27
134240,1936,-36,134250,1311,-32
134260,1856,-22,134270,1315,-18
134280,1970,-28,134290,1358,-36
134300,1920,-24,134310,1266,-27
134320,1878,-21,134330,1367,-30
134340,1946,-30,134350,1328,-29
134360,1840,-26,134370,1292,-27
134380,1951,-24,134390,1353,-28
134400,1909,-18,134410,1277,-30
134420,1878,-20,134430,1362,-33
134440,1941,-20,134450,1323,-28
134460,1859,-17,134470,1308,-21
134480,1951,-25,134490,1352,-37
142500,1978,-28,142510,1392,-33
142520,1929,-33,142530,1293,-35
142540,1907,-27,142550,1394,-30
142560,1962,-25,142570,1354,-25
142580,1884,-31,142590,1336,-25
142600,1965,-23,142610,1404,-23
142620,1954,-29,142630,1284,-26
142640,1904,-18,142650,1392,-34
142660,1962,-38,142670,1339,-30
142680,1871,-21,142690,1315,-25
142700,1967,-18,142710,1367,-32
142720,1910,-38,142730,1294,-25
142740,1913,-29,142750,1405,-22
142760,1965,-39,142770,1344,-39
142780,1902,-24,142790,1329,-26
142800,1974,-22,142810,1363,-20
142820,1906,-27,142830,1298,-28
142840,1910,-28,142850,1405,-27
142860,1979,-25,142870,1336,-24
142880,1871,-19,142890,1324,-15
142900,1968,-32,142910,1417,-23
142920,1907,-30,142930,1306,-32
142940,1916,-29,142950,1382,-32
142960,1950,-31,142970,1324,-16
142980,1861,-19,142990,1354,-23
143000,1982,-35,143010,1389,-28
143020,1903,-32,143030,1285,-16
143040,1925,-25,143050,1404,-25
143060,1958,-31,143070,1332,-30
143080,1876,-34,143090,1333,-28
143100,1977,-33,143110,1378,-29
143120,1915,-29,143130,1292,-29
143140,1923,-24,143150,1396,-24
143160,1959,-21,143170,1324,-31
143180,1866,-31,143190,1345,-27
143200,1985,-29,143210,1371,-27
143220,1914,-29,143230,1285,-31
143240,1935,-28,143250,1396,-15
143260,1959,-26,143270,1325,-24
143280,1881,-20,143290,1366,-28
143300,1972,-31,143310,1381,-27
143320,1911,-31,143330,1284,-16
143340,1924,-34,143350,1391,-32
143360,1963,-18,143370,1317,-25
143380,1871,-21,143390,1349,-34
143400,1979,-30,143410,1364,-24
143420,1900,-26,143430,1270,-18
143440,1926,-25,143450,1392,-36
143460,1926,-27,143470,1318,-29
143480,1861,-33,143490,1367,-28
143500,1973,-35,143510,1356,-33
143520,1905,-31,143530,1276,-35
143540,1927,-30,143550,1379,-16
143560,1928,-37,143570,1313,-34
143580,1852,-21,143590,1337,-27
143600,1971,-24,143610,1362,-30
143620,1891,-35,143630,1275,-30
143640,1931,-33,143650,1387,-37
143660,1942,-23,143670,1301,-36
143680,1861,-30,143690,1350,-25
143700,1952,-15,143710,1348,-29
143720,1885,-33,143730,1280,-32
143740,1938,-30,143750,1355,-27
143760,1935,-17,143770,1302,-34
143780,1870,-31,143790,1343,-29
143800,1973,-22,143810,1350,-24
143820,1871,-29,143830,1278,-19
143840,1925,-23,143850,1385,-32
143860,1926,-19,143870,1304,-19
143880,1828,-24,143890,1351,-33
143900,1954,-35,143910,1349,-10
143920,1877,-24,143930,1288,-34
143940,1939,-26,143950,1383,-34
143960,1923,-32,143970,1313,-22
143980,1862,-23,143990,1362,-34
144000,1961,-27,144010,1342,-36
144020,1878,-26,144030,1293,-36
144040,1920,-34,144050,1371,-27
144060,1942,-29,144070,1308,-32
144080,1878,-27,144090,1354,-30
144100,1959,-28,144110,1360,-33
144120,1883,-29,144130,1287,-25
144140,1942,-40,144150,1374,-28
144160,1926,-31,144170,1279,-25
144180,1876,-26,144190,1367,-29
144200,1964,-15,144210,1350,-35
144220,1889,-25,144230,1302,-32
144240,1939,-27,144250,1381,-33
144260,1936,-28,144270,1296,-23
144280,1879,-31,144290,1375,-35
144300,1966,-25,144310,1347,-22
144320,1879,-36,144330,1292,-19
144340,1956,-26,144350,1391,-22
144360,1942,-29,144370,1295,-28
144380,1889,-20,144390,1369,-29
144400,1961,-20,144410,1349,-28
144420,1870,-35,144430,1297,-30
144440,1954,-28,144450,1390,-32
144460,1916,-27,144470,1303,-31
144480,1891,-34,144490,1389,-30
144500,1977,-30,144510,1340,-32
144520,1881,-27,144530,1311,-33
144540,1957,-28,144550,1397,-24
144560,1927,-32,144570,1315,-23
144580,1890,-26,144590,1379,-24
144600,1970,-18,144610,1352,-26
144620,1871,-27,144630,1316,-29
144640,1961,-24,144650,1389,-27
144660,1935,-33,144670,1309,-32
144680,1895,-26,144690,1393,-26
144700,1981,-34,144710,1358,-26
144720,1891,-24,144730,1323,-35
144740,1970,-18,144750,1387,-26
144760,1930,-28,144770,1301,-19
144780,1900,-23,144790,1388,-29
144800,1971,-24,144810,1354,-24
144820,1879,-24,144830,1331,-34
144840,1977,-29,144850,1395,-25
144860,1925,-34,144870,1290,-21
144880,1910,-28,144890,1392,-34
144900,1958,-25,144910,1344,-19
144920,1866,-39,144930,1328,-34
144940,1977,-34,144950,1403,-37
144960,1936,-27,144970,1289,-27
144980,1906,-28,144990,1389,-30
145000,1955,-33,145010,1377,-23
145020,1880,-20,145030,1333,-29
145040,1972,-41,145050,1380,-32
145060,1925,-33,145070,1306,-34
145080,1921,-24,145090,1387,-24
145100,1979,-26,145110,1331,-29
145120,1879,-24,145130,1327,-24
145140,1998,-28,145150,1382,-28
145160,1924,-25,145170,1302,-27
145180,1904,-20,145190,1386,-35
145200,1970,-32,145210,1343,-32
145220,1874,-31,145230,1333,-38
145240,1984,-31,145250,1385,-33
145260,1923,-31,145270,1291,-31
145280,1925,-34,145290,1389,-31
145300,1978,-32,145310,1353,-30
145320,1883,-22,145330,1334,-25
145340,1990,-31,145350,1374,-31
145360,1918,-28,145370,1283,-32
145380,1922,-35,145390,1393,-35
145400,1966,-28,145410,1345,-24
145420,1875,-35,145430,1368,-35
145440,1980,-30,145450,1382,-28
145460,1924,-30,145470,1288,-30
145480,1929,-32,145490,1393,-34
145500,1966,-34,145510,1343,-33
145520,1875,-26,145530,1335,-26
145540,1984,-29,145550,1383,-24
145560,1913,-37,145570,1289,-28
145580,1931,-25,145590,1414,-36
145600,1963,-28,145610,1333,-39
145620,1875,-33,145630,1347,-32
145640,1976,-22,145650,1369,-28
145660,1908,-19,145670,1300,-30
145680,1934,-23,145690,1394,-31
145700,1958,-21,145710,1336,-23
145720,1900,-35,145730,1351,-31
145740,1974,-15,145750,1377,-26
145760,1910,-34,145770,1296,-24
145780,1931,-28,145790,1394,-34
145800,1947,-31,145810,1331,-25
145820,1877,-28,145830,1351,-44
145840,1985,-26,145850,1375,-26
145860,1898,-26,145870,1297,-30
145880,1941,-22,145890,1405,-27
145900,1955,-28,145910,1319,-28
145920,1853,-28,145930,1359,-30
145940,1978,-31,145950,1361,-30
145960,1898,-28,145970,1291,-28
145980,1930,-18,145990,1388,-38
146000,1960,-26,146010,1349,-25
146020,1876,-32,146030,1346,-26
146040,1970,-28,146050,1363,-26
146060,1912,-30,146070,1285,-29
146080,1944,-28,146090,1389,-29
146100,1951,-35,146110,1329,-24
146120,1869,-28,146130,1356,-23
146140,1982,-24,146150,1357,-27
146160,1909,-36,146170,1280,-31
146180,1921,-34,146190,1403,-34
146200,1930,-28,146210,1323,-36
146220,1871,-23,146230,1365,-32
146240,1983,-32,146250,1361,-29
146260,1896,-33,146270,1260,-29
146280,1933,-35,146290,1388,-24
146300,1961,-38,146310,1300,-29
146320,1878,-35,146330,1359,-34
146340,1968,-29,146350,1354,-39
146360,1900,-30,146370,1290,-21
146380,1933,-35,146390,1393,-29
146400,1941,-27,146410,1309,-34
146420,1880,-31,146430,1368,-25
146440,1962,-37,146450,1355,-29
146460,1877,-34,146470,1294,-35
146480,1932,-34,146490,1388,-26
146500,1933,-26,146510,1315,-21
146520,1878,-37,146530,1360,-24
146540,1985,-29,146550,1364,-25
146560,1858,-23,146570,1299,-27
146580,1955,-33,146590,1395,-16
146600,1947,-33,146610,1303,-28
146620,1883,-26,146630,1364,-21
146640,1973,-31,146650,1371,-32
146660,1877,-22,146670,1276,-33
146680,1960,-26,146690,1372,-29
146700,1938,-30,146710,1303,-26
146720,1876,-33,146730,1357,-32
146740,1982,-24,146750,1355,-38
146760,1877,-38,146770,1289,-33
146780,1930,-30,146790,1397,-30
146800,1919,-30,146810,1298,-38
146820,1861,-27