LED1 Timestamp (ms),LED1_PD1,LED1_PD2,LED2 Timestamp (ms),LED2_PD1,LED2_PD2
6500,9574,6424,6510,8300,6495
6520,9577,6420,6530,8298,6478
6540,9567,6409,6550,8299,6481
6560,9579,6408,6570,8311,6463
6580,9578,6403,6590,8305,6454
6600,9579,6389,6610,8302,6451
6620,9585,6448,6630,8310,6520
6640,9572,6449,6650,8303,6516
6660,9566,6449,6670,8297,6514
6680,9568,6449,6690,8314,6508
6700,9572,6452,6710,8296,6510
6720,9565,6450,6730,8307,6519
6740,9567,6448,6750,8302,6515
6760,9564,6462,6770,8296,6518
6780,9560,6443,6790,8306,6516
6800,9566,6449,6810,8313,6520
6820,9563,6443,6830,8297,6501
6840,9569,6442,6850,8306,6516
6860,9563,6448,6870,8303,6513
6880,9567,6442,6890,8306,6515
6900,9557,6455,6910,8315,6522
6920,9570,6457,6930,8290,6509
6940,9560,6464,6950,8306,6526
6960,9564,6464,6970,8309,6532
6980,9551,6460,6990,8306,6522
7000,9547,6455,7010,8306,6520
7020,9558,6461,7030,8297,6512
7040,9563,6445,7050,8306,6505
7060,9561,6458,7070,8304,6519
7080,9567,6456,7090,8296,6512
7100,9567,6458,7110,8300,6523
7120,9573,6459,7130,8304,6510
7140,9567,6451,7150,8302,6516
7160,9553,6452,7170,8301,6515
7180,9565,6449,7190,8302,6512
7200,9555,6451,7210,8290,6512
7220,9567,6447,7230,8309,6503
7240,9572,6433,7250,8304,6496
7260,9555,6425,7270,8302,6473
7280,9558,6393,7290,8301,6475
7300,9549,6398,7310,8304,6455
7320,9557,6383,7330,8313,6449
7340,9568,6376,7350,8309,6440
7360,9557,6388,7370,8295,6437
7380,9545,6367,7390,8309,6461
7400,9537,6448,7410,8308,6502
7420,9543,6446,7430,8313,6505
7440,9549,6442,7450,8314,6510
7460,9555,6445,7470,8305,6507
7480,9561,6447,7490,8307,6507
7500,9562,6449,7510,8303,6506
7520,9544,6440,7530,8316,6496
7540,9534,6452,7550,8299,6491
7560,9537,6447,7570,8307,6507
7580,9558,6443,7590,8299,6508
7600,9551,6445,7610,8303,6518
7620,9562,6452,7630,8310,6505
7640,9561,6450,7650,8298,6514
7660,9545,6450,7670,8307,6521
7680,9551,6447,7690,8296,6515
7700,9561,6448,7710,8307,6507
7720,9562,6443,7730,8307,6505
7740,9542,6444,7750,8308,6501
7760,9546,6439,7770,8312,6506
7780,9554,6429,7790,8309,6496
7800,9551,6438,7810,8309,6495
7820,9548,6416,7830,8298,6477
7840,9559,6409,7850,8312,6467
7860,9558,6400,7870,8302,6458
7880,9550,6375,7890,8315,6455
7900,9554,6439,7910,8306,6517
7920,9549,6456,7930,8303,6511
7940,9558,6449,7950,8313,6517
7960,9557,6461,7970,8316,6512
7980,9553,6443,7990,8298,6507
8000,9552,6443,8010,8308,6518
8020,9555,6443,8030,8299,6514
8040,9549,6435,8050,8307,6508
8060,9553,6450,8070,8310,6515
8080,9543,6453,8090,8302,6509
8100,9553,6450,8110,8301,6513
8120,9545,6451,8130,8302,6517
8140,9550,6453,8150,8305,6528
8160,9558,6467,8170,8297,6525
8180,9558,6467,8190,8297,6531
8200,9555,6464,8210,8304,6522
8220,9556,6457,8230,8300,6527
8240,9550,6458,8250,8302,6523
8260,9551,6461,8270,8308,6523
8280,9562,6462,8290,8293,6531
8300,9550,6458,8310,8295,6523
8320,9554,6454,8330,8297,6518
8340,9533,6452,8350,8297,6527
8360,9540,6466,8370,8308,6532
8380,9554,6465,8390,8307,6520
8400,9552,6441,8410,8290,6503
8420,9544,6432,8430,8300,6506
8440,9533,6437,8450,8299,6500
8460,9554,6437,8470,8299,6500
8480,9547,6427,8490,8300,6498
8500,9554,6441,8510,8305,6504
8520,9557,6449,8530,8297,6500
8540,9543,6446,8550,8295,6491
8560,9530,6428,8570,8299,6449
8580,9519,6391,8590,8304,6463
8600,9516,6418,8610,8298,6469
8620,9555,6405,8630,8291,6459
8640,9560,6389,8650,8300,6453
8660,9549,6384,8670,8301,6367
8680,9558,6430,8690,8304,6509
8700,9551,6453,8710,8293,6513
8720,9552,6442,8730,8285,6515
8740,9544,6458,8750,8304,6506
8760,9547,6445,8770,8306,6512
8780,9550,6446,8790,8300,6516
8800,9545,6441,8810,8299,6515
8820,9543,6449,8830,8297,6508
8840,9552,6440,8850,8309,6509
8860,9552,6450,8870,8293,6510
8880,9553,6441,8890,8296,6508
8900,9551,6451,8910,8305,6506
8920,9554,6440,8930,8292,6507
8940,9551,6450,8950,8286,6515
8960,9559,6460,8970,8301,6532
8980,9551,6451,8990,8298,6515
9000,9529,6442,9010,8290,6506
9020,9536,6450,9030,8295,6510
9040,9536,6441,9050,8293,6509
9060,9549,6447,9070,8300,6509
9080,9541,6437,9090,8297,6507
9100,9549,6439,9110,8286,6490
9120,9549,6430,9130,8287,6494
9140,9545,6428,9150,8301,6483
9160,9532,6414,9170,8301,6480
9180,9544,6408,9190,8304,6476
9200,9556,6399,9210,8294,6456
9220,9546,6305,9230,8295,6483
9240,9547,6451,9250,8293,6525
9260,9540,6453,9270,8289,6516
9280,9550,6451,9290,8296,6510
9300,9537,6459,9310,8282,6515
9320,9541,6443,9330,8291,6513
9340,9521,6444,9350,8288,6518
9360,9543,6437,9370,8299,6505
9380,9537,6440,9390,8286,6515
9400,9529,6452,9410,8287,6516
9420,9533,6446,9430,8288,6520
9440,9536,6447,9450,8294,6514
9460,9522,6445,9470,8289,6503
9480,9517,6446,9490,8290,6510
9500,9513,6438,9510,8284,6506
9520,9516,6444,9530,8283,6507
9540,9509,6444,9550,8288,6523
9560,9509,6446,9570,8276,6514
9580,9521,6433,9590,8279,6500
9600,9518,6432,9610,8282,6501
9620,9522,6422,9630,8291,6487
9640,9523,6436,9650,8280,6486
9660,9522,6428,9670,8289,6499
9680,9524,6440,9690,8280,6493
9700,9509,6454,9710,8295,6509
9720,9522,6459,9730,8289,6508
9740,9507,6455,9750,8295,6508
9760,9504,6439,9770,8292,6484
9780,9499,6459,9790,8280,6489
9800,9494,6448,9810,8284,6480
9820,9539,6455,9830,8288,6518
9840,9544,6459,9850,8293,6515
9860,9538,6454,9870,8277,6504
9880,9541,6452,9890,8286,6509
9900,9539,6449,9910,8291,6507
9920,9555,6442,9930,8295,6505
9940,9557,6445,9950,8290,6494
9960,9532,6428,9970,8289,6495
9980,9533,6423,9990,8290,6481
10000,9532,6413,10010,8291,6473
10020,9537,6407,10030,8292,6471
10040,9539,6397,10050,8291,6460
10060,9544,6383,10070,8290,6443
10080,9543,6370,10090,8297,6439
10100,9540,6399,10110,8293,6464
10120,9537,6409,10130,8297,6478
10140,9542,6414,10150,8291,6480
10160,9543,6405,10170,8297,6472
10180,9543,6402,10190,8303,6471
10200,9535,6406,10210,8305,6473
10220,9543,6399,10230,8289,6462
10240,9548,6400,10250,8300,6472
10260,9535,6399,10270,8290,6456
10280,9541,6394,10290,8302,6455
10300,9543,6391,10310,8299,6460
10320,9552,6406,10330,8305,6468
10340,9538,6396,10350,8301,6452
10360,9543,6384,10370,8297,6450
10380,9545,6380,10390,8296,6443
10400,9544,6388,10410,8305,6436
10420,9539,6367,10430,8306,6451
10440,9541,6432,10450,8301,6501
10460,9548,6443,10470,8307,6503
10480,9547,6446,10490,8296,6513
10500,9548,6442,10510,8303,6517
10520,9552,6446,10530,8303,6505
10540,9543,6449,10550,8294,6511
10560,9545,6439,10570,8307,6503
10580,9555,6448,10590,8315,6504
10600,9558,6447,10610,8288,6503
10620,9548,6443,10630,8315,6514
10640,9548,6449,10650,8303,6504
10660,9542,6442,10670,8297,6505
10680,9549,6438,10690,8304,6490
10700,9538,6434,10710,8297,6497
10720,9542,6429,10730,8305,6485
10740,9541,6421,10750,8297,6496
10760,9540,6426,10770,8302,6490
10780,9541,6433,10790,8300,6498
10800,9548,6434,10810,8299,6499
10820,9544,6453,10830,8309,6506
10840,9545,6450,10850,8316,6513
10860,9534,6450,10870,8309,6506
10880,9529,6447,10890,8313,6501
10900,9522,6446,10910,8299,6503
10920,9537,6438,10930,8315,6506
10940,9533,6433,10950,8303,6491
10960,9526,6426,10970,8303,6493
10980,9540,6430,10990,8301,6482
11000,9549,6421,11010,8293,6482
11020,9534,6414,11030,8296,6474
11040,9538,6411,11050,8306,6464
11060,9530,6403,11070,8297,6465
11080,9549,6406,11090,8305,6463
11100,9558,6400,11110,8308,6463
11120,9545,6392,11130,8303,6450
11140,9544,6395,11150,8309,6443
11160,9549,6379,11170,8303,6445
11180,9550,6370,11190,8301,6451
11200,9542,6437,11210,8295,6509
11220,9556,6447,11230,8293,6504
11240,9540,6455,11250,8295,6506
11260,9534,6437,11270,8304,6507
11280,9549,6449,11290,8301,6508
11300,9536,6446,11310,8291,6497
11320,9541,6446,11330,8313,6509
11340,9546,6454,11350,8296,6507
11360,9557,6442,11370,8299,6511
11380,9543,6450,11390,8307,6514
11400,9558,6450,11410,8292,6501
11420,9558,6448,11430,8312,6509
11440,9545,6444,11450,8293,6505
11460,9546,6450,11470,8310,6517
11480,9548,6448,11490,8313,6515
11500,9547,6446,11510,8309,6500
11520,9552,6445,11530,8308,6504
11540,9536,6444,11550,8303,6502
11560,9544,6445,11570,8301,6502
11580,9555,6440,11590,8310,6502
11600,9542,6439,11610,8315,6510
11620,9547,6455,11630,8310,6514
11640,9550,6447,11650,8294,6510
11660,9547,6442,11670,8307,6506
11680,9555,6439,11690,8295,6502
11700,9539,6444,11710,8301,6508
11720,9548,6446,11730,8311,6512
11740,9541,6448,11750,8300,6513
11760,9535,6437,11770,8304,6523
11780,9552,6449,11790,8304,6509
11800,9545,6444,11810,8294,6517
11820,9539,6442,11830,8306,6503
11840,9545,6445,11850,8292,6510
11860,9556,6454,11870,8295,6505
11880,9551,6435,11890,8299,6501
11900,9544,6429,11910,8300,6495
11920,9563,6429,11930,8313,6484
11940,9558,6418,11950,8308,6492
11960,9545,6426,11970,8304,6484
11980,9543,6439,11990,8299,6501
12000,9546,6457,12010,8306,6519
12020,9542,6457,12030,8307,6505
12040,9539,6456,12050,8306,6500
12060,9531,6446,12070,8305,6505
12080,9541,6453,12090,8308,6501
12100,9536,6446,12110,8297,6498
12120,9547,6447,12130,8319,6508
12140,9553,6446,12150,8305,6516
12160,9527,6454,12170,8317,6489
12180,9551,6449,12190,8295,6505
12200,9540,6441,12210,8298,6489
12220,9554,6445,12230,8299,6500
12240,9547,6444,12250,8304,6504
12260,9535,6441,12270,8303,6504
12280,9556,6450,12290,8311,6515
12300,9550,6442,12310,8304,6511
12320,9552,6449,12330,8304,6512
12340,9547,6434,12350,8306,6499
12360,9552,6443,12370,8309,6504
12380,9555,6456,12390,8310,6514
12400,9554,6444,12410,8309,6513
12420,9557,6447,12430,8311,6503
12440,9557,6445,12450,8304,6506
12460,9549,6446,12470,8313,6500
12480,9554,6441,12490,8313,6501
12500,9549,6434,12510,8304,6499
12520,9548,6440,12530,8306,6498
12540,9538,6440,12550,8308,6501
12560,9547,6439,12570,8308,6495
12580,9553,6441,12590,8306,6499
12600,9556,6437,12610,8308,6498
12620,9556,6428,12630,8302,6490
12640,9556,6425,12650,8298,6491
12660,9562,6433,12670,8301,6494
12680,9554,6419,12690,8297,6484
12700,9555,6434,12710,8304,6483
12720,9558,6426,12730,8314,6488
12740,9555,6418,12750,8310,6488
12760,9552,6421,12770,8309,6481
12780,9543,6422,12790,8303,6484
12800,9545,6410,12810,8311,6477
12820,9553,6414,12830,8309,6478
12840,9561,6403,12850,8303,6473
12860,9546,6413,12870,8312,6470
12880,9555,6409,12890,8289,6463
12900,9564,6400,12910,8305,6461
12920,9555,6393,12930,8299,6456
12940,9557,6386,12950,8308,6461
12960,9557,6398,12970,8305,6459
12980,9557,6376,12990,8306,6448
13000,9565,6379,13010,8305,6454
13020,9553,6379,13030,8308,6439
13040,9543,6368,13050,8319,6423
13060,9553,6346,13070,8297,6410
13080,9547,6375,13090,8298,6458
13100,9561,6399,13110,8310,6460
13120,9544,6416,13130,8303,6470
13140,9554,6427,13150,8307,6487
13160,9552,6432,13170,8308,6486
13180,9546,6436,13190,8297,6484
13200,9540,6427,13210,8310,6483
13220,9541,6434,13230,8299,6487
13240,9554,6429,13250,8310,6487
13260,9548,6424,13270,8304,6487
13280,9550,6421,13290,8309,6485
13300,9558,6429,13310,8309,6483
13320,9555,6430,13330,8290,6492
13340,9552,6418,13350,8299,6479
13360,9549,6426,13370,8297,6486
13380,9559,6427,13390,8309,6487
13400,9562,6423,13410,8311,6489
13420,9556,6433,13430,8317,6489
13440,9558,6425,13450,8309,6488
13460,9553,6417,13470,8313,6489
13480,9555,6434,13490,8305,6499
13500,9553,6416,13510,8297,6489
13520,9553,6421,13530,8307,6491
13540,9550,6428,13550,8310,6484
13560,9554,6422,13570,8306,6482
13580,9565,6432,13590,8303,6484
13600,9550,6420,13610,8303,6482
13620,9562,6424,13630,8315,6478
13640,9553,6414,13650,8297,6483
13660,9548,6419,13670,8309,6483
13680,9546,6421,13690,8304,6483
13700,9554,6413,13710,8301,6476
13720,9555,6419,13730,8310,6477
13740,9552,6428,13750,8312,6488
13760,9562,6422,13770,8311,6481
13780,9556,6411,13790,8296,6474
13800,9559,6422,13810,8308,6487
13820,9563,6417,13830,8314,6474
13840,9569,6404,13850,8317,6473
13860,9550,6410,13870,8304,6479
13880,9568,6407,13890,8305,6468
13900,9559,6398,13910,8311,6463
13920,9567,6399,13930,8306,6459
13940,9561,6406,13950,8305,6458
13960,9563,6381,13970,8310,6451
13980,9560,6395,13990,8307,6459
14000,9559,6388,14010,8318,6452
14020,9556,6385,14030,8310,6443
14040,9554,6376,14050,8322,6439
14060,9567,6361,14070,8301,6494
14080,9561,6452,14090,8312,6517
14100,9560,6451,14110,8313,6521
14120,9563,6459,14130,8299,6516
14140,9559,6447,14150,8303,6514
14160,9562,6443,14170,8304,6512
14180,9567,6445,14190,8306,6490
14200,9560,6445,14210,8308,6490
14220,9562,6423,14230,8312,6505
14240,9555,6422,14250,8304,6486
14260,9554,6399,14270,8303,6474
14280,9549,6400,14290,8314,6465
14300,9555,6401,14310,8308,6465
14320,9546,6446,14330,8293,6495
14340,9540,6447,14350,8303,6502
14360,9544,6453,14370,8305,6505
14380,9545,6466,14390,8305,6509
14400,9545,6447,14410,8296,6505
14420,9564,6456,14430,8300,6495
14440,9541,6445,14450,8300,6505
14460,9550,6439,14470,8294,6512
14480,9552,6458,14490,8313,6502
14500,9544,6445,14510,8301,6511
14520,9556,6440,14530,8301,6507
14540,9555,6451,14550,8308,6514
14560,9561,6446,14570,8301,6497
14580,9558,6451,14590,8302,6503
14600,9558,6442,14610,8307,6503
14620,9558,6447,14630,8304,6510
14640,9550,6434,14650,8305,6509
14660,9567,6449,14670,8304,6510
14680,9559,6435,14690,8301,6505
14700,9560,6442,14710,8313,6509
14720,9553,6448,14730,8301,6504
14740,9550,6448,14750,8308,6502
14760,9554,6449,14770,8315,6524
14780,9554,6447,14790,8300,6514
14800,9562,6442,14810,8304,6515
14820,9549,6443,14830,8316,6508
14840,9554,6442,14850,8315,6510
14860,9558,6448,14870,8296,6510
14880,9552,6435,14890,8297,6514
14900,9546,6445,14910,8309,6502
14920,9543,6443,14930,8309,6504
14940,9546,6447,14950,8291,6505
14960,9554,6456,14970,8303,6507
14980,9545,6439,14990,8290,6513
15000,9557,6454,15010,8302,6511
15020,9552,6452,15030,8300,6513
15040,9548,6444,15050,8304,6510
15060,9566,6453,15070,8303,6517
15080,9577,6455,15090,8296,6508
15100,9556,6441,15110,8300,6517
15120,9556,6451,15130,8307,6509
15140,9556,6448,15150,8308,6475
15160,9547,6438,15170,8299,6509
15180,9548,6444,15190,8297,6503
15200,9556,6441,15210,8302,6507
15220,9546,6438,15230,8303,6507
15240,9559,6445,15250,8299,6504
15260,9554,6445,15270,8308,6498
15280,9551,6442,15290,8302,6502
15300,9547,6441,15310,8302,6505
15320,9551,6452,15330,8302,6509
15340,9556,6436,15350,8303,6504
15360,9555,6433,15370,8301,6494
15380,9555,6422,15390,8302,6488
15400,9559,6431,15410,8307,6487
15420,9557,6421,15430,8311,6479
15440,9553,6432,15450,8299,6472
15460,9559,6435,15470,8307,6499
15480,9550,6440,15490,8306,6493
15500,9533,6430,15510,8298,6488
15520,9543,6445,15530,8301,6503
15540,9545,6456,15550,8308,6504
15560,9556,6443,15570,8311,6498
15580,9559,6442,15590,8292,6496
15600,9567,6434,15610,8315,6501
15620,9548,6448,15630,8315,6496
15640,9554,6442,15650,8314,6504
15660,9564,6436,15670,8309,6501
15680,9554,6441,15690,8306,6498
15700,9560,6437,15710,8299,6494
15720,9551,6427,15730,8301,6493
15740,9556,6425,15750,8304,6454
15760,9559,6430,15770,8303,6487
15780,9556,6432,15790,8300,6489
15800,9555,6420,15810,8307,6495
15820,9555,6416,15830,8297,6489
15840,9561,6429,15850,8307,6485
15860,9553,6422,15870,8305,6489
15880,9568,6427,15890,8300,6481
15900,9563,6421,15910,8293,6466
15920,9551,6414,15930,8312,6472
15940,9558,6409,15950,8313,6476
15960,9560,6402,15970,8303,6466
15980,9548,6405,15990,8306,6467
16000,9565,6399,16010,8306,6472
16020,9566,6397,16030,8300,6465
16040,9550,6392,16050,8302,6418
16060,9565,6383,16070,8295,6441
16080,9557,6386,16090,8299,6440
16100,9552,6368,16110,8305,6442
16120,9554,6370,16130,8303,6435
16140,9552,6384,16150,8308,6490
16160,9560,6437,16170,8302,6498
16180,9553,6441,16190,8301,6501
16200,9562,6427,16210,8309,6495
16220,9562,6433,16230,8302,6498
16240,9553,6428,16250,8303,6496
16260,9558,6427,16270,8299,6494
16280,9570,6433,16290,8306,6501
16300,9556,6437,16310,8316,6499
16320,9560,6439,16330,8310,6492
16340,9547,6439,16350,8300,6493
16360,9562,6429,16370,8305,6513
16380,9551,6437,16390,8303,6503
16400,9553,6430,16410,8308,6495
16420,9548,6426,16430,8298,6495
16440,9554,6441,16450,8307,6495
16460,9554,6435,16470,8300,6502
16480,9550,6432,16490,8304,6509
16500,9559,6430,16510,8302,6489
16520,9553,6429,16530,8295,6479
16540,9553,6414,16550,8300,6482
16560,9562,6404,16570,8297,6468
16580,9557,6413,16590,8298,6480
16600,9552,6413,16610,8296,6470
16620,9546,6416,16630,8303,6482
16640,9540,6435,16650,8305,6450
16660,9540,6389,16670,8300,6455
16680,9522,6402,16690,8300,6468
16700,9519,6425,16710,8315,6493
16720,9544,6446,16730,8312,6495
16740,9553,6429,16750,8299,6494
16760,9560,6433,16770,8311,6492
16780,9568,6425,16790,8303,6486
16800,9551,6424,16810,8307,6490
16820,9570,6426,16830,8306,6493
16840,9564,6418,16850,8307,6476
16860,9554,6424,16870,8313,6479
16880,9552,6427,16890,8299,6479
16900,9565,6424,16910,8307,6475
16920,9558,6422,16930,8308,6469
16940,9551,6411,16950,8313,6471
16960,9554,6395,16970,8305,6466
16980,9551,6397,16990,8305,6455
17000,9563,6390,17010,8308,6460
17020,9554,6383,17030,8299,6444
17040,9565,6390,17050,8304,6442
17060,9552,6373,17070,8301,6344
17080,9549,6419,17090,8304,6501
17100,9556,6443,17110,8300,6515
17120,9556,6448,17130,8308,6516
17140,9566,6460,17150,8307,6516
17160,9559,6454,17170,8318,6515
17180,9567,6448,17190,8299,6515
17200,9546,6450,17210,8300,6510
17220,9547,6445,17230,8291,6510
17240,9559,6455,17250,8309,6477
17260,9549,6445,17270,8298,6509
17280,9561,6446,17290,8299,6513
17300,9542,6436,17310,8304,6496
17320,9551,6440,17330,8306,6513
17340,9550,6445,17350,8298,6509
17360,9557,6444,17370,8302,6511
17380,9550,6449,17390,8305,6504
17400,9550,6450,17410,8293,6515
17420,9563,6448,17430,8299,6508
17440,9545,6443,17450,8298,6513
17460,9538,6434,17470,8296,6508
17480,9553,6442,17490,8293,6514
17500,9543,6453,17510,8312,6501
17520,9548,6444,17530,8300,6508
17540,9547,6449,17550,8300,6489
17560,9558,6438,17570,8295,6503
17580,9540,6444,17590,8305,6504
17600,9554,6441,17610,8306,6520
17620,9553,6450,17630,8303,6511
17640,9549,6446,17650,8303,6503
17660,9551,6446,17670,8304,6503
17680,9560,6429,17690,8295,6496
17700,9549,6432,17710,8309,6497
17720,9548,6426,17730,8296,6502
17740,9560,6429,17750,8310,6495
17760,9550,6431,17770,8295,6493
17780,9537,6442,17790,8292,6503
17800,9547,6442,17810,8310,6514
17820,9538,6443,17830,8297,6503
17840,9540,6445,17850,8305,6502
17860,9553,6457,17870,8304,6502
17880,9558,6454,17890,8301,6512
17900,9564,6454,17910,8303,6510
17920,9557,6457,17930,8309,6513
17940,9553,6456,17950,8308,6512
17960,9550,6454,17970,8310,6515
17980,9560,6466,17990,8296,6511
18000,9561,6450,18010,8307,6522
18020,9556,6449,18030,8311,6512
18040,9557,6451,18050,8315,6519
18060,9560,6452,18070,8300,6501
18080,9550,6445,18090,8293,6507
18100,9557,6447,18110,8303,6500
18120,9544,6442,18130,8307,6522
18140,9550,6448,18150,8302,6505
18160,9560,6441,18170,8312,6506
18180,9555,6441,18190,8296,6504
18200,9553,6449,18210,8308,6511
18220,9551,6442,18230,8316,6514
18240,9556,6452,18250,8299,6522
18260,9548,6444,18270,8304,6514
18280,9555,6448,18290,8301,6506
18300,9549,6440,18310,8310,6510
18320,9553,6438,18330,8312,6518
18340,9550,6452,18350,8304,6512
18360,9567,6439,18370,8306,6506
18380,9548,6442,18390,8300,6508
18400,9556,6437,18410,8308,6511
18420,9552,6444,18430,8298,6501
18440,9560,6448,18450,8310,6507
18460,9551,6438,18470,8297,6497
18480,9551,6444,18490,8304,6509
18500,9560,6441,18510,8304,6505
18520,9543,6437,18530,8301,6508
18540,9549,6445,18550,8308,6507
18560,9554,6444,18570,8304,6505
18580,9554,6433,18590,8309,6503
18600,9556,6448,18610,8313,6504
18620,9550,6429,18630,8300,6504
18640,9549,6439,18650,8301,6503
18660,9566,6445,18670,8305,6499
18680,9553,6430,18690,8305,6494
18700,9558,6438,18710,8307,6489
18720,9559,6432,18730,8311,6493
18740,9546,6431,18750,8304,6485
18760,9562,6429,18770,8306,6491
18780,9552,6420,18790,8304,6484
18800,9554,6419,18810,8319,6478
18820,9548,6415,18830,8297,6477
18840,9551,6407,18850,8308,6473
18860,9549,6396,18870,8313,6462
18880,9546,6384,18890,8314,6454
18900,9561,6380,18910,8305,6454
18920,9540,6392,18930,8292,6438
18940,9536,6396,18950,8307,6460
18960,9550,6406,18970,8301,6453
18980,9540,6403,18990,8299,6452
19000,9537,6396,19010,8312,6453
19020,9532,6387,19030,8308,6455
19040,9543,6386,19050,8297,6429
19060,9532,6389,19070,8308,6423
19080,9525,6367,19090,8298,6420
19100,9530,6397,19110,8309,6485
19120,9558,6435,19130,8300,6490
19140,9551,6433,19150,8302,6491
19160,9560,6437,19170,8295,6500
19180,9553,6437,19190,8297,6495
19200,9554,6431,19210,8306,6486
19220,9534,6430,19230,8293,6489
19240,9551,6432,19250,8295,6495
19260,9549,6428,19270,8300,6491
19280,9545,6427,19290,8297,6490
19300,9557,6429,19310,8304,6497
19320,9559,6432,19330,8306,6493
19340,9555,6435,19350,8299,6493
19360,9561,6424,19370,8301,6491
19380,9556,6431,19390,8305,6494
19400,9549,6426,19410,8294,6485
19420,9547,6427,19430,8305,6500
19440,9560,6434,19450,8312,6492
19460,9547,6421,19470,8299,6490
19480,9552,6421,19490,8304,6496
19500,9562,6431,19510,8312,6492
19520,9547,6425,19530,8311,6491
19540,9555,6434,19550,8300,6492
19560,9558,6419,19570,8307,6497
19580,9553,6428,19590,8296,6497
19600,9565,6427,19610,8300,6492
19620,9552,6432,19630,8306,6490
19640,9557,6429,19650,8306,6490
19660,9543,6417,19670,8294,6479
19680,9559,6417,19690,8303,6480
19700,9560,6420,19710,8300,6481
19720,9548,6420,19730,8312,6476
19740,9546,6408,19750,8309,6471
19760,9564,6408,19770,8298,6463
19780,9547,6406,19790,8292,6469
19800,9556,6403,19810,8302,6460
19820,9547,6392,19830,8305,6465
19840,9548,6396,19850,8302,6462
19860,9557,6383,19870,8293,6459
19880,9555,6380,19890,8299,6448
19900,9562,6377,19910,8314,6445
19920,9558,6365,19930,8310,6499
19940,9546,6445,19950,8306,6513
19960,9554,6457,19970,8311,6515
19980,9550,6439,19990,8303,6500
20000,9562,6440,20010,8312,6503
20020,9549,6441,20030,8308,6498
20040,9552,6436,20050,8306,6500
20060,9558,6431,20070,8299,6487
20080,9557,6432,20090,8301,6500
20100,9561,6458,20110,8304,6515
20120,9543,6459,20130,8301,6515
20140,9538,6450,20150,8301,6512
20160,9550,6462,20170,8304,6516
20180,9549,6450,20190,8304,6506
20200,9557,6452,20210,8299,6509
20220,9559,6450,20230,8311,6512
20240,9560,6449,20250,8315,6514
20260,9547,6457,20270,8306,6506
20280,9560,6445,20290,8308,6505
20300,9563,6447,20310,8303,6507
20320,9561,6449,20330,8306,6511
20340,9576,6449,20350,8308,6517
20360,9571,6455,20370,8304,6522
20380,9570,6447,20390,8305,6514
20400,9556,6444,20410,8306,6513
20420,9564,6446,20430,8303,6504
20440,9564,6448,20450,8303,6518
20460,9557,6453,20470,8309,6510
20480,9568,6448,20490,8303,6514
20500,9566,6455,20510,8309,6516
20520,9564,6446,20530,8309,6506
20540,9570,6456,20550,8306,6503
20560,9576,6451,20570,8303,6512
20580,9566,6460,20590,8308,6510
20600,9568,6454,20610,8301,6508
20620,9573,6458,20630,8308,6506
20640,9553,6452,20650,8303,6505
20660,9561,6443,20670,8312,6515
20680,9559,6455,20690,8307,6511
20700,9567,6453,20710,8304,6510
20720,9545,6445,20730,8306,6508
20740,9555,6446,20750,8299,6516
20760,9565,6444,20770,8312,6517
20780,9562,6447,20790,8300,6519
20800,9571,6457,20810,8304,6517
20820,9570,6456,20830,8301,6511
20840,9562,6452,20850,8310,6514
20860,9557,6447,20870,8307,6513
20880,9571,6454,20890,8313,6516
20900,9573,6437,20910,8301,6512
20920,9560,6453,20930,8307,6518
20940,9564,6457,20950,8296,6510
20960,9566,6447,20970,8307,6513
20980,9559,6447,20990,8306,6513
21000,9561,6435,21010,8300,6512
21020,9570,6451,21030,8311,6509
21040,9557,6455,21050,8318,6506
21060,9569,6444,21070,8303,6507
21080,9562,6454,21090,8307,6511
21100,9568,6444,21110,8303,6511
21120,9571,6443,21130,8316,6513
21140,9571,6437,21150,8304,6488
21160,9564,6423,21170,8308,6487
21180,9570,6419,21190,8310,6482
21200,9578,6405,21210,8303,6484
21220,9573,6419,21230,8298,6480
21240,9568,6431,21250,8312,6492
21260,9565,6436,21270,8302,6490
21280,9551,6432,21290,8312,6495
21300,9549,6440,21310,8306,6506
21320,9544,6438,21330,8307,6507
21340,9546,6448,21350,8299,6500
21360,9558,6442,21370,8304,6503
21380,9556,6439,21390,8304,6493
21400,9571,6438,21410,8301,6493
21420,9567,6443,21430,8309,6501
21440,9572,6447,21450,8312,6506
21460,9574,6443,21470,8310,6495
21480,9563,6446,21490,8301,6505
21500,9571,6439,21510,8306,6507
21520,9571,6436,21530,8308,6493
21540,9576,6434,21550,8301,6491
21560,9577,6432,21570,8299,6497
21580,9562,6435,21590,8305,6506
21600,9575,6434,21610,8307,6501
21620,9573,6435,21630,8305,6498
21640,9570,6426,21650,8308,6492
21660,9580,6430,21670,8305,6498
21680,9578,6423,21690,8318,6492
21700,9564,6424,21710,8304,6493
21720,9568,6420,21730,8308,6483
21740,9567,6422,21750,8304,6472
21760,9557,6402,21770,8310,6469
21780,9570,6407,21790,8302,6466
21800,9576,6421,21810,8307,6461
21820,9568,6406,21830,8312,6475
21840,9574,6401,21850,8307,6461
21860,9576,6404,21870,8311,6462
21880,9561,6384,21890,8310,6460
21900,9569,6395,21910,8313,6446
21920,9568,6389,21930,8299,6447
21940,9569,6377,21950,8297,6444
21960,9576,6373,21970,8296,6439
21980,9567,6375,21990,8301,6433
22000,9568,6410,22010,8312,6487
22020,9570,6424,22030,8310,6487
22040,9564,6424,22050,8296,6485
22060,9561,6428,22070,8297,6495
22080,9561,6424,22090,8305,6496
22100,9574,6424,22110,8307,6487
22120,9562,6427,22130,8311,6493
22140,9570,6430,22150,8308,6488
22160,9567,6432,22170,8313,6488
22180,9556,6423,22190,8303,6484
22200,9566,6422,22210,8304,6494
22220,9565,6426,22230,8304,6488
22240,9576,6412,22250,8304,6476
22260,9558,6428,22270,8309,6488
22280,9563,6414,22290,8304,6484
22300,9566,6414,22310,8305,6478
22320,9564,6403,22330,8303,6471
22340,9580,6411,22350,8307,6476
22360,9576,6402,22370,8306,6471
22380,9566,6383,22390,8310,6475
22400,9562,6416,22410,8297,6477
22420,9570,6416,22430,8309,6484
22440,9550,6420,22450,8308,6487
22460,9555,6415,22470,8300,6485
22480,9544,6417,22490,8298,6470
22500,9562,6417,22510,8309,6478
22520,9570,6420,22530,8310,6479
22540,9568,6417,22550,8307,6478
22560,9567,6411,22570,8299,6481
22580,9567,6409,22590,8309,6484
22600,9568,6415,22610,8306,6483
22620,9575,6418,22630,8304,6481
22640,9573,6413,22650,8299,6469
22660,9556,6407,22670,8306,6462
22680,9566,6412,22690,8298,6461
22700,9573,6400,22710,8304,6459
22720,9573,6396,22730,8303,6464
22740,9571,6395,22750,8308,6456
22760,9567,6374,22770,8300,6454
22780,9560,6383,22790,8299,6452
22800,9573,6380,22810,8309,6455
22820,9574,6383,22830,8302,6451
22840,9554,6370,22850,8306,6433
22860,9577,6140,22870,8306,6468
22880,9578,6443,22890,8307,6508
22900,9568,6451,22910,8306,6506
22920,9557,6442,22930,8300,6503
22940,9567,6448,22950,8309,6516
22960,9570,6451,22970,8305,6507
22980,9557,6442,22990,8301,6519
23000,9577,6443,23010,8299,6505
23020,9568,6450,23030,8306,6517
23040,9567,6447,23050,8296,6513
23060,9569,6456,23070,8309,6510
23080,9572,6452,23090,8316,6514
23100,9569,6454,23110,8304,6502
23120,9572,6446,23130,8306,6517
23140,9565,6449,23150,8308,6512
23160,9569,6445,23170,8302,6505
23180,9568,6446,23190,8309,6513
23200,9568,6447,23210,8312,6510
23220,9563,6444,23230,8308,6510
23240,9561,6446,23250,8301,6514
23260,9567,6444,23270,8304,6508
23280,9561,6446,23290,8308,6516
23300,9557,6440,23310,8302,6508
23320,9560,6432,23330,8304,6507
23340,9570,6446,23350,8309,6499
23360,9562,6441,23370,8305,6516
23380,9576,6445,23390,8307,6505
23400,9564,6441,23410,8303,6503
23420,9566,6444,23430,8300,6508
23440,9568,6439,23450,8295,6513
23460,9578,6440,23470,8305,6495
23480,9572,6428,23490,8314,6492
23500,9563,6416,23510,8296,6493
23520,9566,6419,23530,8313,6492
23540,9563,6421,23550,8295,6469
23560,9565,6399,23570,8301,6459
23580,9565,6386,23590,8300,6460
23600,9566,6413,23610,8308,6500
23620,9549,6442,23630,8300,6505
23640,9547,6440,23650,8306,6507
23660,9562,6458,23670,8306,6506
23680,9570,6448,23690,8311,6510
23700,9555,6447,23710,8306,6512
23720,9564,6447,23730,8304,6506
23740,9564,6441,23750,8317,6515
23760,9564,6449,23770,8308,6523
23780,9573,6447,23790,8313,6522
23800,9574,6452,23810,8302,6506
23820,9567,6447,23830,8306,6514
23840,9579,6449,23850,8316,6511
23860,9569,6453,23870,8300,6505
23880,9576,6459,23890,8312,6512
23900,9574,6457,23910,8314,6514
23920,9569,6446,23930,8306,6506
23940,9584,6453,23950,8303,6521
23960,9568,6445,23970,8306,6512
23980,9581,6454,23990,8315,6517
24000,9575,6451,24010,8303,6509
24020,9558,6441,24030,8316,6506
24040,9566,6448,24050,8316,6505
24060,9577,6445,24070,8314,6506
24080,9574,6443,24090,8310,6511
24100,9567,6440,24110,8300,6505
24120,9569,6447,24130,8316,6512
24140,9574,6447,24150,8305,6506
24160,9571,6440,24170,8309,6505
24180,9574,6440,24190,8314,6505
24200,9575,6449,24210,8302,6504
24220,9568,6438,24230,8306,6500
24240,9565,6443,24250,8301,6503
24260,9570,6452,24270,8302,6508
24280,9570,6442,24290,8306,6498
24300,9561,6442,24310,8312,6507
24320,9570,6450,24330,8308,6495
24340,9568,6437,24350,8302,6500
24360,9579,6445,24370,8309,6499
24380,9567,6444,24390,8315,6503
24400,9571,6437,24410,8305,6501
24420,9571,6439,24430,8318,6505
24440,9574,6434,24450,8316,6513
24460,9565,6433,24470,8299,6498
24480,9564,6427,24490,8299,6499
24500,9559,6431,24510,8313,6492
24520,9566,6429,24530,8309,6489
24540,9576,6432,24550,8311,6499
24560,9571,6425,24570,8307,6484
24580,9571,6430,24590,8305,6489
24600,9562,6422,24610,8306,6487
24620,9566,6405,24630,8308,6471
24640,9564,6405,24650,8317,6474
24660,9565,6392,24670,8312,6464
24680,9569,6402,24690,8310,6457
24700,9565,6392,24710,8308,6450
24720,9566,6403,24730,8308,6465
24740,9564,6400,24750,8305,6422
24760,9561,6333,24770,8305,6431
24780,9545,6380,24790,8311,6428
24800,9541,6356,24810,8308,6450
24820,9549,6386,24830,8310,6454
24840,9567,6381,24850,8305,6441
24860,9556,6384,24870,8301,6439
24880,9572,6364,24890,8309,6472
24900,9563,6430,24910,8307,6500
24920,9561,6431,24930,8301,6490
24940,9575,6441,24950,8309,6500
24960,9560,6440,24970,8309,6497
24980,9562,6440,24990,8305,6504
25000,9582,6436,25010,8307,6503
25020,9565,6439,25030,8305,6499
25040,9555,6418,25050,8317,6496
25060,9565,6434,25070,8306,6487
25080,9570,6436,25090,8307,6486
25100,9571,6428,25110,8300,6492
25120,9569,6439,25130,8305,6495
25140,9577,6435,25150,8312,6494
25160,9565,6441,25170,8310,6499
25180,9575,6429,25190,8310,6501
25200,9572,6436,25210,8307,6490
25220,9572,6442,25230,8308,6495
25240,9581,6435,25250,8304,6498
25260,9570,6443,25270,8307,6493
25280,9568,6431,25290,8307,6497
25300,9569,6431,25310,8295,6486
25320,9568,6434,25330,8308,6499
25340,9553,6428,25350,8314,6492
25360,9575,6427,25370,8305,6496
25380,9554,6429,25390,8315,6492
25400,9567,6438,25410,8297,6486
25420,9570,6429,25430,8313,6494
25440,9565,6435,25450,8313,6492
25460,9568,6431,25470,8305,6486
25480,9557,6430,25490,8310,6485
25500,9571,6429,25510,8310,6497
25520,9567,6428,25530,8308,6484
25540,9573,6427,25550,8304,6487
25560,9572,6418,25570,8295,6490
25580,9563,6411,25590,8301,6483
25600,9573,6408,25610,8304,6477
25620,9572,6408,25630,8302,6469
25640,9571,6403,25650,8300,6474
25660,9554,6393,25670,8307,6466
25680,9563,6409,25690,8312,6470
25700,9563,6402,25710,8300,6472
25720,9560,6390,25730,8316,6461
25740,9576,6408,25750,8315,6463
25760,9566,6386,25770,8301,6454
25780,9573,6379,25790,8302,6433
25800,9556,6346,25810,8307,6365
25820,9567,6392,25830,8311,6488
25840,9559,6415,25850,8308,6486
25860,9564,6423,25870,8297,6493
25880,9563,6433,25890,8308,6501
25900,9556,6439,25910,8302,6509
25920,9553,6456,25930,8306,6503
25940,9552,6456,25950,8306,6510
25960,9551,6449,25970,8295,6499
25980,9547,6444,25990,8300,6499
26000,9562,6446,26010,8299,6511
26020,9562,6446,26030,8305,6503
26040,9582,6456,26050,8310,6502
26060,9563,6447,26070,8301,6507
26080,9560,6447,26090,8307,6506
26100,9564,6441,26110,8300,6504
26120,9560,6441,26130,8312,6514
26140,9572,6436,26150,8303,6511
26160,9562,6450,26170,8297,6504
26180,9563,6444,26190,8306,6500
26200,9572,6453,26210,8300,6503
26220,9556,6437,26230,8301,6507
26240,9561,6444,26250,8305,6508
26260,9567,6435,26270,8307,6510
26280,9572,6442,26290,8306,6509
26300,9570,6450,26310,8307,6508
26320,9565,6452,26330,8305,6506
26340,9555,6441,26350,8297,6509
26360,9575,6444,26370,8298,6505
26380,9564,6436,26390,8303,6512
26400,9564,6443,26410,8302,6504
26420,9569,6454,26430,8305,6513
26440,9559,6449,26450,8300,6518
26460,9562,6448,26470,8299,6510
26480,9563,6438,26490,8310,6515
26500,9570,6438,26510,8298,6505
26520,9560,6439,26530,8303,6512
26540,9571,6438,26550,8304,6507
26560,9552,6440,26570,8302,6510
26580,9565,6447,26590,8299,6508
26600,9566,6447,26610,8305,6503
26620,9570,6455,26630,8287,6509
26640,9568,6440,26650,8304,6514
26660,9556,6446,26670,8307,6510
26680,9565,6446,26690,8305,6513
26700,9564,6442,26710,8306,6504
26720,9556,6449,26730,8302,6506
26740,9567,6450,26750,8310,6517
26760,9569,6449,26770,8302,6513
26780,9560,6443,26790,8304,6519
26800,9577,6449,26810,8300,6509
26820,9572,6452,26830,8302,6511
26840,9561,6394,26850,8305,6511
26860,9575,6447,26870,8311,6513
26880,9565,6451,26890,8312,6508
26900,9568,6448,26910,8302,6509
26920,9579,6451,26930,8305,6514
26940,9573,6434,26950,8304,6503
26960,9564,6429,26970,8297,6499
26980,9565,6430,26990,8303,6502
27000,9564,6432,27010,8312,6496
27020,9570,6437,27030,8310,6498
27040,9564,6443,27050,8297,6513
27060,9564,6447,27070,8299,6508
27080,9562,6446,27090,8300,6496
27100,9557,6449,27110,8306,6512
27120,9556,6438,27130,8311,6499
27140,9560,6389,27150,8311,6477
27160,9540,6444,27170,8307,6496
27180,9554,6450,27190,8308,6490
27200,9560,6452,27210,8316,6506
27220,9579,6456,27230,8304,6509
27240,9570,6443,27250,8315,6509
27260,9569,6434,27270,8304,6507
27280,9557,6438,27290,8309,6503
27300,9571,6437,27310,8304,6507
27320,9572,6445,27330,8307,6502
27340,9572,6447,27350,8305,6505
27360,9574,6446,27370,8311,6512
27380,9572,6436,27390,8310,6496
27400,9569,6452,27410,8306,6497
27420,9563,6438,27430,8310,6500
27440,9568,6442,27450,8309,6497
27460,9558,6432,27470,8297,6497
27480,9566,6435,27490,8309,6506
27500,9569,6434,27510,8307,6513
27520,9556,6429,27530,8298,6490
27540,9567,6424,27550,8302,6489
27560,9569,6422,27570,8315,6496
27580,9574,6435,27590,8308,6493
27600,9576,6429,27610,8315,6489
27620,9568,6425,27630,8313,6487
27640,9571,6428,27650,8308,6486
27660,9573,6423,27670,8304,6481
27680,9567,6414,27690,8315,6483
27700,9565,6415,27710,8315,6475
27720,9563,6412,27730,8306,6470
27740,9542,6351,27750,8306,6464
27760,9559,6394,27770,8322,6464
27780,9565,6392,27790,8306,6466
27800,9571,6398,27810,8308,6456
27820,9572,6400,27830,8308,6467
27840,9576,6389,27850,8312,6458
27860,9569,6383,27870,8301,6451
27880,9577,6377,27890,8301,6435
27900,9558,6368,27910,8309,6429
27920,9562,6385,27930,8302,6486
27940,9576,6436,27950,8309,6495
27960,9570,6421,27970,8308,6494
27980,9576,6430,27990,8312,6490
28000,9579,6440,28010,8305,6491
28020,9576,6432,28030,8300,6489
28040,9534,6421,28050,8314,6488
28060,9560,6424,28070,8302,6486
28080,9569,6418,28090,8308,6488
28100,9569,6422,28110,8317,6486
28120,9572,6409,28130,8314,6467
28140,9563,6393,28150,8319,6465
28160,9583,6397,28170,8307,6468
28180,9576,6410,28190,8308,6474
28200,9563,6412,28210,8306,6475
28220,9569,6430,28230,8315,6482
28240,9564,6431,28250,8305,6482
28260,9549,6422,28270,8310,6496
28280,9555,6423,28290,8305,6477
28300,9555,6424,28310,8308,6484
28320,9558,6434,28330,8318,6479
28340,9557,6420,28350,8296,6484
28360,9581,6426,28370,8308,6492
28380,9581,6426,28390,8319,6490
28400,9571,6430,28410,8305,6483
28420,9576,6422,28430,8308,6488
28440,9567,6416,28450,8313,6485
28460,9571,6427,28470,8312,6482
28480,9578,6420,28490,8306,6482
28500,9558,6412,28510,8305,6483
28520,9571,6428,28530,8317,6482
28540,9570,6426,28550,8309,6487
28560,9560,6412,28570,8299,6479
28580,9571,6402,28590,8297,6459
28600,9561,6413,28610,8304,6474
28620,9559,6408,28630,8308,6458
28640,9532,6334,28650,8304,6466
28660,9571,6404,28670,8310,6464
28680,9569,6397,28690,8302,6454
28700,9576,6399,28710,8302,6456
28720,9568,6392,28730,8299,6452
28740,9575,6380,28750,8299,6442
28760,9560,6375,28770,8307,6429
28780,9571,6251,28790,8310,6483
28800,9570,6439,28810,8300,6500
28820,9564,6439,28830,8306,6510
28840,9574,6445,28850,8304,6514
28860,9567,6449,28870,8305,6513
28880,9558,6456,28890,8309,6512
28900,9565,6441,28910,8312,6522
28920,9561,6441,28930,8304,6504
28940,9556,6445,28950,8294,6509
28960,9567,6450,28970,8304,6505
28980,9565,6440,28990,8299,6502
29000,9566,6449,29010,8294,6496
29020,9564,6448,29030,8308,6512
29040,9571,6445,29050,8313,6520
29060,9558,6441,29070,8307,6503
29080,9568,6452,29090,8303,6518
29100,9572,6447,29110,8301,6514
29120,9565,6440,29130,8303,6512
29140,9567,6445,29150,8315,6517
29160,9574,6443,29170,8308,6518
29180,9571,6456,29190,8312,6520
29200,9560,6454,29210,8308,6515
29220,9566,6444,29230,8304,6513
29240,9532,6411,29250,8315,6494
29260,9572,6430,29270,8308,6488
29280,9570,6423,29290,8305,6487
29300,9571,6429,29310,8293,6492
29320,9571,6425,29330,8296,6489
29340,9570,6435,29350,8304,6503
29360,9566,6435,29370,8301,6501
29380,9563,6443,29390,8308,6504
29400,9561,6446,29410,8303,6500
29420,9551,6449,29430,8308,6502
29440,9551,6445,29450,8310,6511
29460,9567,6456,29470,8306,6509
29480,9564,6437,29490,8305,6504
29500,9563,6450,29510,8297,6508
29520,9574,6447,29530,8305,6513
29540,9547,6393,29550,8309,6512
29560,9569,6454,29570,8316,6516
29580,9566,6443,29590,8311,6511
29600,9563,6451,29610,8304,6521
29620,9547,6446,29630,8308,6513
29640,9555,6453,29650,8306,6509
29660,9567,6447,29670,8310,6516
29680,9576,6447,29690,8313,6508
29700,9561,6433,29710,8302,6508
29720,9568,6449,29730,8302,6514
29740,9561,6440,29750,8303,6508
29760,9561,6442,29770,8302,6510
29780,9570,6445,29790,8294,6521
29800,9569,6436,29810,8304,6508
29820,9563,6454,29830,8305,6514
29840,9560,6446,29850,8299,6510
29860,9574,6445,29870,8298,6505
29880,9557,6443,29890,8310,6494
29900,9559,6445,29910,8301,6501
29920,9580,6453,29930,8302,6503
29940,9567,6439,29950,8303,6507
29960,9567,6434,29970,8301,6499
29980,9562,6437,29990,8310,6516
30000,9564,6447,30010,8306,6501
30020,9559,6438,30030,8305,6503
30040,9559,6434,30050,8305,6507
30060,9567,6439,30070,8314,6506
30080,9567,6449,30090,8309,6502
30100,9581,6455,30110,8312,6510
30120,9577,6449,30130,8304,6503
30140,9559,6432,30150,8311,6499
30160,9567,6443,30170,8300,6500
30180,9583,6444,30190,8301,6501
30200,9567,6442,30210,8311,6502
30220,9573,6440,30230,8308,6504
30240,9565,6439,30250,8311,6503
30260,9573,6437,30270,8307,6503
30280,9581,6440,30290,8305,6506
30300,9560,6437,30310,8306,6498
30320,9570,6446,30330,8293,6483
30340,9568,6432,30350,8307,6492
30360,9573,6442,30370,8311,6506
30380,9573,6434,30390,8309,6493
30400,9564,6430,30410,8310,6488
30420,9562,6410,30430,8306,6477
30440,9573,6397,30450,8302,6456
30460,9551,6393,30470,8305,6465
30480,9565,6397,30490,8304,6459
30500,9576,6395,30510,8308,6455
30520,9571,6392,30530,8296,6461
30540,9570,6412,30550,8302,6459
30560,9554,6400,30570,8317,6457
30580,9549,6400,30590,8304,6456
30600,9547,6394,30610,8302,6449
30620,9550,6398,30630,8315,6448
30640,9570,6403,30650,8309,6441
30660,9575,6392,30670,8309,6441
30680,9577,6377,30690,8302,6442
30700,9573,6364,30710,8304,6427
30720,9570,6352,30730,8299,6477
30740,9565,6431,30750,8303,6485
30760,9577,6435,30770,8317,6488
30780,9567,6438,30790,8306,6487
30800,9571,6435,30810,8312,6503
30820,9571,6435,30830,8321,6508
30840,9568,6437,30850,8290,6497
30860,9568,6442,30870,8317,6497
30880,9564,6429,30890,8306,6500
30900,9571,6434,30910,8310,6496
30920,9578,6435,30930,8297,6504
30940,9576,6429,30950,8319,6500
30960,9574,6442,30970,8314,6496
30980,9574,6437,30990,8306,6503
31000,9565,6442,31010,8310,6499
31020,9575,6431,31030,8311,6495
31040,9569,6424,31050,8307,6494
31060,9569,6430,31070,8313,6490
31080,9573,6436,31090,8305,6495
31100,9574,6429,31110,8308,6498
31120,9563,6431,31130,8312,6492
31140,9572,6431,31150,8314,6496
31160,9575,6434,31170,8316,6497
31180,9568,6430,31190,8307,6493
31200,9566,6433,31210,8307,6491
31220,9561,6432,31230,8306,6496
31240,9577,6436,31250,8314,6496
31260,9574,6435,31270,8309,6495
31280,9572,6438,31290,8317,6498
31300,9567,6435,31310,8310,6496
31320,9567,6422,31330,8306,6490
31340,9567,6424,31350,8307,6481
31360,9570,6421,31370,8314,6486
31380,9565,6413,31390,8304,6482
31400,9574,6419,31410,8311,6473
31420,9577,6417,31430,8312,6474
31440,9566,6410,31450,8313,6467
31460,9559,6407,31470,8304,6470
31480,9565,6404,31490,8302,6463
31500,9562,6403,31510,8304,6458
31520,9568,6392,31530,8305,6455
31540,9573,6384,31550,8302,6456
31560,9571,6376,31570,8316,6425
31580,9573,6347,31590,8303,6478
31600,9564,6423,31610,8308,6495
31620,9575,6433,31630,8310,6495
31640,9563,6424,31650,8307,6472
31660,9574,6409,31670,8311,6474
31680,9566,6398,31690,8307,6469
31700,9559,6451,31710,8308,6508
31720,9560,6458,31730,8313,6504
31740,9559,6453,31750,8302,6510
31760,9562,6451,31770,8310,6510
31780,9568,6441,31790,8315,6507
31800,9567,6440,31810,8313,6510
31820,9563,6451,31830,8305,6510
31840,9573,6446,31850,8312,6509
31860,9568,6454,31870,8308,6516
31880,9574,6458,31890,8310,6506
31900,9571,6456,31910,8309,6510
31920,9573,6450,31930,8303,6512
31940,9568,6451,31950,8308,6506
31960,9572,6445,31970,8305,6509
31980,9566,6439,31990,8310,6512
32000,9576,6455,32010,8299,6505
32020,9567,6439,32030,8303,6516
32040,9571,6448,32050,8298,6510
32060,9572,6451,32070,8310,6512
32080,9571,6450,32090,8300,6510
32100,9564,6441,32110,8311,6509
32120,9570,6443,32130,8298,6502
32140,9566,6453,32150,8305,6513
32160,9572,6447,32170,8305,6511
32180,9573,6447,32190,8298,6522
32200,9573,6446,32210,8303,6511
32220,9576,6449,32230,8304,6507
32240,9571,6438,32250,8297,6505
32260,9576,6440,32270,8300,6500
32280,9564,6457,32290,8315,6498
32300,9567,6450,32310,8313,6518
32320,9555,6451,32330,8307,6513
32340,9570,6453,32350,8299,6517
32360,9564,6449,32370,8313,6517
32380,9561,6448,32390,8303,6511
32400,9564,6451,32410,8308,6514
32420,9567,6449,32430,8313,6521
32440,9572,6457,32450,8320,6515
32460,9574,6458,32470,8307,6510
32480,9564,6448,32490,8307,6516
32500,9574,6458,32510,8313,6514
32520,9569,6458,32530,8300,6517
32540,9574,6436,32550,8308,6513
32560,9571,6448,32570,8309,6509
32580,9571,6445,32590,8301,6504
32600,9555,6451,32610,8307,6521
32620,9584,6447,32630,8306,6521
32640,9567,6451,32650,8309,6517
32660,9574,6447,32670,8318,6525
32680,9562,6456,32690,8312,6511
32700,9571,6447,32710,8317,6525
32720,9577,6452,32730,8308,6505
32740,9576,6443,32750,8305,6490
32760,9571,6418,32770,8311,6492
32780,9568,6426,32790,8308,6493
32800,9561,6423,32810,8298,6489
32820,9578,6411,32830,8309,6495
32840,9564,6435,32850,8306,6490
32860,9553,6437,32870,8311,6492
32880,9554,6441,32890,8306,6500
32900,9552,6449,32910,8304,6497
32920,9544,6431,32930,8308,6510
32940,9565,6451,32950,8310,6508
32960,9562,6448,32970,8308,6508
32980,9571,6447,32990,8311,6505
33000,9571,6438,33010,8304,6506
33020,9571,6453,33030,8297,6500
33040,9570,6461,33050,8313,6497
33060,9573,6436,33070,8308,6496
33080,9570,6439,33090,8304,6505
33100,9563,6434,33110,8304,6501
33120,9573,6435,33130,8298,6506
33140,9560,6432,33150,8305,6499
33160,9574,6434,33170,8306,6493
33180,9565,6436,33190,8304,6487
33200,9564,6432,33210,8314,6492
33220,9575,6438,33230,8311,6495
33240,9566,6427,33250,8308,6498
33260,9562,6437,33270,8308,6496
33280,9563,6426,33290,8298,6497
33300,9569,6421,33310,8302,6485
33320,9568,6425,33330,8312,6485
33340,9572,6421,33350,8310,6493
33360,9573,6419,33370,8317,6485
33380,9566,6415,33390,8308,6482
33400,9567,6415,33410,8307,6477
33420,9567,6413,33430,8310,6476
33440,9572,6405,33450,8303,6466
33460,9570,6403,33470,8311,6472
33480,9559,6393,33490,8308,6457
33500,9568,6395,33510,8305,6451
33520,9560,6389,33530,8301,6460
33540,9573,6383,33550,8297,6442
33560,9564,6373,33570,8314,6449
33580,9574,6375,33590,8296,6427
33600,9560,6364,33610,8302,6445
33620,9568,6419,33630,8298,6490
33640,9550,6421,33650,8302,6492
33660,9562,6427,33670,8300,6481
33680,9545,6414,33690,8297,6488
33700,9564,6426,33710,8298,6493
33720,9561,6428,33730,8308,6496
33740,9554,6418,33750,8299,6488
33760,9568,6422,33770,8307,6480
33780,9561,6421,33790,8297,6480
33800,9565,6427,33810,8307,6486
33820,9565,6420,33830,8311,6489
33840,9553,6425,33850,8300,6476
33860,9573,6429,33870,8302,6481
33880,9570,6412,33890,8301,6481
33900,9559,6405,33910,8305,6477
33920,9560,6398,33930,8301,6476
33940,9576,6401,33950,8303,6476
33960,9571,6415,33970,8312,6478
33980,9564,6416,33990,8304,6478
34000,9553,6416,34010,8309,6485
34020,9548,6426,34030,8301,6476
34040,9548,6408,34050,8307,6468
34060,9534,6375,34070,8312,6446
34080,9522,6410,34090,8309,6460
34100,9565,6429,34110,8302,6476
34120,9569,6426,34130,8298,6474
34140,9557,6427,34150,8296,6469
34160,9567,6415,34170,8304,6479
34180,9564,6423,34190,8305,6483
34200,9557,6411,34210,8311,6473
34220,9551,6417,34230,8304,6479
34240,9567,6404,34250,8302,6479
34260,9573,6415,34270,8298,6478
34280,9560,6405,34290,8308,6476
34300,9563,6402,34310,8307,6465
34320,9567,6400,34330,8308,6466
34340,9565,6396,34350,8304,6461
34360,9567,6388,34370,8307,6453
34380,9562,6387,34390,8299,6447
34400,9557,6373,34410,8311,6451
34420,9566,6371,34430,8306,6430
34440,9560,6362,34450,8307,6497
34460,9571,6444,34470,8314,6527
34480,9563,6448,34490,8304,6511
34500,9560,6447,34510,8309,6507
34520,9562,6452,34530,8312,6506
34540,9566,6448,34550,8303,6513
34560,9565,6461,34570,8316,6502
34580,9565,6450,34590,8313,6522
34600,9562,6455,34610,8314,6525
34620,9570,6447,34630,8307,6519
34640,9559,6449,34650,8308,6517
34660,9575,6449,34670,8317,6506
34680,9558,6452,34690,8300,6504
34700,9575,6453,34710,8297,6506
34720,9567,6450,34730,8305,6515
34740,9561,6455,34750,8307,6522
34760,9580,6441,34770,8307,6512
34780,9570,6457,34790,8308,6512
34800,9566,6453,34810,8300,6511
34820,9567,6454,34830,8300,6506
34840,9563,6443,34850,8308,6513
34860,9564,6447,34870,8317,6514
34880,9565,6452,34890,8299,6512
34900,9570,6447,34910,8308,6508
34920,9568,6450,34930,8303,6512
34940,9566,6439,34950,8306,6516
34960,9567,6442,34970,8299,6509
34980,9565,6452,34990,8302,6515
35000,9567,6456,35010,8300,6510
35020,9560,6445,35030,8301,6502
35040,9562,6440,35050,8302,6499
35060,9560,6429,35070,8307,6493
35080,9558,6426,35090,8313,6495
35100,9565,6419,35110,8306,6482
35120,9561,6418,35130,8304,6483
35140,9562,6427,35150,8308,6492
35160,9566,6435,35170,8306,6496
35180,9555,6439,35190,8304,6503
35200,9540,6456,35210,8310,6499
35220,9543,6452,35230,8306,6514
35240,9531,6460,35250,8316,6480
35260,9537,6440,35270,8305,6490
35280,9538,6443,35290,8309,6496
35300,9560,6458,35310,8305,6521
35320,9565,6456,35330,8301,6510
35340,9560,6447,35350,8294,6509
35360,9566,6451,35370,8307,6505
35380,9556,6452,35390,8311,6504
35400,9567,6447,35410,8302,6513
35420,9563,6444,35430,8302,6505
35440,9555,6444,35450,8304,6516
35460,9572,6439,35470,8298,6503
35480,9549,6448,35490,8303,6507
35500,9557,6449,35510,8301,6509
35520,9565,6452,35530,8302,6510
35540,9564,6441,35550,8297,6507
35560,9566,6443,35570,8304,6510
35580,9574,6443,35590,8305,6502
35600,9558,6445,35610,8308,6510
35620,9573,6449,35630,8311,6508
35640,9565,6435,35650,8302,6504
35660,9564,6445,35670,8309,6517
35680,9561,6439,35690,8317,6515
35700,9564,6452,35710,8314,6503
35720,9572,6445,35730,8306,6520
35740,9569,6444,35750,8317,6507
35760,9566,6438,35770,8322,6516
35780,9567,6447,35790,8306,6500
35800,9563,6445,35810,8310,6513
35820,9567,6448,35830,8301,6502
35840,9571,6438,35850,8306,6504
35860,9565,6449,35870,8308,6512
35880,9564,6438,35890,8299,6507
35900,9570,6431,35910,8300,6507
35920,9569,6439,35930,8309,6505
35940,9568,6448,35950,8306,6501
35960,9567,6442,35970,8310,6496
35980,9559,6430,35990,8302,6511
36000,9569,6444,36010,8310,6504
36020,9568,6441,36030,8308,6493
36040,9565,6425,36050,8311,6492
36060,9561,6426,36070,8305,6494
36080,9568,6419,36090,8303,6485
36100,9568,6425,36110,8305,6493
36120,9574,6426,36130,8307,6484
36140,9568,6426,36150,8310,6491
36160,9571,6418,36170,8308,6484
36180,9572,6418,36190,8313,6473
36200,9569,6399,36210,8313,6464
36220,9571,6387,36230,8313,6467
36240,9567,6388,36250,8309,6454
36260,9563,6376,36270,8304,6450
36280,9569,6376,36290,8306,6441
36300,9560,6370,36310,8311,6443
36320,9564,6384,36330,8306,6449
36340,9550,6393,36350,8303,6445
36360,9559,6380,36370,8310,6442
36380,9556,6368,36390,8297,6428
36400,9549,6400,36410,8302,6494
36420,9559,6432,36430,8304,6498
36440,9570,6436,36450,8304,6493
36460,9579,6436,36470,8315,6496
36480,9579,6433,36490,8319,6501
36500,9568,6439,36510,8314,6503
36520,9565,6436,36530,8303,6496
36540,9573,6433,36550,8303,6504
36560,9570,6435,36570,8313,6502
36580,9573,6429,36590,8301,6490
36600,9561,6441,36610,8311,6492
36620,9573,6434,36630,8301,6494
36640,9566,6424,36650,8311,6496
36660,9568,6436,36670,8304,6500
36680,9560,6429,36690,8306,6497
36700,9573,6445,36710,8310,6502
36720,9568,6437,36730,8305,6497
36740,9556,6420,36750,8306,6490
36760,9562,6429,36770,8306,6488
36780,9568,6428,36790,8306,6490
36800,9561,6431,36810,8315,6484
36820,9557,6431,36830,8300,6487
36840,9564,6437,36850,8309,6492
36860,9566,6425,36870,8303,6494
36880,9555,6433,36890,8299,6503
36900,9560,6427,36910,8308,6495
36920,9565,6430,36930,8298,6487
36940,9571,6437,36950,8295,6490
36960,9566,6431,36970,8297,6485
36980,9557,6425,36990,8313,6493
37000,9562,6423,37010,8309,6490
37020,9561,6431,37030,8303,6480
37040,9571,6422,37050,8305,6477
37060,9562,6415,37070,8301,6476
37080,9559,6413,37090,8312,6482
37100,9567,6406,37110,8306,6471
37120,9565,6415,37130,8310,6481
37140,9564,6406,37150,8299,6469
37160,9563,6411,37170,8301,6471
37180,9551,6405,37190,8307,6475
37200,9551,6392,37210,8306,6466
37220,9564,6394,37230,8302,6460
37240,9564,6394,37250,8309,6460
37260,9564,6387,37270,8303,6452
37280,9570,6387,37290,8304,6450
37300,9562,6380,37310,8301,6438
37320,9553,6240,37330,8308,6467
37340,9562,6429,37350,8305,6502
37360,9565,6445,37370,8295,6503
37380,9555,6426,37390,8303,6488
37400,9560,6430,37410,8315,6488
37420,9556,6428,37430,8304,6492
37440,9563,6436,37450,8312,6492
37460,9557,6434,37470,8298,6489
37480,9563,6443,37490,8305,6501
37500,9557,6454,37510,8308,6504
37520,9545,6455,37530,8304,6500
37540,9548,6452,37550,8321,6509
37560,9548,6455,37570,8311,6508
37580,9559,6452,37590,8300,6501
37600,9556,6447,37610,8314,6505
37620,9572,6456,37630,8315,6512
37640,9542,6447,37650,8310,6496
37660,9551,6451,37670,8310,6506
37680,9569,6457,37690,8302,6504
37700,9566,6448,37710,8307,6502
37720,9554,6443,37730,8305,6516
37740,9566,6451,37750,8300,6511
37760,9569,6453,37770,8318,6524
37780,9565,6459,37790,8315,6518
37800,9552,6446,37810,8313,6513
37820,9575,6454,37830,8312,6518
37840,9565,6458,37850,8312,6509
37860,9577,6455,37870,8308,6506
37880,9557,6446,37890,8306,6520
37900,9566,6448,37910,8312,6516
37920,9561,6448,37930,8309,6516
37940,9564,6456,37950,8296,6513
37960,9561,6460,37970,8306,6522
37980,9569,6443,37990,8308,6525
38000,9561,6452,38010,8301,6522
38020,9551,6446,38030,8294,6513
38040,9571,6457,38050,8315,6521
38060,9565,6444,38070,8299,6512
38080,9565,6448,38090,8303,6513
38100,9569,6453,38110,8306,6509
38120,9566,6459,38130,8305,6504
38140,9563,6456,38150,8299,6521
38160,9562,6470,38170,8311,6514
38180,9569,6446,38190,8312,6519
38200,9571,6451,38210,8318,6528
38220,9566,6454,38230,8310,6514
38240,9562,6444,38250,8315,6517
38260,9561,6457,38270,8313,6521
38280,9567,6453,38290,8306,6523
38300,9564,6450,38310,8313,6520
38320,9565,6451,38330,8308,6514
38340,9570,6451,38350,8311,6509
38360,9567,6448,38370,8306,6507
38380,9556,6449,38390,8302,6510
38400,9562,6452,38410,8312,6510
38420,9569,6446,38430,8300,6515
38440,9576,6451,38450,8316,6510
38460,9561,6446,38470,8315,6510
38480,9564,6445,38490,8301,6509
38500,9568,6443,38510,8304,6503
38520,9558,6438,38530,8310,6467
38540,9571,6417,38550,8305,6481
38560,9557,6415,38570,8301,6476
38580,9561,6398,38590,8315,6479
38600,9565,6432,38610,8308,6495
38620,9556,6420,38630,8306,6492
38640,9560,6442,38650,8308,6492
38660,9557,6440,38670,8312,6492
38680,9553,6441,38690,8308,6501
38700,9554,6435,38710,8296,6491
38720,9556,6439,38730,8305,6493
38740,9565,6435,38750,8308,6490
38760,9567,6426,38770,8321,6494
38780,9559,6441,38790,8305,6490
38800,9561,6428,38810,8309,6486
38820,9552,6429,38830,8306,6464
38840,9565,6424,38850,8297,6482
38860,9566,6416,38870,8297,6465
38880,9566,6412,38890,8299,6467
38900,9570,6412,38910,8300,6461
38920,9556,6413,38930,8301,6470
38940,9571,6396,38950,8314,6458
38960,9556,6389,38970,8314,6464
38980,9567,6385,38990,8309,6456
39000,9564,6381,39010,8314,6456
39020,9564,6386,39030,8307,6440
39040,9569,6369,39050,8311,6432
39060,9565,6398,39070,8300,6486
39080,9558,6436,39090,8316,6504
39100,9565,6435,39110,8303,6481
39120,9556,6431,39130,8305,6447
39140,9560,6429,39150,8315,6490
39160,9566,6422,39170,8309,6498
39180,9559,6420,39190,8313,6492
39200,9557,6429,39210,8304,6486
39220,9556,6434,39230,8301,6492
39240,9565,6428,39250,8308,6495
39260,9552,6426,39270,8306,6497
39280,9563,6433,39290,8312,6496
39300,9567,6426,39310,8297,6488
39320,9569,6431,39330,8305,6498
39340,9555,6426,39350,8313,6475
39360,9566,6417,39370,8302,6487
39380,9560,6419,39390,8313,6492
39400,9555,6423,39410,8306,6484
39420,9569,6425,39430,8314,6482
39440,9559,6421,39450,8305,6485
39460,9567,6419,39470,8302,6483
39480,9566,6428,39490,8306,6498
39500,9564,6427,39510,8309,6483
39520,9556,6428,39530,8303,6490
39540,9572,6422,39550,8306,6489
39560,9568,6413,39570,8307,6489
39580,9577,6426,39590,8306,6489
39600,9572,6418,39610,8305,6478
39620,9567,6414,39630,8311,6472
39640,9565,6410,39650,8315,6474
39660,9563,6407,39670,8308,6465
39680,9550,6384,39690,8313,6454
39700,9558,6382,39710,8313,6442
39720,9549,6371,39730,8301,6396
39740,9552,6347,39750,8308,6423
39760,9558,6332,39770,8305,6406
39780,9558,6331,39790,8312,6424
39800,9562,6302,39810,8299,6471
39820,9557,6446,39830,8302,6506
39840,9533,6441,39850,8312,6504
39860,9547,6446,39870,8311,6505
39880,9557,6462,39890,8308,6509
39900,9564,6447,39910,8307,6509
39920,9550,6445,39930,8302,6497
39940,9560,6440,39950,8307,6507
39960,9559,6446,39970,8307,6507
39980,9561,6440,39990,8308,6513
40000,9559,6445,40010,8301,6501
40020,9561,6444,40030,8309,6476
40040,9541,6448,40050,8308,6504
40060,9563,6447,40070,8302,6503
40080,9555,6445,40090,8296,6507
40100,9561,6453,40110,8311,6515
40120,9558,6450,40130,8296,6505
40140,9561,6437,40150,8305,6511
40160,9565,6446,40170,8303,6507
40180,9556,6441,40190,8312,6506
40200,9568,6449,40210,8308,6509
40220,9558,6451,40230,8310,6510
40240,9557,6446,40250,8308,6514
40260,9557,6447,40270,8316,6516
40280,9566,6446,40290,8316,6503
40300,9559,6446,40310,8317,6502
40320,9562,6442,40330,8298,6506
40340,9559,6450,40350,8302,6510
40360,9565,6445,40370,8307,6511
40380,9557,6447,40390,8307,6507
40400,9571,6454,40410,8302,6498
40420,9559,6445,40430,8304,6513
40440,9568,6452,40450,8312,6517
40460,9568,6457,40470,8312,6519
40480,9559,6455,40490,8306,6510
40500,9556,6449,40510,8306,6522
40520,9566,6450,40530,8304,6514
40540,9574,6458,40550,8304,6519
40560,9559,6461,40570,8304,6528
40580,9561,6451,40590,8308,6508
40600,9579,6463,40610,8311,6520
40620,9564,6452,40630,8302,6470
40640,9566,6447,40650,8311,6521
40660,9550,6445,40670,8306,6505
40680,9556,6450,40690,8306,6521
40700,9558,6453,40710,8307,6516
40720,9565,6454,40730,8304,6509
40740,9562,6446,40750,8310,6518
40760,9549,6444,40770,8305,6504
40780,9570,6451,40790,8317,6511
40800,9560,6450,40810,8302,6515
40820,9560,6457,40830,8297,6501
40840,9569,6444,40850,8314,6509
40860,9568,6439,40870,8301,6503
40880,9559,6428,40890,8309,6503
40900,9572,6434,40910,8297,6501
40920,9550,6437,40930,8301,6502
40940,9559,6439,40950,8301,6506
40960,9558,6447,40970,8307,6502
40980,9560,6455,40990,8306,6514
41000,9551,6445,41010,8310,6508
41020,9549,6455,41030,8305,6507
41040,9568,6453,41050,8309,6498
41060,9565,6449,41070,8308,6502
41080,9554,6451,41090,8310,6498
41100,9561,6438,41110,8309,6505
41120,9565,6446,41130,8306,6502
41140,9556,6447,41150,8317,6505
41160,9553,6429,41170,8308,6498
41180,9567,6432,41190,8317,6499
41200,9563,6441,41210,8308,6506
41220,9565,6430,41230,8304,6482
41240,9575,6428,41250,8315,6485
41260,9551,6427,41270,8294,6492
41280,9557,6430,41290,8308,6477
41300,9559,6416,41310,8296,6487
41320,9561,6415,41330,8307,6476
41340,9549,6407,41350,8307,6466
41360,9564,6408,41370,8315,6461
41380,9565,6398,41390,8315,6459
41400,9561,6398,41410,8307,6441
41420,9577,6377,41430,8313,6437
41440,9561,6392,41450,8317,6490
41460,9564,6428,41470,8312,6488
41480,9568,6434,41490,8313,6487
41500,9563,6424,41510,8312,6492
41520,9560,6428,41530,8303,6479
41540,9563,6417,41550,8318,6480
41560,9539,6429,41570,8313,6483
41580,9550,6427,41590,8310,6491
41600,9543,6424,41610,8307,6493
41620,9520,6417,41630,8304,6484
41640,9506,6420,41650,8312,6486
41660,9492,6421,41670,8308,6486
41680,9480,6411,41690,8307,6468
41700,9478,6405,41710,8310,6467
41720,9448,6391,41730,8291,6460
41740,9445,6396,41750,8304,6445
41760,9429,6312,41770,8296,6493
41780,9419,6438,41790,8299,6516
41800,9420,6445,41810,8299,6515
41820,9410,6445,41830,8292,6509
41840,9398,6447,41850,8299,6509
41860,9384,6444,41870,8303,6525
41880,9391,6441,41890,8295,6519
41900,9373,6453,41910,8305,6506
41920,9367,6447,41930,8286,6515
41940,9361,6443,41950,8292,6506
41960,9351,6446,41970,8300,6513
41980,9344,6450,41990,8289,6518
42000,9331,6443,42010,8299,6510
42020,9316,6440,42030,8297,6511
42040,9289,6437,42050,8311,6511
42060,9275,6439,42070,8304,6508
42080,9251,6437,42090,8296,6497
42100,9233,6453,42110,8294,6514
42120,9182,6463,42130,8284,6496
42140,9152,6445,42150,8286,6487
42160,9126,6426,42170,8300,6493
42180,9081,6408,42190,8297,6522
42200,9060,6452,42210,8285,6517
42220,9010,6470,42230,8296,6521
42240,9100,6458,42250,8337,6515
42260,9010,6459,42270,8415,6513
42280,8847,6461,42290,8502,6512
42300,8787,6456,42310,8570,6516
42320,8780,6453,42330,8661,6518
42340,8851,6452,42350,8806,6521
42360,8911,6445,42370,8953,6500
42380,9068,6434,42390,9136,6492
42400,9163,6432,42410,9143,6501
42420,9115,6410,42430,9266,6478
42440,9351,6409,42450,9345,6476
42460,9265,6391,42470,9200,6465
42480,9336,6404,42490,9351,6447
42500,9426,6352,42510,9328,6495
42520,9343,6441,42530,9419,6510
42540,9485,6444,42550,9444,6513
42560,9394,6445,42570,9376,6503
42580,9464,6449,42590,9447,6506
42600,9435,6442,42610,9363,6504
42620,9402,6441,42630,9400,6503
42640,9412,6447,42650,9372,6508
42660,9381,6436,42670,9355,6508
42680,9371,6444,42690,9404,6503
42700,9408,6439,42710,9363,6496
42720,9341,6435,42730,9366,6504
42740,9398,6440,42750,9348,6497
42760,9330,6443,42770,9309,6512
42780,9320,6446,42790,9323,6511
42800,9320,6439,42810,9285,6506
42820,9267,6439,42830,9290,6491
42840,9297,6433,42850,9303,6488
42860,9271,6424,42870,9265,6469
42880,9264,6411,42890,9294,6468
42900,9278,6400,42910,9234,6452
42920,9226,6379,42930,9251,6434
42940,9293,6436,42950,9245,6510
42960,9240,6445,42970,9215,6505
42980,9271,6455,42990,9274,6521
43000,9273,6449,43010,9248,6524
43020,9230,6449,43030,9256,6503
43040,9281,6453,43050,9258,6510
43060,9240,6443,43070,9207,6502
43080,9231,6443,43090,9255,6512
43100,9243,6458,43110,9201,6520
43120,9191,6453,43130,9185,6523
43140,9220,6452,43150,9184,6512
43160,9172,6432,43170,9134,6508
43180,9173,6439,43190,9177,6511
43200,9175,6449,43210,9110,6520
43220,9125,6443,43230,9135,6514
43240,9180,6450,43250,9132,6512
43260,9116,6457,43270,9102,6519
43280,9169,6473,43290,9144,6522
43300,9085,6456,43310,9103,6522
43320,9130,6462,43330,9134,6521
43340,9154,6466,43350,9163,6532
43360,9139,6450,43370,9178,6527
43380,9226,6462,43390,9272,6517
43400,9221,6455,43410,9261,6531
43420,9237,6462,43430,9252,6515
43440,9287,6461,43450,9294,6507
43460,9239,6463,43470,9252,6516
43480,9257,6460,43490,9285,6518
43500,9249,6451,43510,9235,6523
43520,9223,6451,43530,9220,6519
43540,9213,6453,43550,9195,6511
43560,9136,6445,43570,9149,6510
43580,9145,6437,43590,9183,6490
43600,9142,6419,43610,9134,6478
43620,9101,6409,43630,9152,6451
43640,9146,6404,43650,9152,6453
43660,9074,6381,43670,9061,6414
43680,9031,6427,43690,9053,6511
43700,9024,6453,43710,9006,6512
43720,9008,6447,43730,9010,6504
43740,9022,6441,43750,8972,6513
43760,8938,6444,43770,8908,6512
43780,8934,6444,43790,8871,6511
43800,8917,6445,43810,8846,6514
43820,8901,6445,43830,8827,6504
43840,8898,6447,43850,8820,6515
43860,8884,6450,43870,8790,6507
43880,8881,6451,43890,8766,6505
43900,8858,6446,43910,8737,6518
43920,8864,6456,43930,8728,6524
43940,8881,6453,43950,8725,6520
43960,8862,6455,43970,8742,6512
43980,8866,6455,43990,8750,6524
44000,8880,6456,44010,8709,6511
44020,8855,6440,44030,8680,6513
44040,8853,6448,44050,8633,6498
44060,8799,6431,44070,8582,6498
44080,8790,6438,44090,8549,6483
44100,8790,6422,44110,8494,6474
44120,8772,6410,44130,8464,6467
44140,8762,6392,44150,8436,6210
44160,8722,6390,44170,8356,6500
44180,8592,6446,44190,8271,6504
44200,8541,6459,44210,8253,6506
44220,8572,6451,44230,8238,6509
44240,8612,6444,44250,8259,6501
44260,8651,6444,44270,8247,6504
44280,8714,6442,44290,8262,6514
44300,8806,6453,44310,8253,6511
44320,8847,6439,44330,8262,6509
44340,8903,6431,44350,8284,6500
44360,8938,6427,44370,8279,6491
44380,8961,6425,44390,8283,6490
44400,9017,6426,44410,8276,6503
44420,9052,6448,44430,8276,6514
44440,9074,6472,44450,8292,6515
44460,9072,6462,44470,8301,6526
44480,9074,6466,44490,8302,6520
44500,9099,6473,44510,8291,6530
44520,9111,6470,44530,8281,6519
44540,9109,6455,44550,8297,6507
44560,9114,6466,44570,8313,6503
44580,9090,6460,44590,8301,6527
44600,9139,6451,44610,8290,6527
44620,9139,6455,44630,8292,6519
44640,9135,6453,44650,8305,6514
44660,9139,6452,44670,8292,6506
44680,9136,6446,44690,8310,6519
44700,9157,6450,44710,8300,6523
44720,9161,6459,44730,8299,6502
44740,9150,6451,44750,8301,6503
44760,9148,6437,44770,8295,6504
44780,9151,6418,44790,8283,6489
44800,9154,6420,44810,8285,6478
44820,9150,6419,44830,8279,6473
44840,9154,6422,44850,8271,6479
44860,9129,6410,44870,8279,6482
44880,9124,6411,44890,8265,6467
44900,9125,6396,44910,8253,6463
44920,9127,6403,44930,8260,6463
44940,9131,6400,44950,8264,6470
44960,9128,6392,44970,8259,6450
44980,9132,6410,44990,8266,6453
45000,9129,6394,45010,8252,6458
45020,9126,6384,45030,8262,6448
45040,9139,6391,45050,8259,6453
45060,9135,6373,45070,8253,6447
45080,9130,6371,45090,8258,6443
45100,9139,6365,45110,8270,6439
45120,9142,6356,45130,8264,6455
45140,9138,6440,45150,8264,6510
45160,9126,6449,45170,8261,6507
45180,9140,6448,45190,8253,6500
45200,9138,6453,45210,8262,6513
45220,9130,6444,45230,8262,6507
45240,9113,6441,45250,8268,6511
45260,9114,6444,45270,8257,6516
45280,9105,6442,45290,8261,6509
45300,9096,6439,45310,8257,6510
45320,9098,6443,45330,8253,6515
45340,9094,6444,45350,8253,6514
45360,9094,6447,45370,8247,6512
45380,9086,6446,45390,8254,6504
45400,9098,6443,45410,8251,6508
45420,9100,6441,45430,8246,6508
45440,9099,6437,45450,8250,6496
45460,9115,6451,45470,8257,6501
45480,9106,6432,45490,8253,6500
45500,9131,6428,45510,8260,6484
45520,9116,6422,45530,8255,6486
45540,9114,6425,45550,8268,6480
45560,9124,6433,45570,8268,6503
45580,9132,6448,45590,8255,6503
45600,9129,6446,45610,8261,6508
45620,9131,6458,45630,8251,6504
45640,9135,6455,45650,8259,6504
45660,9127,6432,45670,8262,6505
45680,9126,6447,45690,8257,6511
45700,9129,6449,45710,8252,6503
45720,9143,6439,45730,8258,6476
45740,9115,6442,45750,8256,6494
45760,9123,6447,45770,8260,6489
45780,9137,6443,45790,8266,6503
45800,9136,6441,45810,8257,6502
45820,9141,6442,45830,8253,6504
45840,9130,6435,45850,8259,6510
45860,9125,6448,45870,8259,6510
45880,9143,6453,45890,8257,6511
45900,9140,6448,45910,8255,6509
45920,9141,6449,45930,8257,6512
45940,9141,6450,45950,8256,6500
45960,9130,6437,45970,8245,6502
45980,9138,6449,45990,8248,6500
46000,9139,6440,46010,8260,6507
46020,9142,6443,46030,8248,6501
46040,9141,6444,46050,8256,6500
46060,9136,6449,46070,8258,6498
46080,9141,6432,46090,8249,6503
46100,9143,6433,46110,8248,6499
46120,9140,6450,46130,8246,6498
46140,9139,6436,46150,8248,6494
46160,9140,6439,46170,8244,6500
46180,9126,6439,46190,8237,6495
46200,9143,6432,46210,8257,6497
46220,9138,6438,46230,8259,6503
46240,9141,6443,46250,8257,6500
46260,9142,6445,46270,8245,6493
46280,9134,6444,46290,8247,6499
46300,9134,6442,46310,8252,6497
46320,9149,6452,46330,8251,6499
46340,9150,6444,46350,8248,6501
46360,9140,6436,46370,8253,6502
46380,9145,6434,46390,8246,6502
46400,9148,6435,46410,8256,6505
46420,9148,6435,46430,8252,6503
46440,9155,6438,46450,8261,6503
46460,9150,6450,46470,8252,6505
46480,9155,6445,46490,8252,6509
46500,9144,6446,46510,8249,6499
46520,9157,6447,46530,8254,6501
46540,9157,6433,46550,8249,6490
46560,9163,6439,46570,8260,6494
46580,9157,6434,46590,8254,6502
46600,9164,6441,46610,8253,6496
46620,9153,6434,46630,8247,6486
46640,9153,6417,46650,8258,6485
46660,9144,6419,46670,8264,6481
46680,9162,6411,46690,8259,6482
46700,9169,6419,46710,8260,6488
46720,9168,6427,46730,8262,6490
46740,9159,6423,46750,8257,6489
46760,9167,6441,46770,8266,6495
46780,9166,6440,46790,8261,6495
46800,9150,6442,46810,8255,6506
46820,9162,6440,46830,8257,6486
46840,9162,6440,46850,8264,6495
46860,9164,6433,46870,8257,6493
46880,9176,6434,46890,8260,6505
46900,9175,6435,46910,8263,6500
46920,9178,6432,46930,8256,6493
46940,9177,6446,46950,8258,6495
46960,9181,6443,46970,8257,6493
46980,9168,6437,46990,8261,6492
47000,9168,6432,47010,8260,6507
47020,9176,6431,47030,8272,6493
47040,9182,6439,47050,8263,6490
47060,9176,6441,47070,8249,6498
47080,9173,6435,47090,8261,6505
47100,9185,6433,47110,8269,6504
47120,9176,6435,47130,8257,6487
47140,9174,6434,47150,8253,6498
47160,9171,6431,47170,8272,6496
47180,9171,6433,47190,8252,6493
47200,9159,6423,47210,8261,6492
47220,9162,6423,47230,8258,6489
47240,9175,6431,47250,8261,6488
47260,9164,6427,47270,8259,6484
47280,9161,6427,47290,8255,6488
47300,9169,6433,47310,8256,6498
47320,9166,6435,47330,8253,6491
47340,9172,6420,47350,8266,6488
47360,9172,6433,47370,8261,6483
47380,9169,6422,47390,8249,6492
47400,9172,6431,47410,8261,6488
47420,9175,6424,47430,8275,6494
47440,9175,6425,47450,8270,6489
47460,9167,6431,47470,8260,6487
47480,9167,6418,47490,8258,6488
47500,9164,6427,47510,8256,6474
47520,9168,6415,47530,8248,6482
47540,9169,6415,47550,8248,6479
47560,9168,6413,47570,8257,6479
47580,9178,6409,47590,8255,6460
47600,9178,6410,47610,8269,6469
47620,9177,6406,47630,8264,6473
47640,9179,6423,47650,8259,6462
47660,9178,6409,47670,8264,6466
47680,9190,6407,47690,8260,6463
47700,9189,6399,47710,8269,6468
47720,9193,6401,47730,8259,6467
47740,9171,6388,47750,8259,6450
47760,9185,6389,47770,8262,6449
47780,9174,6393,47790,8262,6451
47800,9186,6383,47810,8266,6446
47820,9178,6365,47830,8266,6439
47840,9187,6378,47850,8262,6438
47860,9173,6365,47870,8266,6420
47880,9177,6358,47890,8262,6427
47900,9176,6362,47910,8259,6394
47920,9176,6422,47930,8274,6514
47940,9162,6444,47950,8260,6512
47960,9160,6454,47970,8268,6496
47980,9162,6457,47990,8268,6521
48000,9173,6453,48010,8268,6510
48020,9173,6442,48030,8266,6518
48040,9170,6450,48050,8269,6509
48060,9158,6450,48070,8259,6521
48080,9168,6450,48090,8261,6512
48100,9172,6443,48110,8258,6514
48120,9168,6449,48130,8265,6510
48140,9170,6456,48150,8257,6508
48160,9168,6446,48170,8263,6505
48180,9167,6445,48190,8269,6512
48200,9171,6458,48210,8268,6513
48220,9168,6453,48230,8259,6501
48240,9167,6450,48250,8265,6513
48260,9180,6451,48270,8261,6511
48280,9173,6449,48290,8267,6510
48300,9173,6448,48310,8268,6517
48320,9180,6448,48330,8256,6514
48340,9174,6451,48350,8265,6516
48360,9174,6451,48370,8268,6514
48380,9175,6441,48390,8253,6510
48400,9177,6452,48410,8270,6510
48420,9183,6443,48430,8267,6509
48440,9181,6444,48450,8259,6512
48460,9179,6446,48470,8258,6509
48480,9172,6450,48490,8260,6517
48500,9183,6445,48510,8254,6509
48520,9174,6444,48530,8261,6506
48540,9176,6451,48550,8259,6506
48560,9177,6447,48570,8272,6515
48580,9173,6440,48590,8252,6500
48600,9174,6439,48610,8264,6505
48620,9176,6450,48630,8254,6505
48640,9176,6446,48650,8254,6498
48660,9169,6443,48670,8258,6503
48680,9169,6451,48690,8265,6511
48700,9179,6448,48710,8265,6515
48720,9175,6436,48730,8271,6500
48740,9188,6442,48750,8258,6510
48760,9180,6439,48770,8253,6504
48780,9189,6448,48790,8260,6503
48800,9185,6453,48810,8258,6509
48820,9195,6442,48830,8261,6506
48840,9173,6444,48850,8259,6512
48860,9188,6454,48870,8263,6501
48880,9182,6448,48890,8255,6511
48900,9184,6446,48910,8266,6509
48920,9185,6443,48930,8266,6512
48940,9169,6441,48950,8260,6509
48960,9181,6433,48970,8262,6484
48980,9190,6427,48990,8266,6489
49000,9178,6424,49010,8271,6491
49020,9179,6416,49030,8262,6461
49040,9176,6381,49050,8267,6459
49060,9178,6403,49070,8258,6476
49080,9172,6407,49090,8260,6504
49100,9168,6448,49110,8267,6491
49120,9168,6451,49130,8265,6514
49140,9162,6450,49150,8258,6494
49160,9175,6443,49170,8248,6505
49180,9180,6450,49190,8253,6500
49200,9176,6456,49210,8266,6507
49220,9180,6450,49230,8258,6489
49240,9184,6443,49250,8262,6506
49260,9183,6452,49270,8257,6503
49280,9181,6447,49290,8268,6507
49300,9169,6441,49310,8247,6509
49320,9182,6444,49330,8272,6508
49340,9175,6439,49350,8281,6508
49360,9176,6443,49370,8258,6505
49380,9168,6438,49390,8263,6510
49400,9174,6446,49410,8267,6513
49420,9178,6455,49430,8260,6502
49440,9181,6441,49450,8261,6505
49460,9168,6445,49470,8262,6505
49480,9174,6442,49490,8263,6514
49500,9173,6438,49510,8262,6507
49520,9180,6442,49530,8257,6508
49540,9190,6449,49550,8262,6503
49560,9179,6443,49570,8265,6511
49580,9188,6447,49590,8257,6510
49600,9182,6443,49610,8266,6507
49620,9175,6449,49630,8256,6511
49640,9167,6432,49650,8257,6508
49660,9188,6449,49670,8271,6514
49680,9175,6440,49690,8257,6502
49700,9186,6448,49710,8258,6508
49720,9182,6441,49730,8259,6497
49740,9181,6440,49750,8254,6506
49760,9175,6446,49770,8272,6516
49780,9186,6435,49790,8258,6504
49800,9182,6450,49810,8254,6502
49820,9174,6436,49830,8267,6493
49840,9178,6440,49850,8261,6504
49860,9174,6436,49870,8255,6506
49880,9177,6436,49890,8260,6498
49900,9176,6440,49910,8257,6505
49920,9168,6438,49930,8270,6506
49940,9172,6439,49950,8263,6497
49960,9173,6438,49970,8253,6503
49980,9181,6443,49990,8251,6503
50000,9181,6443,50010,8254,6508
50020,9169,6442,50030,8258,6501
50040,9169,6438,50050,8252,6501
50060,9177,6426,50070,8241,6499
50080,9183,6425,50090,8249,6489
50100,9180,6436,50110,8254,6493
50120,9170,6422,50130,8254,6491
50140,9179,6416,50150,8250,6480
50160,9181,6415,50170,8256,6488
50180,9178,6414,50190,8252,6483
50200,9180,6440,50210,8248,6485
50220,9188,6431,50230,8258,6450
50240,9178,6412,50250,8263,6469
50260,9166,6419,50270,8263,6470
50280,9167,6386,50290,8249,6487
50300,9171,6436,50310,8256,6493
50320,9170,6426,50330,8253,6489
50340,9185,6423,50350,8256,6493
50360,9181,6431,50370,8254,6488
50380,9180,6421,50390,8258,6488
50400,9174,6430,50410,8255,6489
50420,9191,6423,50430,8253,6482
50440,9188,6420,50450,8246,6481
50460,9182,6413,50470,8253,6490
50480,9181,6414,50490,8258,6475
50500,9181,6418,50510,8260,6486
50520,9161,6402,50530,8262,6465
50540,9192,6414,50550,8259,6484
50560,9187,6423,50570,8251,6486
50580,9187,6420,50590,8253,6481
50600,9177,6426,50610,8263,6481
50620,9181,6421,50630,8255,6476
50640,9188,6413,50650,8262,6479
50660,9187,6417,50670,8250,6477
50680,9192,6406,50690,8263,6470
50700,9184,6416,50710,8257,6454
50720,9189,6395,50730,8268,6465
50740,9182,6395,50750,8248,6457
50760,9190,6396,50770,8255,6461
50780,9184,6403,50790,8260,6459
50800,9181,6397,50810,8260,6457
50820,9176,6382,50830,8253,6466
50840,9168,6377,50850,8264,6461
50860,9183,6385,50870,8253,6446
50880,9188,6396,50890,8252,6450
50900,9188,6385,50910,8254,6453
50920,9188,6377,50930,8259,6436
50940,9170,6373,50950,8263,6437
50960,9182,6364,50970,8251,6416
50980,9185,6420,50990,8252,6496
51000,9182,6446,51010,8251,6510
51020,9182,6439,51030,8253,6514
51040,9176,6449,51050,8239,6510
51060,9177,6450,51070,8256,6519
51080,9167,6449,51090,8256,6508
51100,9175,6444,51110,8250,6502
51120,9157,6392,51130,8258,6506
51140,9178,6452,51150,8258,6509
51160,9180,6442,51170,8255,6502
51180,9176,6448,51190,8245,6512
51200,9172,6443,51210,8262,6513
51220,9180,6454,51230,8262,6510
51240,9184,6449,51250,8240,6503
51260,9173,6437,51270,8245,6491
51280,9164,6441,51290,8247,6499
51300,9169,6416,51310,8249,6496
51320,9157,6418,51330,8254,6488
51340,9156,6407,51350,8246,6492
51360,9161,6422,51370,8243,6487
51380,9168,6436,51390,8265,6501
51400,9175,6444,51410,8260,6498
51420,9171,6443,51430,8249,6504
51440,9168,6444,51450,8251,6508
51460,9179,6444,51470,8252,6498
51480,9187,6444,51490,8248,6505
51500,9194,6434,51510,8243,6503
51520,9208,6442,51530,8261,6516
51540,9207,6452,51550,8256,6504
51560,9222,6447,51570,8256,6511
51580,9234,6455,51590,8248,6505
51600,9238,6447,51610,8251,6513
51620,9252,6448,51630,8250,6512
51640,9244,6449,51650,8259,6502
51660,9257,6448,51670,8257,6509
51680,9250,6440,51690,8242,6507
51700,9249,6447,51710,8249,6508
51720,9234,6399,51730,8269,6503
51740,9251,6450,51750,8258,6497
51760,9254,6445,51770,8244,6503
51780,9246,6447,51790,8261,6512
51800,9252,6446,51810,8252,6507
51820,9239,6446,51830,8258,6507
51840,9246,6440,51850,8258,6506
51860,9232,6446,51870,8245,6505
51880,9250,6450,51890,8251,6503
51900,9241,6449,51910,8245,6506
51920,9242,6445,51930,8248,6504
51940,9241,6440,51950,8252,6500
51960,9242,6437,51970,8249,6502
51980,9254,6447,51990,8258,6509
52000,9239,6439,52010,8254,6506
52020,9224,6399,52030,8256,6507
52040,9242,6446,52050,8252,6504
52060,9234,6436,52070,8256,6503
52080,9240,6451,52090,8243,6507
52100,9241,6438,52110,8249,6505
52120,9232,6439,52130,8247,6506
52140,9236,6441,52150,8251,6499
52160,9230,6448,52170,8254,6511
52180,9233,6443,52190,8252,6509
52200,9226,6447,52210,8249,6501
52220,9221,6437,52230,8252,6500
52240,9218,6433,52250,8251,6503
52260,9230,6434,52270,8250,6496
52280,9232,6440,52290,8254,6507
52300,9231,6437,52310,8250,6506
52320,9227,6437,52330,8250,6503
52340,9224,6442,52350,8257,6503
52360,9216,6439,52370,8252,6500
52380,9216,6439,52390,8252,6506
52400,9234,6440,52410,8249,6499
52420,9226,6433,52430,8255,6495
52440,9222,6419,52450,8255,6492
52460,9215,6422,52470,8243,6484
52480,9218,6419,52490,8257,6485
52500,9228,6422,52510,8253,6481
52520,9221,6431,52530,8243,6479
52540,9216,6447,52550,8253,6487
52560,9212,6442,52570,8255,6496
52580,9216,6443,52590,8251,6494
52600,9219,6437,52610,8247,6499
52620,9190,6387,52630,8266,6483
52640,9202,6442,52650,8252,6469
52660,9195,6390,52670,8258,6483
52680,9212,6439,52690,8246,6498
52700,9212,6429,52710,8257,6501
52720,9227,6444,52730,8248,6488
52740,9219,6431,52750,8245,6503
52760,9222,6431,52770,8250,6494
52780,9221,6425,52790,8246,6491
52800,9215,6435,52810,8247,6487
52820,9213,6426,52830,8251,6492
52840,9226,6427,52850,8251,6488
52860,9214,6429,52870,8238,6488
52880,9214,6429,52890,8249,6492
52900,9217,6424,52910,8251,6500
52920,9220,6425,52930,8254,6484
52940,9213,6428,52950,8252,6486
52960,9208,6413,52970,8252,6477
52980,9216,6433,52990,8257,6490
53000,9219,6427,53010,8260,6488
53020,9214,6425,53030,8245,6486
53040,9215,6417,53050,8249,6482
53060,9217,6420,53070,8253,6479
53080,9217,6427,53090,8249,6484
53100,9213,6425,53110,8242,6476
53120,9199,6405,53130,8254,6471
53140,9212,6418,53150,8251,6471
53160,9214,6418,53170,8253,6473
53180,9208,6402,53190,8246,6473
53200,9216,6401,53210,8246,6472
53220,9211,6403,53230,8253,6465
53240,9216,6407,53250,8257,6465
53260,9218,6402,53270,8246,6464
53280,9216,6403,53290,8244,6463
53300,9208,6396,53310,8240,6461
53320,9218,6394,53330,8249,6461
53340,9208,6395,53350,8246,6456
53360,9218,6390,53370,8249,6446
53380,9208,6386,53390,8252,6451
53400,9199,6382,53410,8243,6441
53420,9210,6383,53430,8252,6451
53440,9208,6371,53450,8249,6437
53460,9215,6365,53470,8240,6435
53480,9211,6368,53490,8250,6434
53500,9215,6241,53510,8244,6482
53520,9213,6413,53530,8252,6498
53540,9207,6441,53550,8249,6514
53560,9210,6446,53570,8250,6507
53580,9209,6433,53590,8249,6504
53600,9207,6428,53610,8246,6488
53620,9214,6430,53630,8246,6482
53640,9213,6419,53650,8248,6500
53660,9219,6426,53670,8250,6484
53680,9216,6428,53690,8249,6485
53700,9206,6438,53710,8252,6494
53720,9215,6454,53730,8255,6496
53740,9217,6455,53750,8250,6500
53760,9210,6454,53770,8248,6500
53780,9202,6455,53790,8252,6513
53800,9214,6453,53810,8257,6505
53820,9209,6447,53830,8246,6504
53840,9211,6453,53850,8249,6518
53860,9224,6451,53870,8258,6502
53880,9206,6444,53890,8249,6512
53900,9206,6444,53910,8237,6501
53920,9211,6443,53930,8257,6512
53940,9204,6443,53950,8244,6504
53960,9205,6444,53970,8250,6507
53980,9216,6452,53990,8252,6509
54000,9203,6445,54010,8257,6506
54020,9212,6443,54030,8249,6511
54040,9215,6442,54050,8256,6509
54060,9204,6454,54070,8255,6509
54080,9216,6443,54090,8244,6513
54100,9217,6449,54110,8247,6509
54120,9209,6440,54130,8262,6512
54140,9217,6456,54150,8251,6514
54160,9212,6445,54170,8259,6499
54180,9220,6460,54190,8250,6505
54200,9212,6454,54210,8256,6508
54220,9207,6447,54230,8254,6510
54240,9208,6439,54250,8242,6515
54260,9216,6437,54270,8260,6504
54280,9220,6447,54290,8252,6499
54300,9217,6457,54310,8255,6505
54320,9217,6453,54330,8245,6508
54340,9204,6434,54350,8242,6501
54360,9208,6444,54370,8248,6515
54380,9225,6441,54390,8248,6509
54400,9211,6444,54410,8246,6503
54420,9204,6430,54430,8255,6510
54440,9216,6440,54450,8257,6502
54460,9213,6439,54470,8261,6517
54480,9210,6443,54490,8248,6498
54500,9221,6439,54510,8259,6505
54520,9206,6438,54530,8256,6504
54540,9209,6441,54550,8257,6505
54560,9210,6447,54570,8249,6506
54580,9213,6451,54590,8257,6506
54600,9219,6453,54610,8258,6507
54620,9220,6448,54630,8253,6511
54640,9216,6453,54650,8262,6513
54660,9219,6446,54670,8259,6509
54680,9210,6439,54690,8253,6504
54700,9213,6448,54710,8255,6510
54720,9208,6431,54730,8245,6499
54740,9209,6433,54750,8252,6494
54760,9211,6427,54770,8248,6488
54780,9209,6420,54790,8251,6489
54800,9214,6422,54810,8250,6491
54820,9220,6427,54830,8253,6492
54840,9206,6434,54850,8253,6502
54860,9209,6444,54870,8258,6508
54880,9214,6447,54890,8249,6501
54900,9203,6449,54910,8251,6506
54920,9220,6451,54930,8252,6509
54940,9211,6447,54950,8248,6499
54960,9219,6458,54970,8247,6516
54980,9212,6452,54990,8243,6510
55000,9217,6435,55010,8257,6500
55020,9206,6444,55030,8252,6482
55040,9194,6448,55050,8259,6488
55060,9215,6468,55070,8257,6501
55080,9219,6439,55090,8255,6506
55100,9214,6445,55110,8256,6509
55120,9215,6444,55130,8257,6510
55140,9202,6444,55150,8250,6504
55160,9212,6451,55170,8255,6507
55180,9219,6448,55190,8253,6500
55200,9213,6443,55210,8249,6504
55220,9200,6435,55230,8254,6514
55240,9220,6441,55250,8242,6502
55260,9203,6434,55270,8250,6495
55280,9216,6446,55290,8244,6498
55300,9219,6444,55310,8251,6503
55320,9213,6442,55330,8247,6509
55340,9207,6445,55350,8243,6506
55360,9214,6442,55370,8238,6514
55380,9212,6431,55390,8256,6504
55400,9219,6431,55410,8255,6499
55420,9200,6437,55430,8251,6506
55440,9211,6439,55450,8246,6497
55460,9216,6448,55470,8240,6507
55480,9215,6438,55490,8240,6512
55500,9213,6448,55510,8254,6511
55520,9210,6433,55530,8249,6502
55540,9211,6439,55550,8254,6514
55560,9215,6446,55570,8243,6496
55580,9217,6440,55590,8251,6507
55600,9224,6448,55610,8249,6502
55620,9214,6437,55630,8251,6500
55640,9212,6444,55650,8252,6505
55660,9217,6437,55670,8257,6510
55680,9207,6433,55690,8254,6496
55700,9217,6432,55710,8245,6499
55720,9213,6448,55730,8249,6508
55740,9214,6430,55750,8244,6499
55760,9207,6436,55770,8244,6499
55780,9206,6432,55790,8254,6505
55800,9218,6442,55810,8248,6499
55820,9210,6442,55830,8250,6495
55840,9206,6422,55850,8258,6510
55860,9213,6442,55870,8261,6507
55880,9228,6432,55890,8260,6505
55900,9216,6431,55910,8242,6489
55920,9219,6412,55930,8264,6489
55940,9222,6416,55950,8255,6477
55960,9215,6406,55970,8247,6480
55980,9204,6405,55990,8252,6471
56000,9215,6415,56010,8249,6484
56020,9209,6433,56030,8245,6479
56040,9201,6435,56050,8250,6490
56060,9201,6429,56070,8252,6487
56080,9193,6434,56090,8250,6487
56100,9199,6439,56110,8249,6488
56120,9206,6433,56130,8262,6499
56140,9220,6440,56150,8255,6494
56160,9206,6438,56170,8248,6486
56180,9216,6431,56190,8250,6493
56200,9213,6432,56210,8257,6497
56220,9212,6426,56230,8256,6480
56240,9204,6432,56250,8260,6489
56260,9214,6435,56270,8259,6495
56280,9209,6427,56290,8257,6490
56300,9213,6428,56310,8251,6487
56320,9207,6418,56330,8247,6489
56340,9202,6418,56350,8251,6490
56360,9207,6426,56370,8256,6473
56380,9215,6419,56390,8248,6478
56400,9224,6416,56410,8251,6487
56420,9208,6402,56430,8246,6484
56440,9212,6420,56450,8247,6479
56460,9207,6421,56470,8245,6486
56480,9204,6412,56490,8250,6473
56500,9215,6408,56510,8251,6464
56520,9209,6408,56530,8244,6465
56540,9201,6400,56550,8255,6471
56560,9212,6396,56570,8263,6455
56580,9209,6404,56590,8251,6466
56600,9222,6401,56610,8249,6466
56620,9215,6391,56630,8247,6460
56640,9207,6398,56650,8256,6465
56660,9204,6400,56670,8260,6452
56680,9206,6386,56690,8246,6450
56700,9199,6384,56710,8257,6446
56720,9209,6392,56730,8256,6456
56740,9195,6378,56750,8266,6456
56760,9211,6371,56770,8252,6437
56780,9204,6385,56790,8250,6438
56800,9206,6362,56810,8245,6434
56820,9209,6365,56830,8249,6466
56840,9203,6440,56850,8245,6509
56860,9212,6443,56870,8262,6510
56880,9214,6452,56890,8254,6513
56900,9216,6438,56910,8250,6504
56920,9215,6438,56930,8254,6513
56940,9214,6455,56950,8261,6514
56960,9216,6444,56970,8258,6521
56980,9206,6437,56990,8264,6502
57000,9202,6448,57010,8263,6512
57020,9217,6460,57030,8260,6508
57040,9208,6454,57050,8258,6508
57060,9204,6436,57070,8259,6495
57080,9220,6427,57090,8247,6494
57100,9225,6423,57110,8251,6496
57120,9208,6404,57130,8250,6474
57140,9212,6395,57150,8251,6465
57160,9189,6394,57170,8250,6466
57180,9209,6445,57190,8254,6505
57200,9213,6453,57210,8261,6503
57220,9197,6444,57230,8257,6499
57240,9208,6456,57250,8259,6501
57260,9204,6438,57270,8246,6513
57280,9229,6445,57290,8257,6506
57300,9210,6446,57310,8246,6508
57320,9203,6437,57330,8259,6498
57340,9212,6442,57350,8255,6502
57360,9209,6443,57370,8246,6502
57380,9208,6443,57390,8254,6506
57400,9209,6440,57410,8250,6501
57420,9204,6435,57430,8255,6501
57440,9217,6440,57450,8254,6510
57460,9212,6444,57470,8261,6510
57480,9214,6446,57490,8250,6514
57500,9203,6442,57510,8253,6500
57520,9206,6446,57530,8251,6511
57540,9219,6441,57550,8250,6505
57560,9209,6448,57570,8252,6517
57580,9222,6444,57590,8259,6508
57600,9211,6442,57610,8254,6500
57620,9215,6443,57630,8248,6508
57640,9213,6446,57650,8251,6504
57660,9221,6446,57670,8264,6507
57680,9212,6443,57690,8249,6502
57700,9215,6451,57710,8246,6503
57720,9212,6433,57730,8250,6493
57740,9206,6449,57750,8263,6507
57760,9201,6448,57770,8259,6509
57780,9216,6447,57790,8257,6512
57800,9216,6444,57810,8256,6501
57820,9214,6441,57830,8262,6514
57840,9210,6448,57850,8256,6491
57860,9213,6442,57870,8259,6513
57880,9210,6437,57890,8251,6515
57900,9216,6436,57910,8247,6510
57920,9215,6436,57930,8243,6502
57940,9224,6437,57950,8253,6499
57960,9214,6442,57970,8260,6509
57980,9220,6450,57990,8247,6499
58000,9219,6439,58010,8250,6497
58020,9208,6435,58030,8243,6505
58040,9212,6433,58050,8262,6498
58060,9216,6432,58070,8261,6507
58080,9216,6431,58090,8256,6499
58100,9197,6428,58110,8250,6504
58120,9200,6433,58130,8249,6494
58140,9214,6436,58150,8244,6496
58160,9219,6438,58170,8262,6506
58180,9211,6444,58190,8257,6502
58200,9209,6430,58210,8249,6493
58220,9212,6432,58230,8250,6491
58240,9206,6418,58250,8248,6477
58260,9207,6398,58270,8258,6469
58280,9219,6403,58290,8244,6472
58300,9204,6404,58310,8246,6466
58320,9211,6419,58330,8248,6471
58340,9207,6426,58350,8254,6482
58360,9196,6434,58370,8250,6495
58380,9198,6432,58390,8252,6483
58400,9197,6433,58410,8260,6492
58420,9208,6437,58430,8246,6490
58440,9205,6432,58450,8250,6479
58460,9218,6438,58470,8247,6482
58480,9211,6430,58490,8255,6486
58500,9198,6424,58510,8261,6487
58520,9211,6433,58530,8242,6482
58540,9206,6417,58550,8251,6488
58560,9211,6429,58570,8258,6482
58580,9215,6423,58590,8252,6479
58600,9207,6423,58610,8254,6484
58620,9209,6428,58630,8250,6473
58640,9211,6422,58650,8253,6482
58660,9211,6417,58670,8250,6473
58680,9216,6412,58690,8257,6481
58700,9217,6422,58710,8257,6476
58720,9210,6417,58730,8254,6472
58740,9216,6413,58750,8260,6477
58760,9211,6408,58770,8251,6467
58780,9217,6419,58790,8259,6479
58800,9221,6408,58810,8259,6469
58820,9204,6403,58830,8256,6475
58840,9217,6411,58850,8252,6461
58860,9221,6417,58870,8253,6464
58880,9221,6400,58890,8253,6475
58900,9204,6396,58910,8252,6471
58920,9207,6401,58930,8258,6461
58940,9216,6391,58950,8260,6450
58960,9215,6400,58970,8261,6460
58980,9214,6383,58990,8260,6454
59000,9221,6383,59010,8260,6449
59020,9218,6374,59030,8264,6283
59040,9214,6421,59050,8255,6503
59060,9221,6453,59070,8258,6520
59080,9213,6443,59090,8248,6513
59100,9213,6452,59110,8255,6512
59120,9217,6446,59130,8265,6523
59140,9214,6453,59150,8260,6522
59160,9218,6460,59170,8253,6518
59180,9211,6451,59190,8259,6519
59200,9211,6451,59210,8256,6516
59220,9210,6449,59230,8264,6516
59240,9209,6443,59250,8247,6513
59260,9204,6448,59270,8251,6506
59280,9209,6440,59290,8250,6514
59300,9209,6446,59310,8256,6518
59320,9217,6458,59330,8258,6523
59340,9202,6446,59350,8254,6517
59360,9216,6454,59370,8255,6508
59380,9213,6438,59390,8254,6503
59400,9216,6441,59410,8256,6501
59420,9207,6439,59430,8256,6497
59440,9210,6433,59450,8258,6501
59460,9219,6431,59470,8250,6508
59480,9215,6440,59490,8264,6515
59500,9214,6447,59510,8259,6507
59520,9204,6395,59530,8252,6489
59540,9200,6442,59550,8267,6487
59560,9200,6426,59570,8258,6479
59580,9212,6459,59590,8254,6507
59600,9218,6449,59610,8250,6511
59620,9207,6456,59630,8254,6511
59640,9203,6449,59650,8257,6516
59660,9222,6449,59670,8257,6511
59680,9212,6454,59690,8255,6510
59700,9206,6453,59710,8254,6517
59720,9210,6454,59730,8250,6512
59740,9207,6446,59750,8253,6511
59760,9214,6455,59770,8253,6516
59780,9217,6458,59790,8260,6507
59800,9225,6455,59810,8247,6513
59820,9210,6454,59830,8254,6510
59840,9207,6448,59850,8253,6519
59860,9218,6454,59870,8262,6517
59880,9212,6452,59890,8259,6519
59900,9216,6449,59910,8256,6516
59920,9213,6458,59930,8242,6513
59940,9211,6455,59950,8253,6499
59960,9213,6445,59970,8254,6504
59980,9198,6444,59990,8249,6507
60000,9207,6446,60010,8245,6514
60020,9201,6446,60030,8251,6502
60040,9205,6452,60050,8245,6509
60060,9204,6447,60070,8248,6511
60080,9197,6436,60090,8251,6508
60100,9197,6441,60110,8239,6511
60120,9204,6439,60130,8247,6503
60140,9202,6442,60150,8243,6513
60160,9206,6447,60170,8255,6504
60180,9201,6439,60190,8248,6503
60200,9201,6440,60210,8241,6494
60220,9196,6445,60230,8242,6510
60240,9203,6435,60250,8254,6507
60260,9197,6441,60270,8256,6505
60280,9202,6446,60290,8249,6512
60300,9205,6441,60310,8238,6498
60320,9206,6451,60330,8243,6510
60340,9207,6438,60350,8252,6508
60360,9202,6445,60370,8249,6508
60380,9198,6445,60390,8241,6512
60400,9203,6452,60410,8253,6496
60420,9207,6448,60430,8237,6517
60440,9200,6449,60450,8245,6517
60460,9199,6444,60470,8247,6516
60480,9203,6444,60490,8245,6511
60500,9205,6449,60510,8249,6500
60520,9210,6442,60530,8244,6509
60540,9205,6435,60550,8248,6504
60560,9214,6422,60570,8246,6494
60580,9215,6437,60590,8257,6486
60600,9219,6433,60610,8252,6487
60620,9221,6438,60630,8260,6489
60640,9221,6445,60650,8252,6502
60660,9213,6448,60670,8252,6500
60680,9203,6446,60690,8253,6496
60700,9193,6452,60710,8256,6500
60720,9193,6414,60730,8249,6476
60740,9196,6422,60750,8256,6487
60760,9194,6444,60770,8246,6499
60780,9212,6452,60790,8245,6509
60800,9215,6456,60810,8263,6517
60820,9211,6450,60830,8257,6508
60840,9215,6443,60850,8252,6510
60860,9212,6452,60870,8256,6509
60880,9217,6460,60890,8258,6512
60900,9215,6453,60910,8253,6518
60920,9216,6449,60930,8245,6507
60940,9208,6441,60950,8251,6504
60960,9218,6448,60970,8258,6513
60980,9210,6445,60990,8246,6513
61000,9219,6439,61010,8257,6516
61020,9208,6438,61030,8254,6502
61040,9203,6447,61050,8253,6500
61060,9206,6449,61070,8251,6505
61080,9213,6450,61090,8254,6522
61100,9222,6457,61110,8257,6509
61120,9209,6438,61130,8247,6509
61140,9209,6435,61150,8242,6513
61160,9204,6441,61170,8248,6504
61180,9211,6447,61190,8253,6516
61200,9209,6451,61210,8251,6515
61220,9210,6442,61230,8257,6503
61240,9212,6447,61250,8256,6514
61260,9207,6438,61270,8253,6507
61280,9216,6441,61290,8262,6503
61300,9211,6448,61310,8252,6508
61320,9206,6447,61330,8252,6503
61340,9205,6438,61350,8249,6504
61360,9205,6434,61370,8261,6510
61380,9214,6434,61390,8248,6506
61400,9211,6437,61410,8270,6504
61420,9208,6439,61430,8259,6505
61440,9213,6433,61450,8253,6496
61460,9215,6437,61470,8250,6499
61480,9207,6441,61490,8239,6494
61500,9211,6449,61510,8252,6503
61520,9207,6429,61530,8257,6494
61540,9207,6431,61550,8247,6502
61560,9215,6440,61570,8248,6501
61580,9213,6439,61590,8236,6491
61600,9211,6436,61610,8255,6507
61620,9208,6445,61630,8260,6497
61640,9206,6429,61650,8244,6499
61660,9203,6432,61670,8247,6490
61680,9210,6447,61690,8256,6506
61700,9208,6435,61710,8249,6487
61720,9211,6429,61730,8253,6495
61740,9195,6417,61750,8255,6481
61760,9213,6423,61770,8248,6479
61780,9216,6412,61790,8259,6493
61800,9211,6419,61810,8257,6487
61820,9224,6439,61830,8250,6489
61840,9202,6434,61850,8256,6496
61860,9217,6439,61870,8252,6487
61880,9201,6422,61890,8252,6490
61900,9208,6430,61910,8250,6493
61920,9210,6424,61930,8252,6495
61940,9212,6428,61950,8248,6490
61960,9214,6437,61970,8245,6494
61980,9205,6426,61990,8257,6485
62000,9222,6429,62010,8262,6495
62020,9217,6427,62030,8259,6488
62040,9220,6434,62050,8260,6497
62060,9219,6431,62070,8252,6494
62080,9223,6420,62090,8249,6487
62100,9215,6419,62110,8250,6474
62120,9221,6416,62130,8249,6486
62140,9217,6418,62150,8253,6479
62160,9208,6416,62170,8255,6474
62180,9215,6407,62190,8257,6484
62200,9221,6415,62210,8259,6431
62220,9213,6409,62230,8249,6470
62240,9216,6416,62250,8244,6465
62260,9223,6402,62270,8244,6462
62280,9224,6402,62290,8255,6465
62300,9225,6409,62310,8252,6458
62320,9219,6399,62330,8245,6455
62340,9217,6395,62350,8259,6463
62360,9224,6392,62370,8248,6463
62380,9213,6393,62390,8249,6455
62400,9224,6393,62410,8253,6455
62420,9215,6382,62430,8257,6445
62440,9213,6385,62450,8251,6446
62460,9212,6377,62470,8246,6439
62480,9215,6372,62490,8242,6436
62500,9213,6378,62510,8249,6392
62520,9215,6364,62530,8245,6414
62540,9217,6426,62550,8258,6495
62560,9223,6435,62570,8247,6503
62580,9226,6437,62590,8252,6501
62600,9225,6452,62610,8258,6500
62620,9216,6440,62630,8256,6520
62640,9226,6444,62650,8251,6504
62660,9223,6450,62670,8256,6518
62680,9223,6440,62690,8254,6500
62700,9230,6444,62710,8250,6509
62720,9220,6437,62730,8249,6509
62740,9228,6446,62750,8250,6498
62760,9235,6451,62770,8248,6502
62780,9232,6437,62790,8244,6508
62800,9234,6441,62810,8246,6484
62820,9246,6442,62830,8248,6506
62840,9250,6436,62850,8258,6500
62860,9243,6430,62870,8250,6482
62880,9254,6421,62890,8250,6486
62900,9251,6417,62910,8259,6491
62920,9257,6417,62930,8242,6485
62940,9256,6420,62950,8249,6483
62960,9257,6432,62970,8253,6498
62980,9255,6433,62990,8257,6497
63000,9246,6441,63010,8254,6495
63020,9239,6444,63030,8250,6500
63040,9253,6451,63050,8249,6494
63060,9252,6442,63070,8247,6500
63080,9259,6441,63090,8259,6493
63100,9254,6439,63110,8254,6464
63120,9234,6450,63130,8247,6489
63140,9254,6447,63150,8260,6493
63160,9264,6442,63170,8252,6499
63180,9276,6453,63190,8250,6501
63200,9268,6441,63210,8255,6508
63220,9265,6447,63230,8254,6510
63240,9264,6428,63250,8248,6510
63260,9269,6437,63270,8259,6500
63280,9271,6437,63290,8252,6502
63300,9270,6443,63310,8261,6515
63320,9286,6447,63330,8248,6509
63340,9279,6446,63350,8250,6510
63360,9301,6448,63370,8254,6505
63380,9297,6449,63390,8261,6500
63400,9289,6435,63410,8255,6494
63420,9296,6445,63430,8263,6506
63440,9286,6438,63450,8246,6497
63460,9299,6439,63470,8257,6501
63480,9305,6444,63490,8250,6510
63500,9296,6434,63510,8253,6517
63520,9293,6434,63530,8250,6510
63540,9292,6443,63550,8267,6512
63560,9300,6431,63570,8247,6505
63580,9292,6440,63590,8263,6496
63600,9289,6436,63610,8245,6496
63620,9282,6441,63630,8253,6503
63640,9282,6432,63650,8258,6509
63660,9286,6435,63670,8257,6503
63680,9265,6434,63690,8259,6506
63700,9266,6442,63710,8256,6461
63720,9267,6429,63730,8257,6489
63740,9260,6437,63750,8245,6504
63760,9264,6425,63770,8253,6496
63780,9250,6429,63790,8251,6490
63800,9268,6429,63810,8251,6501
63820,9257,6437,63830,8250,6492
63840,9257,6431,63850,8251,6500
63860,9250,6427,63870,8256,6500
63880,9259,6436,63890,8265,6501
63900,9257,6441,63910,8253,6496
63920,9249,6430,63930,8250,6490
63940,9234,6430,63950,8250,6493
63960,9247,6427,63970,8252,6497
63980,9251,6425,63990,8261,6486
64000,9249,6431,64010,8260,6440
64020,9240,6421,64030,8247,6475
64040,9247,6401,64050,8261,6474
64060,9243,6394,64070,8261,6471
64080,9234,6399,64090,8259,6475
64100,9240,6416,64110,8243,6480
64120,9240,6420,64130,8257,6469
64140,9234,6425,64150,8275,6489
64160,9239,6428,64170,8248,6482
64180,9224,6427,64190,8261,6485
64200,9223,6422,64210,8246,6479
64220,9231,6430,64230,8251,6484
64240,9230,6422,64250,8255,6471
64260,9240,6417,64270,8254,6475
64280,9234,6411,64290,8250,6470
64300,9236,6423,64310,8261,6476
64320,9232,6408,64330,8254,6472
64340,9233,6407,64350,8256,6472
64360,9232,6405,64370,8251,6472
64380,9238,6404,64390,8254,6472
64400,9233,6408,64410,8252,6467
64420,9237,6408,64430,8251,6462
64440,9230,6389,64450,8265,6457
64460,9243,6395,64470,8262,6461
64480,9244,6397,64490,8252,6461
64500,9240,6402,64510,8260,6461
64520,9245,6396,64530,8258,6454
64540,9242,6394,64550,8259,6450
64560,9229,6386,64570,8254,6452
64580,9242,6383,64590,8255,6450
64600,9229,6364,64610,8255,6395
64620,9238,6366,64630,8249,6503
64640,9238,6446,64650,8252,6508
64660,9234,6441,64670,8254,6511
64680,9243,6458,64690,8253,6505
64700,9235,6444,64710,8259,6513
64720,9242,6448,64730,8255,6508
64740,9229,6443,64750,8265,6503
64760,9223,6455,64770,8256,6513
64780,9247,6459,64790,8262,6516
64800,9233,6448,64810,8252,6514
64820,9235,6457,64830,8251,6514
64840,9248,6451,64850,8260,6515
64860,9227,6445,64870,8254,6507
64880,9232,6455,64890,8249,6510
64900,9239,6452,64910,8259,6517
64920,9231,6458,64930,8267,6517
64940,9234,6462,64950,8251,6522
64960,9232,6445,64970,8257,6517
64980,9241,6449,64990,8251,6504
65000,9232,6446,65010,8262,6519
65020,9236,6444,65030,8262,6516
65040,9232,6450,65050,8251,6508
65060,9234,6449,65070,8257,6521
65080,9239,6455,65090,8259,6508
65100,9234,6454,65110,8266,6512
65120,9237,6447,65130,8259,6509
65140,9235,6443,65150,8265,6515
65160,9233,6447,65170,8254,6492
65180,9243,6447,65190,8249,6498
65200,9229,6425,65210,8254,6497
65220,9237,6416,65230,8252,6483
65240,9234,6405,65250,8253,6470
65260,9227,6392,65270,8258,6490
65280,9234,6433,65290,8255,6499
65300,9216,6438,65310,8264,6504
65320,9239,6451,65330,8261,6497
65340,9218,6456,65350,8258,6498
65360,9225,6453,65370,8254,6500
65380,9227,6447,65390,8253,6504
65400,9224,6443,65410,8246,6498
65420,9235,6451,65430,8261,6502
65440,9233,6455,65450,8259,6510
65460,9227,6452,65470,8255,6509
65480,9230,6443,65490,8250,6499
65500,9226,6448,65510,8252,6504
65520,9228,6444,65530,8263,6508
65540,9233,6448,65550,8257,6500
65560,9221,6442,65570,8244,6523
65580,9224,6451,65590,8251,6498
65600,9231,6447,65610,8266,6513
65620,9237,6444,65630,8262,6507
65640,9233,6452,65650,8248,6503
65660,9234,6455,65670,8256,6505
65680,9240,6445,65690,8259,6512
65700,9219,6440,65710,8260,6510
65720,9233,6445,65730,8252,6516
65740,9234,6438,65750,8258,6505
65760,9228,6452,65770,8244,6510
65780,9225,6445,65790,8254,6510
65800,9229,6444,65810,8261,6519
65820,9229,6439,65830,8258,6508
65840,9224,6440,65850,8250,6501
65860,9229,6450,65870,8246,6504
65880,9241,6445,65890,8250,6512
65900,9234,6447,65910,8250,6509
65920,9233,6441,65930,8260,6505
65940,9228,6438,65950,8258,6513
65960,9236,6440,65970,8255,6505
65980,9231,6444,65990,8260,6508
