LED1 Timestamp (ms),LED1_PD1,LED1_PD2,LED2 Timestamp (ms),LED2_PD1,LED2_PD2
48000,2893,2768,48010,2892,2769
48020,2894,2770,48030,2893,2763
48040,2886,2766,48050,2896,2773
48060,2896,2766,48070,2894,2767
48080,2905,2768,48090,2895,2765
48100,2893,2769,48110,2899,2761
48120,2900,2768,48130,2902,2765
48140,2898,2764,48150,2899,2771
48160,2890,2760,48170,2901,2766
48180,2895,2768,48190,2895,2766
48200,2890,2756,48210,2898,2761
48220,2894,2766,48230,2905,2778
48240,2906,2767,48250,2898,2759
48260,2888,2763,48270,2898,2756
48280,2896,2759,48290,2903,2769
48300,2889,2753,48310,2893,2764
48320,2895,2760,48330,2884,2759
48340,2896,2760,48350,2895,2757
48360,2902,2766,48370,2900,2755
48380,2896,2760,48390,2906,2757
48400,2893,2757,48410,2898,2756
48420,2901,2760,48430,2884,2763
48440,2893,2767,48450,2885,2766
48460,2901,2770,48470,2880,2758
48480,2879,2762,48490,2877,2762
48500,2892,2764,48510,2886,2766
48520,2887,2764,48530,2894,2768
48540,2876,2763,48550,2873,2742
48560,2893,2757,48570,2879,2759
48580,2892,2765,48590,2899,2763
48600,2898,2768,48610,2900,2765
48620,2894,2765,48630,2896,2775
48640,2895,2762,48650,2899,2757
48660,2899,2770,48670,2890,2761
48680,2897,2767,48690,2891,2770
48700,2900,2771,48710,2896,2766
48720,2892,2762,48730,2897,2762
48740,2906,2768,48750,2897,2766
48760,2893,2771,48770,2898,2756
48780,2901,2770,48790,2895,2765
48800,2891,2762,48810,2908,2773
48820,2902,2766,48830,2899,2771
48840,2907,2766,48850,2897,2769
48860,2902,2766,48870,2898,2765
48880,2892,2768,48890,2900,2769
48900,2898,2765,48910,2894,2773
48920,2896,2768,48930,2899,2761
48940,2907,2766,48950,2900,2766
48960,2889,2762,48970,2890,2756
48980,2895,2771,48990,2894,2760
49000,2896,2762,49010,2892,2765
49020,2889,2763,49030,2899,2763
49040,2895,2762,49050,2890,2759
49060,2901,2766,49070,2905,2767
49080,2899,2776,49090,2896,2768
49100,2891,2764,49110,2894,2768
49120,2896,2766,49130,2895,2771
49140,2905,2762,49150,2891,2765
49160,2905,2765,49170,2892,2769
49180,2898,2768,49190,2892,2761
49200,2898,2768,49210,2900,2763
49220,2898,2762,49230,2894,2767
49240,2901,2766,49250,2899,2764
49260,2895,2757,49270,2889,2764
49280,2899,2760,49290,2893,2769
49300,2893,2762,49310,2895,2762
49320,2888,2763,49330,2890,2767
49340,2894,2772,49350,2894,2766
49360,2887,2772,49370,2902,2773
49380,2899,2759,49390,2894,2770
49400,2894,2756,49410,2895,2760
49420,2897,2753,49430,2898,2752
49440,2891,2756,49450,2895,2760
49460,2894,2751,49470,2893,2756
49480,2894,2764,49490,2887,2767
49500,2880,2767,49510,2883,2764
49520,2881,2761,49530,2881,2768
49540,2877,2757,49550,2880,2757
49560,2881,2763,49570,2884,2765
49580,2882,2762,49590,2884,2767
49600,2884,2755,49610,2886,2762
49620,2890,2768,49630,2892,2760
49640,2886,2772,49650,2881,2761
49660,2890,2756,49670,2897,2764
49680,2892,2760,49690,2888,2761
49700,2896,2766,49710,2891,2759
49720,2889,2757,49730,2896,2772
49740,2894,2770,49750,2878,2762
49760,2884,2768,49770,2893,2762
49780,2887,2764,49790,2895,2766
49800,2887,2761,49810,2901,2762
49820,2894,2768,49830,2891,2760
49840,2895,2763,49850,2893,2773
49860,2894,2769,49870,2894,2770
49880,2894,2775,49890,2898,2769
49900,2898,2768,49910,2892,2763
49920,2903,2771,49930,2901,2767
49940,2890,2767,49950,2888,2765
49960,2897,2762,49970,2898,2756
49980,2894,2760,49990,2895,2768
50000,2891,2759,50010,2886,2768
50020,2894,2760,50030,2891,2755
50040,2894,2763,50050,2896,2764
50060,2903,2769,50070,2900,2770
50080,2895,2769,50090,2900,2772
50100,2895,2758,50110,2890,2758
50120,2890,2755,50130,2887,2764
50140,2894,2767,50150,2892,2757
50160,2898,2771,50170,2892,2769
50180,2900,2764,50190,2889,2773
50200,2902,2757,50210,2897,2767
50220,2896,2759,50230,2891,2769
50240,2899,2769,50250,2890,2761
50260,2897,2770,50270,2895,2764
50280,2895,2763,50290,2900,2767
50300,2894,2771,50310,2899,2764
50320,2903,2757,50330,2894,2767
50340,2894,2772,50350,2895,2764
50360,2900,2761,50370,2903,2766
50380,2890,2766,50390,2896,2760
50400,2894,2763,50410,2892,2765
50420,2893,2757,50430,2892,2761
50440,2897,2754,50450,2894,2757
50460,2898,2758,50470,2902,2755
50480,2894,2759,50490,2891,2753
50500,2894,2754,50510,2894,2753
50520,2888,2760,50530,2890,2765
50540,2882,2761,50550,2887,2764
50560,2882,2758,50570,2886,2760
50580,2890,2771,50590,2878,2764
50600,2888,2761,50610,2882,2756
50620,2883,2762,50630,2880,2767
50640,2873,2755,50650,2872,2751
50660,2879,2755,50670,2883,2764
50680,2869,2763,50690,2888,2750
50700,2887,2758,50710,2886,2767
50720,2886,2765,50730,2901,2762
50740,2894,2760,50750,2892,2768
50760,2885,2761,50770,2891,2759
50780,2897,2753,50790,2894,2768
50800,2886,2768,50810,2892,2759
50820,2888,2763,50830,2889,2756
50840,2898,2765,50850,2896,2766
50860,2895,2760,50870,2887,2764
50880,2903,2762,50890,2897,2763
50900,2896,2758,50910,2903,2763
50920,2890,2763,50930,2893,2770
50940,2893,2760,50950,2893,2771
50960,2889,2765,50970,2898,2767
50980,2891,2760,50990,2886,2764
51000,2888,2771,51010,2895,2763
51020,2891,2762,51030,2885,2756
51040,2888,2762,51050,2895,2759
51060,2886,2767,51070,2890,2761
51080,2883,2756,51090,2892,2769
51100,2886,2758,51110,2879,2762
51120,2886,2764,51130,2888,2760
51140,2896,2757,51150,2884,2765
51160,2894,2767,51170,2894,2760
51180,2889,2767,51190,2894,2765
51200,2887,2757,51210,2893,2762
51220,2900,2766,51230,2893,2763
51240,2894,2765,51250,2897,2767
51260,2895,2767,51270,2900,2767
51280,2893,2763,51290,2896,2765
51300,2892,2759,51310,2890,2761
51320,2896,2762,51330,2888,2769
51340,2889,2760,51350,2886,2761
51360,2893,2765,51370,2888,2757
51380,2888,2763,51390,2892,2759
51400,2889,2766,51410,2895,2771
51420,2892,2770,51430,2892,2758
51440,2888,2762,51450,2892,2763
51460,2898,2758,51470,2889,2755
51480,2896,2764,51490,2893,2765
51500,2893,2762,51510,2890,2758
51520,2899,2756,51530,2898,2758
51540,2898,2758,51550,2894,2751
51560,2903,2747,51570,2897,2747
51580,2894,2741,51590,2888,2751
51600,2892,2758,51610,2882,2755
51620,2878,2766,51630,2887,2757
51640,2877,2756,51650,2884,2764
51660,2874,2759,51670,2886,2761
51680,2886,2760,51690,2876,2761
51700,2877,2766,51710,2888,2760
51720,2886,2758,51730,2898,2764
51740,2882,2762,51750,2890,2763
51760,2895,2759,51770,2897,2755
51780,2898,2767,51790,2888,2769
51800,2894,2760,51810,2878,2761
51820,2887,2761,51830,2892,2755
51840,2888,2758,51850,2891,2767
51860,2891,2761,51870,2894,2759
51880,2892,2763,51890,2899,2760
51900,2884,2757,51910,2897,2764
51920,2895,2762,51930,2894,2759
51940,2898,2755,51950,2890,2756
51960,2890,2765,51970,2889,2763
51980,2895,2761,51990,2905,2767
52000,2897,2765,52010,2903,2766
52020,2884,2766,52030,2886,2769
52040,2889,2769,52050,2890,2763
52060,2884,2748,52070,2896,2759
52080,2891,2759,52090,2894,2764
52100,2889,2772,52110,2904,2763
52120,2897,2769,52130,2889,2759
52140,2895,2770,52150,2897,2768
52160,2902,2767,52170,2894,2762
52180,2895,2772,52190,2891,2757
52200,2900,2770,52210,2895,2766
52220,2893,2771,52230,2892,2763
52240,2885,2763,52250,2891,2758
52260,2901,2759,52270,2896,2766
52280,2887,2757,52290,2899,2768
52300,2887,2761,52310,2892,2770
52320,2896,2763,52330,2885,2765
52340,2889,2767,52350,2893,2765
52360,2898,2763,52370,2888,2773
52380,2895,2761,52390,2886,2757
52400,2882,2762,52410,2892,2760
52420,2892,2761,52430,2887,2749
52440,2896,2762,52450,2894,2761
52460,2888,2754,52470,2895,2768
52480,2893,2763,52490,2892,2754
52500,2897,2766,52510,2891,2760
52520,2891,2762,52530,2885,2764
52540,2887,2758,52550,2899,2766
52560,2882,2754,52570,2897,2754
52580,2889,2766,52590,2899,2755
52600,2890,2768,52610,2884,2754
52620,2897,2754,52630,2891,2761
52640,2899,2756,52650,2886,2755
52660,2889,2759,52670,2880,2754
52680,2882,2756,52690,2880,2756
52700,2880,2758,52710,2883,2762
52720,2885,2755,52730,2879,2758
52740,2884,2751,52750,2876,2755
52760,2873,2753,52770,2876,2763
52780,2871,2754,52790,2889,2766
52800,2885,2750,52810,2878,2756
52820,2890,2758,52830,2883,2762
52840,2892,2766,52850,2886,2757
52860,2881,2760,52870,2887,2765
52880,2881,2760,52890,2894,2747
52900,2891,2761,52910,2887,2760
52920,2892,2760,52930,2895,2757
52940,2886,2763,52950,2898,2765
52960,2883,2754,52970,2891,2767
52980,2894,2754,52990,2889,2764
53000,2891,2765,53010,2892,2763
53020,2891,2758,53030,2899,2769
53040,2889,2760,53050,2897,2765
53060,2893,2755,53070,2891,2763
53080,2900,2773,53090,2897,2761
53100,2890,2754,53110,2892,2761
53120,2897,2768,53130,2888,2766
53140,2891,2756,53150,2898,2772
53160,2898,2756,53170,2893,2761
53180,2896,2758,53190,2900,2762
53200,2897,2761,53210,2886,2764
53220,2894,2758,53230,2896,2758
53240,2892,2772,53250,2896,2762
53260,2892,2759,53270,2901,2769
53280,2891,2755,53290,2892,2764
53300,2893,2760,53310,2895,2767
53320,2885,2758,53330,2891,2767
53340,2893,2773,53350,2895,2763
53360,2897,2764,53370,2893,2765
53380,2894,2766,53390,2892,2764
53400,2893,2765,53410,2891,2769
53420,2895,2764,53430,2899,2758
53440,2885,2758,53450,2891,2759
53460,2896,2767,53470,2893,2765
53480,2886,2759,53490,2894,2759
53500,2881,2753,53510,2891,2757
53520,2891,2759,53530,2893,2763
53540,2896,2763,53550,2889,2763
53560,2889,2766,53570,2890,2754
53580,2892,2757,53590,2893,2759
53600,2891,2769,53610,2889,2763
53620,2882,2758,53630,2893,2759
53640,2883,2754,53650,2897,2754
53660,2892,2753,53670,2895,2750
53680,2887,2746,53690,2889,2760
53700,2881,2752,53710,2890,2753
53720,2881,2752,53730,2884,2753
53740,2878,2752,53750,2882,2766
53760,2877,2760,53770,2880,2764
53780,2884,2771,53790,2887,2760
53800,2873,2757,53810,2886,2756
53820,2882,2756,53830,2893,2763
53840,2881,2758,53850,2889,2764
53860,2893,2752,53870,2887,2759
53880,2896,2760,53890,2889,2761
53900,2889,2758,53910,2893,2763
53920,2887,2758,53930,2894,2767
53940,2888,2765,53950,2887,2756
53960,2881,2764,53970,2882,2763
53980,2883,2765,53990,2889,2763
54000,2888,2760,54010,2891,2770
54020,2883,2766,54030,2889,2767
54040,2890,2755,54050,2887,2770
54060,2893,2764,54070,2897,2763
54080,2894,2752,54090,2894,2757
54100,2888,2748,54110,2893,2764
54120,2887,2760,54130,2894,2760
54140,2890,2768,54150,2899,2759
54160,2889,2766,54170,2889,2764
54180,2892,2766,54190,2900,2759
54200,2887,2763,54210,2889,2758
54220,2883,2769,54230,2891,2761
54240,2894,2764,54250,2888,2757
54260,2887,2766,54270,2890,2766
54280,2898,2766,54290,2887,2766
54300,2897,2760,54310,2892,2761
54320,2882,2758,54330,2890,2753
54340,2886,2759,54350,2894,2762
54360,2888,2769,54370,2889,2763
54380,2893,2762,54390,2886,2766
54400,2892,2770,54410,2893,2760
54420,2892,2764,54430,2891,2765
54440,2890,2766,54450,2888,2760
54460,2885,2763,54470,2891,2759
54480,2882,2756,54490,2889,2763
54500,2893,2758,54510,2890,2762
54520,2890,2759,54530,2899,2769
54540,2893,2757,54550,2895,2754
54560,2888,2761,54570,2894,2760
54580,2887,2763,54590,2893,2761
54600,2889,2758,54610,2890,2756
54620,2893,2759,54630,2891,2766
54640,2905,2765,54650,2893,2761
54660,2894,2756,54670,2891,2765
54680,2895,2755,54690,2887,2757
54700,2888,2752,54710,2887,2753
54720,2879,2746,54730,2898,2749
54740,2889,2752,54750,2891,2755
54760,2892,2752,54770,2886,2767
54780,2881,2752,54790,2881,2757
54800,2887,2760,54810,2876,2756
54820,2879,2751,54830,2885,2764
54840,2880,2752,54850,2874,2750
54860,2867,2746,54870,2873,2758
54880,2877,2767,54890,2873,2756
54900,2870,2764,54910,2870,2751
54920,2881,2763,54930,2873,2759
54940,2893,2762,54950,2889,2762
54960,2884,2759,54970,2892,2753
54980,2884,2753,54990,2891,2768
55000,2885,2757,55010,2889,2756
55020,2893,2760,55030,2884,2762
55040,2886,2772,55050,2888,2764
55060,2892,2761,55070,2890,2766
55080,2892,2751,55090,2885,2761
55100,2899,2765,55110,2894,2758
55120,2861,2747,55130,2894,2759
55140,2891,2757,55150,2891,2764
55160,2891,2763,55170,2895,2763
55180,2890,2762,55190,2892,2761
55200,2884,2763,55210,2888,2763
55220,2895,2765,55230,2894,2760
55240,2898,2760,55250,2888,2762
55260,2885,2754,55270,2891,2765
55280,2893,2761,55290,2895,2763
55300,2885,2764,55310,2890,2758
55320,2882,2761,55330,2883,2761
55340,2893,2756,55350,2897,2762
55360,2893,2763,55370,2889,2762
55380,2887,2762,55390,2888,2767
55400,2890,2755,55410,2892,2755
55420,2876,2754,55430,2900,2767
55440,2894,2763,55450,2891,2764
55460,2888,2759,55470,2891,2765
55480,2894,2759,55490,2884,2759
55500,2889,2774,55510,2888,2764
55520,2895,2759,55530,2889,2763
55540,2886,2769,55550,2891,2763
55560,2887,2754,55570,2892,2765
55580,2882,2760,55590,2890,2763
55600,2887,2762,55610,2888,2766
55620,2893,2762,55630,2894,2768
55640,2886,2759,55650,2889,2761
55660,2885,2761,55670,2887,2765
55680,2883,2760,55690,2887,2758
55700,2888,2761,55710,2887,2757
55720,2863,2743,55730,2901,2770
55740,2891,2749,55750,2896,2758
55760,2888,2754,55770,2897,2756
55780,2893,2750,55790,2891,2749
55800,2885,2752,55810,2893,2753
55820,2889,2748,55830,2882,2748
55840,2884,2744,55850,2879,2754
55860,2881,2761,55870,2874,2751
55880,2875,2753,55890,2882,2755
55900,2875,2758,55910,2872,2759
55920,2878,2763,55930,2876,2757
55940,2874,2755,55950,2888,2762
55960,2877,2752,55970,2889,2760
55980,2886,2759,55990,2890,2754
56000,2881,2758,56010,2883,2759
56020,2868,2740,56030,2880,2771
56040,2880,2768,56050,2872,2746
56060,2884,2762,56070,2883,2761
56080,2883,2757,56090,2894,2754
56100,2893,2767,56110,2883,2758
56120,2882,2750,56130,2886,2758
56140,2884,2756,56150,2892,2762
56160,2888,2763,56170,2883,2769
56180,2889,2757,56190,2886,2756
56200,2889,2754,56210,2890,2760
56220,2885,2760,56230,2889,2768
56240,2893,2761,56250,2892,2761
56260,2889,2765,56270,2889,2764
56280,2893,2761,56290,2893,2763
56300,2892,2758,56310,2889,2761
56320,2891,2766,56330,2890,2760
56340,2889,2759,56350,2889,2759
56360,2882,2764,56370,2898,2759
56380,2886,2756,56390,2893,2760
56400,2885,2762,56410,2886,2763
56420,2896,2763,56430,2884,2761
56440,2885,2756,56450,2891,2761
56460,2887,2758,56470,2889,2760
56480,2888,2767,56490,2891,2764
56500,2887,2756,56510,2888,2761
56520,2885,2764,56530,2889,2754
56540,2884,2758,56550,2885,2752
56560,2885,2758,56570,2888,2754
56580,2882,2751,56590,2885,2765
56600,2882,2756,56610,2890,2753
56620,2870,2741,56630,2885,2757
56640,2901,2763,56650,2888,2757
56660,2884,2764,56670,2888,2757
56680,2886,2768,56690,2887,2760
56700,2889,2754,56710,2892,2754
56720,2890,2764,56730,2891,2764
56740,2893,2761,56750,2894,2757
56760,2880,2754,56770,2899,2766
56780,2889,2762,56790,2893,2759
56800,2887,2755,56810,2892,2756
56820,2893,2752,56830,2892,2756
56840,2892,2753,56850,2892,2764
56860,2887,2742,56870,2890,2756
56880,2892,2761,56890,2882,2752
56900,2882,2757,56910,2879,2762
56920,2876,2765,56930,2880,2758
56940,2880,2762,56950,2883,2764
56960,2881,2762,56970,2881,2757
56980,2878,2763,56990,2881,2761
57000,2889,2752,57010,2885,2753
57020,2878,2762,57030,2892,2760
57040,2892,2766,57050,2882,2764
57060,2884,2756,57070,2890,2768
57080,2886,2761,57090,2890,2763
57100,2886,2758,57110,2894,2753
57120,2885,2761,57130,2886,2764
57140,2889,2760,57150,2888,2758
57160,2888,2756,57170,2880,2760
57180,2890,2762,57190,2890,2756
57200,2883,2751,57210,2892,2752
57220,2870,2754,57230,2891,2763
57240,2884,2757,57250,2890,2767
57260,2892,2764,57270,2882,2760
57280,2879,2764,57290,2885,2753
57300,2881,2761,57310,2891,2760
57320,2889,2763,57330,2893,2757
57340,2874,2756,57350,2893,2758
57360,2892,2762,57370,2885,2756
57380,2879,2758,57390,2880,2755
57400,2886,2763,57410,2887,2762
57420,2885,2768,57430,2885,2755
57440,2885,2761,57450,2880,2758
57460,2888,2749,57470,2884,2759
57480,2890,2759,57490,2886,2759
57500,2889,2760,57510,2884,2758
57520,2892,2769,57530,2893,2761
57540,2894,2761,57550,2887,2760
57560,2889,2755,57570,2895,2769
57580,2892,2769,57590,2894,2765
57600,2890,2760,57610,2885,2754
57620,2883,2758,57630,2888,2764
57640,2892,2767,57650,2893,2754
57660,2888,2753,57670,2891,2762
57680,2892,2750,57690,2887,2757
57700,2874,2756,57710,2890,2770
57720,2894,2760,57730,2883,2752
57740,2890,2765,57750,2887,2761
57760,2893,2759,57770,2898,2763
57780,2884,2759,57790,2883,2763
57800,2879,2759,57810,2889,2755
57820,2890,2754,57830,2901,2757
57840,2886,2756,57850,2888,2755
57860,2885,2755,57870,2892,2749
57880,2890,2750,57890,2895,2759
57900,2890,2750,57910,2879,2749
57920,2887,2742,57930,2881,2746
57940,2891,2747,57950,2888,2751
57960,2882,2758,57970,2880,2756
57980,2875,2757,57990,2880,2754
58000,2871,2758,58010,2874,2759
58020,2871,2763,58030,2872,2754
58040,2874,2762,58050,2883,2758
58060,2874,2758,58070,2878,2758
58080,2876,2754,58090,2882,2757
58100,2879,2759,58110,2884,2759
58120,2889,2761,58130,2871,2757
58140,2867,2745,58150,2871,2758
58160,2868,2751,58170,2874,2759
58180,2891,2761,58190,2890,2763
58200,2879,2762,58210,2890,2760
58220,2888,2767,58230,2888,2763
58240,2890,2758,58250,2890,2757
58260,2890,2763,58270,2886,2755
58280,2882,2767,58290,2892,2753
58300,2886,2753,58310,2886,2759
58320,2887,2762,58330,2891,2757
58340,2892,2758,58350,2879,2763
58360,2883,2762,58370,2888,2757
58380,2884,2765,58390,2886,2753
58400,2889,2757,58410,2892,2764
58420,2885,2761,58430,2881,2755
58440,2887,2761,58450,2888,2761
58460,2893,2757,58470,2888,2755
58480,2891,2752,58490,2889,2765
58500,2886,2762,58510,2885,2760
58520,2894,2765,58530,2884,2762
58540,2884,2758,58550,2884,2762
58560,2888,2761,58570,2884,2759
58580,2885,2758,58590,2878,2762
58600,2885,2767,58610,2890,2760
58620,2884,2758,58630,2888,2760
58640,2889,2758,58650,2880,2754
58660,2889,2761,58670,2891,2757
58680,2891,2763,58690,2893,2757
58700,2890,2759,58710,2887,2760
58720,2888,2758,58730,2888,2763
58740,2894,2752,58750,2886,2762
58760,2892,2753,58770,2896,2766
58780,2888,2757,58790,2883,2759
58800,2883,2763,58810,2891,2761
58820,2887,2759,58830,2881,2758
58840,2888,2748,58850,2879,2753
58860,2878,2757,58870,2883,2755
58880,2883,2754,58890,2883,2765
58900,2887,2759,58910,2884,2756
58920,2892,2756,58930,2883,2749
58940,2893,2755,58950,2885,2754
58960,2884,2743,58970,2893,2758
58980,2882,2748,58990,2886,2748
59000,2886,2750,59010,2886,2748
59020,2887,2764,59030,2875,2746
59040,2875,2748,59050,2879,2751
59060,2872,2750,59070,2874,2740
59080,2885,2760,59090,2878,2763
59100,2880,2750,59110,2884,2758
59120,2877,2760,59130,2873,2757
59140,2889,2760,59150,2897,2756
59160,2886,2764,59170,2883,2761
59180,2886,2759,59190,2889,2768
59200,2886,2762,59210,2878,2761
59220,2883,2763,59230,2887,2758
59240,2886,2753,59250,2888,2762
59260,2885,2755,59270,2892,2754
59280,2886,2754,59290,2889,2757
59300,2887,2759,59310,2882,2761
59320,2883,2753,59330,2883,2752
59340,2883,2773,59350,2886,2751
59360,2887,2751,59370,2883,2760
59380,2884,2758,59390,2892,2752
59400,2888,2762,59410,2880,2751
59420,2875,2755,59430,2878,2756
59440,2879,2754,59450,2887,2755
59460,2884,2759,59470,2889,2765
59480,2879,2758,59490,2884,2747
59500,2886,2752,59510,2890,2754
59520,2884,2761,59530,2882,2754
59540,2883,2758,59550,2880,2768
59560,2887,2756,59570,2882,2761
59580,2890,2756,59590,2879,2760
59600,2884,2765,59610,2884,2754
59620,2879,2746,59630,2883,2760
59640,2897,2759,59650,2887,2762
59660,2885,2764,59670,2892,2760
59680,2884,2767,59690,2885,2754
59700,2886,2764,59710,2889,2756
59720,2890,2764,59730,2886,2763
59740,2874,2757,59750,2886,2755
59760,2883,2761,59770,2887,2754
59780,2889,2759,59790,2883,2757
59800,2884,2757,59810,2885,2754
59820,2884,2756,59830,2882,2762
59840,2889,2749,59850,2887,2758
59860,2883,2757,59870,2882,2756
59880,2895,2763,59890,2883,2760
59900,2876,2756,59910,2884,2754
59920,2880,2758,59930,2884,2760
59940,2891,2758,59950,2886,2761
59960,2885,2760,59970,2889,2752
59980,2890,2755,59990,2882,2749
60000,2886,2751,60010,2893,2754
60020,2885,2750,60030,2893,2748
60040,2891,2750,60050,2893,2745
60060,2881,2739,60070,2877,2742
60080,2878,2750,60090,2876,2746
60100,2877,2755,60110,2882,2755
60120,2877,2758,60130,2874,2755
60140,2879,2760,60150,2871,2758
60160,2868,2760,60170,2879,2748
60180,2880,2753,60190,2881,2763
60200,2877,2755,60210,2878,2756
60220,2878,2759,60230,2876,2749
60240,2865,2750,60250,2866,2753
60260,2871,2751,60270,2870,2746
60280,2879,2751,60290,2888,2755
60300,2884,2752,60310,2882,2761
60320,2877,2752,60330,2879,2757
60340,2886,2751,60350,2877,2760
60360,2883,2757,60370,2884,2744
60380,2886,2751,60390,2883,2754
60400,2890,2757,60410,2888,2747
60420,2889,2753,60430,2884,2759
60440,2878,2753,60450,2886,2763
60460,2874,2756,60470,2882,2762
60480,2881,2753,60490,2885,2755
60500,2882,2759,60510,2884,2756
60520,2891,2750,60530,2892,2753
60540,2887,2755,60550,2887,2769
60560,2897,2762,60570,2877,2761
60580,2884,2758,60590,2876,2764
60600,2886,2757,60610,2894,2760
60620,2897,2757,60630,2882,2761
60640,2885,2760,60650,2877,2758
60660,2878,2755,60670,2888,2758
60680,2881,2756,60690,2881,2756
60700,2886,2755,60710,2884,2761
60720,2880,2759,60730,2887,2758
60740,2890,2760,60750,2884,2762
60760,2888,2759,60770,2882,2758
60780,2882,2756,60790,2890,2749
60800,2884,2751,60810,2883,2757
60820,2889,2751,60830,2888,2747
60840,2875,2752,60850,2884,2756
60860,2891,2755,60870,2880,2757
60880,2883,2754,60890,2895,2753
60900,2880,2756,60910,2876,2760
60920,2883,2754,60930,2887,2757
60940,2879,2760,60950,2888,2760
60960,2879,2756,60970,2894,2769
60980,2885,2754,60990,2880,2755
61000,2881,2754,61010,2877,2757
61020,2879,2759,61030,2895,2756
61040,2883,2754,61050,2889,2754
61060,2877,2748,61070,2887,2754
61080,2881,2746,61090,2892,2752
61100,2883,2752,61110,2884,2755
61120,2892,2736,61130,2884,2740
61140,2876,2745,61150,2877,2748
61160,2873,2744,61170,2869,2740
61180,2869,2759,61190,2880,2757
61200,2873,2754,61210,2876,2757
61220,2884,2751,61230,2870,2747
61240,2883,2755,61250,2882,2761
61260,2884,2762,61270,2877,2757
61280,2874,2748,61290,2883,2760
61300,2891,2761,61310,2879,2747
61320,2884,2765,61330,2883,2755
61340,2886,2759,61350,2883,2754
61360,2878,2757,61370,2881,2754
61380,2889,2751,61390,2884,2753
61400,2885,2765,61410,2880,2757
61420,2890,2755,61430,2882,2762
61440,2879,2752,61450,2882,2758
61460,2877,2754,61470,2886,2763
61480,2889,2757,61490,2884,2747
61500,2881,2764,61510,2892,2753
61520,2884,2762,61530,2882,2760
61540,2884,2763,61550,2880,2760
61560,2888,2750,61570,2885,2758
61580,2888,2759,61590,2896,2764
61600,2886,2760,61610,2885,2752
61620,2890,2753,61630,2884,2756
61640,2884,2760,61650,2887,2753
61660,2877,2760,61670,2888,2762
61680,2887,2754,61690,2890,2751
61700,2885,2760,61710,2878,2759
61720,2884,2764,61730,2888,2759
61740,2879,2753,61750,2886,2758
61760,2884,2744,61770,2884,2760
61780,2880,2760,61790,2884,2756
61800,2885,2756,61810,2886,2754
61820,2886,2760,61830,2883,2760
61840,2878,2755,61850,2886,2760
61860,2888,2761,61870,2885,2753
61880,2885,2753,61890,2877,2747
61900,2877,2752,61910,2879,2762
61920,2889,2755,61930,2889,2752
61940,2888,2764,61950,2885,2758
61960,2879,2756,61970,2884,2760
61980,2886,2750,61990,2880,2757
62000,2880,2758,62010,2891,2746
62020,2895,2760,62030,2886,2762
62040,2888,2757,62050,2883,2756
62060,2882,2746,62070,2878,2754
62080,2881,2747,62090,2887,2757
62100,2892,2754,62110,2886,2756
62120,2884,2744,62130,2885,2751
62140,2880,2745,62150,2891,2750
62160,2887,2737,62170,2888,2746
62180,2883,2747,62190,2889,2748
62200,2887,2748,62210,2875,2747
62220,2878,2753,62230,2876,2751
62240,2863,2752,62250,2877,2753
62260,2873,2758,62270,2875,2763
62280,2863,2752,62290,2876,2762
62300,2871,2754,62310,2881,2753
62320,2885,2762,62330,2879,2757
62340,2881,2758,62350,2883,2757
62360,2880,2761,62370,2881,2757
62380,2885,2754,62390,2876,2753
62400,2881,2762,62410,2888,2760
62420,2885,2755,62430,2885,2754
62440,2878,2748,62450,2881,2759
62460,2889,2757,62470,2884,2752
62480,2881,2760,62490,2893,2758
62500,2888,2754,62510,2882,2750
62520,2878,2756,62530,2877,2758
62540,2883,2760,62550,2885,2753
62560,2882,2758,62570,2880,2756
62580,2884,2759,62590,2886,2746
62600,2889,2755,62610,2882,2758
62620,2887,2760,62630,2889,2759
62640,2882,2754,62650,2880,2746
62660,2884,2766,62670,2894,2756
62680,2882,2746,62690,2883,2761
62700,2888,2763,62710,2887,2749
62720,2886,2769,62730,2883,2761
62740,2887,2752,62750,2881,2764
62760,2878,2753,62770,2888,2761
62780,2883,2758,62790,2893,2764
62800,2880,2760,62810,2882,2756
62820,2878,2757,62830,2883,2751
62840,2882,2750,62850,2885,2757
62860,2877,2758,62870,2877,2757
62880,2882,2757,62890,2874,2760
62900,2884,2760,62910,2888,2746
62920,2874,2754,62930,2875,2745
62940,2879,2758,62950,2886,2759
62960,2884,2753,62970,2871,2759
62980,2879,2762,62990,2878,2751
63000,2879,2746,63010,2888,2760
63020,2876,2761,63030,2868,2755
63040,2887,2761,63050,2882,2763
63060,2890,2754,63070,2882,2754
63080,2880,2751,63090,2885,2753
63100,2884,2746,63110,2882,2761
63120,2889,2751,63130,2885,2753
63140,2883,2749,63150,2884,2753
63160,2889,2752,63170,2881,2744
63180,2888,2748,63190,2887,2745
63200,2881,2755,63210,2881,2744
63220,2894,2742,63230,2896,2743
63240,2879,2733,63250,2887,2745
63260,2880,2742,63270,2879,2742
63280,2874,2756,63290,2864,2746
63300,2875,2752,63310,2871,2750
63320,2878,2753,63330,2877,2747
63340,2870,2753,63350,2876,2756
63360,2877,2744,63370,2874,2752
63380,2878,2748,63390,2876,2760
63400,2881,2764,63410,2875,2755
63420,2868,2752,63430,2877,2762
63440,2880,2760,63450,2882,2760
63460,2879,2754,63470,2885,2757
63480,2885,2754,63490,2877,2756
63500,2881,2756,63510,2883,2747
63520,2887,2760,63530,2875,2762
63540,2881,2764,63550,2881,2747
63560,2878,2753,63570,2883,2755
63580,2877,2753,63590,2880,2753
63600,2883,2758,63610,2876,2755
63620,2877,2758,63630,2880,2748
63640,2883,2757,63650,2883,2752
63660,2887,2758,63670,2877,2750
63680,2877,2744,63690,2888,2752
63700,2876,2761,63710,2879,2752
63720,2883,2758,63730,2880,2755
63740,2874,2761,63750,2881,2764
63760,2883,2759,63770,2890,2763
63780,2883,2759,63790,2883,2756
63800,2877,2753,63810,2892,2760
63820,2876,2747,63830,2880,2751
63840,2882,2757,63850,2885,2753
63860,2889,2760,63870,2881,2765
63880,2875,2760,63890,2888,2756
63900,2887,2762,63910,2884,2746
63920,2888,2759,63930,2883,2755
63940,2889,2751,63950,2877,2741
63960,2885,2751,63970,2886,2753
63980,2885,2759,63990,2892,2757
64000,2888,2755,64010,2879,2749
64020,2887,2757,64030,2888,2752
64040,2881,2749,64050,2891,2758
64060,2878,2756,64070,2875,2758
64080,2877,2760,64090,2883,2767
64100,2879,2759,64110,2877,2756
64120,2888,2754,64130,2877,2757
64140,2889,2759,64150,2883,2764
64160,2884,2747,64170,2884,2756
64180,2882,2754,64190,2877,2753
64200,2887,2755,64210,2879,2751
64220,2886,2753,64230,2878,2745
64240,2877,2745,64250,2878,2748
64260,2884,2748,64270,2869,2747
64280,2887,2742,64290,2884,2739
64300,2881,2747,64310,2884,2743
64320,2868,2744,64330,2878,2757
64340,2872,2754,64350,2875,2761
64360,2863,2757,64370,2878,2749
64380,2869,2751,64390,2871,2757
64400,2869,2757,64410,2874,2759
64420,2871,2756,64430,2884,2751
64440,2878,2758,64450,2880,2767
64460,2875,2752,64470,2872,2744
64480,2882,2757,64490,2881,2750
64500,2881,2753,64510,2887,2747
64520,2869,2758,64530,2874,2755
64540,2883,2755,64550,2885,2750
64560,2884,2757,64570,2886,2757
64580,2879,2753,64590,2882,2752
64600,2875,2751,64610,2883,2751
64620,2881,2755,64630,2882,2754
64640,2878,2750,64650,2886,2763
64660,2885,2759,64670,2874,2761
64680,2884,2763,64690,2877,2756
64700,2874,2754,64710,2878,2750
64720,2892,2758,64730,2886,2756
64740,2880,2755,64750,2892,2758
64760,2888,2759,64770,2883,2754
64780,2888,2746,64790,2874,2748
64800,2886,2756,64810,2880,2759
64820,2880,2753,64830,2884,2755
64840,2878,2752,64850,2881,2756
64860,2876,2755,64870,2883,2757
64880,2890,2760,64890,2881,2755
64900,2882,2748,64910,2890,2754
64920,2874,2755,64930,2879,2763
64940,2880,2758,64950,2884,2760
64960,2882,2756,64970,2880,2748
64980,2879,2767,64990,2880,2754
65000,2878,2760,65010,2880,2747
65020,2883,2753,65030,2883,2762
65040,2876,2760,65050,2887,2753
65060,2883,2756,65070,2881,2759
65080,2882,2759,65090,2877,2757
65100,2876,2751,65110,2878,2749
65120,2882,2751,65130,2882,2751
65140,2872,2755,65150,2883,2754
65160,2887,2751,65170,2875,2763
65180,2883,2757,65190,2884,2757
65200,2877,2755,65210,2877,2749
65220,2882,2747,65230,2880,2761
65240,2877,2755,65250,2886,2750
65260,2878,2750,65270,2878,2740
65280,2877,2743,65290,2876,2751
65300,2877,2750,65310,2884,2751
65320,2876,2741,65330,2877,2743
65340,2879,2740,65350,2882,2743
65360,2880,2755,65370,2875,2751
65380,2872,2751,65390,2875,2752
65400,2876,2757,65410,2874,2759
65420,2879,2759,65430,2880,2758
65440,2875,2758,65450,2875,2749
65460,2878,2751,65470,2886,2763
65480,2876,2761,65490,2877,2756
65500,2880,2754,65510,2884,2749
65520,2875,2755,65530,2881,2751
65540,2880,2750,65550,2886,2758
65560,2880,2753,65570,2872,2752
65580,2878,2756,65590,2880,2758
65600,2879,2755,65610,2879,2743
65620,2881,2752,65630,2869,2763
65640,2884,2750,65650,2873,2755
65660,2878,2761,65670,2874,2753
65680,2881,2753,65690,2883,2743
65700,2882,2748,65710,2871,2762
65720,2876,2755,65730,2873,2753
65740,2882,2764,65750,2884,2757
65760,2877,2757,65770,2885,2755
65780,2883,2754,65790,2884,2759
65800,2886,2755,65810,2872,2758
65820,2880,2760,65830,2880,2759
65840,2878,2751,65850,2880,2754
65860,2875,2759,65870,2887,2750
65880,2882,2751,65890,2884,2756
65900,2881,2752,65910,2868,2741
65920,2879,2758,65930,2882,2750
65940,2875,2757,65950,2878,2758
65960,2881,2758,65970,2874,2747
65980,2878,2761,65990,2880,2752
66000,2880,2751,66010,2887,2761
66020,2881,2748,66030,2883,2755
66040,2876,2751,66050,2887,2755
66060,2882,2752,66070,2876,2754
66080,2874,2749,66090,2881,2760
66100,2878,2748,66110,2890,2757
66120,2881,2755,66130,2884,2755
66140,2881,2755,66150,2882,2747
66160,2877,2757,66170,2876,2750
66180,2885,2757,66190,2884,2749
66200,2880,2758,66210,2854,2737
66220,2883,2760,66230,2885,2759
66240,2884,2753,66250,2885,2757
66260,2880,2758,66270,2890,2761
66280,2884,2763,66290,2882,2756
66300,2875,2752,66310,2881,2752
66320,2882,2756,66330,2877,2751
66340,2882,2747,66350,2881,2743
66360,2876,2739,66370,2879,2745
66380,2886,2741,66390,2877,2750
66400,2885,2750,66410,2884,2734
66420,2879,2740,66430,2877,2750
66440,2878,2746,66450,2874,2749
66460,2872,2745,66470,2869,2750
66480,2864,2758,66490,2866,2752
66500,2865,2746,66510,2839,2731
66520,2861,2748,66530,2858,2741
66540,2861,2746,66550,2856,2743
66560,2866,2755,66570,2876,2755
66580,2879,2756,66590,2883,2750
66600,2877,2755,66610,2877,2751
66620,2880,2756,66630,2886,2756
66640,2877,2752,66650,2877,2755
66660,2883,2745,66670,2875,2760
66680,2883,2753,66690,2881,2756
66700,2883,2748,66710,2880,2746
66720,2883,2757,66730,2877,2754
66740,2883,2753,66750,2882,2749
66760,2885,2753,66770,2871,2754
66780,2874,2760,66790,2881,2756
66800,2886,2751,66810,2885,2753
66820,2876,2750,66830,2885,2751
66840,2883,2752,66850,2877,2753
66860,2874,2758,66870,2873,2761
66880,2892,2751,66890,2880,2751
66900,2879,2752,66910,2883,2759
66920,2883,2749,66930,2870,2755
66940,2870,2750,66950,2882,2758
66960,2878,2749,66970,2882,2755
66980,2882,2756,66990,2885,2746
67000,2878,2754,67010,2877,2753
67020,2879,2746,67030,2879,2759
67040,2882,2748,67050,2880,2744
67060,2875,2751,67070,2871,2749
67080,2870,2748,67090,2883,2756
67100,2878,2750,67110,2854,2730
67120,2885,2755,67130,2883,2752
67140,2873,2752,67150,2876,2758
67160,2880,2754,67170,2883,2758
67180,2880,2756,67190,2881,2754
67200,2867,2750,67210,2883,2752
67220,2880,2755,67230,2881,2762
67240,2884,2752,67250,2879,2752
67260,2874,2757,67270,2884,2743
67280,2888,2758,67290,2876,2749
67300,2876,2741,67310,2879,2757
67320,2883,2759,67330,2879,2754
67340,2878,2750,67350,2887,2760
67360,2878,2761,67370,2883,2764
67380,2876,2747,67390,2881,2748
67400,2879,2744,67410,2877,2744
67420,2879,2751,67430,2877,2746
67440,2891,2737,67450,2874,2733
67460,2874,2739,67470,2874,2742
67480,2874,2749,67490,2871,2748
67500,2871,2752,67510,2882,2738
67520,2870,2742,67530,2870,2747
67540,2861,2746,67550,2864,2745
67560,2875,2749,67570,2872,2747
67580,2865,2746,67590,2881,2750
67600,2871,2753,67610,2880,2750
67620,2866,2753,67630,2877,2745
67640,2879,2746,67650,2876,2752
67660,2880,2746,67670,2878,2748
67680,2876,2756,67690,2873,2750
67700,2876,2753,67710,2861,2738
67720,2871,2758,67730,2877,2753
67740,2868,2747,67750,2878,2750
67760,2876,2745,67770,2880,2747
67780,2870,2746,67790,2876,2746
67800,2874,2747,67810,2884,2747
67820,2872,2754,67830,2875,2759
67840,2872,2752,67850,2877,2755
67860,2873,2747,67870,2884,2752
67880,2871,2748,67890,2878,2750
67900,2881,2756,67910,2885,2754
67920,2872,2745,67930,2881,2749
67940,2874,2746,67950,2877,2745
67960,2880,2749,67970,2873,2746
67980,2874,2748,67990,2876,2756
68000,2874,2752,68010,2870,2752
68020,2878,2758,68030,2879,2749
68040,2884,2752,68050,2879,2750
68060,2867,2760,68070,2878,2743
68080,2869,2750,68090,2882,2743
68100,2876,2741,68110,2883,2749
68120,2876,2749,68130,2878,2750
68140,2877,2745,68150,2881,2751
68160,2882,2746,68170,2878,2748
68180,2886,2747,68190,2874,2756
68200,2876,2757,68210,2878,2760
68220,2877,2752,68230,2883,2754
68240,2873,2756,68250,2877,2745
68260,2871,2755,68270,2885,2751
68280,2870,2751,68290,2867,2759
68300,2879,2747,68310,2878,2755
68320,2873,2761,68330,2882,2759
68340,2879,2757,68350,2878,2757
68360,2882,2751,68370,2889,2753
68380,2883,2751,68390,2883,2757
68400,2881,2751,68410,2878,2752
68420,2870,2758,68430,2877,2756
68440,2874,2746,68450,2876,2749
68460,2871,2748,68470,2875,2736
68480,2877,2754,68490,2871,2739
68500,2878,2735,68510,2879,2746
68520,2877,2741,68530,2883,2740
68540,2869,2738,68550,2870,2746
68560,2869,2742,68570,2876,2748
68580,2856,2748,68590,2878,2746
68600,2872,2748,68610,2874,2752
68620,2858,2745,68630,2851,2738
68640,2860,2744,68650,2870,2751
68660,2859,2749,68670,2871,2751
68680,2870,2751,68690,2873,2745
68700,2869,2753,68710,2870,2749
68720,2878,2745,68730,2877,2747
68740,2874,2755,68750,2873,2748
68760,2880,2751,68770,2866,2738
68780,2871,2749,68790,2867,2750
68800,2884,2754,68810,2878,2751
68820,2879,2751,68830,2877,2750
68840,2883,2750,68850,2879,2755
68860,2876,2744,68870,2871,2756
68880,2872,2748,68890,2879,2752
68900,2874,2747,68910,2875,2753
68920,2873,2748,68930,2878,2760
68940,2883,2754,68950,2876,2749
68960,2881,2748,68970,2878,2751
68980,2878,2752,68990,2879,2751
69000,2876,2750,69010,2881,2753
69020,2875,2746,69030,2882,2748
69040,2880,2751,69050,2881,2744
69060,2874,2756,69070,2880,2751
69080,2873,2756,69090,2882,2748
69100,2873,2746,69110,2881,2752
69120,2876,2753,69130,2881,2751
69140,2881,2753,69150,2877,2752
69160,2878,2743,69170,2877,2749
69180,2880,2748,69190,2877,2748
69200,2878,2747,69210,2880,2750
69220,2877,2754,69230,2874,2757
69240,2876,2755,69250,2882,2750
69260,2885,2758,69270,2881,2752
69280,2881,2749,69290,2871,2752
69300,2871,2754,69310,2871,2752
69320,2875,2742,69330,2875,2754
69340,2880,2748,69350,2876,2744
69360,2880,2743,69370,2886,2749
69380,2872,2754,69390,2878,2746
69400,2883,2746,69410,2880,2749
69420,2878,2753,69430,2872,2748
69440,2869,2749,69450,2875,2751
69460,2879,2753,69470,2871,2759
69480,2877,2751,69490,2880,2745
69500,2880,2742,69510,2882,2750
69520,2884,2743,69530,2873,2751
69540,2879,2748,69550,2876,2733
69560,2879,2737,69570,2877,2754
69580,2883,2740,69590,2878,2753
69600,2877,2750,69610,2878,2750
69620,2868,2753,69630,2877,2752
69640,2872,2747,69650,2870,2748
69660,2868,2741,69670,2871,2749
69680,2860,2748,69690,2868,2749
69700,2870,2743,69710,2873,2751
69720,2864,2745,69730,2878,2752
69740,2872,2746,69750,2867,2752
69760,2876,2748,69770,2874,2755
69780,2876,2759,69790,2874,2752
69800,2875,2750,69810,2872,2752
69820,2879,2756,69830,2871,2754
69840,2863,2750,69850,2879,2757
69860,2871,2758,69870,2871,2752
69880,2869,2748,69890,2873,2754
69900,2880,2750,69910,2877,2756
69920,2869,2742,69930,2880,2748
69940,2872,2744,69950,2877,2759
69960,2875,2754,69970,2871,2748
69980,2874,2747,69990,2871,2755
70000,2873,2751,70010,2885,2749
70020,2880,2752,70030,2869,2752
70040,2874,2752,70050,2876,2748
70060,2877,2745,70070,2870,2752
70080,2877,2747,70090,2884,2752
70100,2876,2748,70110,2883,2758
70120,2882,2751,70130,2883,2751
70140,2872,2748,70150,2873,2751
70160,2879,2750,70170,2874,2743
70180,2876,2748,70190,2881,2754
70200,2878,2752,70210,2880,2753
70220,2878,2748,70230,2876,2743
70240,2867,2746,70250,2873,2747
70260,2871,2751,70270,2872,2746
70280,2880,2750,70290,2878,2754
70300,2880,2745,70310,2872,2756
70320,2869,2746,70330,2876,2751
70340,2875,2747,70350,2878,2749
70360,2877,2752,70370,2874,2754
70380,2881,2754,70390,2873,2759
70400,2876,2755,70410,2881,2756
70420,2872,2748,70430,2880,2747
70440,2876,2748,70450,2876,2760
70460,2876,2758,70470,2879,2746
70480,2881,2752,70490,2876,2747
70500,2875,2742,70510,2868,2749
70520,2873,2748,70530,2866,2745
70540,2872,2757,70550,2877,2752
70560,2866,2752,70570,2871,2741
70580,2876,2740,70590,2869,2737
70600,2877,2748,70610,2876,2738
70620,2874,2741,70630,2879,2744
70640,2878,2742,70650,2871,2741
70660,2874,2742,70670,2867,2749
70680,2864,2742,70690,2865,2746
70700,2867,2750,70710,2865,2745
70720,2863,2740,70730,2866,2743
70740,2853,2736,70750,2860,2748
70760,2857,2751,70770,2876,2749
70780,2877,2756,70790,2868,2737
70800,2873,2749,70810,2871,2752
70820,2867,2748,70830,2883,2747
70840,2868,2742,70850,2868,2742
70860,2878,2747,70870,2875,2740
70880,2870,2746,70890,2872,2750
70900,2869,2744,70910,2871,2750
70920,2871,2741,70930,2879,2745
70940,2872,2751,70950,2870,2752
70960,2873,2750,70970,2871,2755
70980,2873,2756,70990,2875,2750
71000,2866,2749,71010,2880,2743
71020,2874,2746,71030,2871,2748
71040,2878,2749,71050,2868,2758
71060,2878,2755,71070,2874,2745
71080,2870,2746,71090,2874,2748
71100,2880,2759,71110,2878,2746
71120,2873,2749,71130,2873,2754
71140,2875,2756,71150,2873,2750
71160,2867,2749,71170,2871,2743
71180,2878,2747,71190,2873,2747
71200,2866,2751,71210,2873,2755
71220,2873,2735,71230,2868,2751
71240,2872,2750,71250,2873,2742
71260,2880,2748,71270,2870,2750
71280,2875,2745,71290,2870,2742
71300,2878,2746,71310,2872,2749
71320,2874,2754,71330,2877,2743
71340,2870,2749,71350,2874,2739
71360,2869,2752,71370,2870,2745
71380,2873,2746,71390,2878,2742
71400,2871,2747,71410,2872,2742
71420,2876,2756,71430,2874,2745
71440,2877,2738,71450,2872,2737
71460,2873,2741,71470,2877,2753
71480,2878,2757,71490,2878,2742
71500,2877,2752,71510,2861,2744
71520,2869,2748,71530,2881,2749
71540,2871,2751,71550,2871,2749
71560,2874,2742,71570,2865,2744
71580,2874,2753,71590,2879,2749
71600,2866,2746,71610,2871,2747
71620,2874,2745,71630,2876,2754
71640,2869,2740,71650,2872,2747
71660,2873,2742,71670,2878,2745
71680,2871,2741,71690,2877,2739
71700,2879,2742,71710,2874,2742
71720,2880,2747,71730,2872,2747
71740,2871,2748,71750,2869,2750
71760,2867,2749,71770,2865,2746
71780,2855,2747,71790,2874,2749
71800,2860,2749,71810,2869,2745
71820,2866,2739,71830,2876,2750
71840,2874,2747,71850,2868,2734
71860,2874,2747,71870,2878,2751
71880,2867,2748,71890,2869,2742
71900,2874,2748,71910,2860,2757
71920,2846,2746,71930,2865,2742
71940,2863,2751,71950,2861,2746
71960,2869,2748,71970,2873,2750
71980,2872,2750,71990,2877,2752
72000,2865,2749,72010,2873,2747
72020,2872,2747,72030,2870,2743
72040,2876,2745,72050,2867,2747
72060,2876,2750,72070,2873,2742
72080,2868,2753,72090,2871,2760
72100,2868,2753,72110,2875,2754
72120,2869,2739,72130,2865,2746
72140,2872,2741,72150,2877,2749
72160,2883,2751,72170,2868,2741
72180,2872,2749,72190,2876,2756
72200,2874,2759,72210,2876,2755
72220,2874,2757,72230,2877,2758
72240,2882,2753,72250,2878,2760
72260,2878,2752,72270,2878,2742
72280,2874,2748,72290,2873,2747
72300,2877,2753,72310,2875,2751
72320,2878,2748,72330,2878,2749
72340,2878,2753,72350,2869,2756
72360,2881,2754,72370,2867,2750
72380,2876,2753,72390,2883,2750
72400,2877,2751,72410,2878,2742
72420,2879,2749,72430,2872,2754
72440,2874,2753,72450,2870,2754
72460,2874,2757,72470,2875,2751
72480,2870,2756,72490,2871,2741
72500,2874,2754,72510,2881,2761
72520,2874,2757,72530,2877,2750
72540,2881,2750,72550,2877,2749
72560,2874,2751,72570,2880,2750
72580,2877,2748,72590,2877,2742
72600,2876,2747,72610,2880,2754
72620,2874,2748,72630,2869,2751
72640,2878,2744,72650,2879,2747
72660,2879,2752,72670,2874,2746
72680,2869,2746,72690,2877,2740
72700,2876,2739,72710,2870,2740
72720,2877,2734,72730,2874,2744
72740,2880,2738,72750,2879,2738
72760,2875,2736,72770,2880,2737
72780,2875,2740,72790,2869,2750
72800,2864,2739,72810,2864,2741
72820,2857,2746,72830,2872,2744
72840,2854,2745,72850,2851,2743
72860,2857,2741,72870,2853,2746
72880,2862,2750,72890,2864,2749
72900,2864,2742,72910,2868,2751
72920,2873,2745,72930,2872,2750
72940,2867,2745,72950,2870,2746
72960,2874,2749,72970,2872,2761
72980,2876,2752,72990,2867,2742
73000,2872,2742,73010,2876,2747
73020,2874,2738,73030,2868,2758
73040,2865,2750,73050,2881,2750
73060,2872,2739,73070,2871,2748
73080,2870,2747,73090,2879,2750
73100,2878,2744,73110,2878,2749
73120,2876,2749,73130,2868,2756
73140,2867,2744,73150,2877,2749
73160,2875,2756,73170,2878,2754
73180,2879,2750,73190,2868,2748
73200,2864,2744,73210,2874,2739
73220,2881,2749,73230,2873,2747
73240,2873,2745,73250,2871,2755
73260,2879,2752,73270,2882,2749
73280,2870,2750,73290,2876,2746
73300,2875,2749,73310,2868,2747
73320,2865,2746,73330,2871,2748
73340,2863,2746,73350,2870,2746
73360,2883,2750,73370,2878,2753
73380,2871,2746,73390,2873,2736
73400,2874,2752,73410,2882,2750
73420,2871,2750,73430,2868,2746
73440,2860,2738,73450,2878,2746
73460,2875,2749,73470,2876,2745
73480,2872,2749,73490,2870,2751
73500,2873,2752,73510,2873,2746
73520,2874,2750,73530,2867,2750
73540,2869,2747,73550,2871,2745
73560,2864,2754,73570,2874,2751
73580,2867,2748,73590,2877,2746
73600,2862,2742,73610,2871,2742
73620,2864,2743,73630,2862,2753
73640,2875,2744,73650,2881,2749
73660,2872,2754,73670,2881,2746
73680,2880,2748,73690,2866,2754
73700,2877,2750,73710,2876,2755
73720,2870,2747,73730,2874,2752
73740,2867,2742,73750,2874,2748
73760,2873,2742,73770,2865,2736
73780,2867,2738,73790,2873,2748
73800,2877,2737,73810,2874,2741
73820,2875,2739,73830,2867,2738
73840,2866,2748,73850,2868,2741
73860,2861,2744,73870,2865,2745
73880,2868,2743,73890,2857,2746
73900,2859,2749,73910,2864,2743
73920,2867,2743,73930,2865,2748
73940,2862,2747,73950,2866,2756
73960,2869,2740,73970,2875,2746
73980,2861,2745,73990,2869,2752
74000,2865,2745,74010,2850,2747
74020,2868,2745,74030,2865,2747
74040,2862,2745,74050,2865,2740
74060,2872,2750,74070,2870,2742
74080,2866,2750,74090,2872,2749
74100,2868,2750,74110,2872,2747
74120,2871,2749,74130,2872,2746
74140,2873,2745,74150,2876,2750
74160,2869,2754,74170,2879,2748
74180,2874,2750,74190,2872,2755
74200,2872,2738,74210,2875,2750
74220,2872,2748,74230,2869,2734
74240,2877,2750,74250,2869,2750
74260,2867,2748,74270,2869,2752
74280,2860,2750,74290,2874,2752
74300,2859,2749,74310,2866,2740
74320,2878,2747,74330,2867,2752
74340,2872,2748,74350,2872,2752
74360,2866,2741,74370,2875,2743
74380,2863,2754,74390,2868,2742
74400,2874,2745,74410,2865,2745
74420,2864,2743,74430,2869,2749
74440,2877,2745,74450,2869,2743
74460,2872,2738,74470,2873,2747
74480,2867,2741,74490,2875,2752
74500,2866,2749,74510,2870,2748
74520,2863,2746,74530,2879,2747
74540,2869,2743,74550,2873,2744
74560,2868,2747,74570,2872,2745
74580,2872,2742,74590,2869,2748
74600,2877,2742,74610,2883,2748
74620,2876,2749,74630,2876,2754
74640,2870,2743,74650,2873,2743
74660,2871,2751,74670,2866,2755
74680,2869,2743,74690,2881,2745
74700,2869,2754,74710,2877,2754
74720,2869,2751,74730,2869,2752
74740,2875,2751,74750,2873,2746
74760,2869,2748,74770,2871,2746
74780,2864,2745,74790,2873,2749
74800,2875,2752,74810,2881,2752
74820,2877,2732,74830,2879,2743
74840,2877,2744,74850,2874,2739
74860,2871,2730,74870,2880,2734
74880,2878,2735,74890,2872,2742
74900,2857,2742,74910,2872,2745
74920,2859,2747,74930,2872,2744
74940,2869,2748,74950,2862,2747
74960,2857,2748,74970,2856,2749
74980,2864,2750,74990,2863,2751
75000,2864,2742,75010,2868,2749
75020,2871,2750,75030,2870,2748
75040,2870,2751,75050,2870,2746
75060,2867,2745,75070,2868,2744
75080,2868,2742,75090,2874,2745
75100,2866,2747,75110,2876,2741
75120,2866,2745,75130,2875,2747
75140,2875,2747,75150,2874,2743
75160,2871,2754,75170,2876,2749
75180,2870,2744,75190,2866,2748
75200,2869,2748,75210,2876,2754
75220,2869,2750,75230,2873,2750
75240,2877,2749,75250,2872,2746
75260,2864,2746,75270,2872,2748
75280,2881,2745,75290,2874,2743
75300,2867,2744,75310,2861,2745
75320,2876,2747,75330,2868,2745
75340,2867,2748,75350,2878,2750
75360,2869,2748,75370,2871,2752
75380,2878,2751,75390,2869,2746
75400,2873,2745,75410,2878,2752
75420,2876,2757,75430,2866,2749
75440,2872,2749,75450,2871,2751
75460,2874,2751,75470,2879,2756
75480,2874,2745,75490,2871,2746
75500,2881,2751,75510,2878,2758
75520,2885,2747,75530,2879,2758
75540,2873,2754,75550,2874,2754
75560,2876,2759,75570,2871,2751
75580,2869,2747,75590,2876,2748
75600,2879,2758,75610,2866,2748
75620,2870,2752,75630,2883,2753
75640,2868,2747,75650,2871,2747
75660,2875,2744,75670,2873,2753
75680,2873,2750,75690,2870,2743
75700,2870,2753,75710,2867,2737
75720,2871,2744,75730,2876,2754
75740,2873,2749,75750,2869,2746
75760,2874,2747,75770,2869,2758
75780,2872,2739,75790,2866,2747
75800,2864,2749,75810,2878,2748
75820,2876,2750,75830,2872,2746
75840,2868,2747,75850,2873,2744
75860,2871,2750,75870,2869,2749
75880,2882,2745,75890,2880,2747
75900,2875,2746,75910,2875,2740
75920,2878,2746,75930,2879,2745
75940,2875,2743,75950,2879,2738
75960,2870,2739,75970,2871,2760
75980,2867,2744,75990,2862,2746
76000,2856,2738,76010,2867,2749
76020,2865,2755,76030,2865,2747
76040,2862,2748,76050,2857,2748
76060,2861,2745,76070,2874,2752
76080,2872,2740,76090,2867,2742
76100,2876,2738,76110,2855,2740
76120,2864,2752,76130,2863,2748
76140,2858,2743,76150,2867,2751
76160,2867,2763,76170,2881,2748
76180,2869,2755,76190,2878,2750
76200,2871,2739,76210,2873,2759
76220,2870,2750,76230,2866,2741
76240,2878,2751,76250,2877,2747
76260,2871,2751,76270,2877,2752
76280,2874,2747,76290,2867,2750
76300,2875,2749,76310,2872,2753
76320,2868,2744,76330,2872,2744
76340,2872,2751,76350,2872,2747
76360,2869,2751,76370,2876,2753
76380,2874,2756,76390,2878,2748
76400,2866,2727,76410,2877,2752
76420,2864,2756,76430,2875,2757
76440,2880,2758,76450,2864,2743
76460,2871,2749,76470,2867,2741
76480,2875,2752,76490,2868,2743
76500,2866,2748,76510,2871,2751
76520,2880,2749,76530,2870,2746
76540,2879,2748,76550,2877,2754
76560,2871,2744,76570,2873,2745
76580,2877,2750,76590,2869,2752
76600,2874,2754,76610,2877,2744
76620,2868,2758,76630,2872,2750
76640,2874,2748,76650,2878,2744
76660,2866,2749,76670,2872,2755
76680,2883,2751,76690,2871,2750
76700,2856,2730,76710,2877,2745
76720,2877,2752,76730,2870,2745
76740,2871,2750,76750,2877,2753
76760,2871,2747,76770,2874,2750
76780,2865,2748,76790,2871,2752
76800,2871,2753,76810,2876,2758
76820,2874,2745,76830,2862,2742
76840,2872,2747,76850,2872,2744
76860,2869,2751,76870,2873,2749
76880,2870,2757,76890,2867,2744
76900,2874,2747,76910,2874,2746
76920,2874,2750,76930,2870,2743
76940,2874,2751,76950,2868,2739
76960,2881,2736,76970,2874,2747
76980,2865,2733,76990,2875,2749
77000,2840,2716,77010,2878,2737
77020,2878,2726,77030,2868,2739
77040,2866,2735,77050,2861,2739
77060,2862,2747,77070,2862,2741
77080,2865,2746,77090,2861,2744
77100,2850,2746,77110,2857,2752
77120,2869,2744,77130,2869,2748
77140,2866,2747,77150,2868,2741
77160,2873,2743,77170,2868,2752
77180,2876,2749,77190,2866,2749
77200,2873,2749,77210,2881,2750
77220,2865,2745,77230,2879,2750
77240,2862,2736,77250,2878,2749
77260,2867,2751,77270,2875,2739
77280,2878,2752,77290,2870,2749
77300,2870,2752,77310,2867,2747
77320,2867,2744,77330,2864,2744
77340,2865,2755,77350,2869,2752
77360,2865,2745,77370,2868,2747
77380,2875,2755,77390,2871,2761
77400,2866,2751,77410,2867,2740
77420,2874,2744,77430,2861,2746
77440,2879,2747,77450,2865,2747
77460,2869,2749,77470,2866,2743
77480,2875,2754,77490,2872,2747
77500,2869,2747,77510,2872,2747
77520,2867,2745,77530,2875,2751
77540,2874,2744,77550,2870,2744
77560,2868,2752,77570,2872,2754
77580,2868,2751,77590,2870,2756
77600,2846,2731,77610,2875,2749
77620,2873,2752,77630,2866,2751
77640,2872,2748,77650,2875,2758
77660,2875,2745,77670,2873,2741
77680,2873,2743,77690,2869,2751
77700,2868,2748,77710,2859,2745
77720,2867,2752,77730,2873,2742
77740,2869,2739,77750,2868,2748
77760,2870,2745,77770,2864,2738
77780,2868,2746,77790,2868,2746
77800,2877,2740,77810,2860,2749
77820,2871,2742,77830,2869,2744
77840,2867,2741,77850,2869,2747
77860,2868,2744,77870,2869,2744
77880,2863,2740,77890,2856,2749
77900,2862,2746,77910,2874,2751
77920,2863,2744,77930,2864,2742
77940,2865,2748,77950,2866,2744
77960,2863,2747,77970,2869,2742
77980,2871,2735,77990,2869,2747
78000,2870,2740,78010,2868,2741
78020,2866,2741,78030,2877,2741
78040,2871,2736,78050,2875,2740
78060,2866,2737,78070,2863,2736
78080,2862,2747,78090,2863,2740
78100,2859,2746,78110,2860,2736
78120,2855,2743,78130,2866,2744
78140,2862,2743,78150,2860,2746
78160,2856,2745,78170,2863,2748
78180,2863,2743,78190,2864,2748
78200,2853,2730,78210,2851,2750
78220,2862,2740,78230,2866,2750
78240,2861,2748,78250,2855,2745
78260,2871,2748,78270,2868,2746
78280,2871,2752,78290,2862,2748
78300,2871,2752,78310,2863,2751
78320,2869,2745,78330,2866,2748
78340,2870,2742,78350,2864,2744
78360,2869,2741,78370,2872,2748
78380,2863,2746,78390,2870,2741
78400,2871,2748,78410,2871,2746
78420,2866,2747,78430,2869,2742
78440,2869,2744,78450,2869,2750
78460,2863,2747,78470,2863,2741
78480,2866,2749,78490,2867,2745
78500,2857,2736,78510,2880,2750
78520,2872,2751,78530,2874,2740
78540,2874,2746,78550,2870,2744
78560,2869,2747,78570,2870,2747
78580,2864,2743,78590,2880,2744
78600,2880,2746,78610,2874,2749
78620,2875,2750,78630,2869,2745
78640,2874,2753,78650,2876,2745
78660,2861,2741,78670,2862,2748
78680,2862,2736,78690,2862,2748
78700,2876,2748,78710,2869,2748
78720,2868,2751,78730,2861,2750
78740,2866,2746,78750,2869,2750
78760,2867,2742,78770,2869,2745
78780,2874,2749,78790,2866,2751
78800,2869,2742,78810,2872,2740
78820,2864,2746,78830,2865,2749
78840,2872,2751,78850,2873,2748
78860,2861,2743,78870,2855,2743
78880,2867,2745,78890,2871,2750
78900,2863,2743,78910,2874,2748
78920,2862,2749,78930,2870,2745
78940,2865,2744,78950,2872,2740
78960,2865,2743,78970,2867,2745
78980,2864,2747,78990,2871,2747
79000,2867,2741,79010,2870,2752
79020,2867,2746,79030,2869,2746
79040,2870,2753,79050,2870,2746
79060,2869,2736,79070,2870,2750
79080,2866,2743,79090,2869,2744
79100,2866,2727,79110,2870,2738
79120,2863,2728,79130,2868,2728
79140,2861,2728,79150,2864,2722
79160,2861,2750,79170,2869,2747
79180,2856,2744,79190,2851,2741
79200,2859,2748,79210,2863,2742
79220,2854,2742,79230,2859,2740
79240,2859,2745,79250,2857,2749
79260,2864,2757,79270,2861,2748
79280,2862,2745,79290,2868,2747
79300,2863,2746,79310,2869,2747
79320,2879,2741,79330,2872,2745
79340,2865,2753,79350,2868,2754
79360,2870,2751,79370,2870,2754
79380,2867,2749,79390,2866,2749
79400,2871,2747,79410,2876,2754
79420,2868,2755,79430,2870,2751
79440,2863,2754,79450,2862,2749
79460,2869,2744,79470,2870,2748
79480,2867,2735,79490,2869,2750
79500,2866,2744,79510,2868,2751
79520,2873,2750,79530,2865,2753
79540,2869,2736,79550,2869,2741
79560,2868,2743,79570,2880,2750
79580,2872,2743,79590,2866,2756
79600,2875,2746,79610,2868,2742
79620,2868,2752,79630,2870,2748
79640,2864,2751,79650,2865,2747
79660,2869,2749,79670,2876,2744
79680,2877,2752,79690,2877,2747
79700,2874,2751,79710,2880,2751
79720,2872,2756,79730,2879,2754
79740,2876,2753,79750,2874,2750
79760,2874,2747,79770,2877,2752
79780,2867,2748,79790,2875,2747
79800,2868,2751,79810,2871,2747
79820,2873,2741,79830,2875,2745
79840,2868,2747,79850,2876,2756
79860,2869,2751,79870,2878,2758
79880,2869,2750,79890,2876,2756
79900,2885,2755,79910,2874,2749
79920,2874,2746,79930,2871,2749
79940,2868,2753,79950,2867,2748
79960,2867,2748,79970,2879,2738
79980,2875,2745,79990,2872,2750
80000,2876,2756,80010,2874,2749
80020,2873,2748,80030,2873,2748
80040,2866,2746,80050,2879,2750
80060,2877,2745,80070,2874,2754
80080,2866,2749,80090,2871,2743
80100,2866,2743,80110,2877,2743
80120,2874,2748,80130,2867,2744
80140,2876,2748,80150,2876,2752
80160,2866,2747,80170,2875,2745
80180,2867,2746,80190,2869,2743
80200,2862,2744,80210,2863,2750
80220,2867,2751,80230,2863,2746
80240,2856,2750,80250,2862,2743
80260,2862,2754,80270,2861,2745
80280,2863,2740,80290,2864,2750
80300,2877,2752,80310,2862,2752
80320,2862,2745,80330,2855,2744
80340,2857,2756,80350,2862,2744
80360,2872,2751,80370,2873,2750
80380,2871,2745,80390,2874,2754
80400,2871,2749,80410,2874,2756
80420,2868,2747,80430,2878,2754
80440,2869,2749,80450,2872,2754
80460,2871,2752,80470,2871,2753
80480,2867,2755,80490,2867,2754
80500,2871,2749,80510,2870,2758
80520,2873,2750,80530,2874,2750
80540,2872,2751,80550,2876,2751
80560,2874,2747,80570,2876,2749
80580,2870,2739,80590,2876,2752
80600,2879,2747,80610,2876,2742
80620,2867,2747,80630,2884,2759
80640,2869,2746,80650,2875,2747
80660,2876,2745,80670,2863,2749
80680,2872,2746,80690,2874,2754
80700,2872,2746,80710,2880,2757
80720,2877,2748,80730,2874,2750
80740,2868,2753,80750,2881,2744
80760,2878,2752,80770,2875,2760
80780,2876,2755,80790,2870,2759
80800,2872,2747,80810,2872,2754
80820,2876,2747,80830,2876,2755
80840,2881,2757,80850,2875,2749
80860,2869,2750,80870,2867,2748
80880,2871,2745,80890,2877,2753
80900,2874,2753,80910,2876,2759
80920,2872,2754,80930,2871,2754
80940,2876,2746,80950,2873,2743
80960,2876,2746,80970,2866,2750
80980,2873,2753,80990,2864,2750
81000,2872,2744,81010,2874,2749
81020,2879,2750,81030,2875,2748
81040,2877,2755,81050,2872,2750
81060,2871,2754,81070,2869,2748
81080,2875,2748,81090,2867,2749
81100,2872,2756,81110,2878,2756
81120,2863,2748,81130,2877,2753
81140,2875,2754,81150,2871,2746
81160,2864,2751,81170,2865,2745
81180,2874,2744,81190,2864,2740
81200,2870,2731,81210,2863,2735
81220,2874,2731,81230,2876,2737
81240,2869,2733,81250,2870,2733
81260,2870,2738,81270,2867,2744
81280,2865,2748,81290,2866,2743
81300,2868,2755,81310,2857,2755
81320,2863,2753,81330,2863,2747
81340,2864,2757,81350,2862,2756
81360,2867,2751,81370,2869,2749
81380,2856,2742,81390,2868,2753
81400,2873,2743,81410,2858,2749
81420,2870,2748,81430,2866,2754
81440,2867,2747,81450,2868,2749
81460,2864,2742,81470,2862,2758
81480,2871,2747,81490,2868,2748
81500,2874,2752,81510,2870,2752
81520,2863,2756,81530,2870,2754
81540,2872,2751,81550,2868,2755
81560,2863,2752,81570,2869,2752
81580,2877,2759,81590,2878,2754
81600,2873,2748,81610,2876,2763
81620,2878,2742,81630,2870,2750
81640,2872,2757,81650,2871,2751
81660,2873,2741,81670,2873,2741
81680,2879,2752,81690,2867,2750
81700,2878,2748,81710,2872,2746
81720,2876,2749,81730,2867,2747
81740,2876,2752,81750,2865,2743
81760,2883,2757,81770,2872,2750
81780,2873,2750,81790,2875,2750
81800,2870,2747,81810,2876,2744
81820,2870,2750,81830,2872,2750
81840,2872,2754,81850,2879,2749
81860,2864,2749,81870,2867,2755
81880,2872,2750,81890,2872,2752
81900,2869,2752,81910,2871,2739
81920,2872,2757,81930,2864,2744
81940,2867,2749,81950,2864,2744
81960,2873,2747,81970,2864,2750
81980,2874,2749,81990,2865,2745
82000,2866,2749,82010,2864,2750
82020,2868,2753,82030,2871,2750
82040,2875,2745,82050,2870,2751
82060,2874,2750,82070,2870,2756
82080,2866,2748,82090,2864,2756
82100,2870,2748,82110,2871,2755
82120,2874,2755,82130,2874,2747
82140,2867,2755,82150,2869,2748
82160,2874,2751,82170,2883,2745
82180,2873,2751,82190,2874,2752
82200,2868,2747,82210,2873,2750
82220,2870,2749,82230,2865,2742
82240,2868,2743,82250,2875,2737
82260,2878,2752,82270,2872,2739
82280,2862,2736,82290,2877,2741
82300,2868,2742,82310,2874,2752
82320,2873,2744,82330,2868,2747
82340,2864,2748,82350,2872,2745
82360,2853,2750,82370,2869,2743
82380,2865,2746,82390,2860,2753
82400,2861,2742,82410,2861,2745
82420,2875,2745,82430,2866,2752
82440,2867,2747,82450,2871,2759
82460,2863,2747,82470,2873,2760
82480,2867,2749,82490,2875,2749
82500,2866,2749,82510,2875,2747
82520,2865,2756,82530,2873,2756
82540,2868,2757,82550,2876,2754
82560,2870,2753,82570,2876,2760
82580,2867,2756,82590,2865,2747
82600,2863,2748,82610,2872,2745
82620,2874,2755,82630,2869,2743
82640,2876,2745,82650,2863,2752
82660,2872,2756,82670,2872,2754
82680,2873,2752,82690,2873,2755
82700,2867,2749,82710,2882,2754
82720,2880,2748,82730,2874,2748
82740,2864,2752,82750,2867,2751
82760,2873,2752,82770,2871,2749
82780,2871,2753,82790,2868,2750
82800,2870,2752,82810,2865,2748
82820,2871,2749,82830,2869,2745
82840,2864,2748,82850,2878,2753
82860,2877,2753,82870,2869,2753
82880,2873,2753,82890,2873,2751
82900,2872,2751,82910,2880,2753
82920,2872,2751,82930,2878,2751
82940,2878,2755,82950,2877,2754
82960,2875,2757,82970,2869,2750
82980,2877,2742,82990,2879,2748
83000,2870,2748,83010,2882,2753
83020,2873,2750,83030,2875,2756
83040,2872,2755,83050,2869,2753
83060,2871,2750,83070,2873,2752
83080,2876,2745,83090,2872,2759
83100,2875,2751,83110,2866,2751
83120,2872,2747,83130,2863,2753
83140,2867,2747,83150,2867,2745
83160,2875,2747,83170,2861,2750
83180,2869,2749,83190,2870,2752
83200,2862,2749,83210,2870,2755
83220,2881,2755,83230,2876,2757
83240,2865,2748,83250,2867,2751
83260,2870,2748,83270,2868,2744
83280,2871,2743,83290,2878,2755
83300,2877,2742,83310,2864,2745
83320,2869,2736,83330,2864,2733
83340,2864,2741,83350,2872,2737
83360,2875,2735,83370,2874,2735
83380,2860,2739,83390,2862,2740
83400,2863,2742,83410,2862,2748
83420,2869,2747,83430,2859,2746
83440,2862,2751,83450,2860,2757
83460,2858,2745,83470,2859,2755
83480,2863,2754,83490,2868,2753
83500,2865,2747,83510,2870,2747
83520,2862,2746,83530,2871,2756
83540,2869,2744,83550,2869,2753
83560,2864,2749,83570,2869,2753
83580,2870,2744,83590,2867,2752
83600,2858,2753,83610,2846,2750
83620,2867,2752,83630,2868,2746
83640,2862,2742,83650,2869,2750
83660,2865,2748,83670,2869,2751
83680,2870,2752,83690,2871,2748
83700,2872,2747,83710,2873,2754
83720,2870,2752,83730,2876,2748
83740,2877,2753,83750,2866,2746
83760,2867,2753,83770,2879,2759
83780,2869,2754,83790,2870,2744
83800,2863,2744,83810,2874,2759
83820,2864,2744,83830,2872,2742
83840,2869,2749,83850,2872,2743
83860,2865,2754,83870,2868,2748
83880,2870,2748,83890,2872,2745
83900,2872,2743,83910,2864,2741
83920,2876,2744,83930,2869,2746
83940,2875,2745,83950,2877,2748
83960,2864,2748,83970,2866,2751
83980,2871,2748,83990,2858,2747
84000,2869,2747,84010,2868,2753
84020,2863,2743,84030,2866,2746
84040,2871,2753,84050,2870,2740
84060,2869,2751,84070,2865,2752
84080,2874,2750,84090,2884,2756
84100,2869,2749,84110,2884,2749
84120,2873,2753,84130,2867,2749
84140,2874,2743,84150,2874,2758
84160,2865,2748,84170,2867,2747
84180,2862,2748,84190,2869,2755
84200,2874,2742,84210,2872,2746
84220,2865,2753,84230,2874,2759
84240,2874,2752,84250,2867,2745
84260,2869,2743,84270,2873,2747
84280,2874,2751,84290,2868,2749
84300,2859,2746,84310,2871,2746
84320,2873,2759,84330,2879,2749
84340,2872,2743,84350,2860,2748
84360,2866,2748,84370,2877,2740
84380,2861,2742,84390,2865,2749
84400,2863,2739,84410,2869,2741
84420,2865,2738,84430,2858,2740
84440,2857,2748,84450,2863,2749
84460,2859,2744,84470,2867,2756
84480,2857,2743,84490,2865,2743
84500,2858,2740,84510,2856,2734
84520,2848,2742,84530,2851,2735
84540,2845,2731,84550,2852,2745
84560,2863,2746,84570,2873,2748
84580,2873,2753,84590,2866,2747
84600,2862,2743,84610,2872,2743
84620,2871,2751,84630,2858,2739
84640,2860,2744,84650,2876,2747
84660,2864,2746,84670,2863,2742
84680,2859,2740,84690,2869,2742
84700,2872,2744,84710,2858,2744
84720,2865,2750,84730,2871,2749
84740,2869,2741,84750,2857,2753
84760,2865,2744,84770,2859,2746
84780,2876,2748,84790,2867,2746
84800,2872,2743,84810,2870,2750
84820,2862,2749,84830,2869,2750
84840,2866,2747,84850,2871,2750
84860,2864,2751,84870,2866,2742
84880,2873,2740,84890,2864,2746
84900,2861,2748,84910,2859,2740
84920,2867,2747,84930,2856,2748
84940,2869,2743,84950,2875,2744
84960,2868,2746,84970,2871,2744
84980,2870,2744,84990,2875,2747
85000,2863,2743,85010,2866,2743
85020,2859,2752,85030,2874,2746
85040,2862,2748,85050,2873,2743
85060,2868,2758,85070,2863,2750
85080,2871,2743,85090,2863,2747
85100,2872,2746,85110,2871,2738
85120,2861,2743,85130,2873,2747
85140,2865,2743,85150,2864,2744
85160,2869,2745,85170,2863,2744
85180,2868,2746,85190,2868,2748
85200,2865,2747,85210,2866,2743
85220,2860,2738,85230,2870,2749
85240,2869,2741,85250,2869,2745
85260,2862,2742,85270,2869,2749
85280,2861,2737,85290,2867,2747
85300,2861,2740,85310,2876,2752
85320,2863,2751,85330,2871,2750
85340,2874,2755,85350,2871,2746
85360,2865,2754,85370,2871,2746
85380,2861,2743,85390,2869,2736
85400,2863,2747,85410,2869,2747
85420,2869,2744,85430,2858,2742
85440,2868,2726,85450,2868,2741
85460,2863,2728,85470,2869,2741
85480,2866,2731,85490,2858,2730
85500,2866,2737,85510,2862,2738
85520,2857,2747,85530,2859,2748
85540,2862,2738,85550,2860,2742
85560,2859,2745,85570,2860,2742
85580,2851,2740,85590,2860,2739
85600,2861,2747,85610,2858,2742
85620,2860,2746,85630,2869,2749
85640,2854,2749,85650,2861,2741
85660,2861,2747,85670,2868,2741
85680,2865,2744,85690,2862,2749
85700,2867,2749,85710,2859,2751
85720,2856,2743,85730,2866,2744
85740,2854,2740,85750,2865,2744
85760,2861,2758,85770,2864,2750
85780,2864,2754,85790,2868,2747
85800,2866,2751,85810,2855,2756
85820,2869,2745,85830,2867,2748
85840,2863,2752,85850,2864,2746
85860,2870,2737,85870,2865,2744
85880,2870,2738,85890,2871,2745
85900,2867,2747,85910,2868,2744
85920,2870,2745,85930,2871,2740
85940,2863,2746,85950,2871,2749
85960,2867,2746,85970,2869,2743
85980,2867,2737,85990,2863,2749
86000,2856,2735,86010,2873,2749
86020,2868,2746,86030,2857,2736
86040,2869,2740,86050,2869,2749
86060,2862,2738,86070,2864,2747
86080,2867,2746,86090,2864,2740
86100,2870,2742,86110,2860,2740
86120,2858,2742,86130,2870,2753
86140,2868,2740,86150,2867,2753
86160,2865,2739,86170,2865,2752
86180,2869,2753,86190,2870,2742
86200,2860,2737,86210,2869,2748
86220,2871,2742,86230,2867,2746
86240,2863,2746,86250,2863,2741
86260,2861,2736,86270,2871,2743
86280,2863,2745,86290,2863,2744
86300,2870,2741,86310,2869,2750
86320,2873,2742,86330,2871,2741
86340,2864,2745,86350,2866,2748
86360,2855,2739,86370,2873,2747
86380,2872,2746,86390,2861,2742
86400,2868,2751,86410,2864,2738
86420,2864,2742,86430,2872,2753
86440,2871,2741,86450,2873,2743
86460,2864,2743,86470,2869,2739
86480,2873,2747,86490,2860,2740
86500,2864,2735,86510,2870,2743
86520,2864,2745,86530,2868,2740
86540,2868,2738,86550,2861,2735
86560,2862,2743,86570,2858,2739
86580,2863,2749,86590,2859,2744
86600,2856,2731,86610,2852,2736
86620,2851,2731,86630,2846,2728
86640,2846,2746,86650,2847,2739
86660,2868,2749,86670,2851,2749
86680,2864,2746,86690,2869,2750
86700,2861,2748,86710,2867,2742
86720,2867,2748,86730,2860,2746
86740,2860,2746,86750,2872,2749
86760,2864,2745,86770,2865,2742
86780,2867,2745,86790,2872,2742
86800,2866,2747,86810,2862,2743
86820,2868,2754,86830,2874,2740
86840,2870,2744,86850,2863,2742
86860,2874,2748,86870,2869,2738
86880,2859,2752,86890,2862,2750
86900,2864,2749,86910,2859,2752
86920,2866,2748,86930,2867,2745
86940,2874,2743,86950,2860,2742
86960,2861,2746,86970,2862,2745
86980,2871,2746,86990,2870,2749
87000,2866,2752,87010,2865,2751
87020,2870,2749,87030,2868,2742
87040,2867,2744,87050,2863,2745
87060,2865,2747,87070,2869,2746
87080,2873,2750,87090,2863,2745
87100,2862,2744,87110,2870,2739
87120,2859,2745,87130,2867,2742
87140,2863,2742,87150,2867,2743
87160,2869,2748,87170,2867,2745
87180,2869,2743,87190,2858,2710
87200,2871,2757,87210,2872,2746
87220,2861,2744,87230,2868,2745
87240,2859,2743,87250,2865,2749
87260,2847,2735,87270,2864,2746
87280,2868,2741,87290,2869,2744
87300,2865,2741,87310,2867,2747
87320,2860,2741,87330,2875,2750
87340,2872,2744,87350,2873,2751
87360,2873,2744,87370,2871,2749
87380,2868,2744,87390,2869,2745
87400,2864,2740,87410,2872,2753
87420,2866,2746,87430,2869,2753
87440,2862,2738,87450,2866,2744
87460,2862,2743,87470,2872,2739
87480,2867,2740,87490,2846,2720
87500,2866,2747,87510,2860,2743
87520,2870,2745,87530,2863,2739
87540,2872,2733,87550,2865,2736
87560,2867,2744,87570,2874,2739
87580,2873,2737,87590,2866,2734
87600,2860,2743,87610,2869,2737
87620,2861,2746,87630,2856,2741
87640,2850,2748,87650,2858,2738
87660,2855,2743,87670,2851,2737
87680,2848,2744,87690,2857,2746
87700,2854,2747,87710,2857,2745
87720,2859,2738,87730,2860,2753
87740,2847,2742,87750,2863,2747
87760,2854,2756,87770,2856,2747
87780,2857,2740,87790,2840,2722
87800,2854,2747,87810,2855,2740
87820,2849,2737,87830,2854,2749
87840,2863,2741,87850,2869,2750
87860,2864,2746,87870,2862,2744
87880,2856,2745,87890,2861,2750
87900,2865,2755,87910,2860,2739
87920,2864,2749,87930,2865,2740
87940,2858,2743,87950,2863,2745
87960,2866,2741,87970,2868,2747
87980,2866,2748,87990,2870,2748
88000,2872,2746,88010,2864,2747
88020,2868,2750,88030,2869,2743
88040,2871,2751,88050,2868,2740
88060,2864,2757,88070,2863,2750
88080,2869,2742,88090,2837,2727
88100,2873,2748,88110,2875,2754
88120,2867,2755,88130,2871,2742
88140,2878,2754,88150,2867,2751
88160,2866,2749,88170,2864,2742
88180,2867,2748,88190,2863,2740
88200,2862,2743,88210,2865,2746
88220,2866,2740,88230,2862,2745
88240,2869,2750,88250,2866,2745
88260,2873,2743,88270,2871,2741
88280,2871,2739,88290,2867,2750
88300,2874,2737,88310,2867,2738
88320,2861,2743,88330,2868,2744
88340,2871,2744,88350,2861,2747
88360,2862,2742,88370,2858,2739
88380,2863,2742,88390,2870,2743
88400,2862,2751,88410,2864,2751
88420,2866,2740,88430,2874,2741
88440,2864,2753,88450,2870,2743
88460,2861,2746,88470,2865,2738
88480,2866,2748,88490,2862,2745
88500,2869,2747,88510,2862,2737
88520,2868,2748,88530,2868,2743
88540,2868,2747,88550,2866,2746
88560,2869,2752,88570,2866,2750
88580,2861,2742,88590,2864,2747
88600,2864,2733,88610,2866,2731
88620,2867,2726,88630,2869,2730
88640,2868,2736,88650,2866,2735
88660,2870,2737,88670,2866,2742
88680,2860,2749,88690,2842,2728
88700,2863,2733,88710,2858,2738
88720,2864,2742,88730,2854,2731
88740,2840,2726,88750,2867,2752
88760,2867,2740,88770,2868,2751
88780,2861,2750,88790,2864,2748
88800,2867,2738,88810,2867,2745
88820,2860,2739,88830,2866,2740
88840,2862,2742,88850,2868,2743
88860,2864,2744,88870,2866,2758
88880,2871,2750,88890,2857,2747
88900,2863,2748,88910,2864,2745
88920,2859,2747,88930,2873,2744
88940,2863,2751,88950,2867,2750
88960,2863,2747,88970,2862,2749
88980,2869,2748,88990,2865,2745
89000,2867,2745,89010,2867,2737
89020,2861,2740,89030,2864,2737
89040,2870,2737,89050,2864,2748
89060,2868,2744,89070,2869,2749
89080,2862,2747,89090,2864,2741
89100,2859,2745,89110,2865,2737
89120,2862,2744,89130,2866,2738
89140,2848,2739,89150,2872,2743
89160,2858,2743,89170,2864,2744
89180,2863,2745,89190,2856,2745
89200,2864,2746,89210,2867,2745
89220,2862,2751,89230,2864,2741
89240,2864,2745,89250,2872,2746
89260,2861,2739,89270,2867,2743
89280,2868,2745,89290,2843,2731
89300,2865,2749,89310,2868,2744
89320,2861,2753,89330,2869,2746
89340,2863,2745,89350,2868,2743
89360,2876,2739,89370,2865,2746
89380,2866,2740,89390,2865,2739
89400,2866,2742,89410,2857,2744
89420,2866,2736,89430,2859,2745
89440,2861,2744,89450,2858,2740
89460,2859,2739,89470,2861,2743
89480,2868,2741,89490,2862,2739
89500,2863,2751,89510,2863,2746
89520,2870,2746,89530,2862,2744
89540,2862,2734,89550,2862,2743
89560,2866,2741,89570,2858,2742
89580,2859,2733,89590,2867,2742
89600,2864,2744,89610,2863,2746
89620,2867,2737,89630,2863,2744
89640,2859,2745,89650,2868,2740
89660,2866,2742,89670,2859,2736
89680,2863,2727,89690,2864,2729
89700,2859,2729,89710,2864,2726
89720,2871,2733,89730,2859,2731
89740,2852,2736,89750,2855,2741
89760,2849,2735,89770,2853,2740
89780,2856,2734,89790,2843,2742
89800,2856,2735,89810,2849,2747
89820,2859,2742,89830,2850,2737
89840,2863,2742,89850,2859,2745
89860,2859,2747,89870,2859,2752
89880,2859,2743,89890,2864,2747
89900,2865,2739,89910,2857,2742
89920,2856,2737,89930,2861,2731
89940,2857,2749,89950,2857,2742
89960,2859,2749,89970,2855,2738
89980,2863,2740,89990,2856,2744
90000,2859,2748,90010,2862,2741
90020,2858,2739,90030,2858,2735
90040,2860,2742,90050,2855,2740
90060,2864,2742,90070,2864,2736
90080,2865,2737,90090,2859,2749
90100,2857,2738,90110,2867,2749
90120,2861,2743,90130,2865,2746
90140,2858,2739,90150,2866,2738
90160,2868,2738,90170,2858,2742
90180,2869,2743,90190,2861,2747
90200,2875,2744,90210,2868,2749
90220,2858,2736,90230,2869,2744
90240,2866,2746,90250,2865,2745
90260,2865,2735,90270,2865,2749
90280,2858,2746,90290,2863,2741
90300,2859,2740,90310,2860,2743
90320,2858,2740,90330,2862,2748
90340,2860,2742,90350,2867,2743
90360,2869,2745,90370,2867,2742
90380,2857,2736,90390,2863,2747
90400,2862,2738,90410,2860,2742
90420,2865,2742,90430,2859,2742
90440,2858,2743,90450,2856,2739
90460,2861,2739,90470,2862,2741
90480,2862,2737,90490,2858,2742
90500,2861,2750,90510,2864,2741
90520,2861,2743,90530,2864,2743
90540,2861,2733,90550,2856,2747
90560,2862,2733,90570,2858,2736
90580,2865,2744,90590,2866,2744
90600,2869,2734,90610,2867,2749
90620,2862,2736,90630,2864,2747
90640,2856,2735,90650,2857,2737
90660,2866,2733,90670,2861,2733
90680,2856,2743,90690,2862,2740
90700,2859,2735,90710,2867,2739
90720,2856,2736,90730,2856,2740
90740,2863,2727,90750,2866,2729
90760,2864,2739,90770,2862,2738
90780,2860,2740,90790,2862,2744
90800,2858,2729,90810,2863,2732
90820,2857,2737,90830,2855,2745
90840,2852,2725,90850,2851,2747
90860,2854,2749,90870,2844,2740
90880,2859,2747,90890,2857,2749
90900,2850,2739,90910,2861,2742
90920,2861,2743,90930,2858,2742
90940,2861,2736,90950,2863,2749
90960,2864,2740,90970,2852,2741
90980,2862,2740,90990,2864,2746
91000,2861,2734,91010,2870,2742
91020,2873,2744,91030,2861,2747
91040,2859,2735,91050,2861,2743
91060,2861,2745,91070,2859,2747
91080,2870,2741,91090,2869,2744
91100,2859,2744,91110,2854,2746
91120,2856,2743,91130,2869,2741
91140,2864,2743,91150,2864,2748
91160,2869,2747,91170,2858,2744
91180,2859,2746,91190,2870,2746
91200,2861,2750,91210,2861,2749
91220,2863,2742,91230,2850,2737
91240,2868,2740,91250,2861,2738
91260,2862,2743,91270,2854,2741
91280,2872,2744,91290,2859,2745
91300,2867,2731,91310,2860,2739
91320,2862,2744,91330,2855,2748
91340,2857,2738,91350,2865,2746
91360,2860,2737,91370,2861,2739
91380,2867,2744,91390,2863,2735
91400,2861,2748,91410,2868,2748
91420,2852,2742,91430,2860,2748
91440,2863,2738,91450,2861,2748
91460,2861,2744,91470,2861,2741
91480,2864,2742,91490,2858,2727
91500,2861,2748,91510,2859,2732
91520,2857,2749,91530,2871,2745
91540,2862,2740,91550,2865,2745
91560,2860,2743,91570,2855,2739
91580,2852,2738,91590,2860,2743
91600,2857,2741,91610,2863,2743
91620,2857,2744,91630,2863,2741
91640,2866,2745,91650,2862,2742
91660,2863,2744,91670,2867,2748
91680,2866,2735,91690,2869,2750
91700,2872,2744,91710,2863,2746
91720,2853,2736,91730,2860,2746
91740,2860,2738,91750,2860,2735
91760,2859,2746,91770,2865,2735
91780,2859,2735,91790,2857,2735
91800,2858,2721,91810,2856,2734
91820,2861,2724,91830,2865,2734
91840,2862,2735,91850,2864,2736
91860,2853,2734,91870,2850,2736
91880,2841,2747,91890,2854,2739
91900,2853,2742,91910,2854,2750
91920,2850,2742,91930,2854,2747
91940,2847,2742,91950,2851,2741
91960,2863,2749,91970,2859,2736
91980,2855,2739,91990,2856,2741
92000,2850,2731,92010,2862,2739
92020,2858,2743,92030,2854,2745
92040,2860,2735,92050,2866,2744
92060,2851,2735,92070,2863,2750
92080,2865,2748,92090,2868,2746
92100,2861,2741,92110,2868,2742
92120,2859,2739,92130,2861,2737
92140,2856,2740,92150,2862,2736
92160,2864,2743,92170,2861,2744
92180,2860,2746,92190,2859,2737
92200,2851,2741,92210,2859,2740
92220,2863,2744,92230,2861,2750
92240,2866,2741,92250,2859,2732
92260,2855,2744,92270,2857,2740
92280,2860,2740,92290,2865,2741
92300,2852,2741,92310,2857,2749
92320,2861,2742,92330,2858,2738
92340,2856,2742,92350,2858,2739
92360,2857,2736,92370,2864,2748
92380,2868,2744,92390,2865,2741
92400,2852,2739,92410,2866,2740
92420,2865,2740,92430,2863,2745
92440,2860,2744,92450,2867,2745
92460,2858,2740,92470,2863,2734
92480,2862,2737,92490,2864,2746
92500,2863,2739,92510,2857,2747
92520,2866,2739,92530,2862,2738
92540,2866,2742,92550,2867,2743
92560,2867,2754,92570,2865,2745
92580,2858,2731,92590,2870,2739
92600,2869,2737,92610,2867,2736
92620,2870,2749,92630,2865,2748
92640,2856,2737,92650,2868,2741
92660,2864,2739,92670,2858,2741
92680,2861,2746,92690,2866,2748
92700,2865,2739,92710,2855,2740
92720,2862,2740,92730,2865,2747
92740,2858,2744,92750,2859,2739
92760,2862,2743,92770,2858,2741
92780,2857,2742,92790,2863,2735
92800,2863,2739,92810,2859,2748
92820,2855,2742,92830,2858,2736
92840,2860,2737,92850,2856,2732
92860,2859,2742,92870,2863,2733
92880,2861,2731,92890,2862,2729
92900,2855,2737,92910,2855,2744
92920,2863,2738,92930,2860,2740
92940,2854,2727,92950,2853,2740
92960,2857,2733,92970,2864,2740
92980,2849,2748,92990,2855,2744
93000,2850,2749,93010,2858,2739
93020,2859,2746,93030,2845,2743
93040,2856,2740,93050,2857,2747
93060,2861,2748,93070,2861,2745
93080,2853,2745,93090,2851,2734
93100,2851,2742,93110,2852,2737
93120,2855,2740,93130,2856,2740
93140,2861,2744,93150,2856,2743
93160,2863,2736,93170,2857,2738
93180,2861,2741,93190,2859,2748
93200,2852,2739,93210,2857,2741
93220,2854,2742,93230,2857,2741
93240,2856,2748,93250,2861,2740
93260,2861,2743,93270,2858,2746
93280,2856,2743,93290,2861,2747
93300,2854,2737,93310,2865,2735
93320,2860,2744,93330,2854,2742
93340,2862,2741,93350,2858,2741
93360,2856,2737,93370,2855,2736
93380,2859,2738,93390,2864,2744
93400,2854,2737,93410,2865,2745
93420,2852,2730,93430,2855,2736
93440,2862,2735,93450,2858,2734
93460,2854,2747,93470,2860,2737
93480,2852,2739,93490,2860,2742
93500,2859,2741,93510,2863,2740
93520,2856,2743,93530,2849,2739
93540,2863,2740,93550,2854,2743
93560,2855,2733,93570,2865,2745
93580,2860,2740,93590,2856,2742
93600,2853,2730,93610,2856,2742
93620,2858,2737,93630,2860,2740
93640,2865,2740,93650,2857,2747
93660,2860,2735,93670,2861,2738
93680,2861,2741,93690,2859,2738
93700,2858,2742,93710,2861,2739
93720,2864,2725,93730,2853,2742
93740,2866,2743,93750,2862,2748
93760,2860,2740,93770,2855,2742
93780,2861,2735,93790,2865,2738
93800,2852,2738,93810,2860,2737
93820,2857,2735,93830,2860,2751
93840,2856,2735,93850,2856,2750
93860,2863,2735,93870,2859,2741
93880,2855,2738,93890,2855,2734
93900,2850,2735,93910,2860,2722
93920,2867,2726,93930,2857,2727
93940,2859,2730,93950,2861,2735
93960,2857,2728,93970,2860,2730
93980,2852,2731,93990,2856,2736
94000,2843,2730,94010,2854,2738
94020,2842,2734,94030,2844,2725
94040,2835,2736,94050,2848,2743
94060,2849,2740,94070,2845,2736
94080,2845,2742,94090,2843,2733
94100,2843,2726,94110,2837,2747
94120,2841,2728,94130,2843,2738
94140,2846,2722,94150,2859,2742
94160,2851,2725,94170,2852,2743
94180,2859,2737,94190,2857,2737
94200,2847,2738,94210,2863,2735
94220,2860,2736,94230,2851,2743
94240,2845,2749,94250,2859,2749
94260,2848,2732,94270,2860,2740
94280,2860,2740,94290,2850,2735
94300,2853,2744,94310,2857,2737
94320,2862,2738,94330,2860,2734
94340,2858,2742,94350,2863,2740
94360,2852,2730,94370,2861,2739
94380,2855,2736,94390,2852,2744
94400,2861,2740,94410,2861,2743
94420,2855,2733,94430,2846,2735
94440,2856,2743,94450,2858,2742
94460,2849,2739,94470,2857,2743
94480,2853,2740,94490,2852,2743
94500,2851,2744,94510,2860,2736
94520,2857,2740,94530,2862,2742
94540,2862,2736,94550,2857,2740
94560,2851,2730,94570,2862,2738
94580,2849,2736,94590,2868,2737
94600,2860,2733,94610,2858,2743
94620,2850,2730,94630,2858,2738
94640,2855,2748,94650,2851,2744
94660,2861,2744,94670,2862,2737
94680,2857,2735,94690,2862,2746
94700,2859,2732,94710,2864,2739
94720,2860,2736,94730,2858,2743
94740,2868,2744,94750,2862,2736
94760,2863,2749,94770,2853,2736
94780,2861,2746,94790,2857,2736
94800,2859,2736,94810,2853,2730
94820,2854,2738,94830,2861,2742
94840,2858,2737,94850,2857,2742
94860,2851,2746,94870,2865,2739
94880,2865,2740,94890,2863,2739
94900,2854,2744,94910,2858,2732
94920,2858,2737,94930,2854,2741
94940,2857,2736,94950,2860,2733
94960,2856,2745,94970,2866,2735
94980,2861,2738,94990,2852,2728
95000,2856,2727,95010,2851,2731
95020,2856,2734,95030,2854,2731
95040,2858,2738,95050,2855,2740
95060,2853,2743,95070,2853,2746
95080,2856,2746,95090,2852,2745
95100,2850,2741,95110,2852,2741
95120,2848,2744,95130,2852,2739
95140,2855,2735,95150,2858,2746
95160,2861,2745,95170,2863,2750
95180,2855,2737,95190,2856,2740
95200,2849,2741,95210,2857,2746
95220,2862,2734,95230,2854,2749
95240,2858,2738,95250,2860,2731
95260,2857,2740,95270,2855,2741
95280,2856,2732,95290,2856,2744
95300,2862,2740,95310,2859,2750
95320,2866,2737,95330,2857,2742
95340,2858,2733,95350,2860,2742
95360,2852,2730,95370,2859,2735
95380,2857,2742,95390,2860,2737
95400,2859,2733,95410,2854,2734
95420,2856,2734,95430,2859,2737
95440,2850,2730,95450,2860,2745
95460,2861,2738,95470,2855,2735
95480,2852,2732,95490,2855,2738
95500,2862,2740,95510,2854,2740
95520,2860,2739,95530,2854,2742
95540,2855,2740,95550,2850,2741
95560,2853,2741,95570,2854,2736
95580,2857,2739,95590,2868,2743
95600,2861,2734,95610,2863,2743
95620,2857,2743,95630,2861,2735
95640,2854,2741,95650,2861,2741
95660,2858,2738,95670,2857,2738
95680,2852,2740,95690,2854,2732
95700,2852,2733,95710,2852,2740
95720,2856,2737,95730,2856,2742
95740,2857,2738,95750,2863,2739
95760,2859,2736,95770,2857,2740
95780,2861,2738,95790,2848,2744
95800,2854,2738,95810,2854,2738
95820,2854,2733,95830,2850,2738
95840,2856,2746,95850,2853,2733
95860,2849,2733,95870,2854,2739
95880,2854,2739,95890,2857,2737
95900,2864,2734,95910,2854,2735
95920,2857,2742,95930,2845,2733
95940,2861,2732,95950,2852,2740
95960,2851,2734,95970,2850,2738
95980,2866,2738,95990,2856,2735
96000,2858,2734,96010,2852,2729
96020,2847,2724,96030,2863,2737
96040,2852,2725,96050,2848,2730
96060,2850,2724,96070,2853,2730
96080,2856,2724,96090,2849,2722
96100,2850,2737,96110,2847,2734
96120,2848,2735,96130,2843,2737
96140,2845,2733,96150,2843,2730
96160,2847,2733,96170,2841,2738
96180,2838,2738,96190,2845,2729
96200,2837,2732,96210,2836,2732
96220,2833,2726,96230,2839,2731
96240,2845,2737,96250,2851,2736
96260,2847,2738,96270,2848,2743
96280,2858,2732,96290,2846,2745
96300,2858,2743,96310,2862,2738
96320,2850,2740,96330,2860,2731
96340,2854,2739,96350,2855,2735
96360,2852,2739,96370,2858,2746
96380,2861,2740,96390,2856,2740
96400,2852,2737,96410,2847,2737
96420,2855,2744,96430,2851,2737
96440,2859,2740,96450,2858,2741
96460,2857,2733,96470,2846,2740
96480,2852,2745,96490,2854,2741
96500,2855,2742,96510,2860,2739
96520,2847,2732,96530,2857,2738
96540,2852,2736,96550,2862,2737
96560,2857,2744,96570,2851,2740
96580,2857,2734,96590,2858,2742
96600,2859,2742,96610,2862,2736
96620,2863,2741,96630,2865,2737
96640,2854,2739,96650,2859,2734
96660,2860,2729,96670,2858,2730
96680,2860,2733,96690,2850,2738
96700,2851,2734,96710,2849,2742
96720,2853,2734,96730,2858,2742
96740,2856,2740,96750,2854,2736
96760,2866,2737,96770,2864,2733
96780,2849,2733,96790,2862,2751
96800,2860,2745,96810,2860,2745
96820,2854,2740,96830,2860,2743
96840,2855,2740,96850,2852,2744
96860,2856,2737,96870,2857,2742
96880,2853,2743,96890,2866,2743
96900,2863,2739,96910,2852,2739
96920,2855,2738,96930,2861,2743
96940,2861,2740,96950,2859,2751
96960,2861,2741,96970,2864,2744
96980,2856,2731,96990,2859,2737
