LED1 Timestamp (ms),LED1_PD1,LED1_PD2,LED2 Timestamp (ms),LED2_PD1,LED2_PD2
56500,8197,4685,56510,8193,4778
56520,8197,4762,56530,8198,4707
56540,8203,4814,56550,8203,4705
56560,8205,4760,56570,8190,4777
56580,8200,4694,56590,8196,4819
56600,8204,4681,56610,8203,4773
56620,8194,4755,56630,8200,4703
56640,8191,4803,56650,8209,4703
56660,8199,4764,56670,8202,4775
56680,8195,4686,56690,8203,4824
56700,8204,4679,56710,8207,4778
56720,8201,4759,56730,8208,4704
56740,8201,4796,56750,8198,4696
56760,8201,4766,56770,8205,4787
56780,8198,4685,56790,8197,4821
56800,8200,4681,56810,8198,4778
56820,8203,4776,56830,8203,4700
56840,8199,4801,56850,8196,4697
56860,8197,4744,56870,8198,4787
56880,8197,4683,56890,8189,4816
56900,8195,4680,56910,8206,4775
56920,8203,4771,56930,8195,4694
56940,8197,4807,56950,8196,4690
56960,8209,4764,56970,8200,4783
56980,8199,4679,56990,8195,4804
57000,8199,4682,57010,8199,4769
57020,8202,4768,57030,8193,4694
57040,8207,4788,57050,8197,4685
57060,8196,4742,57070,8197,4777
57080,8203,4669,57090,8195,4808
57100,8202,4671,57110,8193,4759
57120,8194,4775,57130,8192,4694
57140,8195,4805,57150,8194,4706
57160,8203,4765,57170,8196,4791
57180,8197,4679,57190,8197,4802
57200,8199,4681,57210,8198,4770
57220,8200,4783,57230,8200,4697
57240,8191,4789,57250,8197,4705
57260,8195,4752,57270,8192,4785
57280,8202,4678,57290,8195,4809
57300,8196,4677,57310,8198,4764
57320,8194,4772,57330,8199,4694
57340,8203,4786,57350,8195,4705
57360,8201,4750,57370,8204,4799
57380,8191,4670,57390,8190,4802
57400,8197,4690,57410,8199,4776
57420,8208,4779,57430,8202,4697
57440,8197,4792,57450,8192,4704
57460,8192,4746,57470,8198,4808
57480,8206,4674,57490,8201,4811
57500,8203,4681,57510,8197,4759
57520,8191,4789,57530,8200,4694
57540,8207,4800,57550,8196,4705
57560,8197,4753,57570,8199,4815
57580,8214,4680,57590,8196,4800
57600,8194,4691,57610,8205,4770
57620,8200,4789,57630,8192,4694
57640,8193,4786,57650,8199,4707
57660,8197,4738,57670,8201,4817
57680,8212,4681,57690,8208,4801
57700,8197,4691,57710,8194,4764
57720,8207,4800,57730,8204,4696
57740,8199,4780,57750,8194,4710
57760,8203,4743,57770,8196,4809
57780,8197,4674,57790,8200,4803
57800,8193,4688,57810,8194,4750
57820,8186,4796,57830,8198,4694
57840,8202,4788,57850,8200,4712
57860,8193,4750,57870,8202,4810
57880,8197,4679,57890,8196,4799
57900,8198,4687,57910,8195,4760
57920,8201,4795,57930,8197,4696
57940,8194,4789,57950,8192,4711
57960,8204,4752,57970,8198,4814
57980,8208,4690,57990,8201,4801
58000,8201,4697,58010,8199,4759
58020,8204,4800,58030,8199,4696
58040,8197,4782,58050,8201,4711
58060,8204,4741,58070,8189,4813
58080,8195,4684,58090,8194,4806
58100,8208,4691,58110,8191,4750
58120,8202,4799,58130,8197,4683
58140,8194,4778,58150,8208,4703
58160,8204,4724,58170,8199,4810
58180,8205,4662,58190,8200,4799
58200,8202,4708,58210,8194,4756
58220,8205,4811,58230,8209,4696
58240,8195,4787,58250,8195,4714
58260,8192,4731,58270,8203,4829
58280,8200,4683,58290,8203,4806
58300,8191,4694,58310,8193,4743
58320,8197,4799,58330,8196,4695
58340,8200,4785,58350,8186,4710
58360,8205,4723,58370,8194,4815
58380,8201,4680,58390,8199,4799
58400,8194,4691,58410,8191,4747
58420,8193,4803,58430,8192,4696
58440,8194,4776,58450,8195,4713
58460,8201,4722,58470,8199,4824
58480,8195,4671,58490,8198,4791
58500,8194,4690,58510,8204,4741
58520,8198,4805,58530,8200,4688
58540,8204,4777,58550,8203,4716
58560,8192,4722,58570,8193,4820
58580,8200,4684,58590,8200,4795
58600,8201,4706,58610,8192,4737
58620,8187,4805,58630,8201,4697
58640,8195,4779,58650,8195,4714
58660,8194,4714,58670,8199,4825
58680,8195,4666,58690,8195,4791
58700,8195,4700,58710,8201,4734
58720,8199,4797,58730,8191,4687
58740,8191,4773,58750,8196,4733
58760,8205,4712,58770,8192,4830
58780,8197,4678,58790,8198,4792
58800,8193,4714,58810,8198,4738
58820,8212,4819,58830,8197,4695
58840,8203,4772,58850,8201,4727
58860,8193,4711,58870,8193,4825
58880,8202,4686,58890,8203,4796
58900,8195,4714,58910,8199,4722
58920,8189,4811,58930,8185,4693
58940,8198,4770,58950,8200,4729
58960,8192,4705,58970,8201,4829
58980,8197,4673,58990,8193,4787
59000,8202,4725,59010,8192,4720
59020,8199,4809,59030,8202,4708
59040,8200,4770,59050,8192,4736
59060,8205,4702,59070,8192,4824
59080,8198,4676,59090,8200,4786
59100,8193,4722,59110,8192,4712
59120,8203,4813,59130,8186,4697
59140,8187,4768,59150,8199,4741
59160,8198,4699,59170,8195,4827
59180,8203,4675,59190,8193,4785
59200,8198,4705,59210,8201,4707
59220,8198,4801,59230,8199,4696
59240,8197,4757,59250,8202,4739
59260,8198,4704,59270,8193,4834
59280,8197,4700,59290,8199,4795
59300,8204,4745,59310,8198,4715
59320,8208,4821,59330,8191,4694
59340,8199,4770,59350,8197,4744
59360,8201,4698,59370,8196,4836
59380,8195,4670,59390,8198,4786
59400,8194,4732,59410,8193,4714
59420,8197,4814,59430,8198,4700
59440,8208,4771,59450,8201,4759
59460,8198,4683,59470,8196,4825
59480,8203,4693,59490,8199,4780
59500,8197,4737,59510,8194,4709
59520,8191,4807,59530,8194,4689
59540,8195,4771,59550,8191,4756
59560,8198,4687,59570,8195,4827
59580,8196,4677,59590,8190,4784
59600,8209,4743,59610,8197,4714
59620,8194,4814,59630,8198,4697
59640,8206,4766,59650,8200,4755
59660,8191,4690,59670,8206,4831
59680,8194,4675,59690,8200,4776
59700,8197,4749,59710,8202,4714
59720,8205,4809,59730,8199,4691
59740,8199,4776,59750,8200,4767
59760,8196,4694,59770,8201,4824
59780,8213,4682,59790,8189,4777
59800,8194,4741,59810,8200,4706
59820,8200,4803,59830,8192,4695
59840,8198,4769,59850,8194,4770
59860,8197,4691,59870,8194,4830
59880,8187,4670,59890,8203,4776
59900,8192,4750,59910,8193,4705
59920,8199,4807,59930,8199,4696
59940,8200,4772,59950,8198,4774
59960,8203,4688,59970,8205,4819
59980,8196,4678,59990,8195,4784
60000,8199,4756,60010,8197,4705
60020,8198,4802,60030,8199,4688
60040,8199,4760,60050,8196,4774
60060,8201,4691,60070,8202,4812
60080,8198,4680,60090,8190,4772
60100,8195,4759,60110,8197,4702
60120,8200,4799,60130,8199,4704
60140,8194,4760,60150,8195,4780
60160,8200,4691,60170,8195,4819
60180,8197,4675,60190,8198,4782
60200,8195,4761,60210,8198,4709
60220,8189,4798,60230,8200,4698
60240,8193,4748,60250,8189,4770
60260,8192,4666,60270,8197,4801
60280,8203,4662,60290,8204,4759
60300,8194,4753,60310,8187,4697
60320,8198,4796,60330,8191,4700
60340,8197,4772,60350,8209,4790
60360,8202,4692,60370,8197,4816
60380,8193,4695,60390,8199,4769
60400,8197,4758,60410,8191,4700
60420,8193,4800,60430,8196,4696
60440,8196,4757,60450,8196,4779
60460,8211,4681,60470,8196,4829
60480,8194,4684,60490,8199,4775
60500,8200,4774,60510,8205,4702
60520,8203,4799,60530,8201,4703
60540,8201,4766,60550,8205,4784
60560,8198,4683,60570,8205,4820
60580,8197,4678,60590,8200,4774
60600,8205,4772,60610,8199,4706
60620,8203,4796,60630,8208,4702
60640,8205,4761,60650,8200,4785
60660,8194,4684,60670,8196,4811
60680,8196,4677,60690,8198,4773
60700,8201,4780,60710,8186,4702
60720,8202,4796,60730,8194,4710
60740,8205,4756,60750,8206,4798
60760,8197,4683,60770,8201,4815
60780,8194,4675,60790,8196,4776
60800,8206,4777,60810,8198,4700
60820,8205,4798,60830,8204,4707
60840,8196,4754,60850,8198,4795
60860,8195,4685,60870,8200,4809
60880,8201,4684,60890,8201,4765
60900,8209,4782,60910,8200,4696
60920,8195,4786,60930,8200,4699
60940,8209,4756,60950,8203,4805
60960,8200,4680,60970,8205,4811
60980,8206,4690,60990,8201,4769
61000,8202,4788,61010,8206,4691
61020,8205,4792,61030,8200,4700
61040,8196,4752,61050,8191,4794
61060,8202,4674,61070,8189,4812
61080,8199,4685,61090,8195,4766
61100,8204,4791,61110,8196,4695
61120,8199,4793,61130,8198,4699
61140,8198,4746,61150,8193,4806
61160,8195,4680,61170,8203,4813
61180,8200,4691,61190,8196,4768
61200,8198,4778,61210,8199,4695
61220,8207,4781,61230,8204,4697
61240,8196,4749,61250,8196,4798
61260,8199,4677,61270,8200,4806
61280,8207,4680,61290,8203,4775
61300,8198,4786,61310,8190,4696
61320,8208,4780,61330,8195,4693
61340,8198,4729,61350,8192,4805
61360,8195,4666,61370,8195,4788
61380,8192,4681,61390,8199,4757
61400,8193,4791,61410,8191,4705
61420,8210,4792,61430,8194,4702
61440,8194,4737,61450,8193,4798
61460,8200,4677,61470,8191,4800
61480,8199,4687,61490,8200,4768
61500,8196,4803,61510,8197,4687
61520,8197,4786,61530,8200,4707
61540,8196,4739,61550,8194,4807
61560,8199,4681,61570,8200,4806
61580,8197,4687,61590,8191,4759
61600,8199,4796,61610,8198,4694
61620,8203,4783,61630,8195,4709
61640,8198,4740,61650,8199,4815
61660,8199,4674,61670,8201,4802
61680,8196,4690,61690,8200,4756
61700,8202,4792,61710,8203,4688
61720,8194,4778,61730,8199,4720
61740,8206,4739,61750,8200,4817
61760,8202,4682,61770,8202,4798
61780,8199,4703,61790,8197,4754
61800,8199,4801,61810,8201,4695
61820,8197,4792,61830,8205,4721
61840,8200,4731,61850,8207,4818
61860,8210,4677,61870,8204,4799
61880,8207,4694,61890,8203,4756
61900,8202,4809,61910,8204,4694
61920,8205,4780,61930,8196,4717
61940,8195,4732,61950,8197,4820
61960,8201,4682,61970,8202,4800
61980,8198,4691,61990,8202,4746
62000,8198,4816,62010,8198,4699
62020,8200,4776,62030,8201,4723
62040,8197,4730,62050,8198,4831
62060,8195,4681,62070,8200,4803
62080,8207,4699,62090,8205,4753
62100,8201,4813,62110,8208,4700
62120,8202,4775,62130,8193,4721
62140,8194,4729,62150,8191,4821
62160,8212,4670,62170,8197,4797
62180,8202,4710,62190,8203,4740
62200,8195,4804,62210,8197,4697
62220,8197,4787,62230,8191,4720
62240,8203,4729,62250,8199,4822
62260,8195,4680,62270,8195,4794
62280,8200,4703,62290,8200,4731
62300,8194,4801,62310,8196,4696
62320,8196,4777,62330,8197,4739
62340,8198,4720,62350,8204,4831
62360,8197,4679,62370,8194,4792
62380,8199,4693,62390,8190,4730
62400,8197,4807,62410,8199,4685
62420,8201,4768,62430,8194,4732
62440,8194,4709,62450,8201,4817
62460,8195,4677,62470,8200,4801
62480,8205,4728,62490,8202,4738
62500,8207,4811,62510,8218,4699
62520,8207,4776,62530,8204,4729
62540,8203,4719,62550,8202,4827
62560,8206,4684,62570,8202,4786
62580,8195,4714,62590,8199,4740
62600,8202,4814,62610,8203,4698
62620,8206,4775,62630,8202,4733
62640,8208,4717,62650,8195,4819
62660,8205,4680,62670,8198,4789
62680,8192,4717,62690,8202,4721
62700,8200,4817,62710,8198,4691
62720,8200,4771,62730,8203,4730
62740,8200,4710,62750,8196,4831
62760,8199,4679,62770,8195,4779
62780,8193,4710,62790,8207,4721
62800,8200,4811,62810,8199,4696
62820,8194,4771,62830,8198,4739
62840,8200,4702,62850,8202,4832
62860,8193,4685,62870,8188,4790
62880,8199,4721,62890,8208,4723
62900,8207,4814,62910,8200,4698
62920,8202,4767,62930,8201,4752
62940,8196,4698,62950,8196,4835
62960,8201,4684,62970,8204,4789
62980,8203,4732,62990,8206,4727
63000,8206,4814,63010,8204,4702
63020,8206,4784,63030,8202,4749
63040,8203,4700,63050,8194,4836
63060,8206,4686,63070,8204,4792
63080,8203,4734,63090,8203,4718
63100,8206,4812,63110,8207,4695
63120,8189,4762,63130,8202,4761
63140,8201,4699,63150,8200,4833
63160,8205,4686,63170,8200,4788
63180,8201,4735,63190,8194,4721
63200,8200,4825,63210,8196,4692
63220,8194,4767,63230,8188,4756
63240,8197,4705,63250,8203,4823
63260,8196,4679,63270,8205,4785
63280,8193,4735,63290,8203,4725
63300,8203,4817,63310,8195,4704
63320,8205,4770,63330,8191,4764
63340,8202,4695,63350,8193,4826
63360,8192,4676,63370,8198,4785
63380,8196,4744,63390,8193,4704
63400,8206,4813,63410,8195,4695
63420,8205,4768,63430,8193,4764
63440,8197,4683,63450,8200,4820
63460,8199,4674,63470,8192,4763
63480,8198,4735,63490,8194,4697
63500,8202,4793,63510,8197,4689
63520,8197,4751,63530,8195,4757
63540,8197,4685,63550,8196,4817
63560,8202,4669,63570,8201,4786
63580,8200,4756,63590,8202,4708
63600,8193,4817,63610,8196,4689
63620,8202,4767,63630,8203,4779
63640,8203,4691,63650,8191,4824
63660,8192,4687,63670,8202,4779
63680,8202,4757,63690,8198,4705
63700,8196,4809,63710,8200,4701
63720,8199,4761,63730,8192,4778
63740,8196,4695,63750,8203,4825
63760,8204,4677,63770,8195,4781
63780,8188,4755,63790,8204,4697
63800,8201,4810,63810,8202,4695
63820,8204,4762,63830,8199,4780
63840,8194,4688,63850,8201,4822
63860,8204,4678,63870,8205,4777
63880,8198,4766,63890,8214,4709
63900,8200,4802,63910,8205,4701
63920,8196,4760,63930,8199,4780
63940,8199,4691,63950,8210,4827
63960,8191,4680,63970,8204,4773
63980,8204,4758,63990,8203,4709
64000,8203,4799,64010,8192,4706
64020,8202,4760,64030,8203,4778
64040,8194,4690,64050,8207,4821
64060,8210,4681,64070,8198,4786
64080,8200,4762,64090,8200,4708
64100,8199,4804,64110,8205,4708
64120,8201,4746,64130,8200,4790
64140,8199,4683,64150,8205,4823
64160,8211,4694,64170,8199,4785
64180,8205,4770,64190,8208,4700
64200,8208,4813,64210,8193,4704
64220,8212,4759,64230,8203,4788
64240,8194,4684,64250,8201,4824
64260,8199,4685,64270,8204,4775
64280,8203,4776,64290,8204,4700
64300,8196,4802,64310,8206,4695
64320,8197,4760,64330,8198,4800
64340,8209,4680,64350,8203,4817
64360,8199,4675,64370,8195,4773
64380,8196,4761,64390,8202,4697
64400,8195,4795,64410,8199,4711
64420,8216,4753,64430,8203,4794
64440,8207,4681,64450,8199,4815
64460,8195,4684,64470,8199,4774
64480,8201,4772,64490,8206,4695
64500,8205,4796,64510,8202,4707
64520,8204,4750,64530,8200,4781
64540,8198,4674,64550,8198,4805
64560,8198,4670,64570,8197,4758
64580,8196,4761,64590,8203,4697
64600,8208,4799,64610,8199,4707
64620,8202,4766,64630,8200,4811
64640,8202,4691,64650,8198,4811
64660,8199,4687,64670,8193,4766
64680,8210,4789,64690,8196,4686
64700,8196,4795,64710,8208,4700
64720,8201,4735,64730,8206,4805
64740,8198,4680,64750,8207,4815
64760,8200,4681,64770,8205,4768
64780,8199,4768,64790,8196,4693
64800,8199,4796,64810,8194,4705
64820,8194,4753,64830,8194,4793
64840,8198,4685,64850,8199,4803
64860,8194,4679,64870,8199,4764
64880,8196,4784,64890,8199,4700
64900,8202,4791,64910,8196,4699
64920,8199,4741,64930,8204,4807
64940,8209,4674,64950,8196,4808
64960,8202,4686,64970,8194,4762
64980,8200,4783,64990,8193,4699
65000,8198,4782,65010,8205,4700
65020,8204,4737,65030,8195,4800
65040,8194,4677,65050,8199,4809
65060,8196,4689,65070,8204,4768
65080,8199,4792,65090,8189,4696
65100,8197,4793,65110,8197,4706
65120,8203,4756,65130,8196,4805
65140,8200,4682,65150,8206,4794
65160,8197,4678,65170,8196,4770
65180,8210,4795,65190,8211,4701
65200,8206,4783,65210,8205,4708
65220,8207,4756,65230,8206,4814
65240,8201,4677,65250,8196,4805
65260,8198,4694,65270,8199,4772
65280,8199,4797,65290,8199,4696
65300,8201,4785,65310,8200,4713
65320,8204,4755,65330,8194,4822
65340,8207,4694,65350,8195,4803
65360,8206,4694,65370,8197,4757
65380,8208,4789,65390,8189,4690
65400,8198,4785,65410,8202,4705
65420,8197,4743,65430,8199,4818
65440,8200,4670,65450,8199,4806
65460,8204,4689,65470,8208,4759
65480,8204,4796,65490,8195,4695
65500,8205,4785,65510,8198,4716
65520,8193,4738,65530,8209,4819
65540,8206,4679,65550,8204,4806
65560,8208,4693,65570,8209,4759
65580,8206,4806,65590,8203,4687
65600,8208,4770,65610,8201,4700
65620,8195,4700,65630,8213,4810
65640,8206,4664,65650,8202,4785
65660,8199,4673,65670,8208,4739
65680,8191,4803,65690,8194,4698
65700,8202,4792,65710,8206,4718
65720,8210,4743,65730,8201,4829
65740,8201,4678,65750,8198,4792
65760,8198,4694,65770,8203,4762
65780,8198,4809,65790,8207,4698
65800,8203,4790,65810,8198,4713
65820,8208,4737,65830,8194,4815
65840,8193,4679,65850,8199,4804
65860,8193,4710,65870,8206,4752
65880,8199,4809,65890,8195,4699
65900,8199,4781,65910,8202,4714
65920,8204,4736,65930,8193,4830
65940,8209,4678,65950,8197,4803
65960,8199,4699,65970,8199,4749
65980,8204,4808,65990,8191,4705
66000,8196,4781,66010,8196,4723
66020,8201,4726,66030,8196,4819
66040,8197,4684,66050,8196,4804
66060,8199,4703,66070,8195,4740
66080,8198,4805,66090,8191,4698
66100,8199,4779,66110,8207,4718
66120,8195,4722,66130,8197,4833
66140,8199,4676,66150,8198,4795
66160,8205,4713,66170,8200,4736
66180,8201,4813,66190,8203,4698
66200,8193,4779,66210,8203,4722
66220,8204,4711,66230,8203,4835
66240,8203,4675,66250,8207,4796
66260,8214,4723,66270,8198,4742
66280,8204,4815,66290,8202,4699
66300,8203,4785,66310,8209,4728
66320,8215,4723,66330,8204,4838
66340,8208,4684,66350,8199,4804
66360,8205,4712,66370,8195,4739
66380,8204,4808,66390,8201,4708
66400,8207,4784,66410,8200,4743
66420,8208,4721,66430,8201,4830
66440,8205,4692,66450,8201,4797
66460,8206,4730,66470,8197,4728
66480,8201,4804,66490,8201,4698
66500,8200,4777,66510,8202,4739
66520,8195,4711,66530,8198,4828
66540,8201,4685,66550,8206,4800
66560,8201,4715,66570,8196,4730
66580,8204,4809,66590,8196,4695
66600,8194,4769,66610,8192,4733
66620,8205,4708,66630,8197,4828
66640,8197,4685,66650,8196,4790
66660,8203,4719,66670,8199,4721
66680,8206,4810,66690,8194,4698
66700,8217,4767,66710,8198,4737
66720,8196,4695,66730,8201,4823
66740,8195,4680,66750,8205,4796
66760,8202,4740,66770,8200,4730
66780,8202,4814,66790,8202,4703
66800,8208,4776,66810,8201,4745
66820,8194,4704,66830,8199,4825
66840,8213,4687,66850,8210,4787
66860,8206,4742,66870,8211,4721
66880,8203,4817,66890,8201,4693
66900,8196,4766,66910,8196,4745
66920,8205,4700,66930,8201,4835
66940,8202,4682,66950,8203,4783
66960,8196,4732,66970,8204,4714
66980,8204,4810,66990,8196,4698
67000,8203,4767,67010,8197,4745
67020,8197,4694,67030,8204,4833
67040,8200,4688,67050,8196,4779
67060,8195,4729,67070,8198,4711
67080,8205,4816,67090,8197,4696
67100,8205,4771,67110,8204,4752
67120,8199,4690,67130,8203,4830
67140,8202,4686,67150,8203,4783
67160,8202,4738,67170,8202,4718
67180,8205,4825,67190,8206,4699
67200,8193,4765,67210,8200,4763
67220,8202,4699,67230,8197,4833
67240,8202,4682,67250,8200,4787
67260,8203,4739,67270,8201,4707
67280,8201,4818,67290,8195,4694
67300,8202,4761,67310,8203,4764
67320,8197,4693,67330,8195,4826
67340,8198,4681,67350,8199,4780
67360,8203,4750,67370,8197,4702
67380,8208,4812,67390,8205,4706
67400,8208,4760,67410,8197,4766
67420,8203,4688,67430,8198,4829
67440,8214,4676,67450,8201,4782
67460,8205,4746,67470,8206,4713
67480,8203,4802,67490,8198,4695
67500,8204,4761,67510,8198,4763
67520,8208,4688,67530,8199,4823
67540,8199,4683,67550,8211,4781
67560,8202,4745,67570,8203,4714
67580,8201,4811,67590,8204,4703
67600,8199,4765,67610,8202,4783
67620,8207,4694,67630,8213,4818
67640,8193,4686,67650,8195,4781
67660,8209,4758,67670,8207,4710
67680,8201,4812,67690,8212,4699
67700,8204,4755,67710,8191,4771
67720,8202,4689,67730,8199,4824
67740,8211,4681,67750,8194,4780
67760,8207,4742,67770,8205,4699
67780,8208,4801,67790,8215,4695
67800,8204,4763,67810,8199,4779
67820,8218,4698,67830,8199,4831
67840,8197,4694,67850,8208,4782
67860,8212,4771,67870,8207,4712
67880,8201,4812,67890,8211,4703
67900,8209,4767,67910,8204,4775
67920,8208,4693,67930,8206,4820
67940,8207,4684,67950,8201,4779
67960,8201,4768,67970,8194,4705
67980,8200,4805,67990,8205,4710
68000,8204,4761,68010,8206,4779
68020,8191,4687,68030,8203,4819
68040,8204,4684,68050,8200,4790
68060,8205,4770,68070,8196,4698
68080,8214,4805,68090,8198,4701
68100,8204,4753,68110,8204,4781
68120,8202,4686,68130,8211,4832
68140,8206,4684,68150,8196,4791
68160,8209,4775,68170,8198,4709
68180,8205,4805,68190,8198,4700
68200,8211,4755,68210,8205,4791
68220,8215,4681,68230,8195,4818
68240,8203,4685,68250,8200,4780
68260,8205,4775,68270,8202,4710
68280,8212,4804,68290,8209,4705
68300,8200,4757,68310,8202,4792
68320,8201,4682,68330,8197,4820
68340,8202,4684,68350,8211,4783
68360,8202,4777,68370,8205,4713
68380,8211,4801,68390,8206,4713
68400,8213,4757,68410,8207,4793
68420,8210,4689,68430,8199,4819
68440,8201,4690,68450,8204,4774
68460,8197,4772,68470,8200,4710
68480,8208,4802,68490,8201,4707
68500,8200,4750,68510,8205,4807
68520,8207,4686,68530,8204,4816
68540,8209,4690,68550,8208,4780
68560,8205,4776,68570,8207,4706
68580,8205,4789,68590,8198,4704
68600,8202,4753,68610,8210,4801
68620,8201,4676,68630,8198,4826
68640,8193,4689,68650,8207,4762
68660,8204,4781,68670,8201,4704
68680,8201,4795,68690,8202,4704
68700,8205,4763,68710,8202,4790
68720,8196,4683,68730,8210,4810
68740,8193,4690,68750,8204,4770
68760,8193,4782,68770,8202,4696
68780,8195,4789,68790,8201,4710
68800,8191,4748,68810,8188,4793
68820,8191,4665,68830,8205,4809
68840,8195,4675,68850,8191,4764
68860,8204,4772,68870,8205,4692
68880,8206,4785,68890,8199,4706
68900,8201,4756,68910,8202,4817
68920,8203,4680,68930,8205,4809
68940,8203,4685,68950,8200,4769
68960,8199,4787,68970,8204,4702
68980,8201,4793,68990,8199,4704
69000,8201,4753,69010,8207,4806
69020,8199,4680,69030,8208,4801
69040,8201,4685,69050,8198,4773
69060,8197,4795,69070,8201,4701
69080,8206,4790,69090,8204,4710
69100,8197,4748,69110,8195,4796
69120,8195,4682,69130,8205,4807
69140,8194,4694,69150,8208,4765
69160,8207,4793,69170,8192,4688
69180,8200,4793,69190,8214,4704
69200,8195,4743,69210,8195,4809
69220,8201,4673,69230,8196,4800
69240,8199,4686,69250,8213,4771
69260,8200,4792,69270,8200,4689
69280,8202,4788,69290,8201,4711
69300,8197,4749,69310,8203,4813
69320,8202,4677,69330,8210,4814
69340,8198,4688,69350,8197,4759
69360,8197,4803,69370,8200,4704
69380,8200,4784,69390,8196,4700
69400,8200,4748,69410,8205,4819
69420,8203,4684,69430,8197,4794
69440,8201,4698,69450,8200,4764
69460,8206,4798,69470,8202,4699
69480,8198,4786,69490,8201,4713
69500,8204,4743,69510,8205,4820
69520,8203,4676,69530,8198,4801
69540,8198,4694,69550,8195,4761
69560,8202,4801,69570,8203,4697
69580,8210,4797,69590,8205,4714
69600,8198,4740,69610,8203,4829
69620,8209,4680,69630,8200,4806
69640,8208,4705,69650,8202,4764
69660,8207,4797,69670,8206,4697
69680,8199,4785,69690,8207,4710
69700,8208,4742,69710,8201,4814
69720,8208,4685,69730,8197,4803
69740,8198,4693,69750,8208,4757
69760,8197,4801,69770,8200,4699
69780,8196,4789,69790,8198,4715
69800,8209,4744,69810,8203,4820
69820,8190,4684,69830,8201,4794
69840,8204,4692,69850,8197,4755
69860,8204,4802,69870,8211,4688
69880,8207,4769,69890,8196,4693
69900,8205,4725,69910,8199,4810
69920,8203,4662,69930,8201,4791
69940,8198,4682,69950,8198,4750
69960,8203,4812,69970,8207,4697
69980,8195,4789,69990,8211,4726
70000,8208,4750,70010,8198,4833
70020,8200,4681,70030,8202,4796
70040,8211,4705,70050,8206,4752
70060,8209,4818,70070,8212,4692
70080,8201,4783,70090,8200,4716
70100,8210,4730,70110,8205,4829
70120,8206,4682,70130,8208,4798
70140,8195,4705,70150,8202,4741
70160,8208,4805,70170,8205,4704
70180,8204,4780,70190,8199,4718
70200,8205,4734,70210,8211,4832
70220,8206,4681,70230,8208,4785
70240,8205,4705,70250,8208,4744
70260,8199,4817,70270,8196,4692
70280,8200,4785,70290,8209,4722
70300,8204,4728,70310,8202,4821
70320,8195,4679,70330,8203,4794
70340,8205,4712,70350,8205,4737
70360,8193,4813,70370,8193,4701
70380,8207,4772,70390,8200,4732
70400,8202,4726,70410,8204,4827
70420,8203,4671,70430,8207,4806
70440,8202,4716,70450,8196,4734
70460,8207,4814,70470,8192,4706
70480,8201,4774,70490,8197,4738
70500,8198,4720,70510,8209,4827
70520,8202,4672,70530,8193,4795
70540,8194,4713,70550,8204,4733
70560,8188,4820,70570,8192,4701
70580,8200,4770,70590,8199,4737
70600,8198,4712,70610,8194,4835
70620,8211,4684,70630,8201,4793
70640,8201,4723,70650,8197,4740
70660,8203,4814,70670,8198,4696
70680,8205,4771,70690,8200,4738
70700,8205,4714,70710,8196,4830
70720,8198,4678,70730,8202,4796
70740,8195,4719,70750,8206,4725
70760,8200,4815,70770,8194,4695
70780,8206,4774,70790,8199,4748
70800,8200,4701,70810,8197,4830
70820,8203,4677,70830,8208,4793
70840,8201,4726,70850,8194,4718
70860,8198,4809,70870,8200,4700
70880,8203,4776,70890,8197,4741
70900,8201,4710,70910,8197,4827
70920,8207,4681,70930,8192,4777
70940,8201,4723,70950,8191,4716
70960,8202,4802,70970,8198,4690
70980,8208,4770,70990,8200,4744
71000,8201,4702,71010,8203,4828
71020,8196,4659,71030,8199,4783
71040,8191,4717,71050,8195,4710
71060,8196,4801,71070,8202,4693
71080,8197,4765,71090,8199,4752
71100,8206,4701,71110,8191,4826
71120,8208,4676,71130,8196,4791
71140,8206,4738,71150,8203,4717
71160,8200,4816,71170,8192,4695
71180,8199,4763,71190,8200,4752
71200,8193,4690,71210,8208,4824
71220,8202,4673,71230,8195,4780
71240,8196,4734,71250,8205,4708
71260,8204,4811,71270,8190,4683
71280,8190,4769,71290,8202,4763
71300,8207,4691,71310,8204,4827
71320,8202,4683,71330,8191,4784
71340,8192,4751,71350,8194,4703
71360,8195,4812,71370,8202,4705
71380,8200,4763,71390,8207,4754
71400,8197,4698,71410,8197,4826
71420,8206,4673,71430,8197,4780
71440,8202,4751,71450,8199,4701
71460,8196,4796,71470,8198,4696
71480,8198,4764,71490,8200,4761
71500,8201,4691,71510,8195,4832
71520,8194,4679,71530,8203,4786
71540,8196,4745,71550,8204,4713
71560,8198,4808,71570,8189,4697
71580,8203,4753,71590,8203,4757
71600,8201,4689,71610,8200,4815
71620,8198,4682,71630,8189,4780
71640,8209,4751,71650,8196,4707
71660,8199,4822,71670,8201,4699
71680,8200,4757,71690,8200,4769
71700,8204,4689,71710,8199,4823
71720,8210,4679,71730,8196,4778
71740,8198,4745,71750,8197,4702
71760,8206,4802,71770,8200,4697
71780,8203,4756,71790,8198,4769
71800,8196,4697,71810,8194,4816
71820,8197,4678,71830,8204,4782
71840,8209,4749,71850,8203,4711
71860,8201,4812,71870,8193,4691
71880,8202,4763,71890,8204,4767
71900,8201,4684,71910,8187,4818
71920,8202,4689,71930,8193,4782
71940,8199,4759,71950,8196,4702
71960,8201,4804,71970,8197,4699
71980,8206,4763,71990,8195,4781
72000,8199,4679,72010,8202,4822
72020,8205,4669,72030,8202,4773
72040,8198,4751,72050,8204,4702
72060,8202,4790,72070,8201,4697
72080,8201,4746,72090,8197,4777
72100,8204,4680,72110,8201,4827
72120,8195,4693,72130,8202,4779
72140,8201,4776,72150,8206,4707
72160,8205,4808,72170,8199,4698
72180,8196,4767,72190,8209,4785
72200,8205,4689,72210,8206,4823
72220,8197,4686,72230,8200,4782
72240,8206,4776,72250,8201,4702
72260,8198,4802,72270,8200,4700
72280,8193,4772,72290,8201,4786
72300,8199,4680,72310,8195,4821
72320,8210,4681,72330,8206,4794
72340,8197,4775,72350,8199,4709
72360,8200,4801,72370,8197,4693
72380,8203,4757,72390,8200,4791
72400,8198,4677,72410,8198,4820
72420,8205,4682,72430,8207,4773
72440,8205,4772,72450,8204,4699
72460,8202,4802,72470,8198,4703
72480,8209,4761,72490,8199,4792
72500,8203,4686,72510,8208,4815
72520,8197,4679,72530,8189,4771
72540,8198,4780,72550,8202,4698
72560,8197,4795,72570,8195,4707
72580,8187,4755,72590,8198,4789
72600,8187,4669,72610,8198,4808
72620,8192,4686,72630,8197,4776
72640,8197,4775,72650,8203,4691
72660,8197,4796,72670,8202,4697
72680,8196,4748,72690,8203,4791
72700,8202,4688,72710,8197,4822
72720,8196,4680,72730,8200,4774
72740,8192,4770,72750,8196,4693
72760,8191,4790,72770,8195,4706
72780,8202,4759,72790,8195,4795
72800,8194,4676,72810,8202,4808
72820,8208,4685,72830,8193,4773
72840,8192,4781,72850,8198,4691
72860,8206,4803,72870,8203,4702
72880,8209,4749,72890,8203,4803
72900,8200,4680,72910,8208,4814
72920,8195,4678,72930,8200,4785
72940,8207,4785,72950,8203,4694
72960,8200,4799,72970,8199,4709
72980,8208,4750,72990,8194,4806
73000,8203,4690,73010,8197,4806
73020,8203,4682,73030,8194,4765
73040,8204,4790,73050,8208,4693
73060,8205,4794,73070,8205,4701
73080,8195,4746,73090,8204,4792
73100,8206,4660,73110,8203,4813
73120,8203,4672,73130,8206,4754
73140,8206,4763,73150,8201,4682
73160,8201,4780,73170,8201,4698
73180,8199,4768,73190,8203,4817
73200,8204,4686,73210,8204,4800
73220,8206,4694,73230,8206,4774
73240,8203,4798,73250,8211,4711
73260,8200,4796,73270,8212,4710
73280,8203,4751,73290,8207,4808
73300,8203,4678,73310,8205,4804
73320,8200,4690,73330,8204,4759
73340,8202,4791,73350,8203,4692
73360,8197,4793,73370,8206,4716
73380,8192,4741,73390,8203,4816
73400,8196,4669,73410,8194,4808
73420,8202,4687,73430,8202,4764
73440,8200,4795,73450,8208,4699
73460,8199,4788,73470,8204,4713
73480,8199,4749,73490,8197,4813
73500,8199,4675,73510,8198,4798
73520,8194,4690,73530,8197,4766
73540,8202,4793,73550,8201,4693
73560,8202,4788,73570,8202,4702
73580,8198,4739,73590,8196,4822
73600,8196,4680,73610,8198,4808
73620,8196,4691,73630,8199,4770
73640,8209,4803,73650,8189,4697
73660,8209,4781,73670,8200,4710
73680,8195,4747,73690,8198,4815
73700,8197,4678,73710,8200,4807
73720,8199,4695,73730,8207,4755
73740,8207,4793,73750,8200,4688
73760,8201,4787,73770,8201,4716
73780,8202,4738,73790,8196,4812
73800,8206,4679,73810,8214,4808
73820,8198,4690,73830,8207,4756
73840,8200,4800,73850,8203,4687
73860,8202,4783,73870,8191,4710
73880,8208,4738,73890,8191,4812
73900,8197,4675,73910,8199,4795
73920,8199,4689,73930,8201,4759
73940,8194,4792,73950,8192,4694
73960,8197,4777,73970,8209,4720
73980,8212,4735,73990,8197,4816
74000,8194,4673,74010,8197,4797
74020,8201,4700,74030,8194,4744
74040,8199,4811,74050,8192,4693
74060,8200,4792,74070,8201,4706
74080,8200,4734,74090,8208,4822
74100,8193,4673,74110,8200,4796
74120,8199,4698,74130,8202,4758
74140,8206,4798,74150,8211,4697
74160,8207,4776,74170,8208,4703
74180,8203,4721,74190,8205,4818
74200,8208,4661,74210,8205,4790
74220,8201,4686,74230,8205,4740
74240,8211,4805,74250,8199,4702
74260,8203,4790,74270,8211,4720
74280,8208,4743,74290,8211,4824
74300,8198,4674,74310,8200,4784
74320,8194,4699,74330,8189,4741
74340,8201,4822,74350,8200,4693
74360,8205,4788,74370,8200,4722
74380,8212,4738,74390,8200,4832
74400,8208,4680,74410,8200,4799
74420,8206,4703,74430,8199,4742
74440,8202,4807,74450,8197,4701
74460,8201,4781,74470,8210,4730
74480,8198,4718,74490,8201,4826
74500,8203,4669,74510,8197,4797
74520,8197,4705,74530,8202,4737
74540,8198,4805,74550,8197,4690
74560,8202,4782,74570,8199,4730
74580,8201,4725,74590,8201,4821
74600,8198,4685,74610,8202,4778
74620,8194,4706,74630,8196,4744
74640,8198,4808,74650,8192,4691
74660,8197,4777,74670,8207,4726
74680,8210,4723,74690,8199,4832
74700,8200,4676,74710,8201,4794
74720,8201,4699,74730,8200,4732
74740,8198,4806,74750,8203,4701
74760,8204,4770,74770,8194,4722
74780,8200,4726,74790,8188,4823
74800,8201,4679,74810,8208,4795
74820,8200,4715,74830,8201,4734
74840,8203,4805,74850,8205,4702
74860,8208,4772,74870,8201,4742
74880,8203,4714,74890,8198,4821
74900,8206,4682,74910,8205,4794
74920,8208,4717,74930,8196,4742
74940,8198,4807,74950,8205,4703
74960,8195,4775,74970,8204,4737
74980,8200,4715,74990,8209,4829
75000,8204,4680,75010,8205,4793
75020,8207,4730,75030,8209,4733
75040,8204,4812,75050,8204,4707
75060,8205,4769,75070,8208,4738
75080,8195,4712,75090,8211,4831
75100,8207,4687,75110,8214,4792
75120,8203,4728,75130,8211,4730
75140,8201,4816,75150,8208,4705
75160,8209,4770,75170,8201,4750
75180,8206,4710,75190,8198,4828
75200,8203,4683,75210,8200,4764
75220,8207,4722,75230,8195,4703
75240,8203,4801,75250,8199,4689
75260,8195,4760,75270,8205,4737
75280,8207,4705,75290,8198,4817
75300,8201,4675,75310,8206,4793
75320,8207,4752,75330,8202,4739
75340,8192,4814,75350,8198,4704
75360,8202,4771,75370,8210,4748
75380,8204,4699,75390,8198,4837
75400,8210,4680,75410,8200,4790
75420,8206,4735,75430,8203,4723
75440,8203,4824,75450,8194,4705
75460,8201,4775,75470,8197,4744
75480,8203,4706,75490,8196,4831
75500,8195,4675,75510,8201,4773
75520,8197,4738,75530,8199,4713
75540,8201,4811,75550,8208,4707
75560,8200,4765,75570,8203,4754
75580,8200,4700,75590,8198,4826
75600,8205,4684,75610,8202,4787
75620,8203,4740,75630,8199,4719
75640,8201,4804,75650,8207,4702
75660,8200,4763,75670,8209,4750
75680,8207,4702,75690,8194,4827
75700,8206,4686,75710,8207,4790
75720,8207,4742,75730,8197,4710
75740,8200,4811,75750,8203,4713
75760,8199,4763,75770,8208,4768
75780,8207,4702,75790,8199,4825
75800,8210,4691,75810,8210,4790
75820,8212,4745,75830,8203,4719
75840,8205,4808,75850,8200,4704
75860,8207,4761,75870,8197,4773
75880,8217,4693,75890,8207,4825
75900,8203,4688,75910,8205,4793
75920,8210,4746,75930,8203,4712
75940,8203,4807,75950,8212,4709
75960,8207,4756,75970,8200,4771
75980,8204,4694,75990,8208,4828
76000,8200,4684,76010,8200,4779
76020,8210,4759,76030,8216,4709
76040,8207,4809,76050,8195,4708
76060,8210,4772,76070,8214,4784
76080,8205,4700,76090,8204,4826
76100,8208,4695,76110,8205,4766
76120,8205,4754,76130,8204,4719
76140,8198,4815,76150,8195,4703
76160,8200,4772,76170,8213,4778
76180,8209,4701,76190,8200,4825
76200,8199,4696,76210,8198,4780
76220,8207,4761,76230,8202,4712
76240,8216,4817,76250,8199,4703
76260,8203,4765,76270,8211,4780
76280,8202,4684,76290,8200,4831
76300,8203,4677,76310,8205,4773
76320,8218,4751,76330,8200,4707
76340,8197,4793,76350,8201,4702
76360,8210,4753,76370,8197,4770
76380,8205,4689,76390,8208,4828
76400,8205,4706,76410,8212,4778
76420,8204,4764,76430,8192,4713
76440,8202,4810,76450,8212,4707
76460,8201,4766,76470,8203,4781
76480,8204,4691,76490,8202,4820
76500,8197,4686,76510,8191,4776
76520,8202,4768,76530,8198,4709
76540,8196,4809,76550,8201,4702
76560,8202,4762,76570,8203,4781
76580,8202,4694,76590,8201,4816
76600,8210,4690,76610,8205,4777
76620,8209,4767,76630,8201,4707
76640,8200,4796,76650,8198,4710
76660,8199,4759,76670,8203,4790
76680,8200,4686,76690,8200,4810
76700,8196,4687,76710,8198,4778
76720,8193,4765,76730,8195,4703
76740,8191,4795,76750,8203,4702
76760,8194,4754,76770,8205,4784
76780,8194,4685,76790,8194,4822
76800,8199,4682,76810,8201,4773
76820,8194,4777,76830,8194,4711
76840,8199,4796,76850,8205,4703
76860,8202,4755,76870,8201,4787
76880,8194,4681,76890,8194,4822
76900,8205,4692,76910,8201,4776
76920,8200,4762,76930,8195,4700
76940,8192,4794,76950,8194,4706
76960,8203,4758,76970,8197,4779
76980,8191,4692,76990,8206,4814
77000,8205,4690,77010,8200,4752
77020,8199,4765,77030,8210,4703
77040,8192,4792,77050,8188,4695
77060,8198,4756,77070,8198,4784
77080,8193,4685,77090,8191,4801
77100,8198,4691,77110,8195,4776
77120,8203,4781,77130,8199,4707
77140,8192,4792,77150,8192,4706
77160,8199,4748,77170,8201,4791
77180,8204,4688,77190,8201,4810
77200,8197,4690,77210,8200,4767
77220,8201,4781,77230,8204,4707
77240,8195,4792,77250,8195,4709
77260,8195,4751,77270,8196,4804
77280,8200,4689,77290,8206,4811
77300,8202,4685,77310,8201,4777
77320,8205,4780,77330,8202,4705
77340,8195,4797,77350,8200,4711
77360,8196,4749,77370,8197,4799
77380,8190,4681,77390,8195,4800
77400,8197,4679,77410,8197,4755
77420,8194,4767,77430,8200,4689
77440,8189,4788,77450,8195,4712
77460,8194,4772,77470,8199,4797
77480,8196,4686,77490,8192,4805
77500,8200,4691,77510,8196,4772
77520,8191,4787,77530,8201,4704
77540,8202,4789,77550,8196,4711
77560,8201,4752,77570,8198,4807
77580,8205,4692,77590,8205,4808
77600,8192,4701,77610,8199,4773
77620,8219,4793,77630,8203,4707
77640,8195,4784,77650,8199,4702
77660,8204,4749,77670,8195,4806
77680,8201,4690,77690,8200,4807
77700,8201,4689,77710,8200,4765
77720,8194,4781,77730,8191,4699
77740,8204,4786,77750,8204,4714
77760,8197,4754,77770,8204,4809
77780,8205,4683,77790,8190,4808
77800,8204,4702,77810,8201,4768
77820,8197,4793,77830,8204,4698
77840,8201,4790,77850,8210,4718
77860,8198,4748,77870,8192,4802
77880,8208,4692,77890,8207,4802
77900,8204,4696,77910,8203,4760
77920,8191,4791,77930,8192,4704
77940,8195,4788,77950,8198,4702
77960,8201,4749,77970,8195,4801
77980,8205,4683,77990,8195,4800
78000,8206,4700,78010,8193,4760
78020,8197,4789,78030,8192,4695
78040,8197,4787,78050,8198,4710
78060,8201,4747,78070,8205,4819
78080,8200,4681,78090,8198,4811
78100,8199,4697,78110,8203,4759
78120,8194,4786,78130,8197,4697
78140,8196,4786,78150,8200,4720
78160,8198,4749,78170,8196,4807
78180,8203,4688,78190,8190,4802
78200,8196,4696,78210,8208,4762
78220,8199,4789,78230,8204,4696
78240,8206,4781,78250,8204,4714
78260,8207,4743,78270,8195,4806
78280,8195,4682,78290,8196,4790
78300,8199,4699,78310,8195,4755
78320,8203,4793,78330,8207,4698
78340,8204,4781,78350,8204,4711
78360,8200,4742,78370,8200,4814
78380,8198,4684,78390,8201,4798
78400,8197,4688,78410,8195,4756
78420,8193,4792,78430,8194,4694
78440,8194,4776,78450,8206,4703
78460,8202,4737,78470,8207,4805
78480,8200,4678,78490,8200,4790
78500,8202,4685,78510,8197,4734
78520,8200,4791,78530,8197,4705
78540,8200,4776,78550,8200,4717
78560,8203,4737,78570,8199,4824
78580,8198,4678,78590,8200,4806
78600,8202,4703,78610,8205,4760
78620,8213,4811,78630,8204,4705
78640,8198,4778,78650,8190,4716
78660,8202,4734,78670,8192,4816
78680,8193,4685,78690,8206,4797
78700,8202,4696,78710,8196,4754
78720,8200,4798,78730,8210,4702
78740,8202,4775,78750,8205,4707
78760,8199,4737,78770,8201,4818
78780,8206,4688,78790,8208,4795
78800,8196,4702,78810,8198,4746
78820,8192,4808,78830,8206,4700
78840,8207,4781,78850,8198,4722
78860,8207,4735,78870,8199,4821
78880,8209,4682,78890,8201,4796
78900,8202,4697,78910,8195,4747
78920,8200,4798,78930,8208,4700
78940,8192,4778,78950,8204,4733
78960,8199,4750,78970,8208,4822
78980,8204,4683,78990,8195,4789
79000,8194,4703,79010,8195,4753
79020,8196,4810,79030,8192,4697
79040,8199,4773,79050,8208,4727
79060,8206,4728,79070,8197,4822
79080,8192,4693,79090,8205,4797
79100,8194,4708,79110,8213,4747
79120,8195,4807,79130,8197,4712
79140,8197,4771,79150,8201,4723
79160,8205,4725,79170,8200,4824
79180,8199,4691,79190,8198,4797
79200,8189,4711,79210,8197,4747
79220,8208,4816,79230,8208,4703
79240,8202,4783,79250,8192,4727
79260,8194,4721,79270,8191,4822
79280,8202,4685,79290,8205,4792
79300,8203,4713,79310,8199,4747
79320,8199,4801,79330,8201,4696
79340,8198,4781,79350,8203,4735
79360,8200,4717,79370,8195,4825
79380,8200,4679,79390,8193,4788
79400,8205,4717,79410,8197,4733
79420,8204,4804,79430,8202,4710
79440,8202,4780,79450,8196,4732
79460,8205,4726,79470,8199,4831
79480,8198,4685,79490,8194,4795
79500,8201,4709,79510,8196,4723
79520,8206,4798,79530,8200,4694
79540,8209,4774,79550,8211,4736
79560,8201,4711,79570,8204,4813
79580,8208,4677,79590,8190,4793
79600,8194,4727,79610,8190,4740
79620,8204,4810,79630,8199,4716
79640,8201,4773,79650,8203,4736
79660,8196,4718,79670,8203,4826
79680,8203,4681,79690,8198,4792
79700,8206,4730,79710,8202,4726
79720,8201,4812,79730,8204,4702
79740,8198,4771,79750,8196,4741
79760,8201,4706,79770,8202,4821
79780,8196,4681,79790,8199,4801
79800,8202,4726,79810,8200,4730
79820,8201,4806,79830,8205,4703
79840,8200,4760,79850,8193,4744
79860,8208,4711,79870,8192,4821
79880,8203,4680,79890,8199,4797
79900,8203,4717,79910,8196,4729
79920,8210,4808,79930,8203,4706
79940,8197,4776,79950,8201,4751
79960,8200,4714,79970,8208,4826
79980,8203,4691,79990,8207,4789
80000,8207,4733,80010,8209,4732
80020,8196,4809,80030,8209,4703
80040,8199,4777,80050,8205,4757
80060,8205,4710,80070,8200,4827
80080,8195,4692,80090,8200,4790
80100,8204,4746,80110,8202,4720
80120,8204,4810,80130,8202,4707
80140,8193,4767,80150,8204,4751
80160,8212,4714,80170,8202,4824
80180,8198,4691,80190,8210,4800
80200,8199,4740,80210,8201,4718
80220,8209,4810,80230,8198,4704
80240,8202,4772,80250,8209,4761
80260,8195,4700,80270,8207,4832
80280,8202,4689,80290,8201,4792
80300,8204,4739,80310,8198,4723
80320,8203,4807,80330,8204,4695
80340,8195,4767,80350,8202,4759
80360,8206,4701,80370,8192,4826
80380,8196,4685,80390,8191,4788
80400,8198,4734,80410,8201,4716
80420,8199,4802,80430,8194,4704
80440,8197,4769,80450,8191,4758
80460,8199,4698,80470,8199,4828
80480,8203,4682,80490,8206,4781
80500,8192,4742,80510,8197,4718
80520,8204,4811,80530,8191,4710
80540,8196,4764,80550,8202,4762
80560,8201,4692,80570,8202,4820
80580,8205,4681,80590,8194,4781
80600,8191,4738,80610,8195,4702
80620,8194,4803,80630,8201,4689
80640,8200,4754,80650,8198,4752
80660,8199,4684,80670,8193,4829
80680,8195,4694,80690,8201,4789
80700,8195,4762,80710,8202,4715
80720,8190,4811,80730,8200,4700
80740,8205,4756,80750,8198,4762
80760,8206,4695,80770,8201,4825
80780,8198,4685,80790,8195,4781
80800,8202,4744,80810,8194,4713
80820,8199,4805,80830,8191,4704
80840,8196,4764,80850,8203,4768
80860,8196,4693,80870,8198,4826
80880,8192,4698,80890,8193,4779
80900,8199,4751,80910,8194,4707
80920,8194,4803,80930,8203,4704
80940,8210,4768,80950,8189,4769
80960,8205,4706,80970,8201,4814
80980,8206,4691,80990,8200,4779
81000,8193,4754,81010,8200,4709
81020,8207,4803,81030,8198,4700
81040,8194,4766,81050,8199,4776
81060,8198,4686,81070,8196,4821
81080,8203,4688,81090,8201,4768
81100,8196,4753,81110,8203,4710
81120,8204,4800,81130,8207,4702
81140,8203,4762,81150,8192,4774
81160,8204,4689,81170,8196,4825
81180,8204,4685,81190,8200,4782
81200,8206,4765,81210,8200,4709
81220,8196,4801,81230,8202,4708
81240,8196,4758,81250,8194,4771
81260,8196,4693,81270,8195,4818
81280,8188,4682,81290,8210,4778
81300,8200,4760,81310,8199,4704
81320,8198,4800,81330,8202,4711
81340,8202,4764,81350,8195,4773
81360,8206,4687,81370,8197,4814
81380,8198,4679,81390,8210,4781
81400,8202,4766,81410,8195,4707
81420,8202,4806,81430,8199,4707
81440,8209,4752,81450,8197,4775
81460,8200,4691,81470,8203,4817
81480,8196,4691,81490,8195,4781
81500,8201,4759,81510,8207,4711
81520,8207,4806,81530,8201,4707
81540,8204,4766,81550,8196,4784
81560,8200,4690,81570,8195,4816
81580,8206,4685,81590,8202,4776
81600,8191,4761,81610,8195,4703
81620,8199,4800,81630,8201,4701
81640,8210,4756,81650,8205,4782
81660,8205,4682,81670,8210,4810
81680,8202,4687,81690,8209,4772
81700,8203,4754,81710,8196,4698
81720,8205,4794,81730,8198,4704
81740,8199,4765,81750,8194,4784
81760,8199,4694,81770,8199,4826
81780,8201,4691,81790,8196,4776
81800,8198,4775,81810,8203,4703
81820,8202,4803,81830,8201,4705
81840,8204,4770,81850,8196,4794
81860,8205,4695,81870,8199,4823
81880,8199,4692,81890,8196,4781
81900,8206,4774,81910,8199,4708
81920,8201,4807,81930,8199,4708
81940,8201,4750,81950,8194,4793
81960,8212,4693,81970,8204,4817
81980,8201,4686,81990,8194,4771
82000,8204,4770,82010,8199,4710
82020,8201,4797,82030,8195,4704
82040,8192,4758,82050,8195,4796
82060,8196,4686,82070,8204,4823
82080,8210,4693,82090,8197,4770
82100,8203,4778,82110,8201,4714
82120,8204,4789,82130,8202,4708
82140,8200,4760,82150,8196,4792
82160,8197,4687,82170,8196,4808
82180,8197,4688,82190,8194,4768
82200,8194,4779,82210,8199,4699
82220,8193,4788,82230,8204,4698
82240,8197,4749,82250,8192,4796
82260,8203,4685,82270,8204,4815
82280,8200,4693,82290,8185,4766
82300,8196,4783,82310,8196,4697
82320,8196,4799,82330,8197,4705
82340,8192,4745,82350,8204,4794
82360,8194,4672,82370,8193,4814
82380,8199,4690,82390,8198,4765
82400,8204,4780,82410,8208,4701
82420,8193,4788,82430,8196,4709
82440,8197,4749,82450,8195,4795
82460,8197,4686,82470,8200,4812
82480,8196,4685,82490,8196,4769
82500,8186,4780,82510,8193,4703
82520,8200,4796,82530,8199,4704
82540,8201,4759,82550,8206,4802
82560,8203,4677,82570,8201,4808
82580,8191,4684,82590,8195,4776
82600,8201,4781,82610,8199,4710
82620,8199,4785,82630,8194,4707
82640,8206,4748,82650,8204,4805
82660,8203,4681,82670,8194,4806
82680,8204,4683,82690,8200,4764
82700,8192,4775,82710,8193,4693
82720,8202,4779,82730,8184,4685
82740,8197,4733,82750,8211,4787
82760,8195,4666,82770,8196,4797
82780,8201,4681,82790,8196,4753
82800,8190,4785,82810,8194,4704
82820,8199,4791,82830,8202,4716
82840,8205,4758,82850,8192,4803
82860,8190,4681,82870,8195,4801
82880,8203,4687,82890,8196,4754
82900,8207,4784,82910,8200,4700
82920,8192,4785,82930,8195,4704
82940,8204,4751,82950,8201,4811
82960,8203,4685,82970,8202,4807
82980,8200,4686,82990,8207,4768
83000,8192,4783,83010,8195,4694
83020,8191,4783,83030,8193,4713
83040,8202,4743,83050,8194,4809
83060,8199,4676,83070,8195,4803
83080,8188,4681,83090,8199,4766
83100,8203,4795,83110,8195,4699
83120,8196,4790,83130,8187,4709
83140,8199,4754,83150,8193,4805
83160,8198,4685,83170,8196,4800
83180,8197,4697,83190,8196,4761
83200,8196,4789,83210,8199,4699
83220,8199,4790,83230,8195,4710
83240,8200,4749,83250,8191,4818
83260,8190,4681,83270,8194,4797
83280,8190,4696,83290,8201,4765
83300,8203,4791,83310,8204,4696
83320,8193,4782,83330,8187,4708
83340,8191,4747,83350,8202,4820
83360,8207,4675,83370,8195,4801
83380,8194,4691,83390,8193,4768
83400,8199,4793,83410,8207,4696
83420,8197,4790,83430,8201,4713
83440,8207,4744,83450,8195,4815
83460,8200,4671,83470,8197,4805
83480,8201,4689,83490,8199,4759
83500,8201,4799,83510,8196,4698
83520,8203,4784,83530,8197,4711
83540,8204,4734,83550,8204,4826
83560,8206,4688,83570,8205,4798
83580,8198,4696,83590,8198,4759
83600,8195,4799,83610,8199,4699
83620,8195,4777,83630,8206,4711
83640,8202,4745,83650,8198,4811
83660,8196,4677,83670,8196,4804
83680,8193,4700,83690,8192,4750
83700,8191,4797,83710,8199,4696
83720,8196,4778,83730,8195,4708
83740,8201,4743,83750,8199,4820
83760,8202,4672,83770,8202,4799
83780,8201,4681,83790,8202,4750
83800,8198,4794,83810,8194,4683
83820,8201,4781,83830,8199,4710
83840,8196,4737,83850,8206,4819
83860,8205,4681,83870,8206,4810
83880,8198,4708,83890,8195,4756
83900,8193,4806,83910,8204,4693
83920,8202,4791,83930,8203,4714
83940,8202,4746,83950,8200,4824
83960,8202,4687,83970,8203,4798
83980,8201,4700,83990,8204,4760
84000,8201,4808,84010,8198,4691
84020,8196,4782,84030,8203,4714
84040,8191,4736,84050,8188,4821
84060,8203,4671,84070,8204,4809
84080,8206,4698,84090,8202,4755
84100,8198,4813,84110,8193,4689
84120,8197,4784,84130,8199,4719
84140,8204,4734,84150,8190,4826
84160,8200,4669,84170,8193,4796
84180,8203,4698,84190,8190,4750
84200,8195,4809,84210,8190,4694
84220,8194,4787,84230,8195,4716
84240,8200,4735,84250,8195,4827
84260,8192,4670,84270,8199,4801
84280,8198,4702,84290,8200,4743
84300,8195,4809,84310,8200,4688
84320,8197,4782,84330,8194,4727
84340,8201,4718,84350,8202,4829
84360,8197,4676,84370,8198,4805
84380,8187,4693,84390,8198,4748
84400,8199,4806,84410,8197,4694
84420,8210,4758,84430,8189,4717
84440,8194,4709,84450,8194,4816
84460,8204,4674,84470,8196,4790
84480,8197,4705,84490,8196,4730
84500,8196,4801,84510,8192,4703
84520,8199,4764,84530,8197,4742
84540,8189,4707,84550,8203,4815
84560,8197,4680,84570,8201,4785
84580,8194,4725,84590,8197,4739
84600,8198,4803,84610,8201,4703
84620,8204,4768,84630,8197,4732
84640,8195,4723,84650,8196,4822
84660,8196,4686,84670,8198,4776
84680,8191,4718,84690,8200,4723
84700,8199,4805,84710,8195,4716
84720,8204,4761,84730,8203,4740
84740,8198,4711,84750,8204,4824
84760,8206,4695,84770,8207,4788
84780,8201,4731,84790,8197,4732
84800,8196,4798,84810,8199,4708
84820,8207,4762,84830,8201,4745
84840,8196,4706,84850,8197,4815
84860,8203,4679,84870,8202,4780
84880,8193,4720,84890,8192,4713
84900,8197,4785,84910,8195,4693
84920,8203,4736,84930,8189,4734
84940,8204,4704,84950,8191,4817
84960,8201,4697,84970,8197,4789
84980,8191,4740,84990,8210,4717
85000,8195,4792,85010,8198,4711
85020,8195,4766,85030,8206,4740
85040,8201,4705,85050,8191,4823
85060,8195,4687,85070,8204,4790
85080,8199,4734,85090,8202,4724
85100,8199,4790,85110,8195,4693
85120,8203,4762,85130,8201,4750
85140,8194,4708,85150,8198,4818
85160,8203,4682,85170,8194,4769
85180,8198,4728,85190,8202,4714
85200,8200,4813,85210,8194,4719
85220,8199,4760,85230,8196,4750
85240,8198,4699,85250,8196,4820
85260,8196,4687,85270,8200,4786
85280,8207,4752,85290,8194,4723
85300,8206,4801,85310,8191,4701
85320,8199,4764,85330,8204,4759
85340,8204,4701,85350,8196,4817
85360,8199,4696,85370,8202,4781
85380,8192,4734,85390,8194,4722
85400,8201,4806,85410,8195,4711
85420,8203,4768,85430,8196,4750
85440,8197,4708,85450,8200,4829
85460,8206,4699,85470,8215,4782
85480,8198,4746,85490,8205,4711
85500,8206,4799,85510,8205,4709
85520,8200,4759,85530,8201,4759
85540,8205,4704,85550,8202,4827
85560,8199,4695,85570,8205,4767
85580,8202,4746,85590,8204,4719
85600,8202,4800,85610,8209,4710
85620,8200,4763,85630,8207,4763
85640,8203,4698,85650,8186,4820
85660,8201,4700,85670,8197,4776
85680,8207,4746,85690,8197,4713
85700,8209,4787,85710,8199,4707
85720,8201,4764,85730,8192,4759
85740,8201,4695,85750,8192,4810
85760,8202,4691,85770,8192,4778
85780,8200,4744,85790,8204,4715
85800,8188,4798,85810,8206,4712
85820,8207,4757,85830,8204,4775
85840,8197,4698,85850,8203,4826
85860,8205,4697,85870,8195,4775
85880,8197,4754,85890,8199,4713
85900,8208,4803,85910,8196,4709
85920,8194,4747,85930,8203,4764
85940,8206,4682,85950,8191,4806
85960,8193,4679,85970,8202,4770
85980,8200,4733,85990,8198,4709
86000,8193,4779,86010,8189,4723
86020,8203,4763,86030,8207,4783
86040,8196,4698,86050,8201,4820
86060,8201,4710,86070,8190,4774
86080,8205,4743,86090,8191,4714
86100,8209,4800,86110,8202,4709
86120,8195,4758,86130,8200,4768
86140,8192,4695,86150,8194,4814
86160,8203,4690,86170,8201,4774
86180,8204,4761,86190,8200,4705
86200,8196,4801,86210,8202,4708
86220,8203,4751,86230,8199,4772
86240,8197,4697,86250,8200,4816
86260,8202,4694,86270,8197,4775
86280,8198,4757,86290,8201,4712
86300,8201,4787,86310,8204,4715
86320,8205,4760,86330,8200,4775
86340,8197,4682,86350,8195,4816
86360,8194,4687,86370,8204,4767
86380,8199,4759,86390,8198,4714
86400,8207,4801,86410,8204,4714
86420,8193,4752,86430,8198,4772
86440,8196,4690,86450,8192,4806
86460,8195,4698,86470,8190,4763
86480,8195,4762,86490,8205,4710
86500,8198,4796,86510,8195,4709
86520,8194,4747,86530,8202,4780
86540,8198,4686,86550,8196,4810
86560,8198,4685,86570,8201,4772
86580,8196,4760,86590,8201,4716
86600,8200,4778,86610,8193,4701
86620,8193,4740,86630,8197,4777
86640,8191,4678,86650,8206,4810
86660,8204,4696,86670,8194,4768
86680,8208,4770,86690,8206,4701
86700,8197,4790,86710,8197,4711
86720,8184,4747,86730,8194,4779
86740,8200,4690,86750,8194,4811
86760,8196,4689,86770,8195,4761
86780,8192,4768,86790,8199,4708
86800,8189,4785,86810,8201,4715
86820,8198,4746,86830,8204,4784
86840,8202,4686,86850,8200,4807
86860,8197,4687,86870,8203,4771
86880,8195,4770,86890,8191,4709
86900,8193,4772,86910,8197,4710
86920,8205,4752,86930,8215,4779
86940,8201,4685,86950,8205,4811
86960,8202,4691,86970,8196,4767
86980,8199,4766,86990,8209,4701
87000,8207,4781,87010,8209,4701
87020,8205,4738,87030,8194,4770
87040,8200,4671,87050,8199,4799
87060,8194,4688,87070,8204,4765
87080,8212,4781,87090,8209,4711
87100,8204,4802,87110,8209,4725
87120,8202,4765,87130,8207,4794
87140,8206,4692,87150,8207,4811
87160,8204,4698,87170,8204,4779
87180,8201,4783,87190,8207,4703
87200,8198,4777,87210,8191,4704
87220,8210,4751,87230,8210,4786
87240,8193,4693,87250,8200,4807
87260,8205,4702,87270,8200,4768
87280,8197,4780,87290,8202,4707
87300,8205,4789,87310,8195,4708
87320,8205,4746,87330,8199,4798
87340,8206,4684,87350,8201,4800
87360,8199,4695,87370,8201,4768
87380,8195,4780,87390,8197,4707
87400,8205,4794,87410,8197,4722
87420,8192,4755,87430,8206,4794
87440,8201,4690,87450,8204,4804
87460,8199,4699,87470,8206,4765
87480,8201,4781,87490,8195,4700
87500,8204,4792,87510,8197,4717
87520,8204,4760,87530,8212,4794
87540,8211,4686,87550,8198,4800
87560,8210,4696,87570,8203,4769
87580,8208,4788,87590,8199,4709
87600,8200,4786,87610,8204,4714
87620,8208,4749,87630,8198,4798
87640,8198,4691,87650,8193,4806
87660,8197,4693,87670,8199,4761
87680,8210,4783,87690,8213,4711
87700,8193,4778,87710,8193,4720
87720,8204,4745,87730,8195,4800
87740,8204,4691,87750,8204,4802
87760,8201,4705,87770,8200,4768
87780,8201,4792,87790,8195,4698
87800,8206,4792,87810,8203,4720
87820,8193,4743,87830,8199,4797
87840,8199,4689,87850,8204,4794
87860,8195,4700,87870,8204,4765
87880,8202,4776,87890,8204,4707
87900,8201,4794,87910,8201,4714
87920,8206,4740,87930,8197,4797
87940,8194,4688,87950,8199,4800
87960,8201,4696,87970,8203,4760
87980,8203,4791,87990,8199,4702
88000,8211,4796,88010,8198,4715
88020,8196,4748,88030,8208,4805
88040,8213,4698,88050,8206,4795
88060,8195,4695,88070,8200,4750
88080,8198,4771,88090,8194,4702
88100,8201,4786,88110,8196,4704
88120,8201,4725,88130,8201,4785
88140,8196,4668,88150,8201,4793
88160,8202,4711,88170,8211,4770
88180,8208,4795,88190,8204,4703
88200,8202,4782,88210,8202,4717
88220,8194,4741,88230,8198,4801
88240,8204,4686,88250,8207,4798
88260,8199,4711,88270,8202,4758
88280,8199,4794,88290,8198,4700
88300,8203,4772,88310,8198,4723
88320,8201,4745,88330,8198,4803
88340,8194,4687,88350,8206,4795
88360,8201,4700,88370,8201,4761
88380,8200,4792,88390,8203,4708
88400,8198,4774,88410,8203,4724
88420,8202,4746,88430,8204,4811
88440,8192,4691,88450,8196,4794
88460,8199,4711,88470,8192,4759
88480,8200,4786,88490,8199,4707
88500,8201,4779,88510,8195,4718
88520,8198,4742,88530,8206,4813
88540,8201,4681,88550,8198,4797
88560,8200,4698,88570,8206,4768
88580,8203,4790,88590,8198,4706
88600,8204,4777,88610,8209,4727
88620,8203,4746,88630,8196,4812
88640,8191,4693,88650,8195,4781
88660,8206,4698,88670,8197,4755
88680,8195,4792,88690,8192,4694
88700,8202,4779,88710,8195,4717
88720,8195,4745,88730,8198,4807
88740,8198,4693,88750,8195,4787
88760,8201,4708,88770,8188,4756
88780,8205,4799,88790,8206,4705
88800,8198,4776,88810,8197,4718
88820,8202,4732,88830,8204,4816
88840,8205,4680,88850,8193,4780
88860,8200,4705,88870,8192,4762
88880,8207,4798,88890,8199,4703
88900,8203,4774,88910,8193,4723
88920,8206,4740,88930,8195,4818
88940,8194,4690,88950,8192,4790
88960,8196,4701,88970,8196,4757
88980,8199,4791,88990,8205,4708
89000,8198,4767,89010,8196,4725
89020,8204,4728,89030,8197,4809
89040,8198,4686,89050,8198,4792
89060,8203,4712,89070,8189,4750
89080,8199,4797,89090,8194,4707
89100,8203,4769,89110,8193,4728
89120,8195,4730,89130,8202,4804
89140,8198,4676,89150,8199,4774
89160,8207,4693,89170,8202,4744
89180,8204,4785,89190,8201,4689
89200,8194,4766,89210,8190,4709
89220,8201,4737,89230,8208,4828
89240,8194,4698,89250,8206,4802
89260,8193,4721,89270,8208,4752
89280,8191,4791,89290,8193,4698
89300,8199,4765,89310,8194,4727
89320,8198,4735,89330,8197,4810
89340,8200,4691,89350,8189,4787
89360,8199,4693,89370,8198,4746
89380,8202,4795,89390,8210,4711
89400,8206,4772,89410,8202,4732
89420,8192,4733,89430,8203,4819
89440,8205,4694,89450,8205,4786
89460,8211,4713,89470,8197,4756
89480,8204,4794,89490,8203,4699
89500,8193,4761,89510,8200,4734
89520,8201,4730,89530,8201,4819
89540,8199,4695,89550,8207,4789
89560,8196,4708,89570,8202,4744
89580,8212,4797,89590,8197,4702
89600,8201,4772,89610,8194,4726
89620,8208,4734,89630,8195,4820
89640,8196,4696,89650,8201,4785
89660,8204,4710,89670,8199,4756
89680,8207,4808,89690,8200,4718
89700,8198,4767,89710,8189,4727
89720,8202,4736,89730,8203,4820
89740,8204,4694,89750,8196,4791
89760,8204,4716,89770,8206,4736
89780,8209,4804,89790,8208,4702
89800,8197,4768,89810,8210,4733
89820,8205,4726,89830,8198,4823
89840,8207,4689,89850,8201,4789
89860,8197,4708,89870,8200,4735
89880,8202,4803,89890,8197,4705
89900,8203,4773,89910,8198,4732
89920,8195,4720,89930,8203,4813
89940,8200,4685,89950,8201,4782
89960,8197,4720,89970,8192,4735
89980,8201,4800,89990,8203,4715
90000,8198,4759,90010,8195,4727
90020,8201,4730,90030,8195,4812
90040,8202,4688,90050,8197,4781
90060,8200,4725,90070,8197,4737
90080,8185,4794,90090,8199,4707
90100,8201,4768,90110,8204,4742
90120,8196,4724,90130,8195,4819
90140,8198,4690,90150,8197,4773
90160,8204,4717,90170,8212,4723
90180,8196,4799,90190,8206,4700
90200,8193,4758,90210,8202,4733
90220,8202,4712,90230,8199,4810
90240,8204,4676,90250,8201,4776
90260,8199,4724,90270,8200,4728
90280,8198,4800,90290,8193,4707
90300,8191,4775,90310,8199,4741
90320,8197,4711,90330,8208,4816
90340,8193,4694,90350,8199,4783
90360,8203,4726,90370,8193,4728
90380,8196,4797,90390,8205,4693
90400,8198,4768,90410,8205,4749
90420,8197,4717,90430,8199,4820
90440,8192,4690,90450,8206,4776
90460,8213,4733,90470,8199,4723
90480,8204,4806,90490,8198,4704
90500,8205,4768,90510,8199,4753
90520,8212,4719,90530,8207,4818
90540,8197,4702,90550,8207,4787
90560,8200,4738,90570,8211,4740
90580,8201,4818,90590,8206,4716
90600,8206,4775,90610,8204,4765
90620,8198,4717,90630,8197,4828
90640,8215,4693,90650,8205,4781
90660,8202,4730,90670,8204,4719
90680,8205,4808,90690,8208,4710
90700,8206,4768,90710,8203,4753
90720,8203,4705,90730,8203,4828
90740,8210,4698,90750,8206,4782
90760,8202,4744,90770,8201,4723
90780,8195,4808,90790,8214,4706
90800,8203,4743,90810,8212,4754
90820,8206,4702,90830,8203,4835
90840,8203,4700,90850,8209,4780
90860,8211,4744,90870,8209,4721
90880,8207,4817,90890,8201,4710
90900,8196,4761,90910,8198,4757
90920,8202,4704,90930,8207,4828
90940,8213,4693,90950,8193,4782
90960,8206,4741,90970,8200,4716
90980,8207,4807,90990,8204,4706
91000,8210,4766,91010,8211,4761
91020,8212,4705,91030,8195,4819
91040,8208,4690,91050,8195,4787
91060,8199,4748,91070,8197,4722
91080,8202,4801,91090,8212,4714
91100,8200,4757,91110,8214,4762
91120,8206,4695,91130,8208,4829
91140,8207,4694,91150,8204,4779
91160,8202,4739,91170,8204,4723
91180,8211,4812,91190,8207,4707
91200,8208,4756,91210,8209,4772
91220,8197,4695,91230,8198,4810
91240,8203,4704,91250,8208,4782
91260,8207,4745,91270,8199,4705
91280,8203,4792,91290,8202,4701
91300,8210,4750,91310,8196,4762
91320,8196,4680,91330,8204,4821
91340,8204,4690,91350,8205,4784
91360,8202,4758,91370,8200,4719
91380,8214,4820,91390,8205,4725
91400,8209,4775,91410,8208,4771
91420,8205,4704,91430,8209,4825
91440,8201,4692,91450,8218,4782
91460,8205,4759,91470,8205,4717
91480,8206,4803,91490,8212,4712
91500,8203,4754,91510,8205,4770
91520,8198,4702,91530,8204,4833
91540,8211,4702,91550,8206,4767
91560,8210,4760,91570,8209,4706
91580,8198,4809,91590,8203,4723
91600,8197,4755,91610,8204,4776
91620,8214,4699,91630,8197,4819
91640,8211,4689,91650,8202,4779
91660,8199,4759,91670,8207,4704
91680,8210,4803,91690,8200,4710
91700,8206,4761,91710,8203,4779
91720,8202,4693,91730,8203,4825
91740,8204,4692,91750,8203,4783
91760,8193,4765,91770,8196,4712
91780,8198,4800,91790,8197,4712
91800,8199,4753,91810,8205,4779
91820,8207,4688,91830,8196,4827
91840,8213,4699,91850,8205,4776
91860,8195,4757,91870,8210,4709
91880,8205,4805,91890,8197,4714
91900,8201,4750,91910,8205,4784
91920,8203,4694,91930,8199,4819
91940,8203,4694,91950,8206,4772
91960,8196,4760,91970,8201,4710
91980,8204,4805,91990,8198,4715
92000,8216,4760,92010,8197,4780
92020,8217,4698,92030,8211,4816
92040,8207,4707,92050,8196,4778
92060,8196,4772,92070,8205,4712
92080,8207,4807,92090,8214,4712
92100,8206,4756,92110,8206,4778
92120,8202,4697,92130,8203,4829
92140,8193,4706,92150,8203,4774
92160,8191,4775,92170,8201,4710
92180,8207,4790,92190,8209,4707
92200,8204,4756,92210,8202,4787
92220,8209,4695,92230,8200,4817
92240,8205,4691,92250,8203,4771
92260,8201,4766,92270,8198,4713
92280,8208,4804,92290,8207,4720
92300,8207,4752,92310,8205,4794
92320,8203,4693,92330,8196,4814
92340,8209,4689,92350,8204,4773
92360,8205,4757,92370,8199,4702
92380,8193,4793,92390,8200,4711
92400,8215,4747,92410,8206,4785
92420,8208,4685,92430,8206,4819
92440,8203,4702,92450,8203,4772
92460,8207,4779,92470,8209,4714
92480,8204,4795,92490,8204,4718
92500,8201,4754,92510,8206,4790
92520,8209,4692,92530,8197,4809
92540,8198,4697,92550,8200,4767
92560,8206,4776,92570,8204,4704
92580,8213,4795,92590,8206,4715
92600,8196,4752,92610,8199,4791
92620,8214,4688,92630,8205,4815
92640,8198,4698,92650,8210,4765
92660,8199,4775,92670,8198,4696
92680,8196,4790,92690,8203,4713
92700,8197,4753,92710,8206,4794
92720,8203,4689,92730,8210,4816
92740,8195,4700,92750,8198,4763
92760,8199,4782,92770,8205,4702
92780,8209,4797,92790,8206,4700
92800,8196,4753,92810,8193,4795
92820,8196,4685,92830,8195,4805
92840,8197,4691,92850,8203,4775
92860,8204,4777,92870,8208,4700
92880,8204,4788,92890,8211,4720
92900,8196,4750,92910,8200,4790
92920,8207,4684,92930,8209,4804
92940,8202,4692,92950,8213,4769
92960,8206,4778,92970,8198,4709
92980,8208,4788,92990,8201,4721
93000,8202,4751,93010,8204,4802
93020,8202,4688,93030,8210,4815
93040,8197,4694,93050,8195,4768
93060,8209,4767,93070,8205,4707
93080,8206,4787,93090,8208,4715
93100,8207,4750,93110,8196,4799
93120,8200,4678,93130,8194,4807
93140,8195,4702,93150,8196,4766
93160,8203,4781,93170,8191,4705
93180,8200,4783,93190,8202,4708
93200,8205,4754,93210,8196,4803
93220,8201,4694,93230,8203,4804
93240,8216,4700,93250,8209,4771
93260,8209,4781,93270,8207,4715
93280,8197,4786,93290,8191,4712
93300,8202,4740,93310,8193,4802
93320,8206,4679,93330,8203,4800
93340,8199,4706,93350,8201,4759
93360,8201,4780,93370,8205,4701
93380,8202,4794,93390,8206,4728
93400,8199,4748,93410,8204,4803
93420,8199,4682,93430,8206,4790
93440,8199,4683,93450,8199,4756
93460,8205,4767,93470,8207,4702
93480,8193,4773,93490,8201,4714
93500,8201,4731,93510,8192,4796
93520,8195,4684,93530,8198,4808
93540,8203,4712,93550,8195,4760
93560,8203,4788,93570,8198,4708
93580,8196,4779,93590,8202,4714
93600,8197,4745,93610,8206,4810
93620,8202,4690,93630,8201,4800
93640,8207,4696,93650,8203,4770
93660,8201,4784,93670,8203,4706
93680,8198,4783,93690,8198,4722
93700,8210,4747,93710,8198,4804
93720,8203,4689,93730,8210,4802
93740,8199,4701,93750,8211,4768
93760,8202,4787,93770,8200,4707
93780,8204,4792,93790,8202,4718
93800,8206,4742,93810,8207,4816
93820,8201,4687,93830,8214,4808
93840,8198,4702,93850,8205,4768
93860,8211,4799,93870,8206,4699
93880,8204,4779,93890,8211,4727
93900,8210,4744,93910,8194,4813
93920,8198,4698,93930,8204,4799
93940,8216,4707,93950,8199,4764
93960,8210,4795,93970,8210,4717
93980,8205,4779,93990,8199,4721
94000,8209,4750,94010,8206,4809
94020,8206,4696,94030,8202,4810
94040,8200,4704,94050,8206,4762
94060,8211,4790,94070,8212,4708
94080,8195,4788,94090,8199,4721
94100,8205,4747,94110,8191,4807
94120,8211,4686,94130,8197,4792
94140,8211,4699,94150,8210,4756
94160,8203,4790,94170,8209,4708
94180,8206,4781,94190,8197,4715
94200,8198,4746,94210,8204,4812
94220,8199,4684,94230,8209,4801
94240,8203,4697,94250,8198,4760
94260,8195,4798,94270,8191,4705
94280,8203,4784,94290,8200,4718
94300,8201,4737,94310,8194,4807
94320,8200,4684,94330,8200,4794
94340,8210,4699,94350,8196,4756
94360,8208,4800,94370,8201,4705
94380,8202,4778,94390,8194,4711
94400,8202,4748,94410,8208,4811
94420,8194,4683,94430,8196,4791
94440,8202,4713,94450,8209,4762
94460,8203,4802,94470,8197,4697
94480,8208,4772,94490,8202,4721
94500,8195,4733,94510,8207,4806
94520,8197,4690,94530,8205,4793
94540,8206,4700,94550,8190,4753
94560,8203,4797,94570,8213,4717
94580,8206,4790,94590,8204,4735
94600,8198,4745,94610,8206,4802
94620,8198,4681,94630,8194,4788
94640,8199,4702,94650,8204,4757
94660,8204,4799,94670,8207,4707
94680,8203,4774,94690,8207,4729
94700,8193,4735,94710,8199,4811
94720,8204,4687,94730,8209,4791
94740,8202,4707,94750,8198,4760
94760,8209,4804,94770,8207,4711
94780,8200,4771,94790,8207,4725
94800,8207,4743,94810,8197,4819
94820,8205,4685,94830,8196,4791
94840,8212,4704,94850,8200,4759
94860,8204,4797,94870,8199,4709
94880,8197,4772,94890,8200,4720
94900,8198,4742,94910,8196,4821
94920,8203,4690,94930,8206,4798
94940,8203,4710,94950,8201,4753
94960,8204,4806,94970,8203,4708
94980,8204,4770,94990,8202,4723
95000,8203,4735,95010,8202,4822
95020,8199,4686,95030,8201,4794
95040,8213,4712,95050,8202,4749
95060,8200,4808,95070,8200,4708
95080,8201,4770,95090,8202,4735
95100,8197,4737,95110,8190,4808
95120,8204,4684,95130,8204,4792
95140,8204,4711,95150,8206,4755
95160,8198,4800,95170,8206,4703
95180,8214,4773,95190,8200,4724
95200,8202,4741,95210,8201,4815
95220,8202,4688,95230,8204,4786
95240,8201,4711,95250,8201,4752
95260,8201,4796,95270,8202,4705
95280,8207,4773,95290,8206,4725
95300,8203,4737,95310,8194,4816
95320,8201,4684,95330,8195,4797
95340,8198,4706,95350,8208,4744
95360,8200,4797,95370,8203,4703
95380,8214,4782,95390,8207,4728
95400,8200,4728,95410,8210,4825
95420,8212,4694,95430,8210,4780
95440,8206,4705,95450,8196,4751
95460,8206,4809,95470,8208,4702
95480,8206,4768,95490,8212,4733
95500,8206,4733,95510,8210,4819
95520,8213,4688,95530,8199,4790
95540,8207,4708,95550,8205,4736
95560,8210,4791,95570,8192,4701
95580,8200,4760,95590,8201,4718
95600,8206,4721,95610,8200,4811
95620,8204,4670,95630,8207,4768
95640,8205,4699,95650,8198,4747
95660,8194,4796,95670,8201,4695
95680,8199,4773,95690,8202,4739
95700,8199,4726,95710,8205,4827
95720,8203,4697,95730,8201,4788
95740,8214,4718,95750,8202,4746
95760,8203,4806,95770,8201,4710
95780,8208,4762,95790,8201,4743
95800,8201,4729,95810,8206,4818
95820,8210,4708,95830,8199,4787
95840,8198,4724,95850,8205,4741
95860,8197,4800,95870,8203,4706
95880,8197,4765,95890,8200,4740
95900,8200,4725,95910,8200,4823
95920,8198,4698,95930,8207,4788
95940,8199,4730,95950,8202,4737
95960,8209,4805,95970,8203,4716
95980,8208,4776,95990,8201,4741
96000,8206,4727,96010,8200,4827
96020,8201,4687,96030,8210,4788
96040,8216,4730,96050,8203,4743
96060,8202,4802,96070,8207,4716
96080,8196,4765,96090,8203,4746
96100,8202,4724,96110,8206,4823
96120,8205,4689,96130,8215,4787
96140,8204,4729,96150,8193,4729
96160,8199,4799,96170,8191,4701
96180,8211,4760,96190,8198,4736
96200,8203,4715,96210,8199,4833
96220,8198,4699,96230,8203,4783
96240,8201,4730,96250,8201,4741
96260,8207,4817,96270,8205,4708
96280,8206,4766,96290,8207,4763
96300,8204,4721,96310,8202,4831
96320,8212,4698,96330,8200,4788
96340,8207,4734,96350,8215,4734
96360,8207,4809,96370,8210,4713
96380,8197,4766,96390,8201,4755
96400,8204,4722,96410,8197,4821
96420,8206,4693,96430,8207,4790
96440,8208,4739,96450,8197,4724
96460,8201,4806,96470,8202,4710
96480,8208,4768,96490,8205,4744
96500,8204,4716,96510,8199,4821
96520,8201,4695,96530,8201,4783
96540,8200,4738,96550,8199,4733
96560,8196,4807,96570,8201,4718
96580,8193,4762,96590,8193,4758
96600,8199,4713,96610,8193,4815
96620,8207,4687,96630,8202,4773
96640,8205,4724,96650,8204,4717
96660,8198,4788,96670,8200,4702
96680,8201,4751,96690,8201,4747
96700,8195,4709,96710,8203,4823
96720,8204,4699,96730,8197,4784
96740,8199,4741,96750,8201,4721
96760,8203,4803,96770,8207,4710
96780,8211,4756,96790,8201,4741
96800,8205,4717,96810,8206,4816
96820,8207,4708,96830,8211,4786
96840,8209,4758,96850,8200,4727
96860,8200,4807,96870,8196,4708
96880,8202,4758,96890,8191,4759
96900,8196,4711,96910,8195,4819
96920,8201,4698,96930,8193,4776
96940,8198,4744,96950,8211,4725
96960,8206,4800,96970,8197,4712
96980,8196,4757,96990,8202,4754
97000,8197,4703,97010,8200,4822
97020,8196,4699,97030,8202,4784
97040,8202,4743,97050,8197,4717
97060,8197,4795,97070,8193,4723
97080,8195,4759,97090,8198,4748
97100,8207,4707,97110,8204,4813
97120,8198,4686,97130,8187,4770
97140,8197,4743,97150,8202,4716
97160,8200,4806,97170,8195,4712
97180,8200,4752,97190,8192,4759
97200,8205,4704,97210,8192,4813
97220,8206,4699,97230,8207,4783
97240,8195,4741,97250,8202,4713
97260,8195,4797,97270,8208,4707
97280,8196,4763,97290,8204,4764
97300,8198,4705,97310,8195,4819
97320,8193,4699,97330,8205,4781
97340,8208,4748,97350,8203,4721
97360,8204,4796,97370,8201,4711
97380,8201,4756,97390,8198,4769
97400,8200,4693,97410,8197,4817
97420,8200,4698,97430,8206,4775
97440,8200,4753,97450,8196,4721
97460,8206,4802,97470,8201,4711
97480,8196,4763,97490,8201,4755
97500,8203,4696,97510,8200,4813
97520,8196,4695,97530,8208,4776
97540,8207,4747,97550,8197,4710
97560,8208,4800,97570,8195,4714
97580,8199,4756,97590,8199,4763
97600,8204,4693,97610,8203,4810
97620,8206,4694,97630,8200,4783
97640,8209,4746,97650,8204,4716
97660,8202,4798,97670,8205,4713
97680,8201,4747,97690,8204,4749
97700,8202,4683,97710,8195,4809
97720,8203,4679,97730,8206,4758
97740,8195,4733,97750,8212,4704
97760,8196,4785,97770,8200,4709
97780,8204,4756,97790,8197,4769
97800,8201,4702,97810,8208,4821
97820,8205,4705,97830,8200,4773
97840,8207,4754,97850,8202,4718
97860,8209,4802,97870,8203,4709
97880,8198,4747,97890,8205,4772
97900,8214,4697,97910,8207,4816
97920,8196,4694,97930,8202,4767
97940,8202,4756,97950,8209,4714
97960,8207,4790,97970,8199,4713
97980,8202,4752,97990,8197,4782
98000,8197,4686,98010,8199,4817
98020,8198,4689,98030,8194,4777
98040,8200,4757,98050,8203,4711
98060,8200,4804,98070,8197,4719
98080,8203,4749,98090,8192,4776
98100,8192,4685,98110,8203,4819
98120,8200,4697,98130,8202,4777
98140,8199,4771,98150,8193,4707
98160,8202,4797,98170,8204,4720
98180,8210,4752,98190,8198,4781
98200,8199,4697,98210,8187,4806
98220,8205,4694,98230,8198,4771
98240,8203,4766,98250,8205,4716
98260,8203,4800,98270,8204,4721
98280,8203,4754,98290,8203,4781
98300,8214,4705,98310,8199,4809
98320,8212,4691,98330,8201,4780
98340,8211,4766,98350,8202,4717
98360,8205,4793,98370,8204,4720
98380,8199,4754,98390,8201,4792
98400,8209,4691,98410,8206,4814
98420,8193,4693,98430,8202,4767
98440,8204,4768,98450,8205,4714
98460,8206,4789,98470,8214,4713
98480,8206,4755,98490,8195,4782
98500,8203,4690,98510,8196,4809
98520,8199,4703,98530,8198,4772
98540,8197,4768,98550,8190,4712
98560,8211,4802,98570,8209,4719
98580,8204,4756,98590,8196,4786
98600,8203,4696,98610,8198,4811
98620,8212,4704,98630,8207,4769
98640,8198,4759,98650,8205,4718
98660,8206,4787,98670,8200,4722
98680,8203,4753,98690,8198,4793
98700,8206,4689,98710,8198,4805
98720,8208,4701,98730,8204,4766
98740,8194,4767,98750,8205,4699
98760,8192,4779,98770,8198,4706
98780,8196,4749,98790,8203,4784
98800,8210,4680,98810,8202,4805
98820,8205,4692,98830,8204,4768
98840,8200,4773,98850,8202,4724
98860,8200,4801,98870,8203,4725
98880,8211,4757,98890,8201,4800
98900,8199,4693,98910,8204,4811
98920,8215,4705,98930,8206,4772
98940,8204,4774,98950,8203,4717
98960,8200,4785,98970,8199,4714
98980,8198,4744,98990,8202,4794
99000,8205,4692,99010,8208,4804
99020,8206,4706,99030,8198,4768
99040,8196,4769,99050,8200,4705
99060,8190,4787,99070,8203,4719
99080,8201,4753,99090,8200,4797
99100,8203,4688,99110,8208,4806
99120,8199,4706,99130,8197,4762
99140,8199,4779,99150,8196,4714
99160,8196,4787,99170,8198,4719
99180,8197,4750,99190,8208,4791
99200,8195,4697,99210,8199,4799
99220,8203,4699,99230,8203,4767
99240,8206,4776,99250,8202,4702
99260,8207,4782,99270,8198,4711
99280,8202,4750,99290,8195,4793
99300,8208,4694,99310,8191,4803
99320,8195,4704,99330,8195,4764
99340,8207,4773,99350,8202,4706
99360,8197,4791,99370,8196,4724
99380,8200,4745,99390,8200,4794
99400,8204,4693,99410,8199,4798
99420,8190,4699,99430,8198,4764
99440,8203,4773,99450,8199,4707
99460,8200,4787,99470,8200,4719
99480,8210,4738,99490,8203,4792
99500,8207,4689,99510,8208,4793
99520,8204,4702,99530,8198,4764
99540,8195,4778,99550,8204,4713
99560,8201,4785,99570,8203,4711
99580,8210,4746,99590,8194,4797
99600,8204,4694,99610,8192,4798
99620,8203,4702,99630,8203,4766
99640,8199,4786,99650,8202,4711
99660,8197,4773,99670,8200,4723
99680,8199,4745,99690,8191,4795
99700,8197,4685,99710,8196,4807
99720,8206,4702,99730,8190,4763
99740,8208,4781,99750,8202,4712
99760,8201,4785,99770,8205,4718
99780,8209,4754,99790,8215,4799
99800,8200,4689,99810,8207,4804
99820,8204,4700,99830,8199,4753
99840,8205,4779,99850,8200,4701
99860,8204,4785,99870,8189,4715
99880,8195,4736,99890,8198,4788
99900,8202,4679,99910,8196,4792
99920,8209,4707,99930,8199,4769
99940,8210,4794,99950,8193,4711
99960,8202,4781,99970,8194,4723
99980,8211,4746,99990,8201,4811
100000,8202,4689,100010,8206,4793
100020,8203,4698,100030,8200,4757
100040,8202,4784,100050,8204,4704
100060,8204,4784,100070,8198,4724
100080,8211,4745,100090,8194,4803
100100,8206,4689,100110,8197,4809
100120,8194,4705,100130,8205,4765
100140,8196,4785,100150,8195,4699
100160,8202,4779,100170,8197,4716
100180,8201,4748,100190,8199,4804
100200,8202,4686,100210,8204,4801
100220,8201,4716,100230,8216,4758
100240,8211,4790,100250,8204,4714
100260,8204,4774,100270,8209,4724
100280,8205,4747,100290,8201,4808
100300,8196,4683,100310,8202,4792
100320,8198,4707,100330,8196,4759
100340,8211,4790,100350,8205,4710
100360,8202,4776,100370,8202,4719
100380,8197,4738,100390,8198,4810
100400,8204,4704,100410,8203,4795
100420,8210,4710,100430,8200,4764
100440,8208,4804,100450,8205,4712
100460,8203,4783,100470,8196,4721
100480,8197,4745,100490,8198,4800
100500,8208,4683,100510,8200,4788
100520,8196,4702,100530,8200,4762
100540,8207,4802,100550,8197,4709
100560,8196,4770,100570,8198,4733
100580,8207,4743,100590,8200,4809
100600,8212,4693,100610,8204,4798
100620,8202,4709,100630,8203,4753
100640,8204,4788,100650,8210,4709
100660,8197,4771,100670,8195,4718
100680,8204,4745,100690,8202,4808
100700,8209,4689,100710,8200,4787
100720,8208,4709,100730,8202,4756
100740,8202,4800,100750,8206,4718
100760,8209,4781,100770,8216,4725
100780,8211,4742,100790,8204,4820
100800,8206,4696,100810,8204,4793
100820,8203,4709,100830,8199,4764
100840,8203,4797,100850,8206,4707
100860,8206,4771,100870,8207,4731
100880,8210,4747,100890,8198,4812
100900,8198,4685,100910,8204,4781
100920,8201,4695,100930,8196,4750
100940,8202,4790,100950,8203,4698
100960,8203,4759,100970,8204,4720
100980,8200,4738,100990,8210,4818
101000,8206,4693,101010,8195,4796
101020,8202,4718,101030,8200,4754
101040,8207,4798,101050,8210,4709
101060,8210,4771,101070,8201,4724
101080,8213,4730,101090,8197,4813
101100,8197,4693,101110,8199,4792
101120,8202,4709,101130,8201,4759
101140,8196,4799,101150,8209,4713
101160,8213,4774,101170,8202,4733
101180,8200,4729,101190,8205,4820
101200,8203,4694,101210,8204,4790
101220,8202,4712,101230,8204,4754
101240,8208,4805,101250,8195,4716
101260,8199,4772,101270,8207,4726
101280,8201,4739,101290,8217,4827
101300,8206,4692,101310,8196,4783
101320,8210,4708,101330,8209,4755
101340,8211,4799,101350,8199,4709
101360,8205,4762,101370,8202,4729
101380,8205,4740,101390,8203,4824
101400,8196,4693,101410,8206,4783
101420,8205,4715,101430,8204,4755
101440,8202,4801,101450,8196,4711
101460,8196,4764,101470,8195,4727
101480,8202,4733,101490,8207,4815
101500,8204,4694,101510,8204,4786
101520,8199,4709,101530,8209,4750
101540,8199,4799,101550,8210,4714
101560,8206,4768,101570,8210,4731
101580,8203,4726,101590,8204,4817
101600,8199,4700,101610,8206,4784
101620,8198,4718,101630,8202,4749
101640,8205,4799,101650,8202,4712
101660,8201,4769,101670,8203,4725
101680,8198,4729,101690,8201,4820
101700,8204,4690,101710,8195,4788
101720,8197,4714,101730,8202,4743
101740,8210,4798,101750,8201,4701
101760,8210,4768,101770,8205,4730
101780,8198,4717,101790,8204,4816
101800,8205,4696,101810,8198,4787
101820,8202,4722,101830,8209,4743
101840,8198,4795,101850,8212,4713
101860,8205,4766,101870,8207,4733
101880,8207,4725,101890,8195,4818
101900,8204,4696,101910,8207,4782
101920,8213,4723,101930,8197,4742
101940,8200,4792,101950,8194,4704
101960,8210,4763,101970,8196,4732
101980,8198,4710,101990,8204,4808
102000,8201,4679,102010,8193,4770
102020,8203,4716,102030,8216,4738
102040,8210,4795,102050,8205,4713
102060,8205,4777,102070,8199,4753
102080,8209,4737,102090,8209,4815
102100,8210,4707,102110,8200,4790
102120,8209,4737,102130,8207,4742
102140,8201,4799,102150,8207,4720
102160,8203,4761,102170,8207,4748
102180,8209,4722,102190,8199,4803
102200,8203,4700,102210,8203,4780
102220,8205,4726,102230,8210,4737
102240,8203,4802,102250,8216,4719
102260,8209,4767,102270,8200,4753
102280,8202,4716,102290,8207,4821
102300,8203,4700,102310,8214,4791
102320,8199,4729,102330,8205,4730
102340,8210,4803,102350,8206,4722
102360,8199,4764,102370,8201,4749
102380,8202,4722,102390,8203,4819
102400,8204,4695,102410,8200,4775
102420,8208,4734,102430,8216,4736
102440,8207,4804,102450,8206,4712
102460,8193,4766,102470,8206,4755
102480,8208,4723,102490,8212,4812
102500,8202,4702,102510,8196,4782
102520,8203,4732,102530,8206,4738
102540,8207,4803,102550,8204,4716
102560,8204,4768,102570,8200,4761
102580,8199,4712,102590,8197,4807
102600,8205,4687,102610,8201,4777
102620,8204,4736,102630,8213,4731
102640,8206,4801,102650,8212,4715
102660,8204,4761,102670,8213,4754
102680,8203,4718,102690,8201,4817
102700,8213,4695,102710,8206,4780
102720,8213,4745,102730,8206,4735
102740,8205,4798,102750,8199,4727
102760,8206,4767,102770,8210,4758
102780,8208,4710,102790,8205,4821
102800,8202,4701,102810,8196,4780
102820,8203,4741,102830,8195,4733
102840,8203,4799,102850,8211,4727
102860,8206,4763,102870,8209,4755
102880,8204,4713,102890,8211,4817
102900,8203,4700,102910,8203,4789
102920,8202,4743,102930,8213,4733
102940,8215,4807,102950,8199,4715
102960,8209,4759,102970,8206,4763
102980,8205,4702,102990,8205,4822
103000,8200,4692,103010,8208,4791
103020,8217,4749,103030,8211,4728
103040,8217,4795,103050,8210,4705
103060,8201,4749,103070,8206,4756
103080,8202,4694,103090,8200,4818
103100,8201,4692,103110,8195,4769
103120,8204,4751,103130,8199,4725
103140,8199,4812,103150,8201,4720
103160,8210,4765,103170,8200,4767
103180,8206,4708,103190,8198,4809
103200,8200,4705,103210,8208,4779
103220,8207,4753,103230,8197,4724
103240,8202,4809,103250,8202,4712
103260,8207,4755,103270,8204,4769
103280,8216,4701,103290,8205,4823
103300,8206,4697,103310,8210,4777
103320,8215,4749,103330,8211,4728
103340,8205,4798,103350,8199,4724
103360,8207,4759,103370,8200,4761
103380,8203,4702,103390,8203,4822
103400,8209,4701,103410,8203,4771
103420,8205,4753,103430,8204,4715
103440,8201,4797,103450,8203,4712
103460,8219,4762,103470,8206,4766
103480,8204,4697,103490,8199,4810
103500,8194,4695,103510,8200,4766
103520,8207,4747,103530,8209,4712
103540,8197,4793,103550,8198,4716
103560,8206,4760,103570,8198,4772
103580,8205,4693,103590,8202,4817
103600,8196,4700,103610,8202,4772
103620,8209,4758,103630,8194,4715
103640,8200,4797,103650,8201,4725
103660,8203,4753,103670,8198,4775
103680,8207,4692,103690,8209,4812
103700,8198,4695,103710,8198,4774
103720,8194,4751,103730,8209,4717
103740,8205,4800,103750,8205,4700
103760,8202,4755,103770,8203,4762
103780,8205,4690,103790,8197,4800
103800,8207,4708,103810,8201,4778
103820,8201,4757,103830,8200,4707
103840,8196,4799,103850,8201,4719
103860,8205,4758,103870,8206,4783
103880,8202,4691,103890,8207,4816
103900,8206,4697,103910,8204,4771
103920,8200,4756,103930,8208,4717
103940,8208,4794,103950,8205,4724
103960,8207,4758,103970,8208,4785
103980,8200,4696,103990,8205,4813
104000,8205,4702,104010,8193,4771
104020,8206,4764,104030,8204,4718
104040,8207,4794,104050,8207,4721
104060,8196,4750,104070,8204,4783
104080,8200,4696,104090,8195,4813
104100,8197,4690,104110,8198,4761
104120,8194,4744,104130,8197,4697
104140,8199,4775,104150,8202,4711
104160,8195,4744,104170,8201,4769
104180,8208,4684,104190,8201,4794
104200,8206,4708,104210,8205,4776
104220,8199,4776,104230,8208,4722
104240,8202,4803,104250,8208,4719
104260,8195,4752,104270,8202,4779
104280,8202,4698,104290,8204,4816
104300,8206,4702,104310,8195,4773
104320,8201,4759,104330,8220,4717
104340,8193,4793,104350,8205,4731
104360,8205,4749,104370,8201,4779
104380,8202,4694,104390,8197,4800
104400,8195,4697,104410,8210,4777
104420,8200,4766,104430,8203,4721
104440,8210,4792,104450,8198,4721
104460,8198,4753,104470,8210,4787
104480,8203,4706,104490,8210,4809
104500,8200,4702,104510,8198,4763
104520,8204,4767,104530,8209,4720
104540,8204,4788,104550,8202,4721
104560,8201,4758,104570,8206,4784
104580,8204,4691,104590,8192,4800
104600,8202,4707,104610,8205,4774
104620,8196,4764,104630,8201,4710
104640,8204,4782,104650,8196,4719
104660,8210,4748,104670,8203,4786
104680,8201,4703,104690,8213,4805
104700,8208,4711,104710,8202,4772
104720,8199,4773,104730,8204,4709
104740,8206,4790,104750,8202,4718
104760,8196,4749,104770,8204,4795
104780,8201,4694,104790,8197,4798
104800,8203,4712,104810,8204,4769
104820,8204,4768,104830,8197,4715
104840,8207,4777,104850,8209,4727
104860,8211,4744,104870,8207,4793
104880,8203,4691,104890,8209,4803
104900,8191,4708,104910,8207,4775
104920,8196,4771,104930,8199,4718
104940,8199,4783,104950,8198,4724
104960,8201,4755,104970,8202,4778
104980,8186,4697,104990,8196,4799
105000,8198,4704,105010,8201,4771
105020,8194,4778,105030,8202,4711
105040,8200,4790,105050,8208,4726
105060,8200,4748,105070,8213,4787
105080,8197,4690,105090,8201,4795
105100,8194,4706,105110,8199,4759
105120,8199,4771,105130,8193,4710
105140,8203,4776,105150,8208,4717
105160,8200,4733,105170,8200,4782
105180,8203,4679,105190,8195,4788
105200,8198,4688,105210,8202,4761
105220,8196,4750,105230,8201,4696
105240,8205,4760,105250,8204,4712
105260,8205,4755,105270,8204,4802
105280,8203,4701,105290,8203,4809
105300,8197,4699,105310,8199,4757
105320,8202,4783,105330,8201,4719
105340,8204,4775,105350,8201,4724
105360,8203,4748,105370,8208,4791
105380,8200,4692,105390,8206,4797
105400,8207,4710,105410,8205,4769
105420,8201,4767,105430,8198,4709
105440,8196,4774,105450,8195,4733
105460,8206,4750,105470,8202,4793
105480,8195,4690,105490,8197,4790
105500,8195,4706,105510,8197,4759
105520,8207,4775,105530,8197,4713
105540,8203,4778,105550,8207,4726
105560,8199,4744,105570,8203,4787
105580,8202,4688,105590,8195,4795
105600,8202,4707,105610,8196,4760
105620,8197,4783,105630,8200,4709
105640,8200,4773,105650,8196,4720
105660,8202,4753,105670,8202,4792
105680,8202,4699,105690,8199,4797
105700,8206,4712,105710,8210,4766
105720,8200,4788,105730,8202,4706
105740,8207,4768,105750,8195,4726
105760,8201,4745,105770,8211,4796
105780,8199,4685,105790,8191,4802
105800,8197,4703,105810,8204,4761
105820,8192,4777,105830,8198,4706
105840,8194,4779,105850,8204,4720
105860,8196,4740,105870,8200,4800
105880,8198,4686,105890,8196,4792
105900,8204,4712,105910,8203,4760
105920,8205,4789,105930,8188,4712
105940,8202,4775,105950,8196,4717
105960,8198,4738,105970,8206,4804
105980,8201,4696,105990,8186,4779
106000,8203,4702,106010,8209,4766
106020,8204,4788,106030,8203,4707
106040,8204,4773,106050,8196,4728
106060,8210,4748,106070,8201,4796
106080,8198,4690,106090,8195,4787
106100,8200,4708,106110,8193,4758
106120,8203,4785,106130,8208,4719
106140,8209,4778,106150,8192,4728
106160,8206,4759,106170,8196,4800
106180,8197,4695,106190,8200,4793
106200,8217,4712,106210,8205,4763
106220,8202,4786,106230,8201,4716
106240,8203,4769,106250,8204,4721
106260,8202,4735,106270,8196,4790
106280,8192,4684,106290,8188,4778
106300,8207,4695,106310,8198,4744
106320,8205,4783,106330,8208,4705
106340,8209,4775,106350,8204,4730
106360,8196,4754,106370,8198,4813
106380,8198,4695,106390,8205,4789
106400,8204,4710,106410,8205,4765
106420,8202,4792,106430,8192,4711
106440,8205,4780,106450,8209,4725
106460,8208,4739,106470,8207,4806
106480,8211,4689,106490,8203,4786
106500,8210,4707,106510,8201,4757
106520,8198,4800,106530,8200,4705
106540,8202,4767,106550,8197,4729
106560,8201,4742,106570,8209,4808
106580,8199,4697,106590,8200,4790
106600,8210,4711,106610,8198,4763
106620,8201,4787,106630,8210,4713
106640,8196,4768,106650,8205,4735
106660,8198,4731,106670,8207,4811
106680,8200,4691,106690,8205,4799
106700,8196,4719,106710,8193,4760
106720,8205,4797,106730,8204,4710
106740,8202,4764,106750,8200,4736
106760,8201,4743,106770,8209,4812
106780,8210,4703,106790,8205,4786
106800,8209,4714,106810,8202,4756
106820,8205,4796,106830,8202,4718
106840,8211,4769,106850,8199,4738
106860,8207,4734,106870,8208,4810
106880,8206,4697,106890,8195,4784
106900,8206,4711,106910,8199,4754
106920,8207,4788,106930,8202,4716
106940,8205,4769,106950,8211,4741
106960,8215,4737,106970,8200,4812
106980,8197,4692,106990,8203,4791
107000,8206,4717,107010,8200,4755
107020,8204,4802,107030,8200,4715
107040,8196,4768,107050,8205,4733
107060,8209,4731,107070,8201,4814
107080,8207,4692,107090,8205,4790
107100,8210,4719,107110,8203,4744
107120,8201,4796,107130,8207,4714
107140,8202,4771,107150,8203,4733
107160,8208,4729,107170,8214,4821
107180,8209,4698,107190,8213,4783
107200,8204,4713,107210,8203,4757
107220,8208,4800,107230,8203,4710
107240,8202,4763,107250,8206,4734
107260,8202,4728,107270,8192,4810
107280,8207,4695,107290,8197,4782
107300,8200,4708,107310,8207,4739
107320,8202,4779,107330,8200,4708
107340,8208,4746,107350,8196,4722
107360,8205,4723,107370,8217,4809
107380,8210,4695,107390,8206,4771
107400,8208,4718,107410,8209,4754
107420,8209,4801,107430,8211,4715
107440,8207,4777,107450,8194,4741
107460,8205,4732,107470,8198,4821
107480,8198,4697,107490,8203,4783
109500,8201,4750,109510,8197,4700
109520,8207,4793,109530,8204,4710
109540,8203,4760,109550,8197,4789
109560,8207,4711,109570,8202,4819
109580,8204,4701,109590,8208,4774
109600,8191,4763,109610,8191,4712
109620,8207,4797,109630,8204,4709
109640,8193,4755,109650,8197,4769
109660,8205,4688,109670,8204,4810
109680,8209,4694,109690,8199,4770
109700,8208,4754,109710,8203,4712
109720,8202,4791,109730,8204,4710
109740,8199,4741,109750,8197,4780
109760,8197,4692,109770,8200,4807
109780,8200,4692,109790,8197,4764
109800,8200,4773,109810,8205,4716
109820,8202,4784,109830,8195,4714
109840,8193,4749,109850,8197,4780
109860,8199,4694,109870,8200,4802
109880,8191,4691,109890,8195,4765
109900,8195,4757,109910,8203,4709
109920,8195,4784,109930,8197,4710
109940,8196,4751,109950,8200,4786
109960,8206,4692,109970,8202,4811
109980,8192,4686,109990,8196,4763
110000,8198,4765,110010,8198,4710
110020,8190,4789,110030,8198,4713
110040,8199,4749,110050,8206,4794
110060,8197,4690,110070,8212,4808
110080,8201,4694,110090,8202,4771
110100,8198,4767,110110,8204,4713
110120,8197,4789,110130,8202,4716
110140,8205,4746,110150,8196,4794
110160,8201,4698,110170,8208,4806
110180,8198,4698,110190,8201,4768
110200,8199,4769,110210,8200,4710
110220,8209,4788,110230,8197,4719
110240,8194,4749,110250,8203,4788
110260,8198,4688,110270,8212,4806
110280,8196,4700,110290,8199,4765
110300,8205,4776,110310,8196,4711
110320,8199,4791,110330,8203,4717
110340,8202,4751,110350,8197,4789
110360,8201,4693,110370,8203,4801
110380,8192,4706,110390,8194,4761
110400,8199,4775,110410,8203,4703
110420,8211,4793,110430,8198,4708
110440,8192,4753,110450,8201,4789
110460,8214,4692,110470,8197,4799
110480,8206,4700,110490,8194,4766
110500,8205,4769,110510,8204,4717
110520,8201,4769,110530,8204,4712
110540,8204,4742,110550,8205,4790
110560,8201,4673,110570,8186,4794
110580,8202,4668,110590,8197,4755
110600,8204,4775,110610,8200,4708
110620,8200,4787,110630,8206,4729
110640,8194,4763,110650,8199,4806
110660,8197,4685,110670,8190,4794
110680,8212,4692,110690,8200,4769
110700,8204,4775,110710,8207,4706
110720,8202,4786,110730,8199,4725
110740,8207,4753,110750,8196,4803
110760,8200,4692,110770,8202,4795
110780,8199,4694,110790,8207,4755
110800,8199,4792,110810,8206,4714
110820,8211,4784,110830,8202,4707
110840,8207,4745,110850,8199,4801
110860,8206,4693,110870,8201,4794
110880,8197,4706,110890,8194,4758
110900,8205,4773,110910,8201,4709
110920,8205,4776,110930,8207,4730
110940,8195,4749,110950,8196,4798
110960,8202,4683,110970,8194,4796
110980,8205,4706,110990,8200,4770
114000,8208,4800,114010,8205,4720
114020,8196,4753,114030,8196,4769
114040,8202,4709,114050,8199,4813
114060,8198,4715,114070,8201,4779
114080,8204,4753,114090,8206,4730
114100,8204,4806,114110,8191,4724
114120,8209,4769,114130,8209,4774
114140,8192,4710,114150,8197,4819
114160,8202,4699,114170,8207,4775
114180,8197,4750,114190,8199,4724
114200,8204,4801,114210,8195,4712
114220,8204,4761,114230,8196,4765
114240,8195,4694,114250,8200,4816
114260,8214,4703,114270,8203,4776
114280,8191,4739,114290,8195,4716
114300,8201,4798,114310,8200,4716
114320,8207,4761,114330,8207,4776
114340,8197,4696,114350,8211,4825
114360,8197,4701,114370,8195,4783
114380,8201,4747,114390,8201,4719
114400,8192,4798,114410,8202,4717
114420,8199,4762,114430,8200,4773
114440,8205,4701,114450,8193,4814
114460,8206,4702,114470,8194,4771
114480,8201,4765,114490,8202,4722
114500,8200,4795,114510,8202,4721
114520,8212,4753,114530,8204,4775
114540,8214,4706,114550,8207,4816
114560,8202,4701,114570,8200,4784
114580,8198,4751,114590,8207,4718
114600,8205,4798,114610,8201,4713
114620,8201,4758,114630,8205,4778
114640,8195,4704,114650,8202,4813
114660,8207,4687,114670,8202,4786
114680,8208,4761,114690,8207,4721
114700,8198,4789,114710,8198,4712
114720,8196,4761,114730,8208,4786
114740,8206,4694,114750,8195,4817
114760,8200,4705,114770,8211,4771
114780,8206,4766,114790,8214,4717
114800,8200,4789,114810,8202,4714
114820,8212,4744,114830,8211,4771
114840,8209,4690,114850,8199,4801
114860,8204,4696,114870,8198,4765
114880,8193,4746,114890,8204,4705
114900,8201,4792,114910,8199,4720
114920,8203,4772,114930,8200,4788
114940,8209,4700,114950,8203,4819
114960,8207,4702,114970,8203,4776
114980,8192,4760,114990,8203,4716
115000,8201,4789,115010,8203,4714
115020,8211,4758,115030,8207,4786
115040,8212,4701,115050,8205,4805
115060,8208,4707,115070,8205,4765
115080,8198,4766,115090,8196,4715
115100,8202,4790,115110,8195,4715
115120,8202,4754,115130,8205,4786
115140,8208,4700,115150,8198,4809
115160,8205,4696,115170,8199,4766
115180,8215,4769,115190,8200,4719
115200,8198,4777,115210,8204,4719
115220,8211,4750,115230,8195,4782
115240,8195,4699,115250,8207,4809
115260,8207,4693,115270,8197,4765
115280,8193,4760,115290,8195,4707
115300,8206,4783,115310,8197,4708
115320,8195,4749,115330,8199,4783
115340,8192,4688,115350,8204,4805
115360,8190,4696,115370,8199,4767
115380,8200,4769,115390,8205,4712
115400,8203,4780,115410,8200,4718
115420,8203,4751,115430,8193,4785
115440,8207,4690,115450,8203,4797
115460,8200,4703,115470,8190,4767
115480,8211,4772,115490,8204,4707
116000,8207,4802,116010,8200,4709
116020,8198,4768,116030,8204,4810
116040,8207,4689,116050,8199,4820
116060,8201,4686,116070,8198,4780
116080,8197,4775,116090,8202,4699
116100,8205,4798,116110,8202,4705
116120,8198,4751,116130,8192,4802
116140,8192,4669,116150,8195,4821
116160,8199,4678,116170,8190,4771
116180,8207,4784,116190,8193,4701
116200,8200,4794,116210,8191,4703
116220,8208,4750,116230,8201,4807
116240,8206,4688,116250,8207,4804
116260,8194,4688,116270,8201,4768
116280,8205,4779,116290,8202,4720
116300,8206,4778,116310,8190,4717
116320,8202,4729,116330,8203,4781
116340,8196,4694,116350,8201,4786
116360,8201,4709,116370,8197,4756
116380,8199,4785,116390,8197,4700
116400,8203,4790,116410,8195,4695
116420,8196,4748,116430,8202,4806
116440,8209,4683,116450,8198,4802
116460,8210,4688,116470,8199,4768
116480,8199,4791,116490,8197,4696
116500,8196,4795,116510,8193,4700
116520,8203,4757,116530,8199,4804
116540,8211,4684,116550,8197,4805
116560,8202,4691,116570,8200,4767
116580,8199,4794,116590,8206,4700
116600,8200,4783,116610,8206,4708
116620,8200,4747,116630,8197,4806
116640,8200,4679,116650,8202,4807
116660,8202,4697,116670,8196,4775
116680,8199,4790,116690,8204,4696
116700,8207,4789,116710,8205,4712
116720,8206,4746,116730,8195,4807
116740,8198,4679,116750,8203,4810
116760,8204,4692,116770,8205,4757
116780,8206,4790,116790,8199,4693
116800,8200,4791,116810,8199,4714
116820,8198,4746,116830,8205,4814
116840,8203,4679,116850,8208,4808
116860,8207,4694,116870,8209,4756
116880,8208,4794,116890,8201,4697
116900,8199,4783,116910,8194,4710
116920,8201,4747,116930,8194,4815
116940,8203,4681,116950,8197,4793
116960,8197,4680,116970,8202,4751
116980,8191,4778,116990,8204,4686
118000,8204,4788,118010,8197,4727
118020,8199,4720,118030,8197,4817
118040,8201,4671,118050,8206,4786
118060,8209,4696,118070,8196,4726
118080,8197,4795,118090,8204,4684
118100,8198,4764,118110,8200,4715
118120,8205,4725,118130,8199,4824
118140,8217,4688,118150,8194,4795
118160,8199,4714,118170,8205,4744
118180,8198,4818,118190,8204,4700
118200,8205,4779,118210,8207,4731
118220,8205,4730,118230,8198,4827
118240,8200,4684,118250,8202,4792
118260,8197,4708,118270,8199,4735
118280,8202,4812,118290,8199,4700
118300,8202,4778,118310,8200,4739
118320,8198,4716,118330,8197,4829
118340,8198,4683,118350,8204,4793
118360,8208,4722,118370,8195,4740
118380,8197,4808,118390,8199,4699
118400,8200,4777,118410,8208,4732
118420,8193,4716,118430,8201,4833
118440,8204,4675,118450,8199,4793
118460,8191,4722,118470,8191,4733
118480,8198,4811,118490,8199,4699
118500,8196,4779,118510,8206,4744
118520,8204,4725,118530,8203,4820
118540,8197,4678,118550,8202,4802
118560,8199,4725,118570,8197,4733
118580,8200,4811,118590,8198,4698
118600,8198,4779,118610,8203,4739
118620,8197,4707,118630,8199,4826
118640,8209,4676,118650,8198,4788
118660,8198,4721,118670,8199,4714
118680,8203,4809,118690,8202,4697
118700,8208,4786,118710,8206,4746
118720,8206,4706,118730,8198,4827
118740,8210,4687,118750,8202,4779
118760,8203,4729,118770,8211,4731
118780,8201,4812,118790,8195,4698
118800,8201,4779,118810,8211,4756
118820,8200,4713,118830,8211,4837
118840,8193,4681,118850,8197,4795
118860,8198,4725,118870,8197,4732
118880,8206,4817,118890,8203,4698
118900,8202,4772,118910,8197,4742
118920,8203,4707,118930,8202,4829
118940,8217,4685,118950,8210,4792
118960,8212,4731,118970,8199,4727
118980,8195,4810,118990,8206,4697
119000,8204,4769,119010,8206,4750
119020,8200,4704,119030,8206,4831
119040,8204,4685,119050,8196,4780
119060,8200,4735,119070,8202,4717
119080,8204,4809,119090,8195,4695
119100,8209,4757,119110,8203,4745
119120,8206,4689,119130,8203,4821
119140,8194,4665,119150,8199,4775
119160,8192,4732,119170,8208,4709
119180,8195,4820,119190,8199,4704
119200,8207,4782,119210,8214,4762
119220,8203,4705,119230,8201,4837
119240,8202,4685,119250,8198,4792
119260,8199,4749,119270,8212,4705
119280,8208,4827,119290,8199,4702
119300,8196,4766,119310,8204,4758
119320,8212,4698,119330,8203,4844
119340,8203,4687,119350,8200,4785
119360,8216,4743,119370,8199,4720
119380,8204,4811,119390,8203,4709
119400,8214,4763,119410,8204,4761
119420,8196,4704,119430,8202,4832
119440,8212,4686,119450,8198,4786
119460,8206,4743,119470,8205,4717
119480,8198,4813,119490,8193,4695
119500,8205,4768,119510,8202,4760
119520,8209,4698,119530,8205,4840
119540,8206,4676,119550,8213,4788
119560,8196,4738,119570,8195,4695
119580,8198,4806,119590,8198,4702
119600,8193,4762,119610,8194,4763
119620,8198,4692,119630,8196,4828
119640,8198,4684,119650,8207,4788
119660,8212,4748,119670,8209,4718
119680,8207,4815,119690,8196,4712
119700,8204,4767,119710,8204,4769
119720,8202,4698,119730,8203,4833
119740,8199,4675,119750,8211,4782
119760,8198,4751,119770,8209,4707
119780,8201,4812,119790,8204,4702
119800,8194,4773,119810,8202,4768
119820,8197,4692,119830,8205,4825
119840,8220,4686,119850,8206,4788
119860,8201,4756,119870,8204,4709
119880,8206,4810,119890,8196,4705
119900,8198,4765,119910,8213,4768
119920,8206,4702,119930,8200,4824
119940,8187,4682,119950,8200,4776
119960,8200,4753,119970,8204,4695
119980,8197,4797,119990,8200,4697
120000,8204,4754,120010,8196,4772
120020,8195,4687,120030,8198,4828
120040,8205,4687,120050,8194,4784
120060,8202,4757,120070,8200,4706
120080,8197,4811,120090,8199,4698
120100,8210,4764,120110,8205,4781
120120,8205,4694,120130,8200,4821
120140,8192,4674,120150,8199,4767
120160,8205,4747,120170,8197,4705
120180,8201,4783,120190,8197,4687
120200,8203,4746,120210,8204,4767
120220,8199,4675,120230,8197,4816
120240,8200,4684,120250,8190,4780
120260,8200,4771,120270,8197,4714
120280,8201,4811,120290,8200,4702
120300,8208,4768,120310,8199,4786
120320,8196,4690,120330,8198,4819
120340,8196,4685,120350,8213,4784
120360,8201,4770,120370,8203,4706
120380,8201,4808,120390,8205,4695
120400,8199,4755,120410,8199,4777
120420,8197,4690,120430,8201,4823
120440,8197,4683,120450,8203,4777
120460,8204,4762,120470,8200,4704
120480,8211,4806,120490,8198,4694
120500,8195,4757,120510,8200,4787
120520,8210,4690,120530,8201,4825
120540,8198,4679,120550,8193,4775
120560,8197,4766,120570,8205,4704
120580,8204,4799,120590,8205,4687
120600,8195,4760,120610,8201,4777
120620,8201,4686,120630,8198,4821
120640,8201,4683,120650,8199,4779
120660,8200,4777,120670,8198,4697
120680,8200,4804,120690,8210,4698
120700,8200,4761,120710,8199,4786
120720,8212,4685,120730,8203,4822
120740,8210,4692,120750,8198,4777
120760,8200,4764,120770,8205,4697
120780,8199,4809,120790,8193,4703
120800,8202,4761,120810,8206,4791
120820,8205,4692,120830,8202,4817
120840,8194,4688,120850,8206,4772
120860,8202,4772,120870,8204,4711
120880,8196,4801,120890,8211,4707
120900,8203,4755,120910,8195,4782
120920,8201,4682,120930,8199,4815
120940,8201,4689,120950,8202,4778
120960,8199,4777,120970,8193,4708
120980,8196,4801,120990,8204,4701
121000,8198,4754,121010,8203,4794
121020,8203,4679,121030,8213,4816
121040,8205,4679,121050,8204,4771
121060,8205,4778,121070,8204,4709
121080,8198,4786,121090,8187,4708
121100,8196,4760,121110,8202,4804
121120,8201,4684,121130,8203,4808
121140,8195,4698,121150,8197,4776
121160,8194,4782,121170,8195,4697
121180,8197,4789,121190,8203,4705
121200,8206,4767,121210,8199,4804
121220,8198,4681,121230,8198,4809
121240,8206,4672,121250,8200,4760
121260,8201,4770,121270,8203,4683
121280,8199,4786,121290,8210,4702
121300,8203,4741,121310,8208,4793
121320,8206,4698,121330,8208,4823
121340,8208,4699,121350,8199,4777
121360,8211,4795,121370,8195,4696
121380,8198,4795,121390,8200,4705
121400,8198,4752,121410,8204,4793
121420,8197,4680,121430,8208,4807
121440,8199,4686,121450,8204,4771
121460,8207,4788,121470,8206,4705
121480,8204,4788,121490,8194,4703
121500,8210,4752,121510,8210,4803
121520,8200,4684,121530,8201,4809
121540,8200,4684,121550,8198,4769
121560,8201,4787,121570,8205,4691
121580,8204,4795,121590,8200,4706
121600,8196,4741,121610,8210,4808
121620,8201,4687,121630,8210,4815
121640,8199,4696,121650,8202,4773
121660,8196,4791,121670,8196,4697
121680,8207,4795,121690,8201,4716
121700,8201,4752,121710,8197,4809
121720,8205,4677,121730,8189,4797
121740,8210,4696,121750,8212,4772
121760,8206,4789,121770,8198,4693
121780,8204,4794,121790,8196,4697
121800,8198,4745,121810,8195,4808
121820,8200,4687,121830,8195,4811
121840,8195,4698,121850,8201,4761
121860,8204,4798,121870,8203,4699
121880,8211,4784,121890,8202,4712
121900,8193,4745,121910,8195,4807
121920,8202,4670,121930,8215,4805
121940,8206,4693,121950,8204,4761
121960,8198,4793,121970,8201,4702
121980,8193,4782,121990,8199,4712
122000,8209,4751,122010,8199,4816
122020,8197,4681,122030,8198,4800
122040,8202,4692,122050,8192,4766
122060,8206,4796,122070,8195,4692
122080,8198,4787,122090,8207,4716
122100,8197,4744,122110,8191,4811
122120,8202,4683,122130,8208,4806
122140,8203,4694,122150,8209,4756
122160,8206,4796,122170,8200,4693
122180,8197,4780,122190,8201,4711
122200,8200,4743,122210,8199,4821
122220,8199,4681,122230,8197,4796
122240,8200,4694,122250,8192,4762
122260,8214,4803,122270,8209,4687
122280,8207,4774,122290,8200,4711
122300,8201,4731,122310,8210,4810
122320,8197,4665,122330,8201,4790
122340,8209,4688,122350,8205,4760
122360,8205,4791,122370,8201,4690
122380,8197,4786,122390,8200,4719
122400,8198,4757,122410,8197,4821
122420,8195,4688,122430,8195,4791
122440,8196,4695,122450,8198,4755
122460,8203,4795,122470,8195,4693
122480,8198,4776,122490,8198,4714
