LED1 Timestamp (ms),LED1_PD1,LED1_PD2,LED2 Timestamp (ms),LED2_PD1,LED2_PD2
80000,12895,6330,80010,13047,6494
80020,12887,6418,80030,13045,6381
80040,12892,6524,80050,13050,6367
80060,12886,6459,80070,13048,6460
80080,12907,6348,80090,13052,6563
80100,12887,6339,80110,13037,6494
80120,12892,6423,80130,13051,6395
80140,12958,6543,80150,13111,6388
80160,12957,6495,80170,13122,6487
80180,12964,6388,80190,13125,6598
80200,12958,6365,80210,13114,6524
80220,12963,6457,80230,13114,6414
80240,12951,6548,80250,13120,6402
80260,12958,6499,80270,13116,6491
80280,12958,6372,80290,13120,6593
80300,12944,6357,80310,13116,6526
80320,12951,6445,80330,13120,6409
80340,12965,6556,80350,13118,6403
80360,12959,6486,80370,13122,6499
80380,12943,6368,80390,13120,6586
80400,12954,6362,80410,13114,6524
80420,12950,6451,80430,13117,6408
80440,12956,6557,80450,13114,6390
80460,12945,6477,80470,13108,6486
80480,12954,6369,80490,13125,6592
80500,12952,6351,80510,13116,6522
80520,12946,6463,80530,13122,6400
80540,12953,6556,80550,13119,6397
80560,12950,6487,80570,13109,6500
80580,12945,6378,80590,13114,6589
80600,12944,6355,80610,13127,6527
80620,12961,6458,80630,13123,6417
80640,12947,6557,80650,13127,6404
80660,12959,6481,80670,13127,6504
80680,12956,6375,80690,13124,6584
80700,12948,6361,80710,13122,6511
80720,12953,6457,80730,13116,6404
80740,12963,6536,80750,13107,6385
80760,12956,6470,80770,13126,6487
80780,12960,6365,80790,13112,6579
80800,12935,6350,80810,13095,6497
80820,12917,6448,80830,13091,6384
80840,12899,6525,80850,13078,6383
80860,12906,6478,80870,13077,6500
80880,12923,6374,80890,13079,6586
80900,12925,6352,80910,13102,6519
80920,12962,6471,80930,13100,6403
80940,12957,6550,80950,13101,6397
80960,12954,6478,80970,13109,6501
80980,12957,6371,80990,13108,6592
81000,12944,6359,81010,13071,6509
81020,12966,6473,81030,13059,6392
81040,12969,6546,81050,13086,6383
81060,12958,6472,81070,13106,6508
81080,12949,6368,81090,13122,6576
81100,12943,6362,81110,13125,6518
81120,12954,6476,81130,13117,6408
81140,12952,6540,81150,13111,6386
81160,12955,6479,81170,13124,6519
81180,12954,6371,81190,13126,6588
81200,12959,6360,81210,13126,6515
81220,12964,6476,81230,13126,6402
81240,12959,6550,81250,13137,6403
81260,12963,6477,81270,13113,6513
81280,12954,6365,81290,13118,6585
81300,12943,6359,81310,13130,6519
81320,12962,6485,81330,13112,6402
81340,12954,6543,81350,13131,6404
81360,12953,6483,81370,13127,6522
81380,12962,6371,81390,13118,6586
81400,12956,6361,81410,13116,6512
81420,12957,6488,81430,13113,6404
81440,12965,6545,81450,13116,6404
81460,12951,6479,81470,13120,6507
81480,12959,6363,81490,13119,6584
81500,12965,6365,81510,13116,6516
81520,12968,6483,81530,13116,6404
81540,12963,6544,81550,13122,6408
81560,12955,6476,81570,13120,6523
81580,12953,6367,81590,13115,6581
81600,12945,6361,81610,13117,6510
81620,12953,6484,81630,13120,6402
81640,12938,6535,81650,13120,6394
81660,12958,6473,81670,13125,6527
81680,12961,6359,81690,13133,6579
81700,12944,6364,81710,13126,6517
81720,12959,6485,81730,13128,6410
81740,12952,6532,81750,13124,6400
81760,12958,6476,81770,13121,6525
81780,12946,6352,81790,13112,6566
81800,12950,6349,81810,13114,6490
81820,12945,6477,81830,13121,6391
81840,12939,6527,81850,13119,6386
81860,12966,6461,81870,13115,6517
81880,12939,6344,81890,13100,6549
81900,12912,6345,81910,13086,6493
81920,12908,6487,81930,13091,6399
81940,12911,6548,81950,13082,6398
81960,12909,6463,81970,13075,6516
81980,12935,6363,81990,13104,6578
82000,12954,6368,82010,13105,6506
82020,12968,6486,82030,13105,6403
82040,12972,6543,82050,13110,6388
82060,12961,6468,82070,13116,6534
82080,12957,6370,82090,13103,6566
82100,12952,6369,82110,13120,6508
82120,12944,6494,82130,13116,6401
82140,12960,6536,82150,13112,6406
82160,12969,6476,82170,13124,6539
82180,12945,6361,82190,13116,6581
82200,12960,6367,82210,13124,6517
82220,12956,6505,82230,13125,6405
82240,12957,6533,82250,13110,6406
82260,12968,6471,82270,13124,6540
82280,12952,6366,82290,13122,6575
82300,12960,6366,82310,13130,6501
82320,12957,6508,82330,13116,6401
82340,12959,6536,82350,13124,6405
82360,12965,6471,82370,13124,6545
82380,12961,6359,82390,13126,6580
82400,12957,6365,82410,13123,6509
82420,12948,6502,82430,13114,6404
82440,12956,6533,82450,13126,6406
82460,12954,6467,82470,13121,6545
82480,12957,6368,82490,13123,6573
82500,12912,6365,82510,13112,6505
82520,12951,6504,82530,13127,6407
82540,12957,6527,82550,13119,6405
82560,12956,6470,82570,13109,6548
82580,12958,6357,82590,13108,6569
82600,12947,6365,82610,13113,6497
82620,12945,6498,82630,13113,6394
82640,12967,6536,82650,13122,6401
82660,12964,6471,82670,13133,6554
82680,12944,6357,82690,13122,6573
82700,12961,6365,82710,13125,6505
82720,12954,6516,82730,13125,6402
82740,12946,6526,82750,13121,6404
82760,12964,6472,82770,13132,6547
82780,12949,6360,82790,13120,6568
82800,12953,6368,82810,13125,6506
82820,12951,6521,82830,13113,6396
82840,12945,6529,82850,13135,6397
82860,12950,6452,82870,13113,6539
82880,12949,6349,82890,13118,6555
82900,12967,6363,82910,13123,6504
82920,12959,6515,82930,13120,6383
82940,12948,6514,82950,13097,6389
82960,12931,6452,82970,13106,6544
82980,12917,6355,82990,13094,6565
83000,12922,6372,83010,13096,6497
83020,12924,6518,83030,13086,6388
83040,12964,6524,83050,13104,6403
83060,12963,6466,83070,13111,6554
83080,12959,6357,83090,13111,6562
83100,12956,6368,83110,13058,6484
83120,12941,6522,83130,13057,6387
83140,12976,6531,83150,13085,6405
83160,12961,6466,83170,13113,6564
83180,12966,6357,83190,13112,6559
83200,12965,6370,83210,13115,6496
83220,12963,6522,83230,13113,6386
83240,12954,6518,83250,13113,6409
83260,12964,6456,83270,13126,6567
83280,12965,6370,83290,13129,6556
83300,12954,6382,83310,13127,6499
83320,12957,6520,83330,13130,6390
83340,12954,6522,83350,13139,6405
83360,12965,6453,83370,13115,6569
83380,12960,6360,83390,13114,6563
83400,12964,6371,83410,13130,6500
83420,12952,6517,83430,13117,6389
83440,12969,6530,83450,13124,6422
83460,12967,6451,83470,13117,6574
83480,12966,6357,83490,13124,6563
83500,12949,6370,83510,13115,6492
83520,12956,6526,83530,13129,6396
83540,12961,6518,83550,13128,6418
83560,12949,6454,83570,13127,6567
83580,12952,6362,83590,13113,6542
83600,12954,6370,83610,13127,6494
83620,12946,6538,83630,13123,6385
83640,12951,6514,83650,13122,6411
83660,12950,6462,83670,13118,6573
83680,12961,6359,83690,13117,6561
83700,12954,6365,83710,13109,6490
83720,12951,6538,83730,13109,6387
83740,12953,6520,83750,13107,6407
83760,12951,6448,83770,13107,6567
83780,12948,6356,83790,13124,6564
83800,12954,6374,83810,13114,6487
83820,12942,6532,83830,13109,6395
83840,12952,6515,83850,13118,6412
83860,12949,6441,83870,13123,6568
83880,12963,6358,83890,13110,6553
83900,12958,6376,83910,13127,6488
83920,12950,6533,83930,13118,6388
83940,12947,6507,83950,13127,6404
83960,12959,6433,83970,13115,6579
83980,12951,6342,83990,13123,6538
84000,12949,6354,84010,13106,6451
84020,12925,6506,84030,13107,6357
84040,12918,6470,84050,13082,6362
84060,12911,6435,84070,13076,6561
84080,12917,6360,84090,13076,6547
84100,12912,6375,84110,13086,6470
84120,12928,6545,84130,13114,6389
84140,12964,6526,84150,13113,6417
84160,12969,6449,84170,13108,6592
84180,12970,6355,84190,13101,6556
84200,12958,6381,84210,13109,6478
84220,12970,6548,84230,13112,6387
84240,12964,6517,84250,13126,6417
84260,12972,6443,84270,13124,6583
84280,12951,6360,84290,13124,6555
84300,12955,6381,84310,13128,6472
84320,12961,6550,84330,13131,6401
84340,12962,6513,84350,13117,6425
84360,12965,6453,84370,13128,6583
84380,12954,6356,84390,13129,6556
84400,12952,6371,84410,13122,6474
84420,12957,6543,84430,13107,6395
84440,12944,6507,84450,13110,6414
84460,12948,6433,84470,13107,6582
84480,12945,6355,84490,13117,6541
84500,12952,6381,84510,13109,6473
84520,12943,6555,84530,13102,6395
84540,12954,6507,84550,13108,6425
84560,12965,6439,84570,13125,6588
84580,12940,6356,84590,13112,6550
84600,12947,6381,84610,13120,6474
84620,12952,6545,84630,13114,6395
84640,12951,6510,84650,13111,6422
84660,12946,6435,84670,13123,6583
84680,12947,6355,84690,13123,6549
84700,12959,6384,84710,13112,6465
84720,12950,6552,84730,13106,6392
84740,12946,6489,84750,13117,6425
84760,12951,6429,84770,13115,6584
84780,12942,6359,84790,13118,6543
84800,12951,6381,84810,13114,6464
84820,12955,6547,84830,13114,6387
84840,12951,6511,84850,13110,6428
84860,12953,6427,84870,13123,6590
84880,12953,6359,84890,13116,6545
84900,12954,6392,84910,13114,6456
84920,12951,6560,84930,13114,6395
84940,12954,6498,84950,13125,6433
84960,12958,6426,84970,13144,6594
84980,12953,6358,84990,13123,6543
85000,12956,6389,85010,13119,6451
85020,12952,6546,85030,13128,6393
85040,12965,6500,85050,13110,6425
85060,12952,6417,85070,13120,6582
85080,12952,6340,85090,13096,6525
85100,12928,6374,85110,13090,6441
85120,12924,6551,85130,13092,6393
85140,12918,6504,85150,13082,6430
85160,12927,6413,85170,13100,6588
85180,12926,6362,85190,13111,6538
85200,12912,6408,85210,13060,6448
85220,12900,6543,85230,13043,6379
85240,12951,6504,85250,13085,6445
85260,12969,6414,85270,13107,6592
85280,12952,6362,85290,13119,6543
85300,12959,6406,85310,13113,6459
85320,12958,6564,85330,13125,6401
85340,12963,6509,85350,13128,6448
85360,12962,6417,85370,13130,6595
85380,12971,6364,85390,13128,6539
85400,12956,6406,85410,13121,6438
85420,12966,6551,85430,13124,6400
85440,12958,6492,85450,13123,6447
85460,12952,6411,85470,13125,6582
85480,12964,6355,85490,13130,6543
85500,12955,6421,85510,13113,6441
85520,12962,6558,85530,13113,6395
85540,12960,6499,85550,13116,6455
85560,12958,6410,85570,13112,6583
85580,12955,6362,85590,13117,6539
85600,12958,6415,85610,13117,6442
85620,12952,6551,85630,13133,6399
85640,12958,6498,85650,13127,6459
85660,12961,6408,85670,13121,6589
85680,12957,6361,85690,13120,6544
85700,12954,6420,85710,13123,6442
85720,12965,6547,85730,13119,6391
85740,12957,6501,85750,13117,6458
85760,12957,6400,85770,13105,6590
85780,12950,6358,85790,13120,6540
85800,12947,6425,85810,13116,6431
85820,12940,6546,85830,13118,6400
85840,12951,6495,85850,13110,6462
85860,12954,6386,85870,13122,6595
85880,12960,6358,85890,13119,6532
85900,12969,6424,85910,13136,6443
85920,12946,6555,85930,13107,6390
85940,12954,6496,85950,13126,6467
85960,12963,6401,85970,13109,6595
85980,12964,6357,85990,13117,6521
86000,12960,6436,86010,13113,6433
86020,12955,6565,86030,13110,6396
86040,12962,6500,86050,13119,6474
86060,12949,6373,86070,13110,6582
86080,12954,6345,86090,13115,6520
86100,12951,6416,86110,13116,6403
86120,12950,6537,86130,13110,6370
86140,12946,6463,86150,13101,6442
86160,12939,6358,86170,13094,6574
86180,12910,6332,86190,13075,6507
86200,12895,6419,86210,13072,6410
86220,12907,6554,86230,13071,6387
86240,12919,6494,86250,13087,6464
86260,12924,6377,86270,13095,6594
86280,12956,6357,86290,13089,6530
86300,12957,6434,86310,13099,6417
86320,12969,6560,86330,13090,6394
86340,12958,6498,86350,13114,6473
86360,12961,6385,86370,13106,6588
86380,12962,6362,86390,13116,6523
86400,12939,6436,86410,13120,6426
86420,12956,6552,86430,13104,6394
86440,12953,6484,86450,13105,6473
86460,12955,6378,86470,13119,6596
86480,12950,6356,86490,13118,6523
86500,12961,6453,86510,13116,6414
86520,12951,6556,86530,13113,6389
86540,12962,6490,86550,13124,6494
86560,12955,6377,86570,13128,6597
86580,12954,6364,86590,13120,6527
86600,12945,6449,86610,13109,6415
86620,12940,6543,86630,13111,6397
86640,12945,6494,86650,13130,6487
86660,12950,6372,86670,13123,6587
86680,12953,6361,86690,13114,6521
86700,12956,6456,86710,13099,6413
86720,12936,6547,86730,13112,6389
86740,12955,6483,86750,13100,6493
86760,12949,6372,86770,13111,6590
86780,12949,6352,86790,13121,6528
86800,12948,6447,86810,13109,6404
86820,12948,6549,86830,13114,6401
86840,12946,6476,86850,13106,6494
86860,12957,6379,86870,13109,6587
86880,12961,6352,86890,13124,6528
86900,12956,6461,86910,13117,6417
86920,12951,6548,86930,13115,6390
86940,12949,6489,86950,13122,6507
86960,12956,6368,86970,13111,6591
86980,12942,6366,86990,13101,6513
87000,12949,6465,87010,13122,6417
87020,12950,6548,87030,13126,6393
87040,12944,6483,87050,13118,6500
87060,12957,6375,87070,13121,6581
87080,12952,6353,87090,13122,6522
87100,12952,6460,87110,13121,6416
87120,12963,6556,87130,13113,6389
87140,12953,6477,87150,13118,6492
87160,12946,6366,87170,13118,6573
87180,12951,6351,87190,13119,6516
87200,12957,6457,87210,13122,6393
87220,12944,6538,87230,13101,6381
87240,12918,6461,87250,13103,6490
87260,12915,6367,87270,13085,6577
87280,12930,6366,87290,13078,6516
87300,12856,6462,87310,13035,6380
87320,12852,6531,87330,13038,6375
87340,12859,6459,87350,13046,6491
87360,12949,6363,87370,13110,6580
87380,12966,6367,87390,13101,6528
87400,12949,6469,87410,13112,6409
87420,12957,6550,87430,13122,6396
87440,12947,6471,87450,13120,6516
87460,12948,6362,87470,13116,6585
87480,12949,6358,87490,13109,6518
87500,12964,6474,87510,13121,6406
87520,12949,6538,87530,13114,6393
87540,12956,6481,87550,13110,6522
87560,12949,6372,87570,13116,6579
87580,12971,6368,87590,13118,6518
87600,12947,6478,87610,13107,6405
87620,12960,6546,87630,13114,6398
87640,12965,6479,87650,13121,6525
87660,12961,6358,87670,13135,6581
87680,12963,6370,87690,13123,6525
87700,12959,6487,87710,13118,6408
87720,12957,6545,87730,13130,6397
87740,12966,6491,87750,13125,6528
87760,12959,6366,87770,13124,6582
87780,12959,6357,87790,13123,6516
87800,12959,6488,87810,13135,6409
87820,12957,6540,87830,13131,6395
87840,12956,6477,87850,13126,6522
87860,12949,6357,87870,13121,6571
87880,12957,6359,87890,13119,6521
87900,12957,6491,87910,13116,6406
87920,12959,6529,87930,13123,6400
87940,12957,6474,87950,13113,6527
87960,12947,6368,87970,13121,6580
87980,12959,6363,87990,13122,6525
88000,12945,6501,88010,13122,6407
88020,12957,6540,88030,13123,6404
88040,12973,6478,88050,13123,6536
88060,12967,6365,88070,13133,6581
88080,12957,6361,88090,13124,6508
88100,12959,6497,88110,13126,6404
88120,12950,6541,88130,13116,6409
88140,12954,6473,88150,13115,6532
88160,12941,6361,88170,13116,6573
88180,12935,6359,88190,12995,6483
88200,12943,6482,88210,13113,6390
88220,12941,6522,88230,13107,6384
88240,12956,6454,88250,13111,6513
88260,12957,6354,88270,13121,6558
88280,12954,6354,88290,13108,6496
88300,12923,6477,88310,13094,6374
88320,12911,6517,88330,13083,6388
88340,12925,6468,88350,13093,6534
88360,12903,6367,88370,13065,6562
88380,12933,6382,88390,13094,6505
88400,12936,6506,88410,13112,6397
88420,12964,6534,88430,13103,6397
88440,12950,6472,88450,13115,6538
88460,12966,6360,88470,13115,6574
88480,12958,6362,88490,13047,6500
88500,12965,6503,88510,13116,6400
88520,12967,6533,88530,13107,6396
88540,12952,6473,88550,13119,6549
88560,12966,6358,88570,13114,6563
88580,12953,6364,88590,13108,6503
88600,12962,6511,88610,13120,6406
88620,12966,6530,88630,13114,6404
88640,12961,6471,88650,13116,6549
88660,12945,6360,88670,13116,6562
88680,12960,6366,88690,13133,6505
88700,12964,6512,88710,13111,6399
88720,12953,6531,88730,13118,6395
88740,12946,6466,88750,13110,6548
88760,12959,6361,88770,13126,6571
88780,12954,6365,88790,12999,6476
88800,12949,6508,88810,13121,6395
88820,12953,6526,88830,13126,6402
88840,12958,6466,88850,13120,6565
88860,12959,6360,88870,13122,6561
88880,12948,6369,88890,13124,6500
88900,12953,6516,88910,13124,6394
88920,12951,6523,88930,13112,6410
88940,12961,6462,88950,13119,6563
88960,12951,6355,88970,13103,6557
88980,12956,6369,88990,13114,6492
89000,12949,6516,89010,13119,6381
89020,12955,6523,89030,13109,6401
89040,12969,6468,89050,13118,6557
89060,12950,6366,89070,13109,6566
89080,12959,6370,89090,13004,6460
89100,12947,6503,89110,13113,6395
89120,12941,6516,89130,13112,6400
89140,12945,6464,89150,13107,6568
89160,12955,6354,89170,13112,6553
89180,12959,6369,89190,13114,6497
89200,12962,6517,89210,13122,6393
89220,12955,6531,89230,13121,6418
89240,12966,6456,89250,13121,6565
89260,12956,6356,89270,13118,6549
89280,12965,6368,89290,13124,6496
89300,12944,6514,89310,13103,6387
89320,12956,6508,89330,13119,6413
89340,12940,6452,89350,13113,6554
89360,12938,6338,89370,13105,6537
89380,12918,6358,89390,13091,6483
89400,12924,6520,89410,13102,6390
89420,12912,6516,89430,13087,6407
89440,12935,6467,89450,13101,6570
89460,12935,6353,89470,13105,6542
89480,12952,6374,89490,13114,6491
89500,12957,6536,89510,13095,6386
89520,12946,6513,89530,13110,6413
89540,12957,6456,89550,13114,6573
89560,12958,6351,89570,13118,6550
89580,12958,6381,89590,13116,6496
89600,12952,6535,89610,13102,6390
89620,12964,6513,89630,13121,6408
89640,12946,6445,89650,13106,6578
89660,12954,6345,89670,13103,6543
89680,12955,6379,89690,13026,6462
89700,12956,6513,89710,13123,6396
89720,12962,6508,89730,13116,6418
89740,12951,6447,89750,13118,6571
89760,12945,6358,89770,13122,6546
89780,12953,6384,89790,13117,6487
89800,12945,6535,89810,13110,6384
89820,12963,6514,89830,13118,6417
89840,12952,6444,89850,13113,6571
89860,12960,6358,89870,13120,6555
89880,12958,6385,89890,13125,6489
89900,12944,6527,89910,13121,6393
89920,12956,6508,89930,13122,6419
89940,12959,6442,89950,13118,6575
89960,12955,6355,89970,13116,6543
89980,12946,6379,89990,12997,6450
90000,12950,6541,90010,13128,6390
90020,12960,6503,90030,13102,6415
90040,12949,6443,90050,13113,6589
90060,12962,6362,90070,13129,6558
90080,12959,6378,90090,13124,6479
90100,12951,6550,90110,13116,6397
90120,12950,6512,90130,13116,6422
90140,12959,6442,90150,13116,6588
90160,12956,6347,90170,13118,6551
90180,12965,6389,90190,13118,6482
90200,12958,6544,90210,13124,6401
90220,12958,6514,90230,13112,6424
90240,12953,6447,90250,13113,6586
90260,12953,6353,90270,13127,6553
90280,12952,6388,90290,13013,6448
90300,12945,6544,90310,13124,6386
90320,12946,6500,90330,13108,6417
90340,12942,6423,90350,13107,6586
90360,12937,6336,90370,13108,6526
90380,12944,6381,90390,13135,6473
90400,12956,6532,90410,13120,6388
90420,12953,6486,90430,13122,6413
90440,12933,6416,90450,13092,6571
90460,12916,6338,90470,13078,6526
90480,12913,6385,90490,13072,6461
90500,12908,6544,90510,13070,6394
90520,12915,6509,90530,13089,6424
90540,12941,6433,90550,13096,6593
90560,12956,6359,90570,13100,6545
90580,12968,6401,90590,13074,6455
90600,12949,6561,90610,13061,6390
90620,12902,6502,90630,13082,6428
90640,12947,6442,90650,13036,6569
90660,12956,6357,90670,13113,6543
90680,12967,6405,90690,13119,6467
90700,12958,6550,90710,13115,6397
90720,12961,6505,90730,13124,6437
90740,12962,6433,90750,13105,6591
90760,12962,6365,90770,13138,6537
90780,12955,6402,90790,13118,6463
90800,12959,6559,90810,13117,6396
90820,12956,6506,90830,13119,6447
90840,12959,6420,90850,13121,6593
90860,12955,6366,90870,13126,6543
90880,12944,6410,90890,13124,6466
90900,12958,6554,90910,13118,6399
90920,12945,6501,90930,13115,6442
90940,12954,6418,90950,13132,6602
90960,12946,6372,90970,13126,6547
90980,12953,6416,90990,13132,6450
91000,12962,6565,91010,13124,6396
91020,12954,6501,91030,13121,6450
91040,12986,6419,91050,13121,6590
91060,12960,6362,91070,13118,6539
91080,12956,6411,91090,13123,6456
91100,12952,6553,91110,13121,6399
91120,12950,6505,91130,13115,6452
91140,12956,6418,91150,13129,6597
91160,12957,6354,91170,13124,6542
91180,12947,6409,91190,13108,6444
91200,12951,6554,91210,13123,6403
91220,12947,6497,91230,13117,6456
91240,12949,6405,91250,13114,6593
91260,12954,6361,91270,13119,6534
91280,12953,6418,91290,13108,6446
91300,12957,6554,91310,13123,6403
91320,12960,6497,91330,13123,6464
91340,12956,6399,91350,13116,6596
91360,12964,6363,91370,13118,6534
91380,12964,6431,91390,13123,6447
91400,12962,6554,91410,13124,6400
91420,12951,6495,91430,13124,6456
91440,12946,6391,91450,13116,6596
91460,12953,6353,91470,13120,6525
91480,12956,6427,91490,13122,6426
91500,12949,6537,91510,13099,6382
91520,12915,6473,91530,13092,6451
91540,12928,6396,91550,13088,6583
91560,12914,6365,91570,13092,6523
91580,12921,6431,91590,13088,6438
91600,12931,6555,91610,13104,6395
91620,12966,6493,91630,13115,6470
91640,12959,6403,91650,13114,6594
91660,12962,6361,91670,13111,6530
91680,12968,6431,91690,13110,6427
91700,12967,6564,91710,13118,6398
91720,12957,6492,91730,13097,6465
91740,12953,6400,91750,13110,6600
91760,12955,6369,91770,13111,6527
91780,12961,6435,91790,13107,6434
91800,12964,6554,91810,13092,6397
91820,12968,6495,91830,13101,6489
91840,12969,6381,91850,13113,6601
91860,12956,6364,91870,13113,6528
91880,12954,6439,91890,13121,6416
91900,12951,6565,91910,13123,6405
91920,12953,6490,91930,13113,6480
91940,12962,6387,91950,13121,6590
91960,12962,6365,91970,13116,6530
91980,12960,6447,91990,13122,6419
92000,12953,6559,92010,13126,6405
92020,12965,6497,92030,13130,6484
92040,12972,6385,92050,13121,6599
92060,12969,6376,92070,13131,6523
92080,12955,6456,92090,13117,6416
92100,12955,6557,92110,13117,6391
92120,12948,6486,92130,13107,6484
92140,12970,6379,92150,13116,6606
92160,12961,6366,92170,13129,6530
92180,12953,6450,92190,13121,6417
92200,12948,6563,92210,13126,6402
92220,12941,6485,92230,13132,6503
92240,12955,6372,92250,13115,6586
92260,12958,6373,92270,13120,6525
92280,12963,6448,92290,13124,6420
92300,12965,6558,92310,13130,6409
92320,12958,6490,92330,13117,6503
92340,12962,6376,92350,13128,6596
92360,12955,6365,92370,13115,6537
92380,12957,6459,92390,13120,6416
92400,12953,6562,92410,13134,6403
92420,12966,6491,92430,13123,6501
92440,12955,6366,92450,13115,6596
92460,12947,6366,92470,13116,6514
92480,12960,6466,92490,13125,6405
92500,12954,6542,92510,13128,6397
92520,12954,6481,92530,13116,6495
92540,12959,6361,92550,13117,6589
92560,12953,6347,92570,13100,6503
92580,12929,6455,92590,13088,6384
92600,12913,6533,92610,13089,6390
92620,12904,6482,92630,13089,6499
92640,12901,6361,92650,13070,6580
92660,12916,6372,92670,13086,6509
92680,12939,6471,92690,13073,6405
92700,12855,6522,92710,13038,6374
92720,12878,6477,92730,13023,6498
92740,12936,6363,92750,13078,6581
92760,12955,6369,92770,13107,6506
92780,12965,6483,92790,13113,6413
92800,12962,6547,92810,13115,6396
92820,12955,6473,92830,13099,6510
92840,12955,6372,92850,13103,6583
92860,12953,6366,92870,13113,6518
92880,12953,6482,92890,13128,6403
92900,12957,6550,92910,13112,6399
92920,12958,6480,92930,13118,6523
92940,12964,6377,92950,13123,6589
92960,12967,6363,92970,13121,6519
92980,12967,6491,92990,13125,6409
93000,12959,6541,93010,13126,6413
93020,12954,6482,93030,13136,6530
93040,12969,6375,93050,13132,6589
93060,12951,6371,93070,13119,6527
93080,12948,6489,93090,13129,6416
93100,12966,6551,93110,13133,6405
93120,12947,6468,93130,13124,6529
93140,12953,6367,93150,13118,6577
93160,12959,6376,93170,13128,6510
93180,12947,6495,93190,13117,6402
93200,12957,6546,93210,13117,6390
93220,12964,6479,93230,13120,6534
93240,12962,6366,93250,13115,6581
93260,12961,6362,93270,13133,6504
93280,12956,6497,93290,13108,6394
93300,12961,6543,93310,13132,6402
93320,12956,6476,93330,13122,6535
93340,12957,6360,93350,13115,6581
93360,12950,6374,93370,13139,6512
93380,12952,6493,93390,13125,6396
93400,12955,6536,93410,13125,6400
93420,12945,6473,93430,13119,6534
93440,12963,6363,93450,13115,6578
93460,12954,6376,93470,13115,6511
93480,12948,6501,93490,13121,6398
93500,12962,6549,93510,13120,6404
93520,12958,6468,93530,13116,6537
93540,12950,6364,93550,13124,6582
93560,12953,6361,93570,13120,6506
93580,12962,6491,93590,13126,6402
93600,12945,6528,93610,13129,6408
93620,12958,6464,93630,13112,6537
93640,12947,6355,93650,13096,6565
93660,12927,6358,93670,13099,6491
93680,12916,6500,93690,13098,6392
93700,12906,6532,93710,13088,6399
93720,12926,6472,93730,13091,6550
93740,12940,6364,93750,13085,6570
93760,12952,6364,93770,13123,6511
93780,12958,6506,93790,13104,6391
93800,12956,6533,93810,13111,6408
93820,12964,6469,93830,13116,6534
93840,12969,6343,93850,13109,6571
93860,12958,6375,93870,13112,6504
93880,12954,6515,93890,13100,6389
93900,12968,6530,93910,13078,6408
93920,12959,6472,93930,13108,6542
93940,12955,6358,93950,13132,6569
93960,12946,6369,93970,13133,6502
93980,12966,6515,93990,13125,6404
94000,12963,6532,94010,13126,6409
94020,12956,6464,94030,13130,6559
94040,12955,6352,94050,13118,6562
94060,12950,6370,94070,13129,6509
94080,12953,6519,94090,13118,6395
94100,12962,6529,94110,13123,6417
94120,12962,6470,94130,13138,6562
94140,12951,6360,94150,13113,6569
94160,12955,6371,94170,13125,6491
94180,12960,6518,94190,13105,6384
94200,12959,6522,94210,13118,6414
94220,12951,6460,94230,13119,6557
94240,12951,6365,94250,13117,6559
94260,12956,6370,94270,13120,6508
94280,12952,6529,94290,13116,6400
94300,12953,6523,94310,13124,6418
94320,12967,6461,94330,13119,6567
94340,12957,6352,94350,13119,6562
94360,12958,6370,94370,13109,6503
94380,12955,6535,94390,13117,6412
94400,12954,6522,94410,13123,6409
94420,12965,6467,94430,13130,6564
94440,12954,6366,94450,13113,6562
94460,12960,6371,94470,13120,6500
94480,12957,6524,94490,13126,6395
94500,12953,6519,94510,13120,6408
94520,12961,6451,94530,13110,6563
94540,12946,6357,94550,13114,6560
94560,12958,6372,94570,13125,6497
94580,12958,6545,94590,13121,6395
94600,12947,6526,94610,13124,6409
94620,12957,6457,94630,13121,6561
94640,12962,6356,94650,13124,6551
94660,12953,6366,94670,13124,6486
94680,12950,6517,94690,13112,6393
94700,12958,6504,94710,13119,6390
94720,12931,6438,94730,13092,6557
94740,12910,6329,94750,13082,6535
94760,12905,6374,94770,13077,6485
94780,12915,6549,94790,13034,6378
94800,12853,6494,94810,13048,6391
94820,12858,6434,94830,13033,6540
94840,12853,6326,94850,13114,6550
94860,12961,6375,94870,13115,6484
94880,12950,6541,94890,13114,6393
94900,12965,6516,94910,13112,6410
94920,12962,6452,94930,13121,6572
94940,12956,6355,94950,13120,6557
94960,12965,6382,94970,13115,6491
94980,12962,6546,94990,13117,6403
95000,12952,6513,95010,13113,6423
95020,12956,6442,95030,13129,6583
95040,12972,6350,95050,13118,6549
95060,12953,6372,95070,13120,6492
95080,12973,6549,95090,13106,6398
95100,12955,6521,95110,13115,6411
95120,12960,6451,95130,13119,6582
95140,12960,6356,95150,13120,6552
95160,12952,6383,95170,13123,6481
95180,12962,6549,95190,13123,6399
95200,12948,6519,95210,13114,6423
95220,12951,6451,95230,13129,6593
95240,12956,6356,95250,13122,6558
95260,12968,6391,95270,13120,6475
95280,12958,6543,95290,13114,6403
95300,12962,6505,95310,13120,6433
95320,12953,6439,95330,13121,6592
95340,12970,6360,95350,13121,6555
95360,12965,6392,95370,13129,6491
95380,12960,6549,95390,13116,6395
95400,12958,6517,95410,13118,6424
95420,12960,6451,95430,13123,6595
95440,12949,6348,95450,13122,6550
95460,12949,6390,95470,13124,6472
95480,12958,6551,95490,13122,6401
95500,12948,6503,95510,13121,6423
95520,12951,6440,95530,13134,6588
95540,12954,6361,95550,13117,6549
95560,12954,6390,95570,13124,6479
95580,12945,6551,95590,13123,6396
95600,12956,6515,95610,13116,6424
95620,12963,6436,95630,13122,6594
95640,12964,6362,95650,13126,6541
95660,12962,6394,95670,13114,6478
95680,12949,6553,95690,13114,6388
95700,12960,6498,95710,13116,6445
95720,12962,6413,95730,13119,6581
95740,12954,6343,95750,13114,6532
95760,12957,6389,95770,13115,6457
95780,12946,6540,95790,13093,6376
95800,12935,6481,95810,13102,6435
95820,12928,6424,95830,13092,6587
95840,12925,6366,95850,13085,6537
95860,12917,6401,95870,13101,6470
95880,12939,6563,95890,13109,6395
95900,12968,6505,95910,13114,6441
95920,12957,6436,95930,13116,6589
95940,12973,6368,95950,13119,6542
95960,12963,6412,95970,13124,6455
95980,12972,6558,95990,13114,6398
96000,12961,6504,96010,13122,6453
96020,12967,6415,96030,13128,6599
96040,12950,6359,96050,13117,6536
96060,12957,6405,96070,13113,6455
96080,12961,6564,96090,13123,6402
96100,12960,6509,96110,13103,6453
96120,12961,6418,96130,13124,6595
96140,12958,6363,96150,13127,6536
96160,12966,6421,96170,13125,6455
96180,12956,6553,96190,13124,6400
96200,12965,6498,96210,13115,6465
96220,12949,6418,96230,13118,6601
96240,12952,6359,96250,13118,6534
96260,12952,6410,96270,13123,6460
96280,12958,6549,96290,13108,6406
96300,12953,6503,96310,13122,6447
96320,12970,6415,96330,13117,6592
96340,12952,6359,96350,13110,6532
96360,12951,6422,96370,13131,6442
96380,12963,6561,96390,13127,6387
96400,12942,6490,96410,13128,6461
96420,12955,6410,96430,13120,6600
96440,12963,6362,96450,13116,6535
96460,12958,6424,96470,13126,6426
96480,12961,6562,96490,13113,6400
96500,12955,6496,96510,13105,6464
96520,12961,6399,96530,13124,6601
96540,12958,6369,96550,13118,6541
96560,12954,6428,96570,13138,6444
96580,12950,6566,96590,13124,6395
96600,12945,6500,96610,13117,6465
96620,12954,6399,96630,13114,6595
96640,12952,6354,96650,13121,6528
96660,12947,6430,96670,13122,6433
96680,12950,6558,96690,13120,6405
96700,12963,6494,96710,13125,6463
96720,12965,6401,96730,13133,6598
96740,12965,6368,96750,13118,6532
96760,12958,6436,96770,13119,6424
96780,12947,6547,96790,13130,6392
96800,12960,6473,96810,13125,6472
96820,12952,6377,96830,13123,6584
96840,12952,6359,96850,13104,6512
96860,12933,6419,96870,13096,6405
96880,12907,6545,96890,13084,6378
96900,12912,6489,96910,13082,6471
96920,12913,6389,96930,13086,6592
96940,12921,6363,96950,13076,6519
96960,12950,6450,96970,13092,6424
96980,12960,6557,96990,13101,6400
97000,12966,6497,97010,13118,6482
97020,12965,6385,97030,13109,6588
97040,12961,6361,97050,13111,6524
97060,12962,6451,97070,13110,6421
97080,12961,6547,97090,13122,6391
97100,12963,6504,97110,13116,6489
97120,12964,6381,97130,13126,6600
97140,12970,6366,97150,13115,6525
97160,12950,6459,97170,13126,6426
97180,12961,6566,97190,13112,6400
97200,12954,6495,97210,13109,6480
97220,12914,6398,97230,13086,6595
97240,12989,6381,97250,13129,6533
97260,12978,6465,97270,13125,6425
97280,12957,6556,97290,13125,6405
97300,12954,6475,97310,13122,6495
97320,12958,6383,97330,13114,6597
97340,12953,6352,97350,13118,6515
97360,12951,6454,97370,13116,6411
97380,12964,6558,97390,13127,6397
97400,12960,6490,97410,13119,6498
97420,12963,6386,97430,13125,6599
97440,12957,6364,97450,13115,6522
97460,12947,6463,97470,13121,6422
97480,12931,6540,97490,13118,6395
97500,12957,6490,97510,13112,6515
97520,12958,6375,97530,13111,6588
97540,12958,6370,97550,13116,6531
97560,12953,6473,97570,13104,6424
97580,12958,6557,97590,13112,6400
97600,12955,6494,97610,13103,6513
97620,12958,6376,97630,13116,6600
97640,12952,6355,97650,13113,6527
97660,12958,6480,97670,13125,6410
97680,12961,6552,97690,13119,6409
97700,12955,6491,97710,13131,6520
97720,12945,6368,97730,13115,6604
97740,12955,6371,97750,13128,6527
97760,12955,6486,97770,13122,6410
97780,12954,6550,97790,13114,6407
97800,12954,6483,97810,13129,6528
97820,12959,6365,97830,13124,6585
97840,12963,6361,97850,13131,6517
97860,12966,6474,97870,13123,6406
97880,12965,6545,97890,13122,6403
97900,12966,6486,97910,13117,6521
97920,12945,6356,97930,13097,6569
97940,12917,6345,97950,13100,6504
97960,12927,6477,97970,13087,6398
97980,12924,6549,97990,13086,6400
98000,12929,6493,98010,13091,6528
98020,12931,6361,98030,13116,6582
98040,12969,6376,98050,13111,6522
98060,12964,6498,98070,13109,6413
98080,12959,6540,98090,13062,6397
98100,12872,6466,98110,13094,6525
98120,12958,6360,98130,13083,6579
98140,12972,6372,98150,13123,6517
98160,12954,6485,98170,13122,6403
98180,12960,6551,98190,13119,6403
98200,12952,6476,98210,13129,6531
98220,12964,6370,98230,13110,6582
98240,12959,6367,98250,13112,6512
98260,12957,6503,98270,13120,6401
98280,12963,6545,98290,13124,6410
98300,12966,6477,98310,13124,6540
98320,12957,6376,98330,13135,6580
98340,12962,6371,98350,13123,6514
98360,12962,6503,98370,13123,6408
98380,12960,6542,98390,13119,6409
98400,12954,6468,98410,13123,6543
98420,12951,6359,98430,13123,6580
98440,12949,6375,98450,13126,6516
98460,12961,6513,98470,13129,6404
98480,12969,6544,98490,13107,6402
98500,12951,6475,98510,13124,6543
98520,12961,6371,98530,13114,6576
98540,12965,6383,98550,13120,6505
98560,12959,6510,98570,13130,6412
98580,12972,6538,98590,13129,6419
98600,12961,6476,98610,13132,6557
98620,12959,6365,98630,13134,6576
98640,12960,6378,98650,13127,6521
98660,12965,6519,98670,13124,6396
98680,12957,6538,98690,13108,6409
98700,12958,6474,98710,13123,6548
98720,12955,6353,98730,13123,6568
98740,12957,6378,98750,13117,6499
98760,12955,6512,98770,13109,6397
98780,12954,6532,98790,13114,6415
98800,12947,6467,98810,13119,6561
98820,12959,6359,98830,13115,6573
98840,12956,6377,98850,13110,6503
98860,12953,6513,98870,13121,6398
98880,12969,6533,98890,13122,6411
98900,12967,6472,98910,13127,6560
98920,12971,6356,98930,13118,6561
98940,12948,6348,98950,13118,6495
98960,12957,6514,98970,13121,6393
98980,12815,6470,98990,13107,6385
99000,12930,6426,99010,13087,6535
99020,12902,6337,99030,13077,6542
99040,12900,6367,99050,13073,6490
99060,12907,6523,99070,13072,6392
99080,12919,6533,99090,13081,6405
99100,12935,6460,99110,13104,6570
99120,12958,6357,99130,13110,6565
99140,12965,6391,99150,13112,6496
99160,12955,6528,99170,13107,6386
99180,12967,6513,99190,13116,6419
99200,12967,6466,99210,13108,6571
99220,12965,6366,99230,13109,6566
99240,12961,6386,99250,13111,6502
99260,12958,6530,99270,13124,6399
99280,12855,6480,99290,13096,6408
99300,12957,6456,99310,13086,6559
99320,12961,6363,99330,13120,6557
99340,12957,6372,99350,13122,6493
99360,12958,6530,99370,13123,6399
99380,12961,6512,99390,13122,6418
99400,12958,6457,99410,13117,6578
99420,12958,6359,99430,13131,6567
99440,12958,6376,99450,13119,6500
99460,12966,6536,99470,13128,6398
99480,12956,6515,99490,13124,6422
99500,12955,6458,99510,13125,6583
99520,12951,6359,99530,13126,6557
99540,12954,6382,99550,13122,6490
99560,12956,6544,99570,13101,6387
99580,12815,6477,99590,13123,6404
99600,12951,6450,99610,13117,6584
99620,12952,6357,99630,13122,6551
99640,12959,6387,99650,13130,6494
99660,12945,6537,99670,13115,6392
99680,12958,6516,99690,13124,6421
99700,12950,6446,99710,13105,6570
99720,12960,6360,99730,13114,6546
99740,12954,6381,99750,13128,6490
99760,12958,6545,99770,13119,6389
99780,12960,6509,99790,13109,6426
99800,12951,6450,99810,13121,6587
99820,12953,6360,99830,13124,6553
99840,12960,6381,99850,13122,6487
99860,12948,6541,99870,13113,6387
99880,12954,6519,99890,13118,6413
99900,12957,6443,99910,13113,6597
99920,12942,6356,99930,13118,6552
99940,12958,6377,99950,13116,6483
99960,12955,6552,99970,13110,6388
99980,12949,6502,99990,13114,6412
100000,12949,6431,100010,13117,6576
100020,12954,6352,100030,13123,6540
100040,12940,6367,100050,13109,6471
100060,12945,6532,100070,13098,6377
100080,12933,6505,100090,13105,6407
100100,12922,6434,100110,13082,6578
100120,12922,6352,100130,13083,6534
100140,12920,6388,100150,13085,6471
100160,12936,6554,100170,13098,6395
100180,12833,6469,100190,13033,6406
100200,12875,6428,100210,13041,6565
100220,12922,6359,100230,13090,6540
100240,12932,6394,100250,13121,6466
100260,12967,6560,100270,13124,6394
100280,12965,6517,100290,13121,6423
100300,12957,6433,100310,13116,6597
100320,12955,6357,100330,13124,6545
100340,12968,6394,100350,13129,6476
100360,12953,6551,100370,13133,6397
100380,12962,6507,100390,13118,6430
100400,12951,6432,100410,13121,6594
100420,12962,6370,100430,13113,6546
100440,12953,6406,100450,13113,6467
100460,12951,6554,100470,13110,6393
100480,12966,6505,100490,13117,6445
100500,12952,6433,100510,13126,6588
100520,12952,6360,100530,13124,6544
100540,12963,6403,100550,13121,6460
100560,12965,6564,100570,13112,6395
100580,12956,6503,100590,13120,6439
100600,12958,6417,100610,13106,6598
100620,12961,6353,100630,13119,6539
100640,12952,6395,100650,13117,6457
100660,12953,6551,100670,13123,6402
100680,12945,6497,100690,13113,6440
100700,12950,6412,100710,13126,6592
100720,12948,6363,100730,13122,6531
100740,12968,6413,100750,13120,6454
100760,12962,6560,100770,13122,6403
100780,12819,6449,100790,13117,6433
100800,12950,6409,100810,13122,6588
100820,12953,6361,100830,13127,6538
100840,12955,6412,100850,13118,6440
100860,12961,6561,100870,13114,6393
100880,12962,6501,100890,13134,6469
100900,12953,6404,100910,13108,6594
100920,12957,6364,100930,13129,6544
100940,12971,6421,100950,13128,6455
100960,12963,6555,100970,13123,6398
100980,12960,6498,100990,13142,6460
101000,12949,6403,101010,13121,6596
101020,12952,6365,101030,13135,6540
101040,12965,6414,101050,13127,6449
101060,12965,6556,101070,13123,6390
101080,12823,6446,101090,13115,6448
101100,12947,6366,101110,13119,6576
101120,12960,6331,101130,13112,6503
101140,12948,6390,101150,13105,6420
101160,12900,6534,101170,13086,6387
101180,12910,6491,101190,13074,6459
101200,12908,6401,101210,13071,6593
101220,12918,6361,101230,13084,6524
101240,12947,6432,101250,13097,6434
101260,12964,6564,101270,13114,6403
101280,12955,6487,101290,13106,6474
101300,12966,6402,101310,13103,6592
101320,12947,6365,101330,13105,6528
101340,12948,6437,101350,13110,6427
101360,12952,6551,101370,13117,6402
101380,12956,6505,101390,13118,6489
101400,12964,6400,101410,13105,6599
101420,12956,6357,101430,13117,6526
101440,12960,6436,101450,13111,6434
101460,12952,6551,101470,13112,6400
101480,12961,6487,101490,13110,6488
101500,12961,6384,101510,13114,6592
101520,12953,6370,101530,13117,6537
101540,12944,6451,101550,13121,6428
101560,12964,6561,101570,13117,6403
101580,12943,6491,101590,13114,6484
101600,12946,6379,101610,13121,6595
101620,12962,6368,101630,13116,6528
101640,12948,6457,101650,13117,6422
101660,12966,6564,101670,13117,6400
101680,12936,6489,101690,13109,6491
101700,12957,6376,101710,13111,6589
101720,12947,6356,101730,13116,6536
101740,12958,6460,101750,13126,6418
101760,12963,6559,101770,13107,6399
101780,12965,6491,101790,13120,6503
101800,12959,6380,101810,13120,6606
101820,12953,6364,101830,13122,6525
101840,12960,6460,101850,13129,6417
101860,12960,6561,101870,13130,6411
101880,12961,6489,101890,13124,6501
101900,12945,6377,101910,13124,6587
101920,12960,6373,101930,13124,6530
101940,12960,6472,101950,13117,6410
101960,12953,6565,101970,13130,6406
101980,12962,6483,101990,13118,6504
102000,12960,6378,102010,13115,6601
102020,12940,6358,102030,13122,6516
102040,12948,6463,102050,13119,6411
102060,12953,6550,102070,13117,6393
102080,12965,6486,102090,13120,6508
102100,12948,6372,102110,13121,6593
102120,12956,6362,102130,13121,6513
102140,12958,6470,102150,13119,6405
102160,12955,6540,102170,13119,6401
102180,12948,6475,102190,13107,6499
102200,12943,6356,102210,13107,6571
102220,12932,6353,102230,13086,6497
102240,12902,6471,102250,13087,6404
102260,12915,6541,102270,13082,6408
102280,12912,6482,102290,13032,6502
102300,12867,6367,102310,13042,6576
102320,12880,6352,102330,13038,6504
102340,12879,6474,102350,13105,6407
102360,12968,6549,102370,13101,6399
102380,12968,6490,102390,13109,6520
102400,12955,6372,102410,13116,6594
102420,12954,6373,102430,13118,6520
102440,12960,6484,102450,13125,6413
102460,12965,6553,102470,13118,6397
102480,12958,6481,102490,13115,6529
102500,12949,6371,102510,13120,6586
102520,12961,6373,102530,13117,6517
102540,12951,6485,102550,13123,6412
102560,12954,6552,102570,13117,6415
102580,12941,6482,102590,13120,6529
102600,12961,6368,102610,13108,6578
102620,12952,6365,102630,13110,6513
102640,12951,6494,102650,13115,6407
102660,12957,6553,102670,13123,6403
102680,12952,6478,102690,13116,6532
102700,12945,6351,102710,13108,6586
102720,12959,6374,102730,13121,6520
102740,12960,6500,102750,13107,6403
102760,12941,6540,102770,13111,6408
102780,12951,6480,102790,13106,6530
102800,12954,6364,102810,13124,6577
102820,12954,6364,102830,13124,6514
102840,12942,6496,102850,13123,6405
102860,12960,6542,102870,13116,6416
102880,12949,6482,102890,13120,6530
102900,12959,6364,102910,13129,6581
102920,12954,6372,102930,13124,6512
102940,12972,6498,102950,13131,6405
102960,12960,6534,102970,13118,6405
102980,12964,6468,102990,13119,6536
103000,12957,6367,103010,13125,6576
103020,12967,6362,103030,13122,6517
103040,12953,6504,103050,13122,6405
103060,12959,6536,103070,13133,6411
103080,12964,6481,103090,13117,6548
103100,12957,6373,103110,13122,6581
103120,12957,6374,103130,13125,6519
103140,12948,6498,103150,13117,6406
103160,12953,6541,103170,13126,6411
103180,12940,6465,103190,13119,6548
103200,12938,6344,103210,13113,6568
103220,12963,6363,103230,13107,6493
103240,12942,6487,103250,13122,6382
103260,12953,6521,103270,13112,6395
103280,12928,6450,103290,13100,6529
103300,12911,6340,103310,13087,6558
103320,12910,6371,103330,13082,6495
103340,12909,6503,103350,13064,6397
103360,12925,6542,103370,13093,6411
103380,12944,6475,103390,13105,6557
103400,12960,6366,103410,13117,6573
103420,12968,6369,103430,13104,6501
103440,12964,6510,103450,13109,6395
103460,12964,6530,103470,13110,6407
103480,12960,6466,103490,13110,6557
103500,12970,6367,103510,13115,6571
103520,12965,6374,103530,13120,6500
103540,12966,6520,103550,13120,6400
103560,12963,6535,103570,13121,6416
103580,12955,6463,103590,13111,6555
103600,12966,6365,103610,13123,6569
103620,12949,6374,103630,13116,6502
103640,12964,6518,103650,13128,6393
103660,12958,6524,103670,13106,6406
103680,12950,6455,103690,13123,6555
103700,12959,6360,103710,13123,6556
103720,12972,6381,103730,13123,6492
103740,12957,6523,103750,13114,6401
103760,12959,6526,103770,13120,6418
103780,12943,6461,103790,13114,6566
103800,12961,6368,103810,13119,6567
103820,12955,6376,103830,13119,6501
103840,12965,6526,103850,13126,6397
103860,12967,6528,103870,13134,6416
103880,12960,6474,103890,13132,6568
103900,12963,6357,103910,13117,6562
103920,12958,6379,103930,13127,6508
103940,12959,6535,103950,13105,6393
103960,12957,6525,103970,13122,6410
103980,12967,6456,103990,13127,6567
104000,12965,6368,104010,13121,6568
104020,12977,6379,104030,13119,6500
104040,12966,6542,104050,13121,6400
104060,12950,6523,104070,13129,6422
104080,12958,6455,104090,13124,6573
104100,12952,6363,104110,13113,6558
104120,12950,6373,104130,13126,6490
104140,12955,6533,104150,13119,6391
104160,12958,6525,104170,13120,6414
104180,12957,6457,104190,13126,6575
104200,12960,6366,104210,13123,6557
104220,12958,6381,104230,13115,6490
104240,12962,6538,104250,13115,6395
104260,12951,6511,104270,13133,6414
104280,12964,6449,104290,13134,6579
104300,12958,6347,104310,13130,6563
104320,12962,6377,104330,13132,6492
104340,12938,6531,104350,13110,6381
104360,12929,6503,104370,13104,6404
104380,12925,6453,104390,13101,6573
104400,12929,6366,104410,13094,6549
104420,12936,6374,104430,13094,6487
104440,12944,6538,104450,13102,6392
104460,12962,6516,104470,13121,6424
104480,12957,6454,104490,13125,6591
104500,12975,6359,104510,13124,6560
104520,12980,6396,104530,13120,6492
104540,12968,6551,104550,13093,6385
104560,12961,6506,104570,13124,6421
104580,12960,6450,104590,13106,6580
104600,12962,6360,104610,13119,6546
104620,12954,6381,104630,13108,6482
104640,12958,6549,104650,13121,6414
104660,12967,6513,104670,13118,6435
104680,12954,6450,104690,13122,6585
104700,12960,6357,104710,13112,6547
104720,12955,6382,104730,13106,6481
104740,12972,6554,104750,13112,6403
104760,12960,6512,104770,13122,6422
104780,12950,6448,104790,13127,6589
104800,12962,6359,104810,13123,6551
104820,12963,6392,104830,13123,6482
104840,12970,6552,104850,13132,6407
104860,12960,6514,104870,13133,6424
104880,12956,6436,104890,13122,6589
104900,12972,6370,104910,13124,6548
104920,12962,6395,104930,13126,6478
104940,12951,6558,104950,13129,6401
104960,12963,6507,104970,13129,6438
104980,12960,6441,104990,13125,6594
105000,12960,6359,105010,13131,6556
105020,12977,6396,105030,13123,6489
105040,12969,6561,105050,13122,6400
105060,12956,6505,105070,13130,6435
105080,12959,6432,105090,13129,6591
105100,12969,6365,105110,13132,6548
105120,12956,6393,105130,13128,6481
105140,12956,6554,105150,13137,6408
105160,12963,6513,105170,13126,6446
105180,12971,6437,105190,13118,6605
105200,12962,6368,105210,13127,6546
105220,12953,6398,105230,13126,6470
105240,12965,6558,105250,13126,6394
105260,12962,6512,105270,13126,6440
105280,12959,6424,105290,13117,6594
105300,12949,6365,105310,13116,6540
105320,12958,6403,105330,13113,6463
105340,12960,6548,105350,13110,6382
105360,12952,6490,105370,13126,6434
105380,12962,6415,105390,13113,6588
105400,12944,6349,105410,13118,6519
105420,12933,6380,105430,13083,6434
105440,12910,6528,105450,13083,6389
105460,12910,6493,105470,13091,6441
105480,12915,6423,105490,13077,6597
105500,12927,6374,105510,13087,6544
105520,12936,6411,105530,13110,6454
105540,12970,6567,105550,13111,6408
105560,12957,6502,105570,13107,6442
105580,12942,6420,105590,13045,6572
105600,12906,6352,105610,13087,6528
105620,12967,6421,105630,13083,6445
105640,12951,6545,105650,13117,6397
105660,12959,6502,105670,13124,6457
105680,12950,6417,105690,13129,6606
105700,12957,6364,105710,13120,6546
105720,12969,6419,105730,13121,6454
105740,12967,6564,105750,13124,6408
105760,12958,6503,105770,13124,6458
105780,12963,6405,105790,13114,6600
105800,12969,6376,105810,13140,6545
105820,12967,6434,105830,13130,6452
105840,12968,6557,105850,13124,6409
105860,12961,6507,105870,13132,6470
105880,12966,6414,105890,13134,6593
105900,12979,6370,105910,13119,6541
105920,12960,6431,105930,13127,6447
105940,12955,6567,105950,13123,6399
105960,12954,6493,105970,13127,6467
105980,12962,6414,105990,13128,6606
106000,12972,6372,106010,13114,6529
106020,12961,6431,106030,13128,6445
106040,12957,6565,106050,13124,6408
106060,12959,6512,106070,13125,6475
106080,12965,6405,106090,13126,6604
106100,12956,6360,106110,13125,6535
106120,12953,6441,106130,13128,6437
106140,12954,6563,106150,13120,6402
106160,12970,6486,106170,13126,6475
106180,12955,6394,106190,13121,6597
106200,12957,6376,106210,13132,6532
106220,12954,6452,106230,13138,6442
106240,12947,6562,106250,13128,6406
106260,12960,6503,106270,13115,6476
106280,12955,6398,106290,13131,6596
106300,12963,6363,106310,13119,6538
106320,12967,6442,106330,13133,6432
106340,12956,6567,106350,13119,6400
106360,12956,6499,106370,13118,6481
106380,12959,6391,106390,13125,6586
106400,12950,6362,106410,13127,6516
106420,12950,6439,106430,13126,6421
106440,12962,6551,106450,13128,6404
106460,12949,6486,106470,13117,6478
106480,12942,6373,106490,13104,6581
106500,12919,6355,106510,13097,6516
106520,12924,6452,106530,13093,6420
106540,12922,6554,106550,13079,6396
106560,12935,6499,106570,13094,6495
106580,12939,6384,106590,13099,6595
106600,12954,6365,106610,13110,6531
106620,12956,6461,106630,13128,6423
106640,12953,6569,106650,13118,6406
106660,12966,6491,106670,13116,6498
106680,12970,6381,106690,13124,6598
106700,12950,6365,106710,13126,6532
106720,12961,6459,106730,13116,6422
106740,12952,6562,106750,13123,6418
106760,12958,6495,106770,13130,6494
106780,12960,6368,106790,13104,6595
106800,12965,6363,106810,13096,6526
106820,12966,6466,106830,13105,6416
106840,12955,6558,106850,13118,6408
106860,12971,6494,106870,13126,6514
106880,12963,6376,106890,13121,6599
106900,12964,6375,106910,13124,6529
106920,12958,6480,106930,13119,6417
106940,12958,6559,106950,13118,6412
106960,12960,6481,106970,13120,6504
106980,12958,6377,106990,13132,6594
107000,12969,6377,107010,13128,6530
107020,12972,6481,107030,13122,6416
107040,12958,6567,107050,13116,6404
107060,12967,6492,107070,13130,6508
107080,12960,6383,107090,13121,6600
107100,12961,6372,107110,13118,6529
107120,12948,6483,107130,13114,6415
107140,12964,6562,107150,13119,6407
107160,12962,6488,107170,13120,6525
107180,12966,6382,107190,13130,6600
107200,12964,6374,107210,13133,6530
107220,12948,6480,107230,13113,6409
107240,12959,6563,107250,13119,6408
107260,12963,6476,107270,13122,6515
107280,12965,6382,107290,13127,6596
107300,12962,6379,107310,13127,6531
107320,12958,6494,107330,13130,6412
107340,12956,6554,107350,13123,6403
107360,12955,6482,107370,13129,6532
107380,12969,6377,107390,13123,6599
107400,12974,6381,107410,13144,6519
107420,12964,6493,107430,13124,6423
107440,12964,6556,107450,13126,6418
107460,12968,6487,107470,13121,6529
107480,12969,6368,107490,13135,6573
107500,12957,6356,107510,13135,6515
107520,12962,6481,107530,13116,6394
107540,12959,6535,107550,13111,6402
107560,12935,6465,107570,13102,6519
107580,12916,6347,107590,13085,6573
107600,12914,6366,107610,13079,6508
107620,12909,6494,107630,13068,6399
107640,12919,6547,107650,13085,6408
107660,12941,6481,107670,13109,6532
107680,12892,6371,107690,13041,6572
107700,12879,6377,107710,13067,6519
107720,12944,6504,107730,13060,6385
107740,12965,6541,107750,13098,6397
107760,12954,6477,107770,13114,6538
107780,12966,6372,107790,13115,6586
107800,12962,6377,107810,13122,6521
107820,12958,6495,107830,13121,6414
107840,12951,6533,107850,13120,6407
107860,12962,6477,107870,13112,6530
107880,12972,6370,107890,13120,6579
107900,12958,6376,107910,13103,6515
107920,12955,6505,107930,13114,6401
107940,12963,6547,107950,13134,6403
107960,12946,6476,107970,13118,6543
107980,12967,6365,107990,13129,6584
108000,12962,6368,108010,13124,6520
108020,12961,6503,108030,13112,6407
108040,12950,6545,108050,13123,6419
108060,12959,6475,108070,13116,6536
108080,12968,6371,108090,13118,6579
108100,12958,6377,108110,13122,6514
108120,12961,6511,108130,13117,6410
108140,12958,6539,108150,13128,6420
108160,12967,6471,108170,13127,6545
108180,12967,6370,108190,13125,6579
108200,12966,6376,108210,13123,6518
108220,12952,6508,108230,13129,6398
108240,12968,6538,108250,13118,6411
108260,12958,6477,108270,13103,6550
108280,12957,6367,108290,13131,6581
108300,12962,6383,108310,13110,6504
108320,12954,6507,108330,13121,6403
108340,12965,6542,108350,13124,6425
108360,12968,6470,108370,13123,6558
108380,12949,6366,108390,13126,6568
108400,12959,6383,108410,13130,6507
108420,12953,6520,108430,13127,6400
108440,12974,6547,108450,13128,6416
108460,12978,6471,108470,13123,6555
108480,12957,6365,108490,13129,6571
108500,12952,6385,108510,13120,6509
108520,12960,6523,108530,13128,6404
108540,12950,6527,108550,13124,6405
108560,12964,6458,108570,13124,6549
108580,12957,6358,108590,13116,6558
108600,12955,6353,108610,13105,6486
108620,12928,6487,108630,13102,6370
108640,12924,6514,108650,13105,6393
108660,12920,6464,108670,13093,6555
108680,12926,6369,108690,13098,6570
108700,12917,6375,108710,13089,6498
108720,12937,6526,108730,13122,6397
108740,12966,6530,108750,13100,6412
108760,12964,6463,108770,13117,6579
108780,12959,6365,108790,13126,6564
108800,12956,6380,108810,13123,6505
108820,12965,6539,108830,13116,6399
108840,12965,6528,108850,13123,6419
108860,12963,6467,108870,13120,6567
108880,12967,6366,108890,13128,6566
108900,12955,6376,108910,13122,6505
108920,12959,6537,108930,13113,6406
108940,12963,6540,108950,13116,6415
108960,12977,6465,108970,13118,6571
108980,12959,6362,108990,13109,6566
109000,12957,6381,109010,13128,6508
109020,12962,6542,109030,13130,6399
109040,12962,6525,109050,13125,6426
109060,12970,6466,109070,13119,6570
109080,12958,6366,109090,13111,6563
109100,12963,6384,109110,13120,6501
109120,12952,6533,109130,13114,6400
109140,12957,6521,109150,13122,6422
109160,12961,6464,109170,13118,6578
109180,12945,6360,109190,13105,6547
109200,12947,6389,109210,13110,6501
109220,12960,6543,109230,13123,6397
109240,12963,6538,109250,13117,6417
109260,12955,6454,109270,13121,6584
109280,12950,6364,109290,13117,6559
109300,12959,6379,109310,13131,6499
109320,12957,6538,109330,13118,6394
109340,12955,6519,109350,13127,6421
109360,12956,6454,109370,13113,6581
109380,12962,6362,109390,13132,6560
109400,12956,6385,109410,13121,6501
109420,12962,6545,109430,13120,6395
109440,12953,6516,109450,13120,6429
109460,12955,6464,109470,13131,6581
109480,12972,6356,109490,13128,6564
109500,12957,6377,109510,13132,6491
109520,12957,6552,109530,13132,6404
109540,12965,6526,109550,13137,6424
109560,12965,6465,109570,13115,6586
109580,12961,6360,109590,13126,6561
109600,12967,6378,109610,13120,6488
109620,12958,6536,109630,13122,6388
109640,12958,6516,109650,13121,6414
109660,12967,6442,109670,13115,6577
109680,12950,6349,109690,13115,6532
109700,12927,6367,109710,13098,6466
109720,12920,6527,109730,13083,6376
109740,12900,6500,109750,13064,6409
109760,12910,6449,109770,13068,6560
109780,12861,6351,109790,13039,6529
109800,12851,6358,109810,13064,6462
109820,12893,6549,109830,13055,6392
109840,12967,6514,109850,13106,6420
109860,12970,6442,109870,13101,6595
109880,12961,6362,109890,13098,6541
109900,12964,6387,109910,13116,6486
109920,12962,6556,109930,13108,6391
109940,12951,6503,109950,13118,6429
109960,12959,6441,109970,13111,6584
109980,12963,6364,109990,13133,6551
110000,12963,6408,110010,13122,6485
110020,12971,6560,110030,13124,6395
110040,12961,6509,110050,13133,6430
110060,12977,6442,110070,13017,6563
110080,12964,6365,110090,13111,6535
110100,12965,6395,110110,13106,6466
110120,12959,6563,110130,13118,6404
110140,12965,6516,110150,13119,6430
110160,12971,6445,110170,13123,6600
110180,12954,6365,110190,13129,6542
110200,12949,6399,110210,13120,6470
110220,12957,6568,110230,13120,6404
110240,12961,6502,110250,13129,6442
110260,12957,6434,110270,13132,6597
110280,12959,6372,110290,13124,6543
110300,12958,6395,110310,13121,6464
110320,12961,6552,110330,13119,6407
110340,12949,6503,110350,13123,6442
110360,12971,6431,110370,13091,6596
110380,12966,6366,110390,13118,6538
110400,12961,6410,110410,13133,6470
110420,12943,6559,110430,13130,6401
110440,12960,6502,110450,13115,6447
110460,12965,6418,110470,13118,6592
110480,12955,6373,110490,13124,6549
110500,12958,6417,110510,13109,6460
110520,12955,6552,110530,13118,6403
110540,12954,6507,110550,13121,6454
110560,12959,6428,110570,13117,6591
110580,12961,6365,110590,13113,6535
110600,12960,6412,110610,13117,6455
110620,12947,6554,110630,13127,6401
110640,12954,6498,110650,13108,6450
110660,12951,6415,110670,12992,6557
110680,12951,6352,110690,13111,6520
110700,12952,6400,110710,13121,6445
110720,12959,6548,110730,13119,6377
110740,12960,6486,110750,13126,6456
110760,12959,6386,110770,13108,6582
110780,12915,6350,110790,13099,6523
110800,12929,6420,110810,13097,6449
110820,12922,6561,110830,13089,6395
110840,12936,6505,110850,13102,6466
110860,12946,6408,110870,13108,6599
110880,12958,6365,110890,13114,6532
110900,12973,6432,110910,13113,6447
110920,12968,6561,110930,13129,6407
110940,12973,6503,110950,13123,6474
110960,12964,6410,110970,13125,6596
110980,12966,6358,110990,13115,6529
111000,12959,6440,111010,13124,6438
111020,12960,6573,111030,13111,6403
111040,12974,6504,111050,13115,6478
111060,12957,6399,111070,13110,6602
111080,12965,6361,111090,13114,6529
111100,12963,6442,111110,13113,6429
111120,12963,6565,111130,13112,6391
111140,12961,6495,111150,13118,6486
111160,12970,6390,111170,13123,6595
111180,12962,6371,111190,13124,6535
111200,12953,6442,111210,13128,6434
111220,12962,6562,111230,13129,6412
111240,12958,6493,111250,13124,6484
111260,12957,6396,111270,13011,6566
111280,12960,6355,111290,13114,6524
111300,12943,6446,111310,13121,6432
111320,12963,6565,111330,13115,6397
111340,12960,6491,111350,13122,6488
111360,12958,6393,111370,13122,6600
111380,12959,6373,111390,13122,6528
111400,12959,6446,111410,13108,6422
111420,12952,6560,111430,13107,6399
111440,12947,6487,111450,13123,6499
111460,12960,6381,111470,13121,6600
111480,12944,6372,111490,13115,6529
111500,12952,6453,111510,13124,6417
111520,12959,6567,111530,13129,6408
111540,12973,6491,111550,13125,6499
111560,12953,6386,111570,13002,6561
111580,12940,6356,111590,13109,6528
111600,12949,6461,111610,13126,6424
111620,12952,6556,111630,13117,6410
111640,12954,6489,111650,13125,6494
111660,12960,6379,111670,13123,6600
111680,12962,6364,111690,13128,6525
111700,12958,6470,111710,13117,6417
111720,12957,6567,111730,13114,6409
111740,12968,6483,111750,13126,6504
111760,12964,6381,111770,13130,6602
111780,12956,6360,111790,13128,6525
111800,12963,6455,111810,13120,6414
111820,12965,6555,111830,13110,6385
111840,12935,6471,111850,13097,6482
111860,12906,6353,111870,13090,6581
111880,12911,6361,111890,13077,6513
111900,12916,6471,111910,13089,6415
111920,12922,6552,111930,13084,6394
111940,12955,6489,111950,13103,6520
111960,12965,6380,111970,13116,6592
111980,12972,6365,111990,13098,6511
112000,12964,6476,112010,13116,6407
112020,12973,6554,112030,13117,6412
112040,12965,6486,112050,13113,6513
112060,12963,6376,112070,13114,6587
112080,12958,6375,112090,13126,6522
112100,12958,6485,112110,13125,6421
112120,12966,6559,112130,13125,6410
112140,12963,6490,112150,13129,6520
112160,12960,6367,112170,13069,6574
112180,12961,6374,112190,13107,6516
112200,12961,6489,112210,13076,6407
112220,12949,6555,112230,13105,6400
112240,12955,6481,112250,13133,6519
112260,12963,6374,112270,13124,6591
112280,12959,6361,112290,13122,6519
112300,12962,6495,112310,13118,6410
112320,12961,6547,112330,13131,6417
112340,12957,6484,112350,13119,6525
112360,12959,6363,112370,13116,6583
112380,12955,6372,112390,13111,6508
112400,12959,6496,112410,13113,6412
112420,12961,6550,112430,13130,6410
112440,12957,6487,112450,13113,6523
112460,12958,6369,112470,13119,6578
112480,12961,6369,112490,13118,6527
112500,12950,6495,112510,13124,6406
112520,12952,6549,112530,13114,6407
112540,12965,6483,112550,13121,6536
112560,12959,6372,112570,13119,6585
112580,12962,6366,112590,13117,6516
112600,12960,6502,112610,13122,6405
112620,12964,6543,112630,13109,6399
112640,12955,6479,112650,13111,6532
112660,12951,6372,112670,13121,6579
112680,12959,6378,112690,13129,6519
112700,12957,6505,112710,13119,6402
112720,12953,6541,112730,13130,6409
112740,12956,6475,112750,13126,6545
112760,12949,6361,112770,13104,6574
112780,12947,6366,112790,13123,6521
112800,12955,6511,112810,13109,6394
112820,12945,6530,112830,13111,6405
112840,12962,6464,112850,13120,6537
112860,12980,6361,112870,13128,6581
112880,12969,6369,112890,13130,6502
112900,12951,6491,112910,13104,6378
112920,12922,6510,112930,13092,6396
112940,12912,6474,112950,13087,6538
112960,12920,6367,112970,13093,6578
112980,12920,6377,112990,13097,6513
113000,12925,6515,113010,13111,6405
113020,12954,6540,113030,13117,6413
113040,12962,6475,113050,13119,6553
113060,12969,6366,113070,13102,6574
113080,12894,6376,113090,13061,6493
113100,12973,6507,113110,13095,6407
113120,12968,6543,113130,13082,6424
113140,12962,6473,113150,13119,6551
113160,12965,6360,113170,13120,6571
113180,12973,6379,113190,13133,6515
113200,12950,6519,113210,13130,6399
113220,12956,6533,113230,13111,6422
113240,12959,6469,113250,13122,6560
113260,12955,6359,113270,13120,6567
113280,12952,6376,113290,13112,6505
113300,12950,6515,113310,13114,6389
113320,12968,6527,113330,13123,6420
113340,12961,6459,113350,13113,6561
113360,12955,6359,113370,13123,6571
113380,12960,6376,113390,13119,6500
113400,12950,6530,113410,13125,6413
113420,12966,6533,113430,13112,6417
113440,12963,6468,113450,13119,6560
113460,12953,6356,113470,13127,6563
113480,12956,6383,113490,13126,6504
113500,12959,6528,113510,13131,6411
113520,12958,6527,113530,13122,6421
113540,12963,6466,113550,13127,6568
113560,12972,6363,113570,13118,6569
113580,12963,6388,113590,13124,6500
113600,12960,6531,113610,13120,6401
113620,12955,6528,113630,13121,6416
113640,12960,6462,113650,13123,6576
113660,12956,6355,113670,13116,6572
113680,12962,6389,113690,13124,6494
113700,12952,6540,113710,13124,6396
113720,12956,6522,113730,13120,6417
113740,12971,6465,113750,13130,6579
113760,12956,6365,113770,13136,6561
113780,12955,6382,113790,13129,6501
113800,12948,6531,113810,13117,6396
113820,12968,6529,113830,13120,6416
113840,12963,6456,113850,13134,6582
113860,12965,6369,113870,13138,6566
113880,12953,6384,113890,13113,6484
113900,12950,6529,113910,13115,6384
113920,12959,6508,113930,13129,6419
113940,12962,6447,113950,13128,6568
113960,12957,6352,113970,13112,6546
113980,12942,6366,113990,13103,6472
114000,12913,6532,114010,13107,6388
114020,12908,6508,114030,13081,6421
114040,12912,6454,114050,13077,6586
114060,12925,6364,114070,13079,6554
114080,12948,6396,114090,13089,6489
114100,12972,6558,114110,13112,6405
114120,12963,6517,114130,13111,6423
114140,12958,6464,114150,13121,6598
114160,12954,6361,114170,13108,6555
114180,12966,6389,114190,13119,6491
114200,12952,6547,114210,13109,6394
114220,12962,6514,114230,13120,6425
114240,12969,6452,114250,13117,6587
114260,12963,6359,114270,13109,6555
114280,12964,6386,114290,13115,6486
114300,12972,6551,114310,13124,6398
114320,12957,6509,114330,13105,6429
114340,12961,6453,114350,13117,6575
114360,12968,6369,114370,13119,6556
114380,12963,6394,114390,13121,6488
114400,12963,6553,114410,13122,6402
114420,12964,6517,114430,13116,6431
114440,12964,6452,114450,13110,6589
114460,12965,6368,114470,13127,6547
114480,12965,6392,114490,13133,6490
114500,12962,6555,114510,13122,6401
114520,12962,6530,114530,13113,6433
114540,12950,6445,114550,13120,6587
114560,12945,6365,114570,13119,6552
114580,12953,6387,114590,13127,6487
114600,12959,6556,114610,13126,6404
114620,12958,6515,114630,13119,6429
114640,12963,6447,114650,13112,6585
114660,12958,6357,114670,13123,6553
114680,12954,6399,114690,13103,6482
114700,12960,6548,114710,13122,6393
114720,12952,6511,114730,13124,6433
114740,12948,6426,114750,13114,6583
114760,12956,6368,114770,13112,6546
114780,12960,6398,114790,13123,6464
114800,12951,6553,114810,13119,6400
114820,12944,6500,114830,13123,6435
114840,12949,6437,114850,13125,6593
114860,12965,6361,114870,13099,6537
114880,12953,6407,114890,13119,6465
114900,12948,6556,114910,13115,6407
114920,12948,6501,114930,13109,6433
114940,12950,6422,114950,13110,6587
114960,12944,6351,114970,13114,6525
114980,12955,6392,114990,13119,6459
115000,12960,6556,115010,13120,6393
115020,12955,6506,115030,13122,6439
115040,12942,6398,115050,13099,6577
115060,12922,6344,115070,13086,6528
115080,12915,6403,115090,13076,6450
115100,12933,6568,115110,13072,6384
115120,12923,6502,115130,13084,6443
115140,12943,6419,115150,13103,6588
115160,12959,6363,115170,13101,6535
115180,12859,6411,115190,13035,6431
115200,12868,6534,115210,13066,6384
115220,12881,6471,115230,13051,6435
115240,12963,6402,115250,13118,6594
115260,12961,6362,115270,13125,6534
115280,12961,6417,115290,13118,6455
115300,12965,6571,115310,13122,6408
115320,12964,6509,115330,13121,6461
115340,12972,6423,115350,13122,6601
115360,12940,6366,115370,13128,6539
115380,12961,6429,115390,13128,6446
115400,12967,6561,115410,13128,6406
115420,12975,6502,115430,13121,6469
115440,12952,6413,115450,13116,6600
115460,12963,6362,115470,13136,6542
115480,12959,6429,115490,13117,6441
115500,12958,6557,115510,13110,6404
115520,12955,6494,115530,13114,6468
115540,12951,6401,115550,13125,6595
115560,12960,6359,115570,13112,6533
115580,12953,6427,115590,13125,6439
115600,12960,6561,115610,13120,6406
115620,12948,6492,115630,13124,6479
115640,12960,6404,115650,13128,6600
115660,12950,6363,115670,13121,6538
115680,12960,6444,115690,13126,6436
115700,12965,6566,115710,13119,6405
115720,12954,6496,115730,13116,6477
115740,12953,6395,115750,13120,6589
115760,12959,6371,115770,13111,6535
115780,12958,6436,115790,13108,6422
115800,12952,6566,115810,13122,6410
115820,12894,6484,115830,13128,6487
115840,12959,6394,115850,13130,6595
115860,12962,6368,115870,13124,6534
115880,12962,6452,115890,13127,6440
115900,12975,6572,115910,13122,6410
115920,12966,6501,115930,13117,6492
115940,12964,6386,115950,13110,6591
115960,12963,6370,115970,13109,6525
115980,12963,6457,115990,13119,6429
116000,12964,6571,116010,13130,6402
116020,12948,6490,116030,13121,6486
116040,12961,6381,116050,13128,6592
116060,12953,6361,116070,13108,6512
116080,12960,6449,116090,13112,6401
116100,12945,6537,116110,13107,6377
116120,12926,6452,116130,13094,6459
116140,12908,6353,116150,13092,6583
116160,12901,6364,116170,13089,6525
116180,12906,6462,116190,13064,6407
116200,12911,6548,116210,13084,6403
116220,12941,6500,116230,13093,6501
116240,12966,6382,116250,13106,6596
116260,12967,6373,116270,13113,6525
116280,12967,6470,116290,13108,6416
116300,12960,6566,116310,13117,6410
116320,12969,6482,116330,13124,6518
116340,12952,6386,116350,13125,6606
116360,12961,6376,116370,13109,6523
116380,12969,6472,116390,13108,6412
116400,12966,6552,116410,13121,6407
116420,12952,6484,116430,13120,6509
116440,12949,6388,116450,13127,6602
116460,12962,6366,116470,13131,6540
116480,12955,6480,116490,13114,6413
116500,12976,6555,116510,13129,6412
116520,12966,6498,116530,13119,6517
116540,12946,6369,116550,13119,6590
116560,12970,6370,116570,13116,6517
116580,12959,6475,116590,13121,6413
116600,12967,6556,116610,13109,6411
116620,12960,6481,116630,13130,6515
116640,12959,6371,116650,13115,6586
116660,12961,6370,116670,13106,6519
116680,12953,6488,116690,13117,6408
116700,12947,6554,116710,13119,6404
116720,12958,6486,116730,13117,6530
116740,12952,6377,116750,13119,6594
116760,12949,6373,116770,13132,6526
116780,12958,6490,116790,13120,6403
116800,12957,6550,116810,13128,6409
116820,12950,6479,116830,13121,6520
116840,12954,6363,116850,13116,6585
116860,12959,6369,116870,13125,6514
116880,12963,6486,116890,13116,6416
116900,12951,6550,116910,13125,6407
116920,12953,6484,116930,13107,6534
116940,12956,6372,116950,13112,6592
116960,12964,6378,116970,13110,6519
116980,12950,6494,116990,13122,6409
117000,12959,6544,117010,13122,6411
117020,12961,6485,117030,13126,6546
117040,12967,6371,117050,13125,6590
117060,12958,6373,117070,13123,6518
117080,12963,6502,117090,13119,6399
117100,12963,6539,117110,13117,6399
117120,12959,6469,117130,13113,6530
117140,12965,6361,117150,13131,6587
117160,12955,6370,117170,13103,6502
117180,12930,6490,117190,13090,6390
117200,12925,6529,117210,13090,6402
117220,12929,6463,117230,13081,6531
117240,12925,6365,117250,13088,6583
117260,12916,6375,117270,13041,6496
117280,12861,6479,117290,13037,6360
117300,12900,6538,117310,13040,6393
117320,12853,6458,117330,13098,6532
117340,12965,6365,117350,13106,6579
117360,12953,6376,117370,13122,6514
117380,12960,6515,117390,13123,6405
117400,12964,6556,117410,13121,6410
117420,12964,6476,117430,13112,6544
117440,12959,6368,117450,13116,6586
117460,12963,6375,117470,13117,6514
117480,12963,6515,117490,13114,6405
117500,12950,6545,117510,13113,6419
117520,12960,6470,117530,13115,6560
117540,12953,6363,117550,13121,6582
117560,12957,6377,117570,13105,6511
117580,12958,6514,117590,13105,6398
117600,12958,6545,117610,13115,6415
117620,12960,6470,117630,13111,6559
117640,12968,6370,117650,13121,6578
117660,12951,6380,117670,13116,6508
117680,12962,6512,117690,13112,6407
117700,12956,6538,117710,13123,6419
117720,12961,6472,117730,13124,6556
117740,12960,6363,117750,13121,6578
117760,12965,6381,117770,13111,6508
117780,12949,6515,117790,13117,6406
117800,12948,6538,117810,13117,6416
117820,12958,6468,117830,13123,6564
117840,12950,6364,117850,13116,6563
117860,12956,6386,117870,13117,6502
117880,12952,6519,117890,13107,6405
117900,12952,6539,117910,13118,6418
117920,12952,6470,117930,13125,6565
117940,12952,6359,117950,13126,6572
117960,12948,6376,117970,13128,6505
117980,12956,6528,117990,13111,6399
118000,12963,6522,118010,13132,6416
118020,12950,6461,118030,13125,6570
118040,12959,6363,118050,13119,6577
118060,12956,6383,118070,13121,6505
118080,12949,6531,118090,13117,6404
118100,12962,6530,118110,13126,6417
118120,12957,6464,118130,13126,6574
118140,12960,6358,118150,13113,6565
118160,12956,6367,118170,13113,6490
118180,12949,6528,118190,13115,6380
118200,12950,6506,118210,13110,6399
118220,12950,6450,118230,13126,6562
118240,12953,6363,118250,13116,6551
118260,12935,6365,118270,13099,6478
118280,12919,6515,118290,13080,6374
118300,12916,6521,118310,13081,6417
118320,12911,6450,118330,13076,6578
118340,12922,6360,118350,13088,6563
118360,12949,6386,118370,13095,6492
118380,12972,6539,118390,13113,6400
118400,12971,6518,118410,13110,6416
118420,12969,6465,118430,13108,6583
118440,12972,6359,118450,13116,6559
118460,12970,6379,118470,13114,6504
118480,12971,6553,118490,13117,6398
118500,12957,6516,118510,13117,6422
118520,12950,6458,118530,13124,6580
118540,12979,6370,118550,13108,6559
118560,12959,6387,118570,13121,6494
118580,12965,6554,118590,13110,6391
118600,12962,6531,118610,13124,6426
118620,12958,6459,118630,13123,6581
118640,12959,6361,118650,13125,6555
118660,12954,6389,118670,13117,6497
118680,12945,6552,118690,13127,6399
118700,12955,6528,118710,13121,6426
118720,12957,6455,118730,13112,6582
118740,12953,6367,118750,13128,6558
118760,12959,6383,118770,13114,6484
118780,12957,6545,118790,13102,6398
118800,12950,6521,118810,13123,6435
118820,12952,6456,118830,13126,6593
118840,12956,6371,118850,13121,6562
118860,12958,6396,118870,13120,6486
118880,12965,6560,118890,13121,6408
118900,12961,6514,118910,13117,6432
118920,12971,6460,118930,13125,6595
118940,12954,6355,118950,13131,6554
118960,12956,6397,118970,13119,6490
118980,12965,6557,118990,13114,6401
119000,12973,6516,119010,13133,6432
119020,12968,6454,119030,13120,6595
119040,12947,6366,119050,13124,6556
119060,12931,6391,119070,13101,6472
119080,12955,6561,119090,13118,6401
119100,12958,6515,119110,13115,6437
119120,12962,6435,119130,13128,6602
119140,12959,6358,119150,13125,6559
119160,12964,6395,119170,13126,6479
119180,12967,6556,119190,13128,6398
119200,12947,6521,119210,13121,6444
119220,12949,6435,119230,13129,6593
119240,12963,6355,119250,13116,6539
119260,12963,6400,119270,13134,6467
119280,12956,6552,119290,13116,6399
119300,12960,6506,119310,13116,6434
119320,12946,6417,119330,13100,6583
119340,12932,6346,119350,13112,6547
119360,12910,6396,119370,13109,6472
119380,12932,6564,119390,13097,6400
119400,12933,6509,119410,13101,6451
119420,12965,6438,119430,13115,6598
119440,12971,6376,119450,13105,6551
119460,12967,6414,119470,13117,6468
119480,12961,6555,119490,13114,6401
119500,12972,6514,119510,13114,6449
119520,12957,6428,119530,13115,6601
119540,12961,6369,119550,13123,6546
119560,12969,6414,119570,13127,6471
119580,12962,6561,119590,13121,6405
119600,12960,6503,119610,13128,6451
119620,12968,6426,119630,13127,6598
119640,12967,6373,119650,13113,6540
119660,12972,6417,119670,13116,6457
119680,12964,6568,119690,13112,6413
119700,12949,6509,119710,13106,6463
119720,12958,6412,119730,13117,6607
119740,12960,6369,119750,13127,6542
119760,12960,6416,119770,13123,6460
119780,12952,6564,119790,13121,6404
119800,12960,6502,119810,13117,6458
119820,12958,6418,119830,13120,6595
119840,12964,6361,119850,13124,6538
119860,12967,6422,119870,13118,6454
119880,12961,6563,119890,13119,6403
119900,12960,6502,119910,13114,6461
119920,12961,6421,119930,13109,6603
119940,12956,6365,119950,13116,6543
119960,12961,6431,119970,13122,6448
119980,12963,6567,119990,13128,6392
120000,12968,6502,120010,13130,6464
120020,12949,6397,120030,13122,6599
120040,12955,6365,120050,13125,6539
120060,12956,6432,120070,13126,6449
120080,12958,6569,120090,13134,6404
120100,12961,6496,120110,13126,6479
120120,12979,6407,120130,13120,6612
120140,12954,6367,120150,13116,6535
120160,12952,6445,120170,13123,6445
120180,12969,6563,120190,13127,6397
120200,12961,6500,120210,13130,6480
120220,12960,6403,120230,13120,6594
120240,12948,6363,120250,13110,6541
120260,12949,6432,120270,13113,6441
120280,12955,6561,120290,13110,6397
120300,12950,6485,120310,13113,6472
120320,12954,6381,120330,13120,6589
120340,12963,6357,120350,13116,6527
120360,12958,6432,120370,13113,6411
120380,12958,6549,120390,13110,6394
120400,12929,6472,120410,13092,6455
120420,12906,6363,120430,13083,6582
120440,12911,6359,120450,13080,6523
120460,12909,6446,120470,13059,6419
120480,12912,6561,120490,13084,6400
120500,12946,6492,120510,13102,6486
120520,12963,6396,120530,13114,6595
120540,12961,6377,120550,13114,6530
120560,12975,6445,120570,13051,6405
120580,12965,6556,120590,13056,6394
120600,12949,6490,120610,13055,6483
120620,12977,6383,120630,13116,6603
120640,12958,6371,120650,13103,6524
120660,12952,6453,120670,13118,6423
120680,12960,6563,120690,13123,6400
120700,12959,6489,120710,13115,6496
120720,12954,6382,120730,13117,6596
120740,12962,6371,120750,13129,6536
120760,12954,6465,120770,13122,6419
120780,12964,6563,120790,13118,6403
120800,12959,6490,120810,13121,6502
120820,12960,6380,120830,13118,6600
120840,12967,6372,120850,13127,6523
120860,12903,6460,120870,13118,6413
120880,12950,6554,120890,13121,6401
120900,12968,6492,120910,13124,6503
120920,12954,6375,120930,13124,6600
120940,12955,6362,120950,13114,6515
120960,12965,6469,120970,13114,6402
120980,12971,6566,120990,13114,6404
121000,12954,6487,121010,13136,6518
121020,12953,6368,121030,13113,6595
121040,12942,6371,121050,13125,6520
121060,12973,6475,121070,13127,6422
121080,12962,6556,121090,13110,6403
121100,12956,6494,121110,13119,6515
121120,12957,6374,121130,13117,6589
121140,12963,6362,121150,13112,6522
121160,12823,6433,121170,13120,6399
121180,12954,6554,121190,13110,6398
121200,12966,6484,121210,13115,6507
121220,12958,6373,121230,13123,6598
121240,12951,6368,121250,13121,6526
121260,12959,6489,121270,13118,6418
121280,12947,6558,121290,13127,6413
121300,12968,6484,121310,13132,6516
121320,12958,6366,121330,13124,6588
121340,12955,6356,121350,13125,6523
121360,12956,6483,121370,13109,6408
121380,12957,6540,121390,13123,6395
121400,12965,6474,121410,13122,6521
121420,12954,6365,121430,13117,6577
121440,12963,6360,121450,13115,6515
121460,12943,6476,121470,13094,6392
121480,12919,6526,121490,13083,6395
121500,12929,6475,121510,13085,6519
121520,12917,6365,121530,13092,6580
121540,12940,6371,121550,13098,6514
121560,12943,6483,121570,13109,6407
121580,12964,6547,121590,13110,6407
121600,12965,6487,121610,13102,6532
121620,12959,6367,121630,13120,6592
121640,12974,6390,121650,13129,6526
121660,12956,6493,121670,13119,6419
121680,12964,6545,121690,13124,6417
121700,12965,6489,121710,13114,6534
121720,12976,6376,121730,13141,6585
121740,12957,6371,121750,13126,6519
121760,12832,6454,121770,13112,6397
121780,12973,6547,121790,13114,6400
121800,12970,6481,121810,13113,6534
121820,12960,6370,121830,13118,6581
121840,12950,6376,121850,13116,6518
121860,12957,6498,121870,13112,6393
121880,12958,6541,121890,13131,6418
121900,12957,6478,121910,13121,6541
121920,12948,6375,121930,13128,6583
121940,12951,6379,121950,13134,6520
121960,12966,6506,121970,13113,6409
121980,12970,6546,121990,13123,6413
122000,12953,6490,122010,13135,6558
122020,12963,6373,122030,13117,6588
122040,12962,6376,122050,13132,6518
122060,12822,6476,122070,13116,6389
122080,12956,6536,122090,13128,6413
122100,12968,6481,122110,13129,6543
122120,12952,6368,122130,13128,6581
122140,12962,6382,122150,13122,6509
122160,12953,6510,122170,13117,6404
122180,12955,6542,122190,13118,6421
122200,12957,6475,122210,13121,6547
122220,12949,6365,122230,13115,6579
122240,12962,6384,122250,13120,6508
122260,12958,6521,122270,13117,6406
122280,12956,6533,122290,13117,6414
122300,12960,6475,122310,13117,6549
122320,12955,6361,122330,13124,6567
122340,12955,6373,122350,13115,6510
122360,12955,6513,122370,13118,6407
122380,12956,6541,122390,13123,6412
122400,12960,6469,122410,13114,6558
122420,12954,6368,122430,13125,6569
122440,12961,6367,122450,13112,6495
122460,12953,6508,122470,13124,6394
122480,12962,6522,122490,13105,6403
122500,12961,6455,122510,13116,6545
122520,12955,6353,122530,13105,6560
122540,12939,6353,122550,13089,6490
122560,12916,6508,122570,13084,6388
122580,12923,6536,122590,13086,6411
122600,12910,6471,122610,13087,6569
122620,12920,6363,122630,13095,6563
122640,12942,6371,122650,13094,6495
122660,12828,6491,122670,13049,6368
122680,12873,6518,122690,13037,6384
122700,12951,6465,122710,13093,6554
122720,12926,6367,122730,13116,6563
122740,12963,6377,122750,13115,6503
122760,12963,6530,122770,13124,6403
122780,12958,6531,122790,13112,6418
122800,12958,6461,122810,13115,6565
122820,12950,6356,122830,13116,6563
122840,12962,6380,122850,13107,6499
122860,12962,6538,122870,13112,6404
122880,12962,6532,122890,13122,6423
122900,12956,6458,122910,13111,6572
122920,12950,6363,122930,13120,6568
122940,12942,6378,122950,13135,6505
122960,12955,6540,122970,13129,6402
122980,12961,6523,122990,13129,6410
123000,12956,6464,123010,13134,6581
123020,12959,6365,123030,13132,6574
123040,12958,6379,123050,13136,6500
123060,12958,6539,123070,13129,6404
123080,12976,6523,123090,13128,6419
123100,12958,6464,123110,13137,6588
123120,12960,6367,123130,13139,6565
123140,12955,6389,123150,13122,6509
123160,12960,6546,123170,13120,6402
123180,12968,6519,123190,13114,6422
123200,12962,6466,123210,13125,6584
123220,12959,6356,123230,13119,6556
123240,12955,6393,123250,13123,6498
123260,12966,6547,123270,13118,6391
123280,12965,6524,123290,13131,6427
123300,12953,6459,123310,13119,6581
123320,12944,6363,123330,13124,6546
123340,12948,6385,123350,13114,6489
123360,12956,6540,123370,13116,6396
123380,12954,6519,123390,13119,6423
123400,12957,6450,123410,13123,6581
123420,12959,6372,123430,13124,6561
123440,12960,6381,123450,13125,6488
123460,12962,6539,123470,13125,6399
123480,12964,6523,123490,13120,6423
123500,12963,6450,123510,13124,6568
123520,12956,6364,123530,13130,6542
123540,12952,6372,123550,13121,6472
123560,12818,6503,123570,13115,6375
123580,12952,6486,123590,13112,6397
123600,12952,6422,123610,13104,6562
123620,12924,6327,123630,13080,6522
123640,12887,6358,123650,13076,6447
123660,12880,6512,123670,13054,6370
123680,12838,6488,123690,13086,6415
123700,12944,6448,123710,13102,6577
123720,12959,6356,123730,13112,6554
123740,12960,6392,123750,13128,6493
123760,12962,6554,123770,13126,6401
123780,12961,6518,123790,13121,6434
123800,12976,6445,123810,13116,6593
123820,12973,6363,123830,13125,6555
123840,12954,6399,123850,13131,6486
123860,12958,6549,123870,13126,6401
123880,12966,6512,123890,13125,6445
123900,12961,6439,123910,13109,6593
123920,12957,6354,123930,13119,6544
123940,12956,6393,123950,13122,6475
123960,12957,6561,123970,13115,6397
123980,12958,6516,123990,13122,6429
124000,12970,6441,124010,13121,6594
124020,12961,6371,124030,13122,6551
124040,12973,6403,124050,13115,6481
124060,12956,6551,124070,13115,6400
124080,12960,6517,124090,13114,6447
124100,12968,6440,124110,13129,6605
124120,12959,6363,124130,13116,6542
124140,12962,6400,124150,13135,6476
124160,12935,6549,124170,13111,6400
124180,12961,6519,124190,13125,6451
124200,12949,6433,124210,13124,6600
124220,12950,6362,124230,13130,6550
124240,12967,6410,124250,13127,6464
124260,12952,6557,124270,13126,6403
124280,12953,6513,124290,13132,6448
124300,12954,6431,124310,13129,6596
124320,12968,6368,124330,13122,6536
124340,12966,6407,124350,13131,6473
124360,12955,6558,124370,13125,6407
124380,12961,6508,124390,13123,6450
124400,12959,6431,124410,13130,6601
124420,12961,6366,124430,13131,6559
124440,12954,6410,124450,13112,6449
124460,12959,6561,124470,13123,6406
124480,12962,6511,124490,13122,6451
124500,12969,6427,124510,13124,6599
124520,12978,6370,124530,13118,6540
124540,12963,6423,124550,13129,6452
124560,12964,6561,124570,13123,6396
124580,12965,6502,124590,13133,6458
124600,12946,6411,124610,13119,6593
124620,12958,6350,124630,13121,6526
124640,12957,6412,124650,13121,6442
124660,12942,6542,124670,13115,6380
124680,12930,6476,124690,13096,6438
124700,12905,6386,124710,13089,6585
124720,12910,6355,124730,13084,6528
124740,12913,6424,124750,13079,6451
124760,12918,6565,124770,13088,6394
124780,12945,6507,124790,13101,6452
124800,12963,6420,124810,13110,6597
124820,12969,6373,124830,13112,6543
124840,12960,6435,124850,13108,6447
124860,12949,6567,124870,13111,6401
124880,12968,6497,124890,13115,6463
124900,12951,6410,124910,13121,6602
124920,12968,6362,124930,13106,6531
124940,12964,6434,124950,13114,6440
124960,12960,6562,124970,13116,6403
124980,12973,6505,124990,13121,6478
125000,12971,6409,125010,13119,6600
125020,12967,6374,125030,13121,6532
125040,12963,6436,125050,13119,6435
125060,12823,6516,125070,13110,6387
125080,12959,6490,125090,13118,6474
125100,12953,6398,125110,13107,6591
125120,12959,6368,125130,13121,6524
125140,12952,6443,125150,13033,6406
125160,12954,6549,125170,13108,6394
125180,12960,6484,125190,13122,6481
125200,12947,6385,125210,13118,6604
125220,12960,6369,125230,13125,6535
125240,12951,6444,125250,13128,6430
125260,12957,6561,125270,13114,6399
125280,12955,6493,125290,13118,6489
125300,12953,6390,125310,13120,6602
125320,12954,6371,125330,13113,6525
125340,12949,6453,125350,13126,6422
125360,12955,6565,125370,13121,6401
125380,12949,6482,125390,13118,6477
125400,12951,6381,125410,13123,6610
125420,12959,6378,125430,13125,6541
125440,12953,6450,125450,13125,6417
125460,12949,6570,125470,13132,6410
125480,12968,6499,125490,13124,6494
125500,12957,6387,125510,13141,6609
125520,12953,6375,125530,13125,6527
125540,12961,6462,125550,13126,6426
125560,12953,6561,125570,13109,6404
125580,12962,6491,125590,13117,6502
125600,12964,6392,125610,13125,6595
125620,12958,6372,125630,13121,6530
125640,12956,6464,125650,13119,6411
125660,12941,6552,125670,13120,6392
125680,12961,6487,125690,13117,6489
125700,12971,6363,125710,13119,6584
125720,12947,6343,125730,13126,6506
125740,12954,6455,125750,13102,6391
125760,12929,6541,125770,13104,6393
125780,12920,6482,125790,13098,6500
125800,12924,6372,125810,13085,6591
125820,12936,6370,125830,13094,6531
125840,12942,6473,125850,13117,6407
125860,12967,6551,125870,13105,6403
125880,12947,6490,125890,13112,6513
125900,12954,6377,125910,13113,6592
125920,12960,6370,125930,13120,6518
125940,12960,6476,125950,13121,6410
125960,12954,6555,125970,13110,6398
125980,12963,6493,125990,13122,6516
126000,12966,6381,126010,13125,6589
126020,12975,6373,126030,13114,6522
126040,12957,6484,126050,13119,6412
126060,12945,6549,126070,13135,6416
126080,12950,6488,126090,13111,6523
126100,12950,6372,126110,13115,6588
126120,12958,6366,126130,13115,6521
126140,12952,6474,126150,13116,6423
126160,12952,6550,126170,13126,6403
126180,12960,6487,126190,13120,6524
126200,12965,6381,126210,13126,6598
126220,12969,6374,126230,13124,6521
126240,12958,6490,126250,13131,6415
126260,12952,6550,126270,13124,6410
126280,12960,6479,126290,13119,6535
126300,12957,6368,126310,13116,6586
126320,12958,6372,126330,13121,6525
126340,12951,6493,126350,13135,6405
126360,12955,6544,126370,13131,6410
126380,12957,6489,126390,13121,6529
126400,12969,6375,126410,13121,6590
126420,12962,6372,126430,13120,6523
126440,12952,6498,126450,13113,6410
126460,12951,6531,126470,13116,6410
126480,12952,6476,126490,13125,6530
126500,12950,6369,126510,13123,6597
126520,12962,6368,126530,13110,6519
126540,12958,6500,126550,13124,6410
126560,12944,6543,126570,13112,6407
126580,12953,6470,126590,13113,6530
126600,12950,6375,126610,13119,6564
126620,12945,6375,126630,13121,6510
126640,12956,6496,126650,13112,6404
126660,12959,6540,126670,13106,6405
126680,12949,6472,126690,13113,6540
126700,12950,6369,126710,13109,6575
126720,12955,6361,126730,13107,6500
126740,12952,6494,126750,13127,6393
126760,12969,6539,126770,13123,6415
126780,12965,6474,126790,13118,6540
126800,12957,6355,126810,13107,6558
126820,12928,6348,126830,13096,6498
126840,12917,6490,126850,13090,6390
126860,12907,6534,126870,13083,6403
126880,12920,6473,126890,13076,6538
126900,12924,6362,126910,13084,6576
126920,12940,6378,126930,13104,6501
126940,12959,6516,126950,13092,6393
126960,12960,6532,126970,13100,6410
126980,12971,6472,126990,13095,6555
127000,12965,6374,127010,13123,6581
127020,12958,6381,127030,13112,6508
127040,12963,6513,127050,13111,6399
127060,12959,6538,127070,13111,6412
127080,12956,6477,127090,13115,6551
127100,12962,6369,127110,13121,6580
127120,12950,6372,127130,13120,6510
127140,12962,6511,127150,13111,6405
127160,12962,6535,127170,13101,6403
127180,12956,6472,127190,13096,6555
127200,12956,6363,127210,13113,6570
127220,12952,6376,127230,13128,6510
127240,12962,6519,127250,13117,6399
127260,12960,6528,127270,13123,6420
127280,12962,6471,127290,13119,6564
127300,12959,6363,127310,13123,6571
127320,12949,6381,127330,13120,6501
127340,12954,6521,127350,13113,6400
127360,12962,6539,127370,13132,6419
127380,12956,6468,127390,13123,6561
127400,12962,6364,127410,13123,6570
127420,12953,6374,127430,13121,6510
127440,12953,6521,127450,13118,6393
127460,12954,6523,127470,13114,6413
127480,12951,6460,127490,13122,6560
127500,12945,6359,127510,13116,6560
127520,12955,6382,127530,13109,6502
127540,12948,6525,127550,13109,6401
127560,12956,6527,127570,13114,6412
127580,12950,6455,127590,13127,6575
127600,12947,6355,127610,13118,6569
127620,12965,6382,127630,13126,6496
127640,12958,6524,127650,13118,6399
127660,12951,6527,127670,13126,6423
127680,12961,6465,127690,13116,6584
127700,12963,6367,127710,13111,6557
127720,12954,6383,127730,13126,6495
127740,12965,6538,127750,13125,6409
127760,12950,6533,127770,13110,6430
127780,12956,6464,127790,13048,6548
127800,12948,6349,127810,13122,6547
127820,12963,6369,127830,13130,6497
127840,12953,6539,127850,13120,6388
127860,12964,6514,127870,13127,6410
127880,12943,6443,127890,13110,6560
127900,12929,6346,127910,13089,6543
127920,12922,6369,127930,13085,6493
127940,12912,6539,127950,13098,6393
127960,12926,6528,127970,13083,6416
127980,12954,6463,127990,13114,6579
128000,12965,6368,128010,13108,6558
128020,12963,6387,128030,13106,6495
128040,12966,6549,128050,13106,6398
128060,12912,6529,128070,13097,6411
128080,12960,6455,128090,13073,6573
128100,12934,6363,128110,13103,6556
128120,12964,6386,128130,13105,6494
128140,12963,6551,128150,13117,6400
128160,12958,6505,128170,13125,6418
128180,12955,6454,128190,13112,6578
128200,12957,6363,128210,13112,6555
128220,12959,6376,128230,13124,6483
128240,12966,6548,128250,13124,6390
128260,12947,6516,128270,13131,6430
128280,12959,6460,128290,13126,6593
128300,12946,6359,128310,13122,6552
128320,12960,6388,128330,13120,6489
128340,12948,6554,128350,13122,6401
128360,12969,6505,128370,13124,6428
128380,12954,6451,128390,13125,6596
128400,12959,6364,128410,13117,6552
128420,12961,6395,128430,13136,6485
128440,12956,6554,128450,13111,6400
128460,12958,6515,128470,13125,6432
128480,12960,6448,128490,13126,6586
128500,12960,6362,128510,13131,6550
128520,12951,6394,128530,13132,6482
128540,12955,6556,128550,13131,6404
128560,12965,6509,128570,13125,6430
128580,12960,6445,128590,13131,6599
128600,12954,6359,128610,13109,6549
128620,12959,6388,128630,13120,6488
128640,12974,6562,128650,13124,6400
128660,12887,6498,128670,13126,6422
128680,12954,6436,128690,13138,6591
128700,12953,6358,128710,13117,6550
128720,12959,6395,128730,13123,6477
128740,12959,6560,128750,13130,6404
128760,12960,6520,128770,13121,6437
128780,12952,6442,128790,13120,6594
128800,12959,6366,128810,13121,6543
128820,12966,6404,128830,13118,6473
128840,12955,6561,128850,13130,6402
128860,12970,6514,128870,13122,6435
128880,12964,6426,128890,13121,6587
128900,12963,6355,128910,13110,6539
128920,12960,6390,128930,13125,6470
128940,12949,6549,128950,13112,6389
128960,12934,6487,128970,13104,6427
128980,12917,6419,128990,13076,6584
129000,12916,6362,129010,13064,6528
129020,12910,6401,129030,13067,6456
129040,12921,6555,129050,13079,6398
129060,12943,6508,129070,13106,6442
129080,12959,6435,129090,13108,6593
129100,12955,6374,129110,13108,6539
129120,12956,6407,129130,13121,6452
129140,12953,6560,129150,13112,6399
129160,12961,6505,129170,13117,6457
129180,12964,6437,129190,13113,6594
129200,12965,6362,129210,13121,6545
129220,12958,6413,129230,13115,6460
129240,12964,6562,129250,13121,6400
129260,12961,6515,129270,13106,6459
129280,12962,6421,129290,13107,6599
129300,12974,6367,129310,13114,6541
129320,12952,6416,129330,13108,6456
129340,12963,6559,129350,13132,6411
129360,12955,6504,129370,13124,6467
129380,12957,6419,129390,13129,6597
129400,12953,6365,129410,13130,6543
129420,12957,6426,129430,13119,6447
129440,12960,6558,129450,13127,6404
129460,12957,6492,129470,13129,6464
129480,12959,6421,129490,13126,6608
129500,12978,6375,129510,13125,6549
129520,12965,6436,129530,13129,6452
129540,12957,6565,129550,13125,6412
129560,12957,6499,129570,13125,6469
129580,12962,6406,129590,13125,6600
129600,12962,6366,129610,13124,6533
129620,12961,6431,129630,13126,6446
129640,12957,6556,129650,13120,6404
129660,12952,6503,129670,13122,6484
129680,12958,6405,129690,13132,6597
129700,12961,6367,129710,13125,6537
129720,12957,6445,129730,13127,6442
129740,12956,6563,129750,13120,6408
129760,12963,6495,129770,13143,6487
129780,12964,6406,129790,13132,6615
129800,12962,6372,129810,13114,6540
129820,12968,6444,129830,13127,6434
129840,12966,6565,129850,13115,6400
129860,12971,6509,129870,13124,6482
129880,12961,6408,129890,13134,6606
129900,12961,6367,129910,13127,6543
129920,12967,6447,129930,13131,6434
129940,12945,6562,129950,13130,6402
129960,12958,6484,129970,13124,6482
129980,12962,6390,129990,13126,6595
130000,12969,6369,130010,13122,6534
130020,12947,6436,130030,13101,6410
130040,12924,6556,130050,13110,6388
130060,12924,6488,130070,13096,6484
130080,12948,6388,130090,13097,6602
130100,12922,6374,130110,13089,6530
130120,12957,6451,130130,13122,6425
130140,12974,6563,130150,13102,6399
130160,12896,6488,130170,13055,6492
130180,12875,6359,130190,13073,6577
130200,12941,6365,130210,13044,6508
130220,12960,6458,130230,13120,6426
130240,12954,6558,130250,13129,6414
130260,12964,6493,130270,13118,6505
130280,12960,6377,130290,13123,6602
130300,12960,6376,130310,13124,6528
130320,12960,6461,130330,13117,6418
130340,12964,6567,130350,13133,6403
130360,12968,6486,130370,13136,6508
130380,12963,6388,130390,13122,6593
130400,12963,6370,130410,13123,6526
130420,12964,6470,130430,13126,6422
130440,12963,6569,130450,13111,6405
130460,12964,6493,130470,13132,6518
130480,12958,6382,130490,13134,6600
130500,12962,6368,130510,13119,6528
130520,12959,6473,130530,13119,6418
130540,12954,6558,130550,13125,6408
130560,12961,6499,130570,13125,6518
130580,12960,6381,130590,13119,6597
130600,12954,6373,130610,13122,6529
130620,12965,6482,130630,13134,6423
130640,12959,6561,130650,13110,6406
130660,12958,6488,130670,13114,6512
130680,12954,6382,130690,13123,6595
130700,12956,6369,130710,13130,6534
130720,12957,6483,130730,13131,6417
130740,12956,6551,130750,13114,6410
130760,12950,6482,130770,13117,6522
130780,12944,6372,130790,13035,6562
130800,12950,6359,130810,13115,6523
130820,12960,6482,130830,13117,6406
130840,12945,6556,130850,13114,6404
130860,12961,6479,130870,13124,6531
130880,12960,6376,130890,13119,6584
130900,12960,6375,130910,13118,6523
130920,12959,6489,130930,13118,6402
130940,12957,6551,130950,13118,6407
130960,12945,6488,130970,13122,6538
130980,12955,6377,130990,13122,6595
131000,12957,6354,131010,13121,6521
131020,12957,6486,131030,13129,6388
131040,12955,6532,131050,13120,6401
131060,12957,6460,131070,13123,6517
131080,12936,6344,131090,13097,6557
131100,12935,6323,131110,13088,6489
131120,12916,6477,131130,13073,6392
131140,12921,6545,131150,13082,6394
131160,12914,6480,131170,13072,6530
131180,12923,6370,131190,13083,6577
131200,12940,6366,131210,13101,6512
131220,12974,6499,131230,13097,6404
131240,12954,6545,131250,13102,6414
131260,12968,6474,131270,13110,6526
131280,12965,6379,131290,13110,6581
131300,12968,6368,131310,13114,6520
131320,12958,6506,131330,13115,6416
131340,12967,6549,131350,13111,6403
131360,12963,6482,131370,13123,6543
131380,12965,6377,131390,13115,6582
131400,12962,6373,131410,13130,6527
131420,12958,6509,131430,13118,6401
131440,12960,6551,131450,13128,6407
131460,12961,6483,131470,13127,6548
131480,12956,6366,131490,13123,6574
131500,12961,6374,131510,13124,6516
131520,12953,6510,131530,13107,6395
131540,12957,6538,131550,13127,6418
131560,12967,6476,131570,13128,6553
131580,12960,6370,131590,13134,6586
131600,12965,6380,131610,13122,6516
131620,12950,6504,131630,13121,6407
131640,12969,6539,131650,13007,6386
131660,12965,6472,131670,13038,6522
131680,12968,6364,131690,13039,6549
131700,12962,6361,131710,13124,6503
131720,12955,6509,131730,13110,6395
131740,12956,6536,131750,13125,6418
131760,12968,6483,131770,13130,6545
131780,12953,6366,131790,13125,6572
131800,12957,6378,131810,13112,6517
131820,12961,6517,131830,13119,6413
131840,12951,6537,131850,13118,6407
131860,12941,6471,131870,13115,6552
131880,12951,6363,131890,13125,6581
131900,12962,6381,131910,13127,6512
131920,12956,6516,131930,13120,6402
131940,12959,6535,131950,13044,6407
131960,12953,6465,131970,13119,6556
131980,12963,6358,131990,13122,6574
132000,12965,6378,132010,13119,6511
132020,12951,6515,132030,13113,6402
132040,12951,6535,132050,13125,6414
132060,12957,6476,132070,13126,6550
132080,12961,6356,132090,13118,6556
132100,12965,6369,132110,13121,6505
132120,12966,6524,132130,13123,6411
132140,12946,6524,132150,13112,6410
132160,12950,6458,132170,13106,6543
132180,12928,6350,132190,13090,6560
132200,12910,6363,132210,13082,6503
132220,12926,6528,132230,13088,6397
132240,12926,6531,132250,12981,6380
132260,12865,6457,132270,13043,6549
132280,12866,6347,132290,13063,6546
132300,12886,6371,132310,13056,6491
132320,12962,6528,132330,13107,6393
132340,12953,6526,132350,13112,6408
132360,12960,6465,132370,13110,6571
132380,12965,6366,132390,13123,6571
132400,12955,6374,132410,13119,6501
132420,12955,6531,132430,13117,6390
132440,12958,6526,132450,13117,6416
132460,12946,6462,132470,13121,6569
132480,12948,6361,132490,13118,6570
132500,12967,6384,132510,13118,6504
132520,12957,6537,132530,13127,6397
132540,12956,6527,132550,13003,6376
132560,12956,6450,132570,13117,6568
132580,12955,6350,132590,13113,6563
132600,12947,6379,132610,13117,6501
132620,12949,6543,132630,13131,6403
132640,12958,6520,132650,13120,6414
132660,12946,6461,132670,13121,6570
132680,12954,6361,132690,13123,6549
132700,12956,6385,132710,13107,6499
132720,12953,6537,132730,13112,6397
132740,12952,6522,132750,13121,6414
132760,12957,6458,132770,13121,6582
132780,12948,6357,132790,13113,6547
132800,12942,6372,132810,13119,6488
132820,12953,6536,132830,13115,6398
132840,12945,6516,132850,13125,6422
132860,12947,6444,132870,13119,6571
132880,12944,6352,132890,13113,6550
132900,12959,6383,132910,13128,6486
132920,12953,6537,132930,13125,6397
132940,12957,6518,132950,13116,6429
132960,12959,6457,132970,13120,6586
132980,12959,6360,132990,13129,6554
133000,12965,6394,133010,13122,6492
133020,12948,6547,133030,13118,6397
133040,12970,6520,133050,13131,6432
133060,12963,6445,133070,13122,6584
133080,12950,6356,133090,13115,6559
133100,12959,6400,133110,13120,6487
133120,12957,6543,133130,13122,6395
133140,12960,6511,133150,13006,6382
133160,12957,6432,133170,13125,6584
133180,12956,6336,133190,13116,6538
133200,12945,6368,133210,13122,6471
133220,12947,6534,133230,13115,6381
133240,12938,6498,133250,13094,6406
133260,12909,6422,133270,13090,6577
133280,12913,6361,133290,13077,6545
133300,12914,6392,133310,13081,6485
133320,12918,6547,133330,13082,6401
133340,12945,6517,133350,13108,6437
133360,12968,6453,133370,13108,6595
133380,12973,6380,133390,13115,6556
133400,12958,6393,133410,13118,6478
133420,12975,6557,133430,13104,6400
133440,12947,6511,133450,13125,6439
133460,12962,6433,133470,13126,6598
133480,12971,6368,133490,13127,6555
133500,12957,6398,133510,13119,6476
133520,12961,6551,133530,13126,6402
133540,12961,6509,133550,13127,6437
133560,12955,6432,133570,13120,6602
133580,12961,6359,133590,13124,6550
133600,12952,6401,133610,13113,6470
133620,12961,6558,133630,13121,6395
133640,12952,6511,133650,13116,6442
133660,12950,6424,133670,13122,6597
133680,12967,6355,133690,13107,6543
133700,12955,6411,133710,13121,6465
133720,12955,6550,133730,13125,6400
133740,12953,6502,133750,13003,6421
133760,12969,6416,133770,13112,6593
133780,12953,6359,133790,13110,6543
133800,12955,6410,133810,13117,6459
133820,12966,6567,133830,13122,6405
133840,12958,6511,133850,13130,6458
133860,12964,6427,133870,13128,6596
133880,12960,6373,133890,13131,6549
133900,12958,6426,133910,13125,6462
133920,12966,6564,133930,13122,6406
133940,12944,6502,133950,13104,6462
133960,12956,6411,133970,13124,6603
133980,12955,6364,133990,13115,6543
134000,12957,6421,134010,13119,6451
134020,12966,6562,134030,13123,6397
134040,12965,6506,134050,13086,6463
134060,12952,6406,134070,13124,6601
134080,12962,6358,134090,13113,6533
134100,12953,6423,134110,13116,6443
134120,12957,6568,134130,13133,6411
134140,12956,6502,134150,13116,6467
134160,12959,6406,134170,13117,6609
134180,12961,6365,134190,13131,6535
134200,12957,6436,134210,13115,6430
134220,12953,6561,134230,13111,6391
134240,12949,6491,134250,13116,6461
134260,12954,6387,134270,13124,6591
134280,12964,6356,134290,13114,6532
134300,12943,6415,134310,13108,6428
134320,12919,6539,134330,13093,6386
134340,12909,6493,134350,13086,6469
134360,12915,6405,134370,13077,6594
134380,12915,6363,134390,13081,6528
134400,12937,6437,134410,13093,6434
134420,12960,6567,134430,13103,6395
134440,12969,6502,134450,13103,6483
134460,12961,6390,134470,13118,6608
134480,12969,6366,134490,13112,6539
134500,12965,6463,134510,13126,6433
134520,12966,6562,134530,13124,6407
134540,12959,6498,134550,13115,6482
134560,12963,6390,134570,13122,6604
134580,12969,6372,134590,13118,6535
134600,12948,6448,134610,13119,6430
134620,12959,6564,134630,13135,6400
134640,12969,6493,134650,13097,6495
134660,12968,6387,134670,13108,6594
134680,12955,6368,134690,13119,6521
134700,12950,6457,134710,13127,6424
134720,12959,6564,134730,13119,6400
134740,12971,6490,134750,13129,6499
134760,12953,6389,134770,13116,6601
134780,12951,6375,134790,13124,6525
134800,12961,6469,134810,13121,6419
134820,12969,6558,134830,13127,6396
134840,12962,6502,134850,13115,6506
134860,12958,6373,134870,13121,6598
134880,12945,6364,134890,13113,6529
134900,12967,6456,134910,13110,6416
134920,12965,6555,134930,13126,6402
134940,12953,6484,134950,13123,6505
134960,12956,6372,134970,13116,6596
134980,12968,6366,134990,13146,6530
135000,12951,6479,135010,13124,6415
135020,12954,6552,135030,13124,6409
135040,12952,6486,135050,13121,6517
135060,12956,6378,135070,13128,6592
135080,12960,6371,135090,13134,6525
135100,12966,6489,135110,13114,6411
135120,12966,6561,135130,13124,6408
135140,12954,6487,135150,13130,6517
135160,12958,6379,135170,13129,6592
135180,12964,6369,135190,13122,6524
135200,12949,6470,135210,13119,6420
135220,12941,6551,135230,13119,6405
135240,12966,6490,135250,13102,6510
135260,12948,6374,135270,13107,6585
135280,12959,6357,135290,13119,6511
135300,12946,6475,135310,13128,6409
135320,12954,6536,135330,13114,6391
135340,12969,6474,135350,13131,6517
135360,12969,6354,135370,13112,6566
135380,12943,6352,135390,13108,6497
135400,12914,6467,135410,13086,6397
135420,12906,6550,135430,13083,6401
135440,12906,6484,135450,13084,6529
135460,12929,6380,135470,13070,6582
135480,12937,6369,135490,13100,6525
