61010,-17
61020,-5
61030,-17
61040,-12
61050,-18
61060,-11
61070,-22
61080,-6
61090,-33
61100,-21
61110,-22
61120,-17
61130,-26
61140,-15
61150,-20
61160,-20
61170,-13
61180,-16
61190,-19
61200,-14
61210,-35
61220,-7
61230,-9
61240,-15
61250,-22
61260,-11
61270,-32
61280,-16
61290,-16
61300,-27
61310,-29
61320,-23
61330,-27
61340,-26
61350,-27
61360,-14
61370,-20
61380,-21
61390,-29
61400,-20
61410,-20
61420,-27
61430,-21
61440,-20
61450,-27
61460,-21
61470,-22
61480,-16
61490,-12
61500,-16
61510,-16
61520,-18
61530,-9
61540,-20
61550,-18
61560,-19
61570,-22
61580,-28
61590,-23
61600,-13
61610,-18
61620,-21
61630,-16
61640,-21
61650,-10
61660,-16
61670,-21
61680,-22
61690,-20
61700,-15
61710,-21
61720,-26
61730,-27
61740,-28
61750,-21
61760,-24
61770,-20
61780,-25
61790,-23
61800,-28
61810,-18
61820,-16
61830,-30
61840,-25
61850,-26
61860,-17
61870,-19
61880,-25
61890,-19
61900,-12
61910,-19
61920,-13
61930,-32
61940,-16
61950,-18
61960,-18
61970,-19
61980,-16
61990,-24
62000,-7
62010,-20
62020,-35
62030,-24
62040,-16
62050,-30
62060,-14
62070,-12
62080,-19
62090,-21
62100,-21
62110,-15
62120,-25
62130,-15
62140,-23
62150,-8
62160,-16
62170,-30
62180,-8
62190,-7
62200,-17
62210,-9
62220,-20
62230,-17
62240,-10
62250,-13
62260,-15
62270,-17
62280,-13
62290,-24
62300,-12
62310,-17
62320,-14
62330,-19
62340,-19
62350,-10
62360,-18
62370,-25
62380,-11
62390,-11
62400,-23
62410,-13
62420,-24
62430,-29
62440,-24
62450,-20
62460,-16
62470,-26
62480,-24
62490,-22
62500,-28
62510,-23
62520,-12
62530,-15
62540,-23
62550,-27
62560,-27
62570,-16
62580,-19
62590,-12
62600,-26
62610,-23
62620,-34
62630,-22
62640,-24
62650,-12
62660,-23
62670,-18
62680,-15
62690,-24
62700,-18
62710,-24
62720,-19
62730,-13
62740,-20
62750,-26
62760,-18
62770,-13
62780,-27
62790,-16
62800,-23
62810,-13
62820,-15
62830,-23
62840,-20
62850,-33
62860,-25
62870,-18
62880,-23
62890,-20
62900,-32
62910,-8
62920,-24
62930,-22
62940,-17
62950,-9
62960,-15
62970,-14
62980,-23
62990,-19
63000,-24
63010,-16
63020,-14
63030,-14
63040,-17
63050,-24
63060,-24
63070,-16
63080,-22
63090,-30
63100,-17
63110,-27
63120,-22
63130,-21
63140,-23
63150,-20
63160,-23
63170,-16
63180,-19
63190,-23
63200,-13
63210,-23
63220,-12
63230,-24
63240,-24
63250,-17
63260,-14
63270,-24
63280,-25
63290,-16
63300,-26
63310,-14
63320,-25
63330,-24
63340,-6
63350,-17
63360,-12
63370,-27
63380,-19
63390,-30
63400,-19
63410,-19
63420,-22
63430,-13
63440,-29
63450,-16
63460,-24
63470,-16
63480,-15
63490,-16
63500,-17
63510,-21
63520,-29
63530,-19
63540,-19
63550,-20
63560,-21
63570,-22
63580,-23
63590,-13
63600,-25
63610,-12
63620,-18
63630,-20
63640,-22
63650,-22
63660,-9
63670,-26
63680,-13
63690,-18
63700,-25
63710,-17
63720,-28
63730,-31
63740,-27
63750,-13
63760,-17
63770,-19
63780,-29
63790,-11
63800,-18
63810,-12
63820,-21
63830,-24
63840,-29
63850,-17
63860,-14
63870,-27
63880,-23
63890,-30
63900,-30
63910,-12
63920,-18
63930,-10
63940,-27
63950,-22
63960,-19
63970,-18
63980,-5
63990,-26
64000,-12
64010,-23
64020,-29
64030,-18
64040,-22
64050,-18
64060,-15
64070,-26
64080,-10
64090,-24
64100,-27
64110,-17
64120,-9
64130,-16
64140,-20
64150,-20
64160,-24
64170,-14
64180,-11
64190,-12
64200,-24
64210,-12
64220,-10
64230,-22
64240,-19
64250,-20
64260,-26
64270,-30
64280,-11
64290,-26
64300,-14
64310,-14
64320,-19
64330,-20
64340,-14
64350,-15
64360,-20
64370,-16
64380,-26
64390,-16
64400,-20
64410,-15
64420,-25
64430,-29
64440,-23
64450,-13
64460,-27
64470,-19
64480,-24
64490,-11
64500,-19
64510,-24
64520,-11
64530,-20
64540,-17
64550,-12
64560,-11
64570,-18
64580,-20
64590,-13
64600,-11
64610,-26
64620,-8
64630,-11
64640,-12
64650,-2
64660,-24
64670,-24
64680,-16
64690,-13
64700,-24
64710,-8
64720,-21
64730,-11
64740,-18
64750,-19
64760,-12
64770,-10
64780,-12
64790,-11
64800,-29
64810,-20
64820,-19
64830,-22
64840,-14
64850,-21
64860,-25
64870,-18
64880,-12
64890,-10
64900,-17
64910,-34
64920,-18
64930,-20
64940,-15
64950,-22
64960,-27
64970,-27
64980,-18
64990,-10
65000,-19
65010,-18
65020,-23
65030,-26
65040,-9
65050,-13
65060,-17
65070,-17
65080,-26
65090,-23
65100,-25
65110,-16
65120,-37
65130,-13
65140,-23
65150,-23
65160,-13
65170,-18
65180,-18
65190,-19
65200,-27
65210,-13
65220,-10
65230,-22
65240,-13
65250,-18
65260,-16
65270,-21
65280,-24
65290,-3
65300,-19
65310,-14
65320,-21
65330,-16
65340,-25
65350,-8
65360,-11
65370,-23
65380,-19
65390,-18
65400,-18
65410,-15
65420,-16
65430,-14
65440,-11
65450,-10
65460,-14
65470,-16
65480,-22
65490,-25
65500,-17
65510,-15
65520,-23
65530,-13
65540,-22
65550,-13
65560,-19
65570,-31
65580,-15
65590,-19
65600,-21
65610,-17
65620,-23
65630,-18
65640,-29
65650,-13
65660,-23
65670,-14
65680,-13
65690,-28
65700,-22
65710,-23
65720,-19
65730,-20
65740,-19
65750,-30
65760,-23
65770,-13
65780,-26
65790,-20
65800,-18
65810,-23
65820,-11
65830,-8
65840,-12
65850,-15
65860,-14
65870,-25
65880,-29
65890,-15
65900,-15
65910,-17
65920,-21
65930,-16
65940,-30
65950,-30
65960,-16
65970,-28
65980,-21
65990,-27
66000,-9
66010,-29
66020,-20
66030,-35
66040,-24
66050,-16
66060,-26
66070,-21
66080,-32
66090,-20
66100,-25
66110,-17
66120,-17
66130,-26
66140,-26
66150,-26
66160,-22
66170,-21
66180,-22
66190,-21
66200,-16
66210,-25
66220,-23
66230,-17
66240,-20
66250,-30
66260,-18
66270,-14
66280,-32
66290,-28
66300,-23
66310,-26
66320,-19
66330,-22
66340,-26
66350,-16
66360,-18
66370,-32
66380,-14
66390,-28
66400,-19
66410,-18
66420,-18
66430,-13
66440,-20
66450,-11
66460,-21
66470,-16
66480,-15
66490,-10
66500,-27
66510,-18
66520,-17
66530,-18
66540,-20
66550,-26
66560,-25
66570,-16
66580,-22
66590,-20
66600,-21
66610,-22
66620,-17
66630,-16
66640,-23
66650,-26
66660,-24
66670,-18
66680,-23
66690,-29
66700,-19
66710,-27
66720,-10
66730,-16
66740,-28
66750,-9
66760,-22
66770,-22
66780,-12
66790,-14
66800,-25
66810,-16
66820,-27
66830,-23
66840,-27
66850,-25
66860,-12
66870,-25
66880,-15
66890,-22
66900,-13
66910,-17
66920,-19
66930,-23
66940,-19
66950,-25
66960,-20
66970,-18
66980,-20
66990,-19
67000,-28
67010,-19
67020,-23
67030,-15
67040,-29
67050,-10
67060,-28
67070,-27
67080,-21
67090,-36
67100,-21
67110,-27
67120,-17
67130,-31
67140,-22
67150,-20
67160,-13
67170,-14
67180,-21
67190,-9
67200,-18
67210,-26
67220,-29
67230,-18
67240,-22
67250,-22
67260,-21
67270,-18
67280,-34
67290,-24
67300,-22
67310,-20
67320,-19
67330,-26
67340,-20
67350,-20
67360,-26
67370,-19
67380,-17
67390,-25
67400,-14
67410,-23
67420,-13
67430,-18
67440,-14
67450,-25
67460,-20
67470,-20
67480,-12
67490,-20
67500,-21
67510,-24
67520,-16
67530,-19
67540,-18
67550,-19
67560,-25
67570,-25
67580,-16
67590,-20
67600,-25
67610,-24
67620,-17
67630,-19
67640,-21
67650,-20
67660,-34
67670,-22
67680,-17
67690,-19
67700,-11
67710,-21
67720,-11
67730,-13
67740,-27
67750,-25
67760,-4
67770,-20
67780,-16
67790,-8
67800,-27
67810,-16
67820,-17
67830,-22
67840,-20
67850,-19
67860,-27
67870,-17
67880,-12
67890,-20
67900,-24
67910,-24
67920,-22
67930,-30
67940,-14
67950,-27
67960,-16
67970,-11
67980,-16
67990,-14
68000,-18
68010,-13
68020,-26
68030,-11
68040,-9
68050,-15
68060,-22
68070,-23
68080,-17
68090,-21
68100,-22
68110,-12
68120,-9
68130,-19
68140,-25
68150,-17
68160,-22
68170,-17
68180,-17
68190,-13
68200,-18
68210,-13
68220,-12
68230,-12
68240,-10
68250,-31
68260,-20
68270,-16
68280,-19
68290,-31
68300,-23
68310,-22
68320,-21
68330,-27
68340,-22
68350,-37
68360,-20
68370,-18
68380,-22
68390,-14
68400,-19
68410,-30
68420,-28
68430,-22
68440,-21
68450,-26
68460,-23
68470,-15
68480,-13
68490,-34
68500,-9
68510,-22
68520,-21
68530,-18
68540,-8
68550,-27
68560,-28
68570,-22
68580,-12
68590,-18
68600,-23
68610,-27
68620,-19
68630,-4
68640,-18
68650,-16
68660,-18
68670,-21
68680,-16
68690,-32
68700,-22
68710,-21
68720,-23
68730,-29
68740,-20
68750,-25
68760,-26
68770,-22
68780,-16
68790,-24
68800,-29
68810,-30
68820,-29
68830,-34
68840,-30
68850,-24
68860,-30
68870,-20
68880,-15
68890,-12
68900,-27
68910,-23
68920,-10
68930,-12
68940,-17
68950,-20
68960,-18
68970,-24
68980,-13
68990,-19
69000,-27
69010,-27
69020,-23
69030,-18
69040,-11
69050,-19
69060,-27
69070,-18
69080,-16
69090,-25
69100,-28
69110,-16
69120,-22
69130,-26
69140,-31
69150,-25
69160,-22
69170,-18
69180,-18
69190,-24
69200,-30
69210,-12
69220,-25
69230,-26
69240,-17
69250,-24
69260,-27
69270,-24
69280,-20
69290,-16
69300,-29
69310,-21
69320,-26
69330,-21
69340,-18
69350,-26
69360,-19
69370,-19
69380,-18
69390,-20
69400,-22
69410,-3
69420,-17
69430,-25
69440,-25
69450,-17
69460,-16
69470,-20
69480,-23
69490,-17
69500,-12
69510,-12
69520,-18
69530,-15
69540,-21
69550,-11
69560,-24
69570,-21
69580,-26
69590,-12
69600,-20
69610,-5
69620,-16
69630,-18
69640,-22
69650,-26
69660,-24
69670,-22
69680,-23
69690,-19
69700,-22
69710,-25
69720,-25
69730,-20
69740,-19
69750,-20
69760,-20
69770,-13
69780,-17
69790,-22
69800,-21
69810,-20
69820,-17
69830,-19
69840,-23
69850,-15
69860,-38
69870,-17
69880,-16
69890,-18
69900,-19
69910,-27
69920,-24
69930,-15
69940,-30
69950,-14
69960,-15
69970,-20
69980,-22
69990,-22
70000,-20
70010,-22
70020,-17
70030,-23
70040,-11
70050,-10
70060,-24
70070,-12
70080,-12
70090,-17
70100,-34
70110,-33
70120,-14
70130,-17
70140,-21
70150,-25
70160,-21
70170,-17
70180,-16
70190,-20
70200,-24
70210,-15
70220,-14
70230,-29
70240,-13
70250,-12
70260,-1
70270,-20
70280,-18
70290,-17
70300,-13
70310,-28
70320,-16
70330,-18
70340,-19
70350,-17
70360,-22
70370,-17
70380,-17
70390,-14
70400,-19
70410,-18
70420,-29
70430,-24
70440,-11
70450,-11
70460,-17
70470,-13
70480,-30
70490,-24
70500,-5
70510,-13
70520,-27
70530,-26
70540,-21
70550,-21
70560,-25
70570,-21
70580,-22
70590,-20
70600,-11
70610,-15
70620,-14
70630,-24
70640,-11
70650,-13
70660,-24
70670,-14
70680,-21
70690,-23
70700,-25
70710,-18
70720,-14
70730,-17
70740,-12
70750,-31
70760,-31
70770,-22
70780,-8
70790,-25
70800,-9
70810,-21
70820,-17
70830,-12
70840,-16
70850,-17
70860,-25
70870,-12
70880,-20
70890,-19
70900,-25
70910,-15
70920,-24
70930,-24
70940,-21
70950,-14
70960,-27
70970,-22
70980,-6
70990,-17
71000,-19
71010,-20
71020,-20
71030,-26
71040,-21
71050,-25
71060,-21
71070,-26
71080,-22
71090,-30
71100,-13
71110,-22
71120,-23
71130,-25
71140,-23
71150,-15
71160,-18
71170,-32
71180,-22
71190,-17
71200,-21
71210,-15
71220,-27
71230,-20
71240,-21
71250,-20
71260,-19
71270,-15
71280,-19
71290,-12
71300,-12
71310,-12
71320,-9
71330,-21
71340,-16
71350,-23
71360,-27
71370,-24
71380,-13
71390,-10
71400,-16
71410,-7
71420,-23
71430,-31
71440,-22
71450,-23
71460,-18
71470,-19
71480,-17
71490,-19
71500,-15
71510,-20
71520,-5
71530,-21
71540,-12
71550,-25
71560,-17
71570,-15
71580,-15
71590,-14
71600,-21
71610,-12
71620,-20
71630,-19
71640,-24
71650,-22
71660,-27
71670,-15
71680,-20
71690,-19
71700,-22
71710,-15
71720,-23
71730,-30
71740,-30
71750,-16
71760,-27
71770,-26
71780,-13
71790,-18
71800,-18
71810,-8
71820,-10
71830,-15
71840,-20
71850,-34
71860,-28
71870,-23
71880,-18
71890,-14
71900,-13
71910,-13
71920,-26
71930,-25
71940,-21
71950,-9
71960,-16
71970,-28
71980,-13
71990,-18
72000,-12
72010,-17
72020,-9
72030,-20
72040,-8
72050,-20
72060,-15
72070,-26
72080,-14
72090,-14
72100,-22
72110,-25
72120,-11
72130,-15
72140,-13
72150,-23
72160,-9
72170,-21
72180,-23
72190,-9
72200,-10
72210,-18
72220,-12
72230,-24
72240,-17
72250,-27
72260,-22
72270,-19
72280,-24
72290,-14
72300,-29
72310,-13
72320,-31
72330,-22
72340,-18
72350,-20
72360,-15
72370,-17
72380,-22
72390,-24
72400,-20
72410,-15
72420,-26
72430,-25
72440,-16
72450,-16
72460,-6
72470,-13
72480,-13
72490,-17
72500,-18
72510,-15
72520,-19
72530,-17
72540,-12
72550,-12
72560,-13
72570,-16
72580,-10
72590,-16
72600,-19
72610,-21
72620,-11
72630,-9
72640,-16
72650,-7
72660,-20
72670,-12
72680,-6
72690,-19
72700,-13
72710,-21
72720,-14
72730,-9
72740,-20
72750,-3
72760,-27
72770,-13
72780,-14
72790,-10
72800,-19
72810,-17
72820,-20
72830,-13
72840,-16
72850,-10
72860,-16
72870,-13
72880,-9
72890,-9
72900,-9
72910,-14
72920,-23
72930,-12
72940,-11
72950,-13
72960,-8
72970,-20
72980,-22
72990,-10
73000,-15
73010,-17
73020,-10
73030,-11
73040,-27
73050,-5
73060,-15
73070,-15
73080,-7
73090,-13
73100,-12
73110,-25
73120,-12
73130,-18
73140,-17
73150,-19
73160,-21
73170,-10
73180,-12
73190,-30
73200,-34
73210,-9
73220,-21
73230,-26
73240,-16
73250,-20
73260,-23
73270,-24
73280,-15
73290,-26
73300,-19
73310,-18
73320,-14
73330,-30
73340,-23
73350,-36
73360,-13
73370,-19
73380,-24
73390,-17
73400,-22
73410,-19
73420,-27
73430,-22
73440,-16
73450,-26
73460,-20
73470,-16
73480,-14
73490,-17
73500,-26
73510,-25
73520,-27
73530,-24
73540,-14
73550,-17
73560,-17
73570,-16
73580,-20
73590,-16
73600,-30
73610,-26
73620,-14
73630,-24
73640,-24
73650,-6
73660,-30
73670,-11
73680,-21
73690,-19
73700,-18
73710,-25
73720,-16
73730,-18
73740,-14
73750,-16
73760,-16
73770,-22
73780,-18
73790,-14
73800,-21
73810,-16
73820,-7
73830,-19
73840,-20
73850,-15
73860,-22
73870,-15
73880,-14
73890,-23
73900,-16
73910,-11
73920,-15
73930,-29
73940,-18
73950,-19
73960,-22
73970,-9
73980,-10
73990,-26
74000,-20
74010,-23
74020,-28
74030,-17
74040,-16
74050,-17
74060,-21
74070,-5
74080,-10
74090,-20
74100,-7
74110,-20
74120,-7
74130,-4
74140,-20
74150,-21
74160,-26
74170,-27
74180,-28
74190,-16
74200,-8
74210,-24
74220,-22
74230,-16
74240,-31
74250,-22
74260,-17
74270,-17
74280,-13
74290,-26
74300,-17
74310,-28
74320,-21
74330,-16
74340,-10
74350,-24
74360,-18
74370,-23
74380,-25
74390,-21
74400,-18
74410,-26
74420,-13
74430,-20
74440,-19
74450,-13
74460,-19
74470,-21
74480,-22
74490,-20
74500,-24
74510,-26
74520,-22
74530,-23
74540,-24
74550,-34
74560,-8
74570,-20
74580,-18
74590,-18
74600,-19
74610,-23
74620,-8
74630,-28
74640,-18
74650,-12
74660,-22
74670,-11
74680,-9
74690,-4
74700,-26
74710,-22
74720,-20
74730,-16
74740,-14
74750,-19
74760,-24
74770,-7
74780,-20
74790,-12
74800,-21
74810,-17
74820,-12
74830,-16
74840,-20
74850,-19
74860,-19
74870,-9
74880,-25
74890,-17
74900,-25
74910,-22
74920,-35
74930,-15
74940,-21
74950,-21
74960,-35
74970,-20
74980,-24
74990,-15
75000,-11
75010,-19
75020,-11
75030,-19
75040,-20
75050,-22
75060,-14
75070,-16
75080,-13
75090,-21
75100,-14
75110,-20
75120,-20
75130,-20
75140,-17
75150,-17
75160,-30
75170,-17
75180,-20
75190,-22
75200,-21
75210,-18
75220,-20
75230,-21
75240,-13
75250,-23
75260,-17
75270,-22
75280,-24
75290,-31
75300,-20
75310,-22
75320,-34
75330,-23
75340,-28
75350,-24
75360,-20
75370,-23
75380,-26
75390,-15
75400,-18
75410,-21
75420,-10
75430,-26
75440,-18
75450,-24
75460,-24
75470,-19
75480,-32
75490,-18
75500,-18
75510,-15
75520,-19
75530,-12
75540,-22
75550,-22
75560,-20
75570,-31
75580,-24
75590,-20
75600,-23
75610,-14
75620,-5
75630,-20
75640,-11
75650,-18
75660,-7
75670,-21
75680,-13
75690,-14
75700,-24
75710,-25
75720,-22
75730,-17
75740,-14
75750,-24
75760,-13
75770,-21
75780,-15
75790,-16
75800,-21
75810,-22
75820,-22
75830,-9
75840,-25
75850,-12
75860,-16
75870,-25
75880,-17
75890,-25
75900,-17
75910,-22
75920,-14
75930,-12
75940,-8
75950,-21
75960,-24
75970,-24
75980,-16
75990,-12
76000,-20
76010,-14
76020,-16
76030,-30
76040,-10
76050,-20
76060,-22
76070,-30
76080,-26
76090,-16
76100,-15
76110,-20
76120,-14
76130,-21
76140,-16
76150,-10
76160,-14
76170,-15
76180,-22
76190,-26
76200,-12
76210,-16
76220,-14
76230,-17
76240,-22
76250,-14
76260,-18
76270,-24
76280,-31
76290,-18
76300,-19
76310,-21
76320,-26
76330,-26
76340,-26
76350,-18
76360,-19
76370,-25
76380,-24
76390,-19
76400,-24
76410,-26
76420,-18
76430,-15
76440,-30
76450,-21
76460,-31
76470,-15
76480,-20
76490,-21
76500,-13
76510,-13
76520,-18
76530,-22
76540,-15
76550,-21
76560,-28
76570,-16
76580,-19
76590,-16
76600,-18
76610,-18
76620,-23
76630,-18
76640,-27
76650,-16
76660,-24
76670,-25
76680,-22
76690,-21
76700,-22
76710,-19
76720,-20
76730,-24
76740,-25
76750,-26
76760,-22
76770,-29
76780,-18
76790,-22
76800,-18
76810,-23
76820,-27
76830,-17
76840,-24
76850,-22
76860,-27
76870,-23
76880,-19
76890,-16
76900,-25
76910,-10
76920,-24
76930,-27
76940,-19
76950,-20
76960,-10
76970,-22
76980,-10
76990,-13
77000,-15
77010,-10
77020,-13
77030,-16
77040,-26
77050,-15
77060,-18
77070,-13
77080,-30
77090,-9
77100,-21
77110,-20
77120,-23
77130,-28
77140,-31
77150,-19
77160,-23
77170,-20
77180,-22
77190,-27
77200,-21
77210,-36
77220,-16
77230,-21
77240,-17
77250,-19
77260,-28
77270,-24
77280,-21
77290,-21
77300,-20
77310,-16
77320,-15
77330,-19
77340,-27
77350,-18
77360,-15
77370,-9
77380,-11
77390,-31
77400,-18
77410,-27
77420,-24
77430,-19
77440,-12
77450,-16
77460,-26
77470,-13
77480,-16
77490,-25
77500,-19
77510,-18
77520,-24
77530,-17
77540,-20
77550,-14
77560,-19
77570,-20
77580,-20
77590,-26
77600,-17
77610,-22
77620,-14
77630,-22
77640,-20
77650,-12
77660,-15
77670,-12
77680,-23
77690,-21
77700,-11
77710,-25
77720,-24
77730,-12
77740,-11
77750,-12
77760,-13
77770,-23
77780,-26
77790,-29
77800,-19
77810,-18
77820,-11
77830,-9
77840,-15
77850,-28
77860,-23
77870,-27
77880,-24
77890,-20
77900,-24
77910,-24
77920,-26
77930,-11
77940,-16
77950,-17
77960,-17
77970,-12
77980,-18
77990,-15
78000,-29
78010,-19
78020,-13
78030,-5
78040,-18
78050,-19
78060,-19
78070,-20
78080,-25
78090,-11
78100,-21
78110,-22
78120,-26
78130,-14
78140,-27
78150,-24
78160,-15
78170,-6
78180,-18
78190,-13
78200,-27
78210,-29
78220,-12
78230,-27
78240,-27
78250,-7
78260,-34
78270,-18
78280,-25
78290,-25
78300,-24
78310,-14
78320,-18
78330,-19
78340,-23
78350,-12
78360,-14
78370,-26
78380,-13
78390,-20
78400,-20
78410,-6
78420,-24
78430,-28
78440,-17
78450,-17
78460,-13
78470,-18
78480,-18
78490,-18
78500,-23
78510,-24
78520,-19
78530,-29
78540,-15
78550,-24
78560,-15
78570,-32
78580,-24
78590,-15
78600,-3
78610,-19
78620,-26
78630,-18
78640,-12
78650,-27
78660,-24
78670,-21
78680,-27
78690,-26
78700,-21
78710,-16
78720,-18
78730,-31
78740,-22
78750,-21
78760,-32
78770,-23
78780,-19
78790,-13
78800,-21
78810,-21
78820,-9
78830,-5
78840,-21
78850,-6
78860,-21
78870,-16
78880,-13
78890,-26
78900,-19
78910,-13
78920,-15
78930,-20
78940,-13
78950,-18
78960,-18
78970,-16
78980,-15
78990,-13
79000,-19
79010,-18
79020,-28
79030,-19
79040,-24
79050,-17
79060,-10
79070,-14
79080,-21
79090,-15
79100,-22
79110,-20
79120,-13
79130,-23
79140,-26
79150,-11
79160,-7
79170,-18
79180,-25
79190,-27
79200,-15
79210,-15
79220,-24
79230,-21
79240,-22
79250,-9
79260,-14
79270,-12
79280,-20
79290,-30
79300,-15
79310,-23
79320,-12
79330,-13
79340,-12
79350,-17
79360,-14
79370,-18
79380,-18
79390,-17
79400,-14
79410,-21
79420,-21
79430,-13
79440,-25
79450,-16
79460,-23
79470,-25
79480,-20
79490,-22
79500,-29
79510,-13
79520,-27
79530,-14
79540,-27
79550,-27
79560,-20
79570,-12
79580,-26
79590,-23
79600,-26
79610,-23
79620,-16
79630,-22
79640,-22
79650,-25
79660,-22
79670,-18
79680,-18
79690,-20
79700,-14
79710,-17
79720,-13
79730,-22
79740,-23
79750,-24
79760,-29
79770,-21
79780,-19
79790,-23
79800,-22
79810,-26
79820,-14
79830,-28
79840,-13
79850,-13
79860,-17
79870,-17
79880,-18
79890,-12
79900,-19
79910,-16
79920,-8
79930,-15
79940,-18
79950,-6
79960,-19
79970,-11
79980,-14
79990,-23
80000,-30
80010,-19
80020,-18
80030,-22
80040,-26
80050,-30
80060,-31
80070,-30
80080,-18
80090,-14
80100,-15
80110,-21
80120,-20
80130,-23
80140,-20
80150,-21
80160,-24
80170,-25
80180,-18
80190,-21
80200,-32
80210,-33
80220,-21
80230,-14
80240,-21
80250,-22
80260,-21
80270,-23
80280,-19
80290,-24
80300,-21
80310,-21
80320,-9
80330,-19
80340,-23
80350,-14
80360,-21
80370,-23
80380,-8
80390,-20
80400,-24
80410,-16
80420,-25
80430,-25
80440,-18
80450,-13
80460,-23
80470,-14
80480,-24
80490,-23
80500,-19
80510,-20
80520,-10
80530,-12
80540,-22
80550,-18
80560,-19
80570,-26
80580,-15
80590,-18
80600,-20
80610,-20
80620,-27
80630,-22
80640,-13
80650,-15
80660,-17
80670,-29
80680,-18
80690,-25
80700,-32
80710,-17
80720,-16
80730,-23
80740,-26
80750,-14
80760,-23
80770,-21
80780,-24
80790,-17
80800,-19
80810,-16
80820,-8
80830,-20
80840,-22
80850,-23
80860,-27
80870,-15
80880,-22
80890,-18
80900,-14
80910,-27
80920,-22
80930,-28
80940,-25
80950,-16
80960,-27
80970,-19
80980,-16
80990,-20
81000,-20
81010,-19
81020,-22
81030,-21
81040,-27
81050,-21
81060,-32
81070,-22
81080,-21
81090,-28
81100,-24
81110,-21
81120,-29
81130,-23
81140,-23
81150,-23
81160,-15
81170,-20
81180,-7
81190,-26
81200,-10
81210,-17
81220,-18
81230,-27
81240,-21
81250,-19
81260,-11
81270,-21
81280,-27
81290,-26
81300,-31
81310,-21
81320,-9
81330,-8
81340,-34
81350,-30
81360,-21
81370,-21
81380,-29
81390,-26
81400,-22
81410,-17
81420,-11
81430,-25
81440,-19
81450,-15
81460,-16
81470,-21
81480,-26
81490,-26
81500,-18
81510,-22
81520,-26
81530,-25
81540,-14
81550,-18
81560,-28
81570,-23
81580,-11
81590,-11
81600,-23
81610,-15
81620,-25
81630,-27
81640,-24
81650,-25
81660,-25
81670,-13
81680,-23
81690,-22
81700,-28
81710,-18
81720,-11
81730,-23
81740,-22
81750,-5
81760,-27
81770,-28
81780,-9
81790,-22
81800,-27
81810,-21
81820,-19
81830,-10
81840,-15
81850,-28
81860,-22
81870,-21
81880,-22
81890,-25
81900,-23
81910,-12
81920,-26
81930,-22
81940,-23
81950,-22
81960,-30
81970,-27
81980,-19
81990,-20
82000,-25
82010,-7
82020,-25
82030,-19
82040,-22
82050,-21
82060,-21
82070,-20
82080,-17
82090,-20
82100,-15
82110,-22
82120,-18
82130,-30
82140,-23
82150,-30
82160,-24
82170,-23
82180,-22
82190,-22
82200,-25
82210,-20
82220,-26
82230,-26
82240,-23
82250,-28
82260,-13
82270,-16
82280,-25
82290,-24
82300,-19
82310,-16
82320,-16
82330,-20
82340,-18
82350,-24
82360,-19
82370,-18
82380,-15
82390,-10
82400,-11
82410,-19
82420,-17
82430,-25
82440,-22
82450,-32
82460,-22
82470,-12
82480,-15
82490,-24
82500,-21
82510,-20
82520,-16
82530,-19
82540,-22
82550,-23
82560,-28
82570,-17
82580,-26
82590,-30
82600,-26
82610,-10
82620,-16
82630,-29
82640,-20
82650,-25
82660,-18
82670,-25
82680,-24
82690,-20
82700,-20
82710,-24
82720,-19
82730,-25
82740,-19
82750,-17
82760,-21
82770,-25
82780,-18
82790,-39
82800,-24
82810,-22
82820,-30
82830,-27
82840,-24
82850,-24
82860,-17
82870,-19
82880,-19
82890,-15
82900,-22
82910,-21
82920,-11
82930,-28
82940,-30
82950,-21
82960,-19
82970,-21
82980,-19
82990,-18
83000,-23
83010,-26
83020,-21
83030,-7
83040,-21
83050,-14
83060,-20
83070,-16
83080,-28
83090,-24
83100,-16
83110,-16
83120,-16
83130,-21
83140,-25
83150,-23
83160,-9
83170,-10
83180,-29
83190,-25
83200,-29
83210,-16
83220,-17
83230,-12
83240,-6
83250,-16
83260,-14
83270,-10
83280,-15
83290,-19
83300,-22
83310,-23
83320,-30
83330,-31
83340,-25
83350,-28
83360,-17
83370,-23
83380,-21
83390,-15
83400,-16
83410,-24
83420,-24
83430,-13
83440,-24
83450,-27
83460,-10
83470,-25
83480,-24
83490,-17
83500,-13
83510,-28
83520,-12
83530,-28
83540,-21
83550,-14
83560,-29
83570,-26
83580,-16
83590,-24
83600,-23
83610,-24
83620,-14
83630,-13
83640,-19
83650,-26
83660,-23
83670,-26
83680,-19
83690,-27
83700,-12
83710,-25
83720,-25
83730,-20
83740,-17
83750,-15
83760,-25
83770,-18
83780,-18
83790,-24
83800,-14
83810,-30
83820,-33
83830,-14
83840,-15
83850,-13
83860,-16
83870,-19
83880,-9
83890,-36
83900,-21
83910,-20
83920,-21
83930,-21
83940,-19
83950,-24
83960,-16
83970,-19
83980,-26
83990,-23
84000,-31
84010,-19
84020,-23
84030,-22
84040,-28
84050,-22
84060,-23
84070,-18
84080,-13
84090,-23
84100,-19
84110,-29
84120,-20
84130,-18
84140,-14
84150,-26
84160,-16
84170,-23
84180,-17
84190,-15
84200,-26
84210,-19
84220,-15
84230,-20
84240,-7
84250,-31
84260,-14
84270,-28
84280,-9
84290,-21
84300,-23
84310,-28
84320,-15
84330,-23
84340,-14
84350,-24
84360,-22
84370,-23
84380,-18
84390,-23
84400,-24
84410,-25
84420,-22
84430,-30
84440,-32
84450,-27
84460,-21
84470,-16
84480,-36
84490,-16
84500,-19
84510,-20
84520,-24
84530,-26
84540,-12
84550,-22
84560,-19
84570,-13
84580,-22
84590,-16
84600,-23
84610,-14
84620,-10
84630,-16
84640,-12
84650,-17
84660,-20
84670,-19
84680,-17
84690,-20
84700,-17
84710,-21
84720,-10
84730,-19
84740,-21
84750,-31
84760,-12
84770,-19
84780,-26
84790,-22
84800,-14
84810,-17
84820,-22
84830,-24
84840,-12
84850,-21
84860,-26
84870,-16
84880,-14
84890,-27
84900,-29
84910,-24
84920,-9
84930,-20
84940,-19
84950,-15
84960,-10
84970,-16
84980,-28
84990,-20
85000,-19
85010,-20
85020,-22
85030,-19
85040,-21
85050,-8
85060,-9
85070,-17
85080,-16
85090,-17
85100,-25
85110,-19
85120,-26
85130,-11
85140,-16
85150,-14
85160,-22
85170,-20
85180,-26
85190,-23
85200,-22
85210,-21
85220,-27
85230,-15
85240,-23
85250,-21
85260,-20
85270,-19
85280,-10
85290,-25
85300,-19
85310,-26
85320,-25
85330,-15
85340,-23
85350,-20
85360,-24
85370,-9
85380,-25
85390,-29
85400,-27
85410,-33
85420,-27
85430,-24
85440,-24
85450,-30
85460,-28
85470,-27
85480,-27
85490,-27
85500,-27
85510,-19
85520,-24
85530,-24
85540,-26
85550,-14
85560,-28
85570,-19
85580,-27
85590,-21
85600,-25
85610,-25
85620,-17
85630,-16
85640,-21
85650,-35
85660,-20
85670,-28
85680,-25
85690,-12
85700,-17
85710,-17
85720,-9
85730,-21
85740,-17
85750,-25
85760,-21
85770,-17
85780,-38
85790,-22
85800,-7
85810,-16
85820,-13
85830,-11
85840,-19
85850,-21
85860,-18
85870,-11
85880,-13
85890,-21
85900,-21
85910,-15
85920,-25
85930,-10
85940,-23
85950,-27
85960,-23
85970,-23
85980,-20
85990,-17
86000,-23
86010,-13
86020,-17
86030,-22
86040,-15
86050,-11
86060,-10
86070,-23
86080,-30
86090,-9
86100,-14
86110,-26
86120,-23
86130,-24
86140,-15
86150,-22
86160,-21
86170,-27
86180,-18
86190,-22
86200,-23
86210,-15
86220,-34
86230,-28
86240,-18
86250,-17
86260,-27
86270,-26
86280,-30
86290,-14
86300,-27
86310,-20
86320,-22
86330,-23
86340,-25
86350,-26
86360,-20
86370,-24
86380,-20
86390,-29
86400,-18
86410,-23
86420,-9
86430,-26
86440,-25
86450,-29
86460,-20
86470,-21
86480,-16
86490,-3
86500,-17
86510,-12
86520,-7
86530,-30
86540,-21
86550,-16
86560,-28
86570,-15
86580,-19
86590,-15
86600,-32
86610,-21
86620,-21
86630,-29
86640,-22
86650,-30
86660,-21
86670,-31
86680,-16
86690,-21
86700,-16
86710,-14
86720,-24
86730,-13
86740,-15
86750,-20
86760,-23
86770,-22
86780,-29
86790,-26
86800,-18
86810,-12
86820,-23
86830,-16
86840,-26
86850,-23
86860,-18
86870,-14
86880,-22
86890,-10
86900,-25
86910,-22
86920,-21
86930,-29
86940,-16
86950,-19
86960,-19
86970,-22
86980,-24
86990,-26
87000,-24
87010,-20
87020,-24
87030,-26
87040,-19
87050,-23
87060,-29
87070,-30
87080,-16
87090,-11
87100,-21
87110,-27
87120,-22
87130,-17
87140,-20
87150,-24
87160,-22
87170,-25
87180,-25
87190,-20
87200,-14
87210,-30
87220,-25
87230,-31
87240,-29
87250,-16
87260,-20
87270,-20
87280,-23
87290,-18
87300,-19
87310,-25
87320,-35
87330,-23
87340,-26
87350,-21
87360,-26
87370,-23
87380,-19
87390,-20
87400,-20
87410,-26
87420,-17
87430,-20
87440,-13
87450,-31
87460,-21
87470,-23
87480,-25
87490,-21
87500,-19
87510,-13
87520,-21
87530,-23
87540,-32
87550,-19
87560,-23
87570,-17
87580,-20
87590,-21
87600,-17
87610,-16
87620,-19
87630,-31
87640,-19
87650,-22
87660,-27
87670,-19
87680,-28
87690,-30
87700,-22
87710,-24
87720,-20
87730,-22
87740,-18
87750,-24
87760,-12
87770,-20
87780,-24
87790,-20
87800,-15
87810,-9
87820,-19
87830,-27
87840,-33
87850,-19
87860,-21
87870,-17
87880,-33
87890,-20
87900,-25
87910,-14
87920,-18
87930,-24
87940,-25
87950,-17
87960,-29
87970,-5
87980,-17
87990,-21
88000,-28
88010,-24
88020,-28
88030,-26
88040,-22
88050,-25
88060,-19
88070,-31
88080,-27
88090,-33
88100,-27
88110,-21
88120,-19
88130,-14
88140,-21
88150,-23
88160,-25
88170,-17
88180,-15
88190,-15
88200,-29
88210,-21
88220,-28
88230,-19
88240,-12
88250,-25
88260,-11
88270,-28
88280,-12
88290,-18
88300,-17
88310,-18
88320,-24
88330,-12
88340,-30
88350,-23
88360,-23
88370,-11
88380,-32
88390,-28
88400,-24
88410,-13
88420,-25
88430,-25
88440,-26
88450,-20
88460,-19
88470,-20
88480,-17
88490,-21
88500,-18
88510,-20
88520,-24
88530,-22
88540,-28
88550,-21
88560,-31
88570,-18
88580,-11
88590,-20
88600,-22
88610,-23
88620,-24
88630,-19
88640,-23
88650,-13
88660,-32
88670,-25
88680,-13
88690,-26
88700,-17
88710,-13
88720,-30
88730,-20
88740,-24
88750,-5
88760,-15
88770,-21
88780,-18
88790,-17
88800,-20
88810,-23
88820,-23
88830,-15
88840,-20
88850,-19
88860,-18
88870,-14
88880,-11
88890,-21
88900,-18
88910,-16
88920,-20
88930,-32
88940,-23
88950,-21
88960,-22
88970,-22
88980,-18
88990,-32
89000,-18
89010,-22
89020,-26
89030,-11
89040,-24
89050,-22
89060,-13
89070,-22
89080,-16
89090,-18
89100,-20
89110,-19
89120,-28
89130,-30
89140,-31
89150,-18
89160,-24
89170,-15
89180,-27
89190,-17
89200,-22
89210,-19
89220,-23
89230,-20
89240,-20
89250,-26
89260,-2
89270,-17
89280,-32
89290,-21
89300,-29
89310,-32
89320,-31
89330,-23
89340,-18
89350,-34
89360,-22
89370,-20
89380,-19
89390,-22
89400,-31
89410,-18
89420,-18
89430,-23
89440,-29
89450,-23
89460,-34
89470,-17
89480,-27
89490,-21
89500,-6
89510,-31
89520,-17
89530,-19
89540,-22
89550,-14
89560,-18
89570,-21
89580,-25
89590,-17
89600,-21
89610,-17
89620,-32
89630,-20
89640,-26
89650,-23
89660,-29
89670,-21
89680,-26
89690,-30
89700,-19
89710,-29
89720,-11
89730,-23
89740,-20
89750,-31
89760,-19
89770,-26
89780,-28
89790,-29
89800,-28
89810,-20
89820,-21
89830,-20
89840,-21
89850,-19
89860,-19
89870,-21
89880,-14
89890,-19
89900,-23
89910,-14
89920,-11
89930,-19
89940,-32
89950,-27
89960,-19
89970,-29
89980,-26
89990,-23
90000,-27
90010,-22
90020,-23
90030,-24
90040,-12
90050,-29
90060,-19
90070,-32
90080,-19
90090,-15
90100,-30
90110,-23
90120,-21
90130,-21
90140,-29
90150,-17
90160,-16
90170,-25
90180,-15
90190,-22
90200,-24
90210,-17
90220,-23
90230,-19
90240,-21
90250,-20
90260,-12
90270,-19
90280,-13
90290,-31
90300,-26
90310,-12
90320,-24
90330,-26
90340,-15
90350,-25
90360,-21
90370,-27
90380,-23
90390,-21
90400,-12
90410,-13
90420,-12
90430,-29
90440,-15
90450,-23
90460,-18
90470,-26
90480,-16
90490,-17
90500,-21
90510,-26
90520,-20
90530,-19
90540,-16
90550,-24
90560,-23
90570,-21
90580,-18
90590,-12
90600,-26
90610,-32
90620,-17
90630,-21
90640,-26
90650,-28
90660,-25
90670,-18
90680,-30
90690,-28
90700,-7
90710,-15
90720,-23
90730,-15
90740,-20
90750,-10
90760,-22
90770,-26
90780,-15
90790,-20
90800,-15
90810,-22
90820,-16
90830,-28
90840,-22
90850,-15
90860,-25
90870,-32
90880,-23
90890,-21
90900,-30
90910,-16
90920,-18
90930,-18
90940,-23
90950,-21
90960,-20
90970,-24
90980,-16
90990,-25
91000,-16
91010,-26
91020,-18
91030,-21
91040,-10
91050,-16
91060,-27
91070,-14
91080,-24
91090,-29
91100,-16
91110,-23
91120,-28
91130,-22
91140,-30
91150,-29
91160,-22
91170,-16
91180,-24
91190,-25
91200,-14
91210,-25
91220,-29
91230,-22
91240,-31
91250,-19
91260,-17
91270,-31
91280,-27
91290,-18
91300,-26
91310,-26
91320,-28
91330,-18
91340,-19
91350,-32
91360,-18
91370,-14
91380,-27
91390,-34
91400,-19
91410,-18
91420,-13
91430,-24
91440,-24
91450,-24
91460,-13
91470,-19
91480,-17
91490,-11
91500,-30
91510,-26
91520,-20
91530,-24
91540,-23
91550,-17
91560,-20
91570,-35
91580,-30
91590,-27
91600,-31
91610,-13
91620,-22
91630,-23
91640,-19
91650,-17
91660,-17
91670,-18
91680,-24
91690,-11
91700,-30
91710,-22
91720,-19
91730,-24
91740,-24
91750,-19
91760,-9
91770,-19
91780,-24
91790,-10
91800,-19
91810,-23
91820,-17
91830,-22
91840,-31
91850,-26
91860,-16
91870,-12
91880,-18
91890,-18
91900,-19
91910,-21
91920,-20
91930,-30
91940,-12
91950,-15
91960,-20
91970,-20
91980,-15
91990,-25
92000,-35
92010,-24
92020,-32
92030,-38
92040,-21
92050,-23
92060,-13
92070,-29
92080,-29
92090,-23
92100,-17
92110,-28
92120,-15
92130,-17
92140,-22
92150,-29
92160,-26
92170,-24
92180,-21
92190,-24
92200,-21
92210,-31
92220,-30
92230,-18
92240,-15
92250,-20
92260,-14
92270,-25
92280,-19
92290,-23
92300,-21
92310,-14
92320,-27
92330,-25
92340,-23
92350,-16
92360,-20
92370,-25
92380,-26
92390,-12
92400,-16
92410,-26
92420,-30
92430,-13
92440,-21
92450,-27
92460,-22
92470,-23
92480,-27
92490,-29
92500,-24
92510,-15
92520,-15
92530,-19
92540,-25
92550,-26
92560,-21
92570,-33
92580,-16
92590,-32
92600,-11
92610,-31
92620,-21
92630,-32
92640,-27
92650,-26
92660,-28
92670,-13
92680,-23
92690,-22
92700,-28
92710,-23
92720,-26
92730,-34
92740,-22
92750,-22
92760,-27
92770,-31
92780,-17
92790,-19
92800,-14
92810,-21
92820,-22
92830,-25
92840,-28
92850,-25
92860,-19
92870,-28
92880,-22
92890,-22
92900,-21
92910,-23
92920,-25
92930,-21
92940,-16
92950,-20
92960,-36
92970,-19
92980,-10
92990,-14
93000,-34
93010,-11
93020,-28
93030,-16
93040,-17
93050,-25
93060,-24
93070,-26
93080,-18
93090,-27
93100,-18
93110,-17
93120,-19
93130,-28
93140,-29
93150,-24
93160,-23
93170,-24
93180,-8
93190,-26
93200,-21
93210,-15
93220,-17
93230,-15
93240,-22
93250,-17
93260,-28
93270,-21
93280,-16
93290,-19
93300,-40
93310,-23
93320,-26
93330,-38
93340,-22
93350,-21
93360,-31
93370,-21
93380,-22
93390,-28
93400,-25
93410,-4
93420,-26
93430,-20
93440,-13
93450,-17
93460,-18
93470,-20
93480,-28
93490,-22
93500,-20
93510,-23
93520,-25
93530,-4
93540,-27
93550,-30
93560,-15
93570,-21
93580,-21
93590,-14
93600,-17
93610,-19
93620,-11
93630,-11
93640,-29
93650,-13
93660,-7
93670,-13
93680,-19
93690,-12
93700,-13
93710,-15
93720,-24
93730,-25
93740,-34
93750,-14
93760,-14
93770,-15
93780,-13
93790,-22
93800,-21
93810,-8
93820,-12
93830,-13
93840,-15
93850,-15
93860,-29
93870,-23
93880,-16
93890,-10
93900,-19
93910,-18
93920,-8
93930,-20
93940,-16
93950,-28
93960,-30
93970,-24
93980,-14
93990,-13
94000,-14
94010,-30
94020,-20
94030,-9
94040,-22
94050,-16
94060,-21
94070,-17
94080,-12
94090,-9
94100,-19
94110,-19
94120,-14
94130,-29
94140,-30
94150,-17
94160,-18
94170,-18
94180,-18
94190,-17
94200,-26
94210,-23
94220,-13
94230,-22
94240,-23
94250,-17
94260,-17
94270,-29
94280,-26
94290,-21
94300,-13
94310,-13
94320,-24
94330,-15
94340,-24
94350,-11
94360,-22
94370,-17
94380,-17
94390,-25
94400,-21
94410,-15
94420,-24
94430,-22
94440,-7
94450,-9
94460,-18
94470,-30
94480,-24
94490,-31
94500,-24
94510,-29
94520,-24
94530,-23
94540,-28
94550,-32
94560,-20
94570,-18
94580,-30
94590,-23
94600,-19
94610,-17
94620,-17
94630,-22
94640,-23
94650,-27
94660,-33
94670,-24
94680,-16
94690,-19
94700,-14
94710,-22
94720,-20
94730,-27
94740,-19
94750,-19
94760,-9
94770,-21
94780,-11
94790,-13
94800,-34
94810,-16
94820,-24
94830,-26
94840,-19
94850,-25
94860,-16
94870,-15
94880,-15
94890,-12
94900,-11
94910,-31
94920,-26
94930,-21
94940,-25
94950,-16
94960,-16
94970,-38
94980,-27
94990,-29
95000,-19
95010,-18
95020,-22
95030,-28
95040,-19
95050,-19
95060,-25
95070,-17
95080,-24
95090,-19
95100,-26
95110,-24
95120,-25
95130,-16
95140,-20
95150,-24
95160,-21
95170,-19
95180,-11
95190,-2
95200,-26
95210,-25
95220,-37
95230,-13
95240,-19
95250,-28
95260,-5
95270,-24
95280,-15
95290,-27
95300,-20
95310,-26
95320,-22
95330,-28
95340,-22
95350,-10
95360,-29
95370,-24
95380,-17
95390,-28
95400,-18
95410,-19
95420,-23
95430,-27
95440,-30
95450,-24
95460,-24
95470,-9
95480,-28
95490,-18
95500,-26
95510,-35
95520,-37
95530,-25
95540,-18
95550,-31
95560,-20
95570,-17
95580,-19
95590,-25
95600,-29
95610,-26
95620,-18
95630,-27
95640,-23
95650,-23
95660,-31
95670,-21
95680,-31
95690,-18
95700,-25
95710,-12
95720,-25
95730,-26
95740,-27
95750,-28
95760,-14
95770,-24
95780,-29
95790,-8
95800,-18
95810,-24
95820,-15
95830,-23
95840,-12
95850,-36
95860,-20
95870,-27
95880,-33
95890,-26
95900,-22
95910,-15
95920,-11
95930,-18
95940,-23
95950,-15
95960,-17
95970,-18
95980,-19
95990,-20
96000,-14
96010,-14
96020,-17
96030,-25
96040,-12
96050,-16
96060,-25
96070,-27
96080,-14
96090,-12
96100,-12
96110,-16
96120,-22
96130,-17
96140,-21
96150,-22
96160,-24
96170,-31
96180,-29
96190,-20
96200,-17
96210,-18
96220,-25
96230,-17
96240,-17
96250,-29
96260,-16
96270,-18
96280,-23
96290,-23
96300,-28
96310,-13
96320,-23
96330,-15
96340,-14
96350,-13
96360,-11
96370,-13
96380,-12
96390,-13
96400,-16
96410,-15
96420,-22
96430,-32
96440,-12
96450,-23
96460,-27
96470,-14
96480,-18
96490,-19
96500,-17
96510,-29
96520,-21
96530,-25
96540,-19
96550,-22
96560,-17
96570,-25
96580,-13
96590,-17
96600,-9
96610,-21
96620,-13
96630,-24
96640,-4
96650,-23
96660,-31
96670,-17
96680,-13
96690,-11
96700,-18
96710,-28
96720,-16
96730,-11
96740,-20
96750,-20
96760,-19
96770,-17
96780,-23
96790,-17
96800,-19
96810,-28
96820,-18
96830,-20
96840,-15
96850,-26
96860,-15
96870,-21
96880,-15
96890,-17
96900,-33
96910,-27
96920,-19
96930,-18
96940,-30
96950,-19
96960,-15
96970,-21
96980,-14
96990,-26
97000,-22
97010,-13
97020,-2
97030,-15
97040,-10
97050,-24
97060,-9
97070,-21
97080,-25
97090,-26
97100,-37
97110,-35
97120,-14
97130,-16
97140,-7
97150,-19
97160,-21
97170,-24
97180,-14
97190,-18
97200,-14
97210,-18
97220,-10
97230,-10
97240,-16
97250,-13
97260,-20
97270,-15
97280,-16
97290,-25
97300,-27
97310,-16
97320,-7
97330,-6
97340,-20
97350,-24
97360,-13
97370,-16
97380,-13
97390,-20
97400,-18
97410,-17
97420,-14
97430,-14
97440,-29
97450,-21
97460,-11
97470,-23
97480,-24
97490,-20
97500,-21
97510,-10
97520,-18
97530,-18
97540,-15
97550,-21
97560,-27
97570,-21
97580,-18
97590,-16
97600,-21
97610,-20
97620,-23
97630,-8
97640,-13
97650,-20
97660,-9
97670,-20
97680,-16
97690,-19
97700,-18
97710,-19
97720,-12
97730,-21
97740,-16
97750,-17
97760,-15
97770,-24
97780,-9
97790,-18
97800,-13
97810,-17
97820,-12
97830,-21
97840,-20
97850,-18
97860,-17
97870,-21
97880,-12
97890,-16
97900,-20
97910,-11
97920,-17
97930,-21
97940,-21
97950,-19
97960,-20
97970,-11
97980,-18
97990,-30
98000,-21
98010,-7
98020,-18
98030,-28
98040,-19
98050,-9
98060,-17
98070,-16
98080,-19
98090,-16
98100,-26
98110,-19
98120,-34
98130,-26
98140,-16
98150,-16
98160,-20
98170,-23
98180,-17
98190,-21
98200,-7
98210,-12
98220,-20
98230,-21
98240,-21
98250,-18
98260,-10
98270,-16
98280,-23
98290,-23
98300,-17
98310,-22
98320,-24
98330,-20
98340,-15
98350,-32
98360,-21
98370,-23
98380,-14
98390,-29
98400,-11
98410,-16
98420,-23
98430,-23
98440,-20
98450,-32
98460,-15
98470,-28
98480,-8
98490,-24
98500,-22
98510,-25
98520,-21
98530,-19
98540,-17
98550,-15
98560,-18
98570,-18
98580,-24
98590,-19
98600,-21
98610,-24
98620,-13
98630,-23
98640,-16
98650,-12
98660,-19
98670,-19
98680,-23
98690,-15
98700,-21
98710,-13
98720,-16
98730,-22
98740,-18
98750,-13
98760,-14
98770,-23
98780,-18
98790,-28
98800,-18
98810,-10
98820,-20
98830,-18
98840,-8
98850,-18
98860,-20
98870,-30
98880,-17
98890,-22
98900,-13
98910,-20
98920,-11
98930,-28
98940,-16
98950,-17
98960,-15
98970,-12
98980,-21
98990,-27
99000,-18
99010,-16
99020,-18
99030,-14
99040,-14
99050,-13
99060,-18
99070,-33
99080,-15
99090,-29
99100,-21
99110,-14
99120,-12
99130,-23
99140,-22
99150,-17
99160,-16
99170,-31
99180,-21
99190,-12
99200,-16
99210,-20
99220,-19
99230,-27
99240,-5
99250,-17
99260,-11
99270,-22
99280,-18
99290,-36
99300,-16
99310,-19
99320,-13
99330,-30
99340,-26
99350,-26
99360,-26
99370,-21
99380,-30
99390,-19
99400,-13
99410,-20
99420,-20
99430,-25
99440,-16
99450,-22
99460,-26
99470,-23
99480,-25
99490,-22
99500,-21
99510,-13
99520,-10
99530,-17
99540,-16
99550,-31
99560,-25
99570,-23
99580,-22
99590,-20
99600,-7
99610,-23
99620,-20
99630,-13
99640,-27
99650,-24
99660,-21
99670,-31
99680,-27
99690,-17
99700,-11
99710,-27
99720,-18
99730,-16
99740,-28
99750,-24
99760,-24
99770,-23
99780,-23
99790,-16
99800,-16
99810,-16
99820,-15
99830,-25
99840,-17
99850,-9
99860,-23
99870,-20
99880,-18
99890,-31
99900,-16
99910,-18
99920,-7
99930,-13
99940,-16
99950,-32
99960,-17
99970,-11
99980,-2
99990,-14
100000,-15
100010,-13
100020,-23
100030,-23
100040,-14
100050,-25
100060,-10
100070,-20
100080,-17
100090,-19
100100,-25
100110,-27
100120,-26
100130,-15
100140,-12
100150,-8
100160,-16
100170,-14
100180,-21
100190,-20
100200,-19
100210,-20
100220,-22
100230,-11
100240,-22
100250,-14
100260,-9
100270,-32
100280,-19
100290,-23
100300,-12
100310,-19
100320,-16
100330,-15
100340,-16
100350,-18
100360,-14
100370,-17
100380,-40
100390,-20
100400,-25
100410,-12
100420,-26
100430,-35
100440,-28
100450,-20
100460,-16
100470,-22
100480,-23
100490,-27
100500,-24
100510,-20
100520,-15
100530,-21
100540,-14
100550,-17
100560,-25
100570,-19
100580,-15
100590,-20
100600,-20
100610,-22
100620,-22
100630,-21
100640,-14
100650,-13
100660,-23
100670,-18
100680,-20
100690,-23
100700,-26
100710,-22
100720,-22
100730,-19
100740,-9
100750,-26
100760,-13
100770,-22
100780,-15
100790,-22
100800,-16
100810,-23
100820,-26
100830,-25
100840,-28
100850,-16
100860,-26
100870,-21
100880,-41
100890,-24
100900,-10
100910,-20
100920,-27
100930,-23
100940,-23
100950,-22
100960,-27
100970,-15
100980,-13
100990,-22
101000,-25
101010,-22
101020,-27
101030,-25
101040,-24
101050,-24
101060,-7
101070,-14
101080,-12
101090,-15
101100,-15
101110,-18
101120,-26
101130,-21
101140,-13
101150,-20
101160,-26
101170,-18
101180,-24
101190,-26
101200,-18
101210,-20
101220,-32
101230,-14
101240,-26
101250,-14
101260,-16
101270,-18
101280,-24
101290,-13
101300,-12
101310,-14
101320,-15
101330,-15
101340,-16
101350,-8
101360,-9
101370,-20
101380,-13
101390,-20
101400,-28
101410,-13
101420,-14
101430,-18
101440,-24
101450,-23
101460,-32
101470,-13
101480,-21
101490,-17
101500,-14
101510,-30
101520,-26
101530,-15
101540,-7
101550,-28
101560,-29
101570,-19
101580,-29
101590,-27
101600,-8
101610,-13
101620,-27
101630,-14
101640,-29
101650,-25
101660,-18
101670,-20
101680,-26
101690,-27
101700,-31
101710,-7
101720,-23
101730,-14
101740,-15
101750,-23
101760,-14
101770,-26
101780,-31
101790,-23
101800,-26
101810,-28
101820,-19
101830,-23
101840,-18
101850,-23
101860,-23
101870,-29
101880,-20
101890,-33
101900,-7
101910,-18
101920,-22
101930,-28
101940,-20
101950,-32
101960,-12
101970,-14
101980,-21
101990,-17
102000,-14
102010,-20
102020,-24
102030,-26
102040,-15
102050,-24
102060,-24
102070,-9
102080,-22
102090,-18
102100,-16
102110,-22
102120,-15
102130,-21
102140,-21
102150,-16
102160,-17
102170,-27
102180,-26
102190,-16
102200,-15
102210,-22
102220,-19
102230,-29
102240,-31
102250,-24
102260,-21
102270,-15
102280,-22
102290,-24
102300,-18
102310,-28
102320,-26
102330,-31
102340,-23
102350,-30
102360,-21
102370,-20
102380,-26
102390,-18
102400,-21
102410,-13
102420,-23
102430,-20
102440,-14
102450,-23
102460,-19
102470,-15
102480,-24
102490,-8
102500,-20
102510,-22
102520,-24
102530,-21
102540,-28
102550,-23
102560,-30
102570,-25
102580,-25
102590,-23
102600,-16
102610,-33
102620,-28
102630,-6
102640,-29
102650,-7
102660,-24
102670,-18
102680,-18
102690,-14
102700,-13
102710,-20
102720,-21
102730,-20
102740,-33
102750,-19
102760,-23
102770,-13
102780,-12
102790,-12
102800,-12
102810,-4
102820,-15
102830,-16
102840,-24
102850,-17
102860,-23
102870,-21
102880,-27
102890,-32
102900,-29
102910,-22
102920,-30
102930,-28
102940,-16
102950,-23
102960,-16
102970,-32
102980,-13
102990,-20
103000,-23
103010,-24
103020,-12
103030,-20
103040,-11
103050,-20
103060,-14
103070,-26
103080,-20
103090,-13
103100,-14
103110,-16
103120,-14
103130,-25
103140,-20
103150,-13
103160,-32
103170,-20
103180,-17
103190,-24
103200,-21
103210,-19
103220,-20
103230,-18
103240,-18
103250,-26
103260,-15
103270,-12
103280,-17
103290,-26
103300,-31
103310,-21
103320,-12
103330,-19
103340,-23
103350,-14
103360,-23
103370,-31
103380,-18
103390,-8
103400,-20
103410,-26
103420,-14
103430,-13
103440,-7
103450,-11
103460,-16
103470,-17
103480,-10
103490,-16
103500,-14
103510,-11
103520,-14
103530,-26
103540,-24
103550,-22
103560,-17
103570,-17
103580,-18
103590,-15
103600,-20
103610,-15
103620,-14
103630,-8
103640,-13
103650,-19
103660,-25
103670,-15
103680,-24
103690,-10
103700,-18
103710,-30
103720,-18
103730,-17
103740,-10
103750,-17
103760,-24
103770,-2
103780,-11
103790,-19
103800,-16
103810,-26
103820,-17
103830,-11
103840,-21
103850,-16
103860,-28
103870,-31
103880,-23
103890,-23
103900,-12
103910,-18
103920,-16
103930,-23
103940,-19
103950,-30
103960,-22
103970,-31
103980,-13
103990,-12
104000,-25
104010,-14
104020,-26
104030,-20
104040,-14
104050,-19
104060,-14
104070,-17
104080,-17
104090,-20
104100,-19
104110,-15
104120,-24
104130,-32
104140,-16
104150,-6
104160,-19
104170,-32
104180,-13
104190,-9
104200,-20
104210,-20
104220,-12
104230,-15
104240,-19
104250,-20
104260,-11
104270,-24
104280,-24
104290,-11
104300,-9
104310,-24
104320,-22
104330,-25
104340,-17
104350,-2
104360,-10
104370,-11
104380,-21
104390,-16
104400,-20
104410,-25
104420,-16
104430,-19
104440,-19
104450,-9
104460,-23
104470,-26
104480,-18
104490,-28
104500,-11
104510,-20
104520,-17
104530,-20
104540,-17
104550,-24
104560,-14
104570,-20
104580,-17
104590,-8
104600,-17
104610,-21
104620,-34
104630,-25
104640,-15
104650,-13
104660,-14
104670,-17
104680,-27
104690,-29
104700,-26
104710,-22
104720,-25
104730,-19
104740,-12
104750,-16
104760,-19
104770,-21
104780,-20
104790,-29
104800,-10
104810,-25
104820,-24
104830,-27
104840,-25
104850,-15
104860,-22
104870,-34
104880,-16
104890,-23
104900,-28
104910,-14
104920,-25
104930,-7
104940,-22
104950,-25
104960,-30
104970,-24
104980,-26
104990,-23
105000,-26
105010,-17
105020,-17
105030,-30
105040,-9
105050,-6
105060,-18
105070,-21
105080,-15
105090,-14
105100,-26
105110,-16
105120,-21
105130,-23
105140,-28
105150,-15
105160,-8
105170,-21
105180,-5
105190,-19
105200,-20
105210,-18
105220,-16
105230,-28
105240,-17
105250,-31
105260,-17
105270,-27
105280,-5
105290,-20
105300,-9
105310,-24
105320,-14
105330,-23
105340,-22
105350,-27
105360,-17
105370,-26
105380,-18
105390,-2
105400,-26
105410,-17
105420,-22
105430,-22
105440,-35
105450,-16
105460,-15
105470,-18
105480,-16
105490,-14
105500,-31
105510,-11
105520,-14
105530,-24
105540,-12
105550,-25
105560,-8
105570,-13
105580,-35
105590,-11
105600,-19
105610,-16
105620,-15
105630,-16
105640,-14
105650,-24
105660,-14
105670,-21
105680,-16
105690,-18
105700,-25
105710,-21
105720,-29
105730,-24
105740,-21
105750,-30
105760,-8
105770,-6
105780,-27
105790,-23
105800,-18
105810,-8
105820,-17
105830,-30
105840,-14
105850,-28
105860,-19
105870,-23
105880,-33
105890,-24
105900,-19
105910,-15
105920,-25
105930,-24
105940,-26
105950,-10
105960,-29
105970,-23
105980,-11
105990,-20
106000,-26
106010,-22
106020,-25
106030,-26
106040,-12
106050,-34
106060,-18
106070,-29
106080,-28
106090,-13
106100,-21
106110,-25
106120,-18
106130,-11
106140,-25
106150,-29
106160,-24
106170,-19
106180,-14
106190,-18
106200,-23
106210,-20
106220,-10
106230,-19
106240,-16
106250,-20
106260,-10
106270,-22
106280,-28
106290,-23
106300,-28
106310,-21
106320,-30
106330,-27
106340,-16
106350,-18
106360,-15
106370,-12
106380,-27
106390,-27
106400,-17
106410,-22
106420,-10
106430,-14
106440,-24
106450,-20
106460,-14
106470,-18
106480,-13
106490,-9
106500,-16
106510,-17
106520,-16
106530,-22
106540,-16
106550,-15
106560,-29
106570,-24
106580,-16
106590,-27
106600,-15
106610,-23
106620,-24
106630,-20
106640,-12
106650,-10
106660,-11
106670,-26
106680,-23
106690,-26
106700,-25
106710,-25
106720,-15
106730,-22
106740,-13
106750,-24
106760,-22
106770,-11
106780,-18
106790,-22
106800,-15
106810,-21
106820,-22
106830,-31
106840,-17
106850,-22
106860,-14
106870,-19
106880,-26
106890,-24
106900,-21
106910,-30
106920,-22
106930,-24
106940,-23
106950,-22
106960,-7
106970,-22
106980,-16
106990,-22
107000,-25
107010,-18
107020,-17
107030,-25
107040,-21
107050,-18
107060,-26
107070,-33
107080,-16
107090,-26
107100,-28
107110,-22
107120,-24
107130,-24
107140,-19
107150,-20
107160,-16
107170,-24
107180,-14
107190,-25
107200,-20
107210,-24
107220,-22
107230,-28
107240,-22
107250,-13
107260,-24
107270,-22
107280,-24
107290,-23
107300,-27
107310,-21
107320,-19
107330,-20
107340,-19
107350,-28
107360,-25
107370,-27
107380,-26
107390,-27
107400,-11
107410,-23
107420,-20
107430,-23
107440,-31
107450,-17
107460,-27
107470,-21
107480,-19
107490,-19
107500,-23
107510,-14
107520,-20
107530,-13
107540,-16
107550,-21
107560,-27
107570,-14
107580,-17
107590,-23
107600,-33
107610,-11
107620,-17
107630,-21
107640,-23
107650,-23
107660,-16
107670,-25
107680,-19
107690,-15
107700,-25
107710,-23
107720,-26
107730,-10
107740,-11
107750,-21
107760,-9
107770,-15
107780,-24
107790,-18
107800,-12
107810,-23
107820,-28
107830,-17
107840,-13
107850,-28
107860,-23
107870,-32
107880,-22
107890,-16
107900,-24
107910,-27
107920,-20
107930,-22
107940,-25
107950,-24
107960,-12
107970,-16
107980,-17
107990,-25
108000,-25
108010,-26
108020,-24
108030,-14
108040,-11
108050,-27
108060,-25
108070,-12
108080,-15
108090,-15
108100,-12
108110,-6
108120,-24
108130,-19
108140,-22
108150,-30
108160,-17
108170,-21
108180,-19
108190,-22
108200,-15
108210,-23
108220,-12
108230,-8
108240,-16
108250,-23
108260,-20
108270,-8
108280,-22
108290,-24
108300,-19
108310,-26
108320,-28
108330,-17
108340,-24
108350,-23
108360,-23
108370,-23
108380,-24
108390,-8
108400,-21
108410,-12
108420,-21
108430,-16
108440,-22
108450,-13
108460,-25
108470,-17
108480,-20
108490,-17
108500,-12
108510,-17
108520,-23
108530,-31
108540,-16
108550,-24
108560,-21
108570,-4
108580,-13
108590,-12
108600,-10
108610,-16
108620,-22
108630,-24
108640,-28
108650,-20
108660,-27
108670,-22
108680,-26
108690,-29
108700,-12
108710,-12
108720,-20
108730,-20
108740,-20
108750,-10
108760,-18
108770,-22
108780,-27
108790,-17
108800,-22
108810,-26
108820,-17
108830,-19
108840,-24
108850,-31
108860,-26
108870,-26
108880,-29
108890,-21
108900,-16
108910,-25
108920,-23
108930,-24
108940,-20
108950,-17
108960,-26
108970,-14
108980,-27
108990,-27
109000,-21
109010,-19
109020,-17
109030,-13
109040,-23
109050,-15
109060,-16
109070,-27
109080,-25
109090,-13
109100,-19
109110,-22
109120,-19
109130,-17
109140,-19
109150,-23
109160,-33
109170,-30
109180,-28
109190,-15
109200,-20
109210,-16
109220,-15
109230,-18
109240,-18
109250,-9
109260,-22
109270,-21
109280,-26
109290,-13
109300,-15
109310,-30
109320,-21
109330,-21
109340,-28
109350,-20
109360,-21
109370,-25
109380,-12
109390,-20
109400,-15
109410,-16
109420,-20
109430,-20
109440,-16
109450,-26
109460,-19
109470,-16
109480,-19
109490,-25
109500,-26
109510,-17
109520,-27
109530,-19
109540,-13
109550,-13
109560,-19
109570,-27
109580,-10
109590,-23
109600,-27
109610,-24
109620,-18
109630,-26
109640,-19
109650,-19
109660,-2
109670,-23
109680,-14
109690,-22
109700,-20
109710,-25
109720,-25
109730,-19
109740,-16
109750,-17
109760,-20
109770,-25
109780,-20
109790,-29
109800,-25
109810,-20
109820,-18
109830,-30
109840,-22
109850,-15
109860,-10
109870,-15
109880,-17
109890,-20
109900,-20
109910,-26
109920,-9
109930,-24
109940,-29
109950,-17
109960,-11
109970,-30
109980,-21
109990,-16
110000,-14
110010,-14
110020,-17
110030,-19
110040,-16
110050,-21
110060,-14
110070,-12
110080,-16
110090,-15
110100,-8
110110,-15
110120,-17
110130,-11
110140,-24
110150,-12
110160,-26
110170,-15
110180,-23
110190,-29
110200,-27
110210,-25
110220,-17
110230,-19
110240,-14
110250,-12
110260,-20
110270,-9
110280,-26
110290,-12
110300,-17
110310,-36
110320,-24
110330,-7
110340,-28
110350,-13
110360,-27
110370,-25
110380,-19
110390,-26
110400,-27
110410,-10
110420,-18
110430,-8
110440,-18
110450,-16
110460,-22
110470,-13
110480,-13
110490,-18
110500,-10
110510,-3
110520,-8
110530,-24
110540,-23
110550,-21
110560,-19
110570,-27
110580,-25
110590,4
110600,-19
110610,-20
110620,-18
110630,-8
110640,-16
110650,-26
110660,-22
110670,-13
110680,-27
110690,-18
110700,-12
110710,-21
110720,-12
110730,-20
110740,-14
110750,-21
110760,-10
110770,-19
110780,-18
110790,-21
110800,-24
110810,-24
110820,-12
110830,-21
110840,-9
110850,-19
110860,-17
110870,-22
110880,-12
110890,-16
110900,-22
110910,-18
110920,-26
110930,-13
110940,-20
110950,-18
110960,-26
110970,-31
110980,-28
110990,-18
111000,-23
111010,-13
111020,-18
111030,-22
111040,-19
111050,-29
111060,-20
111070,-17
111080,-13
111090,-22
111100,-9
111110,-25
111120,-22
111130,-18
111140,-15
111150,-15
111160,-13
111170,-10
111180,-31
111190,-6
111200,-12
111210,-22
111220,-17
111230,-28
111240,-23
111250,-13
111260,-16
111270,-12
111280,-22
111290,-22
111300,-23
111310,-6
111320,-17
111330,-21
111340,-12
111350,-27
111360,-9
111370,-24
111380,-14
111390,-14
111400,-9
111410,-15
111420,-19
111430,-20
111440,-13
111450,-8
111460,-24
111470,-13
111480,-18
111490,-14
111500,-21
111510,-9
111520,-15
111530,-22
111540,-22
111550,-20
111560,-16
111570,-8
111580,-26
111590,-21
111600,-12
111610,-24
111620,-17
111630,-21
111640,-26
111650,-18
111660,-21
111670,-12
111680,-25
111690,-23
111700,-18
111710,-21
111720,-16
111730,-13
111740,-5
111750,-7
111760,-21
111770,-19
111780,-20
111790,-22
111800,-23
111810,-17
111820,-25
111830,-15
111840,-18
111850,-23
111860,-31
111870,-19
111880,-26
111890,-18
111900,-21
111910,-25
111920,-26
111930,-22
111940,-25
111950,-22
111960,-29
111970,-21
111980,-19
111990,-12
112000,-24
112010,-18
112020,-20
112030,-13
112040,-26
112050,-23
112060,-28
112070,-7
112080,-15
112090,-15
112100,-17
112110,-22
112120,-32
112130,-21
112140,-26
112150,-26
112160,-22
112170,-10
112180,-7
112190,-14
112200,-22
112210,-25
112220,-22
112230,-18
112240,-19
112250,-18
112260,-29
112270,-21
112280,-19
112290,-16
112300,-15
112310,-20
112320,-24
112330,-14
112340,-13
112350,-20
112360,-17
112370,-17
112380,-18
112390,-13
112400,-11
112410,-26
112420,-22
112430,-14
112440,-19
112450,-18
112460,-23
112470,-16
112480,-18
112490,-12
112500,-9
112510,-18
112520,-19
112530,-17
112540,-11
112550,-13
112560,-18
112570,-13
112580,-19
112590,-17
112600,-13
112610,-26
112620,-19
112630,-25
112640,-27
112650,-24
112660,-15
112670,-13
112680,-16
112690,-8
112700,-11
112710,-9
112720,-18
112730,-12
112740,-14
112750,-26
112760,-10
112770,-20
112780,-9
112790,-18
112800,-24
112810,-20
112820,-15
112830,-19
112840,-23
112850,-18
112860,-23
112870,-15
112880,-16
112890,-29
112900,-26
112910,-14
112920,-5
112930,-7
112940,-15
112950,-19
112960,-23
112970,-14
112980,-5
112990,-28
113000,-22
113010,-14
113020,-12
113030,-13
113040,-12
113050,-26
113060,-6
113070,-20
113080,-22
113090,-16
113100,-14
113110,-19
113120,-16
113130,-11
113140,-9
113150,-22
113160,-9
113170,-18
113180,-18
113190,-11
113200,-20
113210,-15
113220,-5
113230,-18
113240,-21
113250,-10
113260,-11
113270,-10
113280,-1
113290,-22
113300,-2
113310,-13
113320,-7
113330,-16
113340,-29
113350,-14
113360,-24
113370,-13
113380,-12
113390,-10
113400,-16
113410,-16
113420,-18
113430,-27
113440,-26
113450,-29
113460,-19
113470,-21
113480,-24
113490,-26
113500,-28
113510,-24
113520,-18
113530,-10
113540,-14
113550,-17
113560,-19
113570,-16
113580,-11
113590,-16
113600,-22
113610,-23
113620,-20
113630,-23
113640,-20
113650,-24
113660,-23
113670,-14
113680,-26
113690,-25
113700,-25
113710,-35
113720,-39
113730,-24
113740,-20
113750,-20
113760,-12
113770,-19
113780,-17
113790,-14
113800,-20
113810,-28
113820,-14
113830,-15
113840,-12
113850,-22
113860,-23
113870,-23
113880,-13
113890,-17
113900,-23
113910,-20
113920,-20
113930,-23
113940,-16
113950,-22
113960,-22
113970,-11
113980,-18
113990,-24
114000,-25
114010,-22
114020,-20
114030,-16
114040,-16
114050,-9
114060,-20
114070,-18
114080,-4
114090,-18
114100,-17
114110,-3
114120,-9
114130,-6
114140,-21
114150,-24
114160,-26
114170,-20
114180,-12
114190,-22
114200,-13
114210,-23
114220,-21
114230,-11
114240,-21
114250,-22
114260,-23
114270,-4
114280,-22
114290,-23
114300,-22
114310,-20
114320,-8
114330,-21
114340,-25
114350,-11
114360,-27
114370,-20
114380,-23
114390,-13
114400,-16
114410,-20
114420,-19
114430,-24
114440,-29
114450,-14
114460,-22
114470,-25
114480,-18
114490,-20
114500,-28
114510,-26
114520,-17
114530,-12
114540,-21
114550,-24
114560,-12
114570,-25
114580,-25
114590,-15
114600,-16
114610,-26
114620,-19
114630,-15
114640,-26
114650,-24
114660,-16
114670,-6
114680,-23
114690,-16
114700,-19
114710,-29
114720,-24
114730,-9
114740,-15
114750,-29
114760,-31
114770,-12
114780,-30
114790,-18
114800,-14
114810,-22
114820,-13
114830,-17
114840,-18
114850,-21
114860,-23
114870,-23
114880,-14
114890,-27
114900,-16
114910,-18
114920,-29
114930,-9
114940,-15
114950,-16
114960,-14
114970,-8
114980,-10
114990,-26
115000,-19
115010,-23
115020,-28
115030,-18
115040,-29
115050,-22
115060,-17
115070,-17
115080,-26
115090,-27
115100,-26
115110,-15
115120,-15
115130,-23
115140,-23
115150,-28
115160,-25
115170,-8
115180,-24
115190,-20
115200,-9
115210,-26
115220,-10
115230,-23
115240,-15
115250,-16
115260,-4
115270,-11
115280,-17
115290,-13
115300,-17
115310,-15
115320,-21
115330,-20
115340,-29
115350,-21
115360,-20
115370,-14
115380,-19
115390,-34
115400,-15
115410,-19
115420,-18
115430,-16
115440,-23
115450,-21
115460,-20
115470,-24
115480,-17
115490,-23
115500,-26
115510,-11
115520,-10
115530,-17
115540,-20
115550,-14
115560,-21
115570,-27
115580,-22
115590,-19
115600,-18
115610,-21
115620,-17
115630,-20
115640,-15
115650,-8
115660,-24
115670,-13
115680,-21
115690,-14
115700,-17
115710,-13
115720,-28
115730,-19
115740,-15
115750,-31
115760,-17
115770,-10
115780,-21
115790,-12
115800,-25
115810,-24
115820,-26
115830,-8
115840,-26
115850,-20
115860,-21
115870,-25
115880,-25
115890,-21
115900,-17
115910,-23
115920,-17
115930,-21
115940,-19
115950,-17
115960,-18
115970,-17
115980,-13
115990,-17
116000,-4
116010,-22
116020,-10
116030,-23
116040,-17
116050,-17
116060,-15
116070,-20
116080,-7
116090,-21
116100,-19
116110,-7
116120,-11
116130,-23
116140,-21
116150,-15
116160,-32
116170,-22
116180,-18
116190,-15
116200,-21
116210,-12
116220,-20
116230,-24
116240,-23
116250,-15
116260,-22
116270,-24
116280,-33
116290,-25
116300,-29
116310,-23
116320,-33
116330,-22
116340,-18
116350,-18
116360,-21
116370,-16
116380,-9
116390,-13
116400,-8
116410,-20
116420,-34
116430,-12
116440,-19
116450,-22
116460,-26
116470,-6
116480,-14
116490,-7
116500,-18
116510,-8
116520,-23
116530,-22
116540,-21
116550,-25
116560,-11
116570,-17
116580,-15
116590,-30
116600,-20
116610,-14
116620,-27
116630,-19
116640,-24
116650,-18
116660,-22
116670,-18
116680,-19
116690,-16
116700,-16
116710,-29
116720,-11
116730,-20
116740,-18
116750,-23
116760,-19
116770,-29
116780,-20
116790,-15
116800,-24
116810,-23
116820,-15
116830,-31
116840,-16
116850,-14
116860,-18
116870,-21
116880,-14
116890,-13
116900,-16
116910,-17
116920,-19
116930,-19
116940,-15
116950,-23
116960,-25
116970,-21
116980,-19
116990,-10
117000,-12
117010,-16
117020,-18
117030,-20
117040,-20
117050,-26
117060,-15
117070,-21
117080,-22
117090,-26
117100,-27
117110,-22
117120,-11
117130,-14
117140,-21
117150,-7
117160,-19
117170,-24
117180,-21
117190,-13
117200,-12
117210,-19
117220,-19
117230,-19
117240,-23
117250,-17
117260,-21
117270,-30
117280,-20
117290,-19
117300,-15
117310,-15
117320,-13
117330,-16
117340,-25
117350,-16
117360,-15
117370,-22
117380,-22
117390,-25
117400,-18
117410,-28
117420,-25
117430,-18
117440,-8
117450,-19
117460,-16
117470,-23
117480,-13
117490,-27
117500,-21
117510,-18
117520,-25
117530,-25
117540,-11
117550,-11
117560,-22
117570,-28
117580,-15
117590,-6
117600,-22
117610,-28
117620,-20
117630,-21
117640,-21
117650,-22
117660,-14
117670,-20
117680,-27
117690,-24
117700,-20
117710,-17
117720,-28
117730,-23
117740,-16
117750,-16
117760,-20
117770,-4
117780,-18
117790,-27
117800,-17
117810,-13
117820,-31
117830,-17
117840,-13
117850,-21
117860,-15
117870,-16
117880,-10
117890,-8
117900,-25
117910,-23
117920,-27
117930,-26
117940,-14
117950,-27
117960,-18
117970,-21
117980,-21
117990,-23
118000,-19
118010,-17
118020,-16
118030,-24
118040,-18
118050,-22
118060,-9
118070,-21
118080,-25
118090,-16
118100,-17
118110,-15
118120,-26
118130,-17
118140,-22
118150,-15
118160,-10
118170,-13
118180,-22
118190,-22
118200,-13
118210,-18
118220,-4
118230,-12
118240,-17
118250,-19
118260,-15
118270,-17
118280,-21
118290,-29
118300,-16
118310,-22
118320,-22
118330,-18
118340,-15
118350,-19
118360,-23
118370,-15
118380,-31
118390,-22
118400,-13
118410,-17
118420,-23
118430,-12
118440,-12
118450,-21
118460,-12
118470,-21
118480,-11
118490,-15
118500,-10
118510,-14
118520,-19
118530,-20
118540,-20
118550,-12
118560,-14
118570,-16
118580,-8
118590,-19
118600,-21
118610,-20
118620,-7
118630,-21
118640,-12
118650,-31
118660,-22
118670,-29
118680,-15
118690,-19
118700,-24
118710,-23
118720,-13
118730,-27
118740,-16
118750,-31
118760,-16
118770,-29
118780,-16
118790,-21
118800,-28
118810,-32
118820,-18
118830,-35
118840,-33
118850,-17
118860,-22
118870,-24
118880,-24
118890,-18
118900,-16
118910,-15
118920,-21
118930,-24
118940,-22
118950,-14
118960,-25
118970,-12
118980,-19
118990,-21
119000,-19
119010,-21
119020,-23
119030,-22
119040,-18
119050,-9
119060,-16
119070,-14
119080,-21
119090,-21
119100,-13
119110,-17
119120,-19
119130,-9
119140,-19
119150,-29
119160,-29
119170,-16
119180,-22
119190,-20
119200,-19
119210,-19
119220,-16
119230,-23
119240,-15
119250,-15
119260,-20
119270,-29
119280,-17
119290,-9
119300,-29
119310,-22
119320,-23
119330,-22
119340,-22
119350,-25
119360,-25
119370,-26
119380,-37
119390,-28
119400,-25
119410,-24
119420,-18
119430,-29
119440,-14
119450,-20
119460,-23
119470,-28
119480,-27
119490,-13
119500,-22
119510,-14
119520,-20
119530,-9
119540,-16
119550,-11
119560,-11
119570,-22
119580,-27
119590,-16
119600,-22
119610,-18
119620,-29
119630,-27
119640,-15
119650,-20
119660,-16
119670,-11
119680,-16
119690,-13
119700,-15
119710,-21
119720,-31
119730,-23
119740,-23
119750,-16
119760,-13
119770,-24
119780,-16
119790,-10
119800,-13
119810,-27
119820,-13
119830,-12
119840,-11
119850,-19
119860,-17
119870,-25
119880,-12
119890,-21
119900,-16
119910,-17
119920,-20
119930,-22
119940,-21
119950,-24
119960,-14
119970,-21
119980,-14
119990,-21
120000,-24
120010,-15
120020,-12
120030,-17
120040,-12
120050,-19
120060,-15
120070,-15
120080,-25
120090,-15
120100,-18
120110,-25
120120,-24
120130,-23
120140,-12
120150,-13
120160,-17
120170,-21
120180,-13
120190,-15
120200,-28
120210,-7
120220,-16
120230,-29
120240,-10
120250,-18
120260,-17
120270,-10
120280,-22
120290,-22
120300,-13
120310,-19
120320,-19
120330,-21
120340,-8
120350,-16
120360,-20
120370,-23
120380,-15
120390,-13
120400,-25
120410,-21
120420,-21
120430,-25
120440,-18
120450,-5
120460,-11
120470,-16
120480,-19
120490,-18
120500,-21
120510,-16
120520,-26
120530,-27
120540,-23
120550,-17
120560,-8
120570,-22
120580,-24
120590,-20
120600,-20
120610,-14
120620,-11
120630,-26
120640,-28
120650,-22
120660,-17
120670,-22
120680,-32
120690,-27
120700,-13
120710,-18
120720,-27
120730,-17
120740,-18
120750,-25
120760,-18
120770,-13
120780,-21
120790,-17
120800,-21
120810,-19
120820,-19
120830,-18
120840,-26
120850,-18
120860,-28
120870,-18
120880,-14
120890,-19
120900,-25
120910,-18
120920,-10
120930,-17
120940,-28
120950,-14
120960,-6
120970,-15
120980,-12
120990,-13
121000,-19
121010,-12
121020,-19
121030,-22
121040,-26
121050,-6
121060,-14
121070,-9
121080,-30
121090,-12
121100,-21
121110,-22
121120,-10
121130,-20
121140,-21
121150,-27
121160,-17
121170,-13
121180,-18
121190,-25
121200,-20
121210,-24
121220,-7
121230,-11
121240,-13
121250,-25
121260,-15
121270,-19
121280,-23
121290,-22
121300,-5
121310,-19
121320,-18
121330,-22
121340,-16
121350,-14
121360,-17
121370,-15
121380,-21
121390,-18
121400,-20
121410,-19
121420,-21
121430,-17
121440,-26
121450,-14
121460,-11
121470,-25
121480,-19
121490,-20
121500,-29
121510,-13
121520,-16
121530,-16
121540,-22
121550,-21
121560,-15
121570,-23
121580,-18
121590,-19
121600,-26
121610,-21
121620,-12
121630,-17
121640,-23
121650,-23
121660,-17
121670,-21
121680,-17
121690,-12
121700,-15
121710,-13
121720,-16
121730,-24
121740,-29
121750,-16
121760,-17
121770,-19
121780,-20
121790,-10
121800,-19
121810,-17
121820,-20
121830,-12
121840,-21
121850,-12
121860,-19
121870,-26
121880,-18
121890,-19
121900,-16
121910,-10
121920,-18
121930,-26
121940,-9
121950,-20
121960,-10
121970,-29
121980,-35
121990,-16
122000,-16
122010,-8
122020,-24
122030,-19
122040,-19
122050,-22
122060,-16
122070,-14
122080,-15
122090,-28
122100,-19
122110,-23
122120,-15
122130,-32
122140,-19
122150,-26
122160,-30
122170,-16
122180,-14
122190,-20
122200,-25
122210,-18
122220,-26
122230,-12
122240,-15
122250,-13
122260,-8
122270,-15
122280,-11
122290,-21
122300,-24
122310,-19
122320,-21
122330,-16
122340,-18
122350,-23
122360,-27
122370,-23
122380,-17
122390,-22
122400,-18
122410,-14
122420,-16
122430,-35
122440,-18
122450,-17
122460,-12
122470,-21
122480,-34
122490,-13
122500,-19
122510,-19
122520,-27
122530,-24
122540,-12
122550,-18
122560,-20
122570,-18
122580,-13
122590,-25
122600,-22
122610,-23
122620,-14
122630,-21
122640,-22
122650,-13
122660,-17
122670,-21
122680,-30
122690,-24
122700,-15
122710,1
122720,-18
122730,-17
122740,-19
122750,-17
122760,-12
122770,-26
122780,-28
122790,-26
122800,-24
122810,-33
122820,-23
122830,-16
122840,-17
122850,-22
122860,-22
122870,-15
122880,-26
122890,-17
122900,-19
122910,-32
122920,-24
122930,-13
122940,-26
122950,-19
122960,-23
122970,-18
122980,-23
122990,-17
123000,-17
123010,-26
123020,-20
123030,-22
123040,-25
123050,-18
123060,-18
123070,-27
123080,-21
123090,-10
123100,-22
123110,-21
123120,-29
123130,-8
123140,-4
123150,-19
123160,-24
123170,-19
123180,-20
123190,-17
123200,-32
123210,-17
123220,-16
123230,-29
123240,-19
123250,-17
123260,-9
123270,-25
123280,-23
123290,-22
123300,-11
123310,-26
123320,-12
123330,-21
123340,-29
123350,-12
123360,-21
123370,-22
123380,-28
123390,-29
123400,-11
123410,-24
123420,-17
123430,-20
123440,-25
123450,-18
123460,-21
123470,-16
123480,-14
123490,-13
123500,-20
123510,-21
123520,-14
123530,-32
123540,-22
123550,-18
123560,-30
123570,-27
123580,-20
123590,-23
123600,-20
123610,-28
123620,-31
123630,-16
123640,-25
123650,-26
123660,-21
123670,-24
123680,-24
123690,-22
123700,-20
123710,-12
123720,-25
123730,-18
123740,-27
123750,-25
123760,-24
123770,-29
123780,-21
123790,-23
123800,-25
123810,-17
123820,-23
123830,-20
123840,-26
123850,-24
123860,-16
123870,-22
123880,-19
123890,-14
123900,-20
123910,-15
123920,-23
123930,-22
123940,-28
123950,-26
123960,-6
123970,-17
123980,-23
123990,-14
124000,-17
124010,-19
124020,-11
124030,-22
124040,-15
124050,-15
124060,-12
124070,-19
124080,-25
124090,-14
124100,-15
124110,-21
124120,-13
124130,-22
124140,-12
124150,-25
124160,-17
124170,-15
124180,-26
124190,-26
124200,-15
124210,-27
124220,-17
124230,-17
124240,-14
124250,-26
124260,-21
124270,-19
124280,-21
124290,-13
124300,-22
124310,-20
124320,-16
124330,-22
124340,-4
124350,-21
124360,-30
124370,-18
124380,-20
124390,-20
124400,-16
124410,-28
124420,-20
124430,-26
124440,-27
124450,-22
124460,-20
124470,-21
124480,-28
124490,-22
124500,-20
124510,-6
124520,-25
124530,-19
124540,-30
124550,-32
124560,-30
124570,-21
124580,-25
124590,-24
124600,-24
124610,-18
124620,-13
124630,-15
124640,-18
124650,-30
124660,-22
124670,-20
124680,-21
124690,-11
124700,-17
124710,-11
124720,-23
124730,-18
124740,-21
124750,-32
124760,-17
124770,-14
124780,-18
124790,-14
124800,-29
124810,-24
124820,-28
124830,-17
124840,-24
124850,-23
124860,-24
124870,-27
124880,-19
124890,-24
124900,-24
124910,-21
124920,-17
124930,-18
124940,-21
124950,-19
124960,-21
124970,-11
124980,-14
124990,-16
125000,-23
125010,-23
125020,-25
125030,-22
125040,-29
125050,-22
125060,-17
125070,-18
125080,-22
125090,-20
125100,-18
125110,-17
125120,-17
125130,-17
125140,-26
125150,-17
125160,-24
125170,-32
125180,-26
125190,-24
125200,-31
125210,-14
125220,-11
125230,-14
125240,-22
125250,-15
125260,-24
125270,-18
125280,-24
125290,-19
125300,-30
125310,-21
125320,-15
125330,-24
125340,-17
125350,-14
125360,-20
125370,-26
125380,-17
125390,-16
125400,-10
125410,-20
125420,-16
125430,-24
125440,-16
125450,-18
125460,-23
125470,-15
125480,-31
125490,-10
125500,-24
125510,-15
125520,-24
125530,-24
125540,-23
125550,-17
125560,-16
125570,-13
125580,-17
125590,-12
125600,-17
125610,-22
125620,-24
125630,-23
125640,-17
125650,-35
125660,-29
125670,-21
125680,-22
125690,-27
125700,-24
125710,-20
125720,-22
125730,-31
125740,-29
125750,-17
125760,-22
125770,-27
125780,-21
125790,-13
125800,-24
125810,-28
125820,-13
125830,-24
125840,-16
125850,-15
125860,-18
125870,-23
125880,-14
125890,-17
125900,-23
125910,-18
125920,-22
125930,-16
125940,-21
125950,-22
125960,-20
125970,-17
125980,-12
125990,-33
126000,-19
126010,-24
126020,-18
126030,-14
126040,-32
126050,-18
126060,-10
126070,-20
126080,-19
126090,-12
126100,-23
126110,-8
126120,-34
126130,-13
126140,-14
126150,-15
126160,-26
126170,-16
126180,-23
126190,-24
126200,-24
126210,-21
126220,-28
126230,-15
126240,-19
126250,-19
126260,-14
126270,-19
126280,-15
126290,-26
126300,-21
126310,-29
126320,-24
126330,-20
126340,-20
126350,-23
126360,-25
126370,-22
126380,-22
126390,-13
126400,-18
126410,-28
126420,-19
126430,-16
126440,-20
126450,-21
126460,-11
126470,-27
126480,-13
126490,-14
126500,-17
126510,-15
126520,-15
126530,-27
126540,-18
126550,-24
126560,-17
126570,-16
126580,-16
126590,-24
126600,-29
126610,-12
126620,-13
126630,-14
126640,-23
126650,-21
126660,-11
126670,-21
126680,-23
126690,-27
126700,-21
126710,-27
126720,-17
126730,-22
126740,-23
126750,-21
126760,-17
126770,-17
126780,-25
126790,-14
126800,-24
126810,-17
126820,-22
126830,-17
126840,-17
126850,-25
126860,-21
126870,-31
126880,-12
126890,-16
126900,-16
126910,-27
126920,-18
126930,-12
126940,-17
126950,-17
126960,-21
126970,-18
126980,-22
126990,-20
127000,-11
127010,-19
127020,-17
127030,-24
127040,-26
127050,-16
127060,-18
127070,-25
127080,-26
127090,-16
127100,-16
127110,-19
127120,-17
127130,-20
127140,-19
127150,-27
127160,-13
127170,-14
127180,-7
127190,-16
127200,-19
127210,-22
127220,-13
127230,-9
127240,-27
127250,-11
127260,-10
127270,-18
127280,-17
127290,-20
127300,-15
127310,-21
127320,-18
127330,-15
127340,-28
127350,-21
127360,-19
127370,-12
127380,-20
127390,-25
127400,-7
127410,-26
127420,-15
127430,-12
127440,-29
127450,-15
127460,-17
127470,-34
127480,-11
127490,-22
127500,-29
127510,-13
127520,-27
127530,-23
127540,-19
127550,-22
127560,-23
127570,-12
127580,-23
127590,-28
127600,-16
127610,-11
127620,-30
127630,-19
127640,-15
127650,-11
127660,-10
127670,-20
127680,-20
127690,-17
127700,-20
127710,-24
127720,-17
127730,-20
127740,-20
127750,-27
127760,-20
127770,-13
127780,-29
127790,-25
127800,-22
127810,-6
127820,-22
127830,-9
127840,-14
127850,-18
127860,-33
127870,-20
127880,-14
127890,-14
127900,-26
127910,-19
127920,-21
127930,-23
127940,-21
127950,-24
127960,-20
127970,-21
127980,-17
127990,-19
128000,-14
128010,-16
128020,-32
128030,-22
128040,-16
128050,-25
128060,-27
128070,-19
128080,-11
128090,-20
128100,-25
128110,-13
128120,-15
128130,-20
128140,-24
128150,-11
128160,-13
128170,-7
128180,-22
128190,-22
128200,-16
128210,-11
128220,-26
128230,-26
128240,-6
128250,-19
128260,-18
128270,-16
128280,-14
128290,-32
128300,-17
128310,-15
128320,-13
128330,-25
128340,-19
128350,-13
128360,-24
128370,-17
128380,-20
128390,-16
128400,-22
128410,-16
128420,-16
128430,-17
128440,-22
128450,-9
128460,-21
128470,-25
128480,-24
128490,-25
128500,-21
128510,-21
128520,-20
128530,-28
128540,-20
128550,-24
128560,-14
128570,-26
128580,-14
128590,-11
128600,-25
128610,-19
128620,-19
128630,-11
128640,-19
128650,-20
128660,-25
128670,-24
128680,-24
128690,-9
128700,-15
128710,-13
128720,-19
128730,-30
128740,-24
128750,-28
128760,-15
128770,-18
128780,-17
128790,-12
128800,-21
128810,-16
128820,-16
128830,-25
128840,-23
128850,-21
128860,-26
128870,-18
128880,-14
128890,-25
128900,-18
128910,-20
128920,-16
128930,-19
128940,-13
128950,-18
128960,-28
128970,-26
128980,-22
128990,-24
129000,-22
129010,-29
129020,-19
129030,-30
129040,-23
129050,-21
129060,-18
129070,-30
129080,-24
129090,-22
129100,-29
129110,-11
129120,-16
129130,-31
129140,-23
129150,-12
129160,-20
129170,-22
129180,-7
129190,-19
129200,-10
129210,-14
129220,-29
129230,-26
129240,-29
129250,-16
129260,-14
129270,-17
129280,-23
129290,-29
129300,-23
129310,-14
129320,-24
129330,-21
129340,-18
129350,-13
129360,-24
129370,-23
129380,-29
129390,-15
129400,-25
129410,-12
129420,-22
129430,-22
129440,-17
129450,-22
129460,-31
129470,-26
129480,-12
129490,-15
129500,-18
129510,-15
129520,-24
129530,-20
129540,-14
129550,-13
129560,-17
129570,-26
129580,-31
129590,-13
129600,-14
129610,-16
129620,-14
129630,-11
129640,-15
129650,-32
129660,-16
129670,-13
129680,-27
129690,-24
129700,-27
129710,-17
129720,-18
129730,-20
129740,-15
129750,-32
129760,-22
129770,-17
129780,-13
129790,-16
129800,-10
129810,-23
129820,-18
129830,-26
129840,-17
129850,-23
129860,-14
129870,-18
129880,-15
129890,-23
129900,-12
129910,-33
129920,-14
129930,-24
129940,-15
129950,-13
129960,-11
129970,-11
129980,-8
129990,-20
130000,-16
130010,-18
130020,-31
130030,-22
130040,-13
130050,-16
130060,-15
130070,-17
130080,-4
130090,-25
130100,-14
130110,-18
130120,-15
130130,-5
130140,-14
130150,-21
130160,-18
130170,-18
130180,-14
130190,-22
130200,-23
130210,-17
130220,-15
130230,-9
130240,-9
130250,-18
130260,-14
130270,-19
130280,-26
130290,-29
130300,-12
130310,-13
130320,-19
130330,-20
130340,-16
130350,-19
130360,-24
130370,-16
130380,-13
130390,-20
130400,-30
130410,-27
130420,-23
130430,-22
130440,-24
130450,-29
130460,-21
130470,-16
130480,-14
130490,-17
130500,-17
130510,-10
130520,-19
130530,-12
130540,-22
130550,-14
130560,-23
130570,-22
130580,-22
130590,-16
130600,-12
130610,-3
130620,-22
130630,-12
130640,-26
130650,-26
130660,-36
130670,-33
130680,-17
130690,-19
130700,-18
130710,-24
130720,-17
130730,-16
130740,-33
130750,-25
130760,-16
130770,-16
130780,-19
130790,-17
130800,-11
130810,-11
130820,-34
130830,-20
130840,-20
130850,-22
130860,-19
130870,-4
130880,-8
130890,-11
130900,-20
130910,-15
130920,-30
130930,-10
130940,-11
130950,-22
130960,-15
130970,-20
130980,-18
130990,-10
131000,-7
131010,-18
131020,-24
131030,-32
131040,-5
131050,-19
131060,-17
131070,-31
131080,-24
131090,-22
131100,-21
131110,-21
131120,-20
131130,-16
131140,-29
131150,-20
131160,-28
131170,-16
131180,-21
131190,-27
131200,-22
131210,-18
131220,-23
131230,-19
131240,-21
131250,-25
131260,-16
131270,-21
131280,-19
131290,-21
131300,-30
131310,-23
131320,-31
131330,-24
131340,-23
131350,-23
131360,-25
131370,-19
131380,-18
131390,-23
131400,-19
131410,-23
131420,-14
131430,-32
131440,-15
131450,-23
131460,-27
131470,-24
131480,-25
131490,-17
131500,-19
131510,-14
131520,-23
131530,-17
131540,-22
131550,-10
131560,-13
131570,-16
131580,-16
131590,-27
131600,-24
131610,-14
131620,-9
131630,-14
131640,-10
131650,-19
131660,-12
131670,-19
131680,-15
131690,-20
131700,-10
131710,-10
131720,-18
131730,-27
131740,-14
131750,-17
131760,-14
131770,-13
131780,-29
131790,-25
131800,-27
131810,-24
131820,-25
131830,-21
131840,-10
131850,-22
131860,-17
131870,-12
131880,-23
131890,-9
131900,-11
131910,-14
131920,-21
131930,-18
131940,-9
131950,-26
131960,-16
131970,-22
131980,-17
131990,-18
132000,-21
132010,-19
132020,-25
132030,-15
132040,-9
132050,-17
132060,-22
132070,-13
132080,-30
132090,-22
132100,-15
132110,-21
132120,-18
132130,-15
132140,-24
132150,-18
132160,-30
132170,-9
132180,-12
132190,-17
132200,-25
132210,-25
132220,-15
132230,-25
132240,-16
132250,-19
132260,-15
132270,-19
132280,-21
132290,-22
132300,-20
132310,-12
132320,-21
132330,-15
132340,-12
132350,-4
132360,-14
132370,-29
132380,-17
132390,-18
132400,-17
132410,-22
132420,-17
132430,-27
132440,-6
132450,-26
132460,-7
132470,-11
132480,-27
132490,-22
132500,-24
132510,-23
132520,-20
132530,-13
132540,-17
132550,-16
132560,-26
132570,-19
132580,-22
132590,-9
132600,-16
132610,-29
132620,-30
132630,-17
132640,-31
132650,-20
132660,-24
132670,-19
132680,-19
132690,-19
132700,-21
132710,-16
132720,-17
132730,-21
132740,-25
132750,-20
132760,-20
132770,-13
132780,-21
132790,-32
132800,-15
132810,-11
132820,-17
132830,-27
132840,-16
132850,-24
132860,-12
132870,-10
132880,-18
132890,-8
132900,-19
132910,-21
132920,-24
132930,-14
132940,-20
132950,-11
132960,-12
132970,-29
132980,-21
132990,-32
133000,-10
133010,-21
133020,-19
133030,-25
133040,-26
133050,-18
133060,-16
133070,-26
133080,-15
133090,-16
133100,-15
133110,-16
133120,-12
133130,-15
133140,-18
133150,-28
133160,-22
133170,-20
133180,-25
133190,-27
133200,-11
133210,-20
133220,-23
133230,-17
133240,-13
133250,-20
133260,-18
133270,-12
133280,-19
133290,-15
133300,-7
133310,-21
133320,-21
133330,-19
133340,-20
133350,-16
133360,-23
133370,-15
133380,-10
133390,-19
133400,-14
133410,-11
133420,-22
133430,-24
133440,-16
133450,-21
133460,-17
133470,-14
133480,-14
133490,-27
133500,-19
133510,-18
133520,-12
133530,-24
133540,-21
133550,-26
133560,-23
133570,-26
133580,-10
133590,-21
133600,-20
133610,-33
133620,-26
133630,-31
133640,-14
133650,-17
133660,-22
133670,-21
133680,-24
133690,-17
133700,0
133710,-28
133720,-13
133730,-17
133740,-21
133750,-10
133760,-23
133770,-23
133780,-32
133790,-17
133800,-18
133810,-17
133820,-25
133830,-12
133840,-10
133850,-24
133860,-16
133870,-12
133880,-23
133890,-18
133900,-20
133910,-9
133920,-13
133930,-19
133940,-12
133950,-15
133960,-21
133970,-11
133980,-27
133990,-24
134000,-12
134010,-18
134020,-18
134030,-21
134040,-11
134050,-10
134060,-19
134070,-4
134080,-17
134090,-11
134100,-12
134110,-8
134120,-15
134130,-23
134140,-10
134150,-15
134160,-19
134170,-24
134180,-14
134190,-27
134200,-19
134210,-10
134220,-30
134230,-14
134240,-15
134250,-22
134260,-9
134270,-11
134280,-32
134290,-8
134300,-12
134310,-25
134320,-32
134330,-20
134340,-21
134350,-24
134360,-13
134370,-17
134380,-20
134390,-19
134400,-19
134410,-17
134420,-26
134430,-21
134440,-15
134450,-17
134460,-22
134470,-18
134480,-17
134490,-18
134500,-24
134510,-24
134520,-24
134530,-18
134540,-15
134550,-15
134560,-21
134570,-23
134580,-16
134590,-13
134600,-24
134610,-25
134620,-6
134630,-23
134640,-23
134650,-24
134660,-16
134670,-25
134680,-12
134690,-15
134700,-17
134710,-15
134720,-18
134730,-14
134740,-30
134750,-22
134760,-11
134770,-30
134780,-30
134790,-25
134800,-14
134810,-34
134820,-21
134830,-25
134840,-10
134850,-16
134860,-23
134870,-23
134880,-15
134890,-18
134900,-19
134910,-23
134920,-18
134930,-14
134940,-25
134950,-21
134960,-15
134970,-8
134980,-17
134990,-22
135000,-16
135010,-15
135020,-21
135030,-8
135040,-16
135050,-17
135060,-14
135070,-19
135080,-18
135090,-17
135100,-18
135110,-10
135120,-17
135130,-16
135140,-19
135150,-14
135160,-24
135170,-9
135180,-28
135190,-15
135200,-22
135210,-15
135220,-1
135230,-14
135240,-12
135250,-18
135260,-19
135270,-21
135280,-10
135290,-23
135300,-6
135310,-18
135320,-16
135330,-19
135340,-5
135350,-18
135360,-23
135370,-26
135380,-17
135390,-16
135400,-27
135410,-21
135420,-15
135430,-20
135440,-11
135450,-20
135460,-27
135470,-22
135480,-25
135490,-6
135500,-21
135510,-27
135520,-11
135530,-15
135540,-22
135550,-20
135560,-15
135570,-24
135580,-20
135590,-17
135600,-21
135610,-13
135620,-25
135630,-19
135640,-28
135650,-18
135660,-15
135670,-16
135680,-9
135690,-20
135700,-24
135710,-13
135720,-19
135730,-13
135740,-6
135750,-12
135760,-16
135770,-26
135780,-25
135790,-19
135800,-26
135810,-22
135820,-23
135830,-19
135840,-24
135850,-18
135860,-16
135870,-26
135880,-27
135890,-17
135900,-26
135910,-5
135920,-16
135930,-18
135940,-13
135950,-18
135960,-24
135970,-24
135980,-20
135990,-25
136000,-19
136010,-28
136020,-27
136030,-28
136040,-20
136050,-22
136060,-22
136070,-13
136080,-30
136090,-21
136100,-30
136110,-20
136120,-28
136130,-21
136140,-23
136150,-30
136160,-26
136170,-16
136180,-24
136190,-29
136200,-15
136210,-20
136220,-22
136230,-22
136240,-25
136250,-22
136260,-17
136270,-17
136280,-20
136290,-22
136300,-21
136310,-12
136320,-18
136330,-18
136340,-21
136350,-20
136360,-25
136370,-12
136380,-24
136390,-21
136400,-24
136410,-18
136420,-12
136430,-21
136440,-36
136450,-13
136460,-15
136470,-25
136480,-21
136490,-16
136500,-16
136510,-12
136520,-19
136530,-19
136540,-26
136550,-24
136560,-27
136570,-12
136580,-27
136590,-24
136600,-23
136610,-20
136620,-14
136630,-19
136640,-6
136650,-18
136660,-17
136670,-19
136680,-35
136690,-21
136700,-12
136710,-17
136720,-19
136730,-17
136740,-28
136750,-31
136760,-12
136770,-14
136780,-18
136790,-27
136800,-18
136810,-8
136820,-12
136830,-24
136840,-26
136850,-23
136860,-29
136870,-25
136880,-18
136890,-16
136900,-17
136910,-13
136920,-17
136930,-10
136940,-22
136950,-7
136960,-24
136970,-17
136980,-14
136990,-25
137000,-21
137010,-13
137020,-16
137030,-14
137040,-24
137050,-18
137060,-12
137070,-21
137080,-8
137090,-16
137100,-20
137110,-25
137120,-12
137130,-16
137140,-23
137150,-24
137160,-18
137170,-18
137180,-12
137190,-12
137200,-23
137210,-18
137220,-20
137230,-16
137240,-11
137250,-23
137260,-3
137270,-19
137280,-17
137290,-12
137300,-11
137310,-20
137320,-10
137330,-15
137340,-17
137350,-22
137360,-25
137370,-17
137380,-18
137390,-17
137400,-17
137410,-29
137420,-25
137430,-18
137440,-22
137450,-19
137460,-30
137470,-14
137480,-30
137490,-11
137500,-16
137510,-6
137520,-10
137530,-22
137540,-28
137550,-11
137560,-11
137570,-15
137580,-25
137590,-23
137600,-19
137610,-16
137620,-13
137630,-9
137640,-22
137650,-16
137660,-10
137670,-18
137680,-16
137690,-15
137700,-17
137710,-25
137720,-18
137730,-11
137740,-19
137750,-11
137760,-10
137770,-19
137780,-15
137790,-30
137800,-29
137810,-24
137820,-25
137830,-17
137840,-20
137850,-18
137860,-32
137870,-19
137880,-12
137890,-13
137900,-22
137910,-14
137920,-26
137930,-18
137940,-20
137950,-18
137960,-11
137970,-31
137980,-22
137990,-28
138000,-16
138010,-10
138020,-22
138030,-23
138040,-12
138050,-25
138060,-19
138070,-22
138080,-19
138090,-26
138100,-27
138110,-19
138120,-20
138130,-20
138140,-16
138150,-29
138160,-27
138170,-23
138180,-19
138190,-29
138200,-22
138210,-19
138220,-21
138230,-21
138240,-23
138250,-23
138260,-17
138270,-22
138280,-12
138290,-14
138300,-22
138310,-18
138320,-23
138330,-13
138340,-23
138350,-10
138360,-29
138370,-13
138380,-12
138390,-5
138400,-17
138410,-20
138420,-13
138430,-7
138440,-14
138450,-11
138460,-11
138470,-16
138480,-18
138490,-29
138500,-21
138510,-10
138520,-17
138530,-21
138540,-24
138550,-23
138560,-10
138570,-14
138580,-26
138590,-25
138600,-19
138610,-39
138620,-19
138630,-11
138640,-19
138650,-21
138660,-20
138670,-36
138680,-19
138690,-19
138700,-24
138710,-23
138720,-27
138730,-19
138740,-15
138750,-21
138760,-24
138770,-25
138780,-16
138790,-18
138800,-18
138810,-21
138820,-16
138830,-6
138840,-8
138850,-20
138860,-25
138870,-11
138880,-32
138890,-12
138900,-23
138910,-22
138920,-12
138930,-23
138940,-15
138950,-12
138960,-17
138970,-24
138980,-15
138990,-22
139000,-19
139010,-14
139020,-22
139030,-21
139040,-22
139050,-22
139060,-6
139070,-17
139080,-25
139090,-10
139100,-5
139110,-20
139120,-21
139130,-15
139140,-20
139150,-17
139160,-16
139170,-11
139180,-17
139190,-18
139200,-16
139210,-18
139220,-24
139230,-24
139240,-24
139250,-26
139260,-16
139270,-16
139280,-17
139290,-26
139300,-31
139310,-17
139320,-23
139330,-22
139340,-21
139350,-14
139360,-20
139370,-23
139380,-27
139390,-34
139400,-22
139410,-12
139420,-25
139430,-14
139440,-11
139450,-24
139460,-18
139470,-33
139480,-17
139490,-21
139500,-23
139510,-10
139520,-19
139530,-16
139540,-15
139550,-18
139560,-20
139570,-26
139580,-9
139590,-11
139600,-22
139610,-26
139620,-12
139630,-22
139640,-35
139650,-25
139660,-16
139670,-14
139680,-23
139690,-19
139700,-23
139710,-14
139720,-6
139730,-18
139740,-14
139750,-27
139760,-19
139770,-24
139780,-7
139790,-21
139800,-21
139810,-10
139820,-16
139830,-24
139840,-16
139850,-10
139860,-13
139870,-8
139880,-15
139890,-9
139900,-25
139910,-21
139920,-15
139930,-12
139940,-20
139950,-7
139960,-31
139970,-15
139980,-16
139990,-15
140000,-11
140010,-24
140020,-19
140030,-8
140040,-24
140050,-24
140060,-19
140070,-14
140080,-23
140090,-8
140100,-27
140110,-18
140120,-24
140130,-23
140140,-21
140150,-17
140160,-10
140170,-28
140180,-19
140190,-21
140200,-28
140210,-24
140220,-14
140230,-22
140240,-21
140250,-17
140260,-17
140270,-24
140280,-16
140290,-24
140300,-13
140310,-12
140320,-19
140330,-28
140340,-10
140350,-21
140360,-23
140370,-15
140380,-24
140390,-26
140400,-20
140410,-13
140420,-13
140430,-16
140440,-25
140450,-11
140460,-10
140470,-24
140480,-17
140490,-18
140500,-22
