29510,226
29520,233
29530,232
29540,235
29550,232
29560,229
29570,226
29580,229
29590,231
29600,231
29610,229
29620,232
29630,227
29640,232
29650,243
29660,223
29670,228
29680,236
29690,234
29700,229
29710,226
29720,233
29730,230
29740,230
29750,232
29760,234
29770,233
29780,235
29790,232
29800,234
29810,237
29820,231
29830,231
29840,233
29850,236
29860,234
29870,229
29880,239
29890,223
29900,233
29910,239
29920,235
29930,238
29940,236
29950,237
29960,226
29970,228
29980,231
29990,235
30000,235
30010,227
30020,235
30030,244
30040,231
30050,231
30060,233
30070,227
30080,226
30090,229
30100,230
30110,241
30120,229
30130,223
30140,233
30150,232
30160,222
30170,231
30180,231
30190,231
30200,225
30210,230
30220,224
30230,232
30240,232
30250,240
30260,233
30270,235
30280,230
30290,232
30300,235
30310,225
30320,226
30330,223
30340,224
30350,223
30360,228
30370,229
30380,232
30390,227
30400,240
30410,231
30420,233
30430,236
30440,225
30450,230
30460,229
30470,230
30480,236
30490,229
30500,231
30510,229
30520,226
30530,231
30540,227
30550,226
30560,224
30570,231
30580,233
30590,229
30600,230
30610,234
30620,229
30630,227
30640,226
30650,232
30660,234
30670,237
30680,222
30690,231
30700,234
30710,231
30720,226
30730,228
30740,232
30750,233
30760,232
30770,234
30780,243
30790,233
30800,223
30810,232
30820,227
30830,229
30840,233
30850,235
30860,229
30870,232
30880,223
30890,225
30900,230
30910,226
30920,228
30930,226
30940,229
30950,220
30960,227
30970,228
30980,224
30990,236
31000,234
31010,243
31020,236
31030,233
31040,238
31050,229
31060,231
31070,227
31080,237
31090,237
31100,221
31110,224
31120,230
31130,232
31140,228
31150,228
31160,242
31170,226
31180,228
31190,235
31200,228
31210,232
31220,234
31230,234
31240,229
31250,230
31260,227
31270,236
31280,229
31290,231
31300,224
31310,232
31320,234
31330,234
31340,229
31350,238
31360,229
31370,239
31380,237
31390,224
31400,228
31410,227
31420,228
31430,239
31440,232
31450,228
31460,230
31470,224
31480,226
31490,230
31500,232
31510,231
31520,232
31530,227
31540,229
31550,225
31560,233
31570,231
31580,229
31590,233
31600,226
31610,235
31620,235
31630,237
31640,232
31650,224
31660,231
31670,230
31680,223
31690,234
31700,233
31710,233
31720,233
31730,228
31740,229
31750,226
31760,228
31770,237
31780,235
31790,234
31800,237
31810,227
31820,221
31830,231
31840,219
31850,234
31860,222
31870,225
31880,232
31890,229
31900,227
31910,231
31920,231
31930,227
31940,235
31950,226
31960,232
31970,231
31980,226
31990,223
32000,230
32010,225
32020,229
32030,234
32040,231
32050,226
32060,229
32070,225
32080,227
32090,224
32100,230
32110,234
32120,229
32130,230
32140,227
32150,226
32160,225
32170,222
32180,223
32190,236
32200,223
32210,220
32220,233
32230,216
32240,235
32250,231
32260,225
32270,235
32280,225
32290,230
32300,226
32310,236
32320,235
32330,225
32340,239
32350,229
32360,230
32370,227
32380,231
32390,232
32400,222
32410,227
32420,226
32430,216
32440,220
32450,226
32460,230
32470,226
32480,232
32490,231
32500,226
32510,236
32520,231
32530,225
32540,231
32550,222
32560,223
32570,228
32580,226
32590,229
32600,233
32610,221
32620,226
32630,225
32640,229
32650,230
32660,231
32670,235
32680,229
32690,229
32700,226
32710,238
32720,231
32730,222
32740,224
32750,233
32760,230
32770,234
32780,233
32790,238
32800,230
32810,236
32820,224
32830,229
32840,236
32850,227
32860,227
32870,229
32880,231
32890,224
32900,227
32910,228
32920,233
32930,225
32940,230
32950,224
32960,226
32970,236
32980,231
32990,235
33000,235
33010,225
33020,225
33030,232
33040,224
33050,225
33060,233
33070,232
33080,225
33090,227
33100,222
33110,225
33120,227
33130,222
33140,220
33150,226
33160,216
33170,226
33180,222
33190,225
33200,230
33210,226
33220,225
33230,231
33240,227
33250,217
33260,222
33270,223
33280,227
33290,231
33300,214
33310,226
33320,223
33330,228
33340,224
33350,220
33360,221
33370,231
33380,217
33390,221
33400,223
33410,222
33420,224
33430,234
33440,224
33450,229
33460,223
33470,220
33480,221
33490,221
33500,232
33510,229
33520,219
33530,224
33540,236
33550,233
33560,229
33570,229
33580,228
33590,229
33600,225
33610,221
33620,222
33630,225
33640,219
33650,229
33660,222
33670,221
33680,230
33690,225
33700,221
33710,223
33720,229
33730,224
33740,229
33750,230
33760,227
33770,234
33780,239
33790,227
33800,226
33810,231
33820,230
33830,235
33840,227
33850,232
33860,228
33870,239
33880,227
33890,234
33900,233
33910,226
33920,230
33930,234
33940,228
33950,234
33960,227
33970,229
33980,232
33990,228
34000,233
34010,235
34020,228
34030,233
34040,229
34050,224
34060,230
34070,234
34080,224
34090,237
34100,233
34110,228
34120,237
34130,234
34140,235
34150,233
34160,221
34170,229
34180,224
34190,233
34200,231
34210,220
34220,228
34230,230
34240,235
34250,237
34260,227
34270,231
34280,230
34290,235
34300,233
34310,239
34320,233
34330,232
34340,230
34350,232
34360,228
34370,230
34380,228
34390,226
34400,227
34410,228
34420,234
34430,229
34440,234
34450,238
34460,223
34470,227
34480,236
34490,223
34500,244
34510,229
34520,233
34530,227
34540,225
34550,238
34560,226
34570,228
34580,238
34590,231
34600,218
34610,238
34620,227
34630,229
34640,233
34650,228
34660,239
34670,232
34680,234
34690,233
34700,233
34710,232
34720,229
34730,223
34740,226
34750,230
34760,227
34770,228
34780,231
34790,226
34800,227
34810,238
34820,242
34830,226
34840,220
34850,230
34860,231
34870,225
34880,227
34890,233
34900,230
34910,235
34920,231
34930,228
34940,231
34950,229
34960,229
34970,220
34980,230
34990,235
35000,226
35010,231
35020,227
35030,223
35040,222
35050,234
35060,237
35070,235
35080,222
35090,223
35100,230
35110,237
35120,236
35130,232
35140,237
35150,228
35160,232
35170,233
35180,232
35190,229
35200,237
35210,234
35220,231
35230,241
35240,225
35250,228
35260,246
35270,225
35280,234
35290,228
35300,235
35310,225
35320,236
35330,230
35340,224
35350,236
35360,234
35370,235
35380,228
35390,236
35400,239
35410,234
35420,233
35430,229
35440,234
35450,232
35460,230
35470,221
35480,233
35490,229
35500,225
35510,231
35520,228
35530,236
35540,229
35550,238
35560,231
35570,231
35580,231
35590,235
35600,236
35610,229
35620,232
35630,222
35640,234
35650,241
35660,231
35670,236
35680,232
35690,227
35700,240
35710,237
35720,233
35730,230
35740,235
35750,234
35760,232
35770,234
35780,242
35790,241
35800,236
35810,239
35820,235
35830,234
35840,235
35850,237
35860,229
35870,241
35880,232
35890,236
35900,236
35910,235
35920,237
35930,237
35940,234
35950,235
35960,229
35970,242
35980,236
35990,240
36000,225
36010,236
36020,224
36030,234
36040,233
36050,237
36060,230
36070,234
36080,227
36090,229
36100,236
36110,229
36120,235
36130,243
36140,237
36150,244
36160,235
36170,236
36180,231
36190,230
36200,236
36210,240
36220,242
36230,240
36240,230
36250,238
36260,222
36270,228
36280,235
36290,238
36300,241
36310,234
36320,235
36330,225
36340,232
36350,239
36360,231
36370,234
36380,236
36390,230
36400,228
36410,226
36420,231
36430,238
36440,232
36450,229
36460,230
36470,228
36480,237
36490,235
36500,235
36510,227
36520,231
36530,232
36540,228
36550,231
36560,227
36570,229
36580,240
36590,226
36600,236
36610,234
36620,234
36630,230
36640,234
36650,226
36660,234
36670,227
36680,225
36690,235
36700,233
36710,230
36720,236
36730,227
36740,236
36750,233
36760,231
36770,234
36780,230
36790,223
36800,237
36810,231
36820,234
36830,231
36840,232
36850,232
36860,233
36870,229
36880,234
36890,227
36900,227
36910,229
36920,228
36930,223
36940,229
36950,233
36960,236
36970,237
36980,234
36990,226
37000,228
37010,233
37020,230
37030,233
37040,230
37050,224
37060,227
37070,229
37080,227
37090,232
37100,237
37110,230
37120,231
37130,230
37140,236
37150,232
37160,239
37170,222
37180,225
37190,224
37200,231
37210,238
37220,235
37230,234
37240,237
37250,235
37260,234
37270,239
37280,224
37290,231
37300,234
37310,236
37320,238
37330,229
37340,231
37350,235
37360,230
37370,231
37380,231
37390,239
37400,224
37410,226
37420,237
37430,230
37440,239
37450,226
37460,236
37470,239
37480,231
37490,226
37500,233
37510,230
37520,237
37530,230
37540,225
37550,226
37560,229
37570,230
37580,233
37590,230
37600,236
37610,234
37620,229
37630,231
37640,234
37650,225
37660,224
37670,230
37680,231
37690,234
37700,232
37710,240
37720,231
37730,236
37740,237
37750,234
37760,221
37770,231
37780,230
37790,234
37800,228
37810,233
37820,234
37830,237
37840,230
37850,227
37860,236
37870,230
37880,231
37890,244
37900,225
37910,241
37920,243
37930,238
37940,234
37950,242
37960,240
37970,233
37980,230
37990,230
38000,241
38010,243
38020,232
38030,238
38040,232
38050,230
38060,237
38070,239
38080,238
38090,239
38100,232
38110,233
38120,236
38130,232
38140,229
38150,237
38160,245
38170,240
38180,238
38190,237
38200,237
38210,234
38220,233
38230,238
38240,239
38250,230
38260,232
38270,242
38280,238
38290,239
38300,242
38310,234
38320,234
38330,242
38340,238
38350,240
38360,236
38370,240
38380,234
38390,236
38400,240
38410,237
38420,238
38430,239
38440,233
38450,234
38460,242
38470,237
38480,238
38490,224
38500,234
38510,235
38520,241
38530,302
38540,302
38550,289
38560,255
38570,257
38580,263
38590,259
38600,258
38610,255
38620,256
38630,258
38640,257
38650,258
38660,263
38670,268
38680,266
38690,265
38700,264
38710,263
38720,266
38730,267
38740,267
38750,258
38760,266
38770,270
38780,272
38790,264
38800,264
38810,264
38820,264
38830,264
38840,260
38850,274
38860,263
38870,261
38880,262
38890,263
38900,263
38910,264
38920,268
38930,266
38940,260
38950,257
38960,256
38970,269
38980,261
38990,266
39000,257
39010,256
39020,260
39030,251
39040,261
39050,260
39060,259
39070,262
39080,253
39090,259
39100,264
39110,257
39120,265
39130,261
39140,261
39150,257
39160,263
39170,265
39180,258
39190,253
39200,265
39210,252
39220,251
39230,264
39240,252
39250,251
39260,254
39270,248
39280,251
39290,244
39300,255
39310,250
39320,262
39330,245
39340,248
39350,256
39360,246
39370,256
39380,245
39390,249
39400,254
39410,248
39420,246
39430,251
39440,248
39450,238
39460,246
39470,244
39480,242
39490,240
39500,244
39510,244
39520,239
39530,245
39540,241
39550,243
39560,241
39570,241
39580,248
39590,244
39600,250
39610,243
39620,246
39630,252
39640,244
39650,239
39660,249
39670,243
39680,242
39690,253
39700,243
39710,241
39720,247
39730,244
39740,241
39750,253
39760,249
39770,254
39780,252
39790,247
39800,250
39810,256
39820,247
39830,254
39840,247
39850,251
39860,251
39870,252
39880,257
39890,263
39900,243
39910,252
39920,247
39930,246
39940,245
39950,239
39960,248
39970,218
39980,254
39990,251
40000,246
40010,253
40020,237
40030,249
40040,239
40050,245
40060,197
40070,242
40080,232
40090,229
40100,221
40110,216
40120,235
40130,228
40140,230
40150,235
40160,240
40170,230
40180,229
40190,225
40200,226
40210,201
40220,194
40230,181
40240,233
40250,240
40260,229
40270,234
40280,251
40290,244
40300,240
40310,222
40320,245
40330,248
40340,252
40350,250
40360,252
40370,251
40380,255
40390,244
40400,242
40410,245
40420,250
40430,233
40440,244
40450,244
40460,239
40470,240
40480,243
40490,238
40500,247
40510,244
40520,258
40530,259
40540,251
40550,256
40560,260
40570,251
40580,248
40590,255
40600,255
40610,258
40620,248
40630,256
40640,252
40650,290
40660,296
40670,291
40680,294
40690,297
40700,255
40710,249
40720,248
40730,253
40740,248
40750,254
40760,250
40770,253
40780,251
40790,252
40800,246
40810,239
40820,255
40830,249
40840,251
40850,244
40860,249
40870,253
40880,255
40890,237
40900,237
40910,245
40920,224
40930,236
40940,219
40950,234
40960,231
40970,238
40980,223
40990,233
41000,223
41010,225
41020,217
41030,226
41040,204
41050,221
41060,221
41070,221
41080,201
41090,210
41100,224
41110,241
41120,209
41130,207
41140,213
41150,233
41160,210
41170,217
41180,210
41190,212
41200,196
41210,194
41220,190
41230,223
41240,231
41250,213
41260,239
41270,239
41280,227
41290,232
41300,222
41310,229
41320,236
41330,238
41340,226
41350,235
41360,226
41370,230
41380,233
41390,227
41400,237
41410,234
41420,232
41430,232
41440,237
41450,240
41460,232
41470,232
41480,233
41490,234
41500,231
41510,236
41520,231
41530,221
41540,233
41550,235
41560,225
41570,225
41580,231
41590,235
41600,233
41610,225
41620,215
41630,210
41640,217
41650,238
41660,231
41670,232
41680,229
41690,225
41700,217
41710,225
41720,225
41730,223
41740,218
41750,218
41760,229
41770,231
41780,221
41790,216
41800,223
41810,226
41820,214
41830,216
41840,222
41850,228
41860,226
41870,218
41880,218
41890,232
41900,227
41910,231
41920,232
41930,223
41940,237
41950,211
41960,224
41970,190
41980,191
41990,196
42000,180
42010,181
42020,200
42030,193
42040,184
42050,224
42060,217
42070,290
42080,252
42090,268
42100,239
42110,324
42120,307
42130,302
42140,299
42150,292
42160,287
42170,291
42180,267
42190,273
42200,274
42210,255
42220,252
42230,305
42240,328
42250,323
42260,314
42270,321
42280,311
42290,311
42300,314
42310,317
42320,313
42330,313
42340,304
42350,305
42360,314
42370,295
42380,294
42390,310
42400,303
42410,318
42420,305
42430,312
42440,319
42450,329
42460,317
42470,309
42480,310
42490,310
42500,315
42510,308
42520,317
42530,315
42540,311
42550,314
42560,311
42570,305
42580,297
42590,301
42600,312
42610,299
42620,314
42630,302
42640,308
42650,290
42660,287
42670,285
42680,297
42690,278
42700,301
42710,307
42720,301
42730,289
42740,282
42750,281
42760,288
42770,291
42780,194
42790,166
42800,225
42810,204
42820,187
42830,251
42840,203
42850,245
42860,241
42870,248
42880,251
42890,255
42900,262
42910,231
42920,223
42930,217
42940,220
42950,253
42960,57
42970,52
42980,48
42990,37
43000,49
43010,13
43020,110
43030,104
43040,113
43050,109
43060,119
43070,113
43080,112
43090,114
43100,115
43110,348
43120,343
43130,335
43140,218
43150,317
43160,221
43170,205
43180,218
43190,203
43200,188
43210,176
43220,179
43230,149
43240,178
43250,202
43260,198
43270,169
43280,158
43290,522
43300,141
43310,129
43320,136
43330,146
43340,148
43350,155
43360,163
43370,148
43380,172
43390,158
43400,152
43410,148
43420,156
43430,162
43440,167
43450,161
43460,172
43470,150
43480,118
43490,180
43500,195
43510,214
43520,209
43530,207
43540,202
43550,202
43560,209
43570,203
43580,209
43590,210
43600,204
43610,209
43620,206
43630,205
43640,185
43650,214
43660,216
43670,219
43680,209
43690,211
43700,216
43710,217
43720,217
43730,217
43740,214
43750,222
43760,214
43770,221
43780,214
43790,207
43800,212
43810,212
43820,215
43830,218
43840,213
43850,216
43860,220
43870,219
43880,215
43890,222
43900,217
43910,209
43920,208
43930,212
43940,212
43950,210
43960,217
43970,210
43980,218
43990,215
44000,213
44010,215
44020,217
44030,208
44040,205
44050,212
44060,208
44070,205
44080,219
44090,201
44100,208
44110,202
44120,201
44130,201
44140,203
44150,191
44160,188
44170,194
44180,203
44190,185
44200,204
44210,191
44220,215
44230,188
44240,194
44250,209
44260,207
44270,207
44280,206
44290,209
44300,206
44310,212
44320,205
44330,208
44340,212
44350,206
44360,208
44370,220
44380,212
44390,218
44400,200
44410,216
44420,211
44430,208
44440,209
44450,220
44460,219
44470,218
44480,224
44490,218
44500,222
44510,228
44520,231
44530,225
44540,217
44550,224
44560,228
44570,220
44580,222
44590,222
44600,228
44610,224
44620,231
44630,226
44640,219
44650,220
44660,221
44670,214
44680,205
44690,207
44700,198
44710,190
44720,218
44730,209
44740,208
44750,214
44760,204
44770,199
44780,239
44790,239
44800,241
44810,227
44820,239
44830,248
44840,231
44850,223
44860,223
44870,236
44880,232
44890,221
44900,240
44910,241
44920,239
44930,232
44940,242
44950,237
44960,236
44970,239
44980,236
44990,242
45000,234
45010,232
45020,233
45030,222
45040,236
45050,229
45060,227
45070,234
45080,222
45090,227
45100,236
45110,231
45120,239
45130,247
45140,242
45150,242
45160,246
45170,229
45180,241
45190,240
45200,230
45210,247
45220,246
45230,240
45240,238
45250,238
45260,230
45270,245
45280,232
45290,242
45300,237
45310,238
45320,242
45330,236
45340,238
45350,231
45360,240
45370,236
45380,220
45390,249
45400,247
45410,271
45420,265
45430,276
45440,263
45450,271
45460,257
45470,255
45480,280
45490,272
45500,269
51510,10
51520,10
51530,13
51540,9
51550,9
51560,18
51570,6
51580,8
51590,12
51600,14
51610,8
51620,15
51630,11
51640,8
51650,8
51660,10
51670,10
51680,14
51690,13
51700,13
51710,10
51720,10
51730,8
51740,11
51750,10
51760,19
51770,5
51780,6
51790,4
51800,14
51810,11
51820,11
51830,11
51840,8
51850,13
51860,2
51870,8
51880,14
51890,9
51900,9
51910,7
51920,11
51930,10
51940,6
51950,11
51960,10
51970,6
51980,21
51990,11
52000,10
52010,16
52020,10
52030,12
52040,11
52050,4
52060,-3
52070,15
52080,11
52090,18
52100,4
52110,11
52120,12
52130,1
52140,18
52150,14
52160,14
52170,13
52180,7
52190,6
52200,10
52210,16
52220,7
52230,7
52240,12
52250,23
52260,13
52270,7
52280,9
52290,12
52300,12
52310,5
52320,9
52330,11
52340,14
52350,14
52360,4
52370,11
52380,15
52390,10
52400,5
52410,11
52420,4
52430,10
52440,9
52450,6
52460,4
52470,14
52480,18
52490,15
52500,18
52510,6
52520,15
52530,6
52540,8
52550,15
52560,15
52570,8
52580,16
52590,12
52600,12
52610,3
52620,12
52630,11
52640,14
52650,17
52660,13
52670,13
52680,12
52690,7
52700,9
52710,18
52720,9
52730,17
52740,10
52750,17
52760,6
52770,15
52780,13
52790,15
52800,16
52810,5
52820,11
52830,8
52840,13
52850,11
52860,8
52870,12
52880,7
52890,8
52900,14
52910,7
52920,17
52930,14
52940,6
52950,11
52960,15
52970,8
52980,18
52990,-1
53000,9
53010,13
53020,9
53030,13
53040,21
53050,14
53060,13
53070,12
53080,15
53090,15
53100,15
53110,13
53120,13
53130,12
53140,10
53150,15
53160,15
53170,14
53180,11
53190,14
53200,18
53210,15
53220,15
53230,10
53240,13
53250,8
53260,7
53270,10
53280,20
53290,11
53300,14
53310,11
53320,16
53330,18
53340,12
53350,14
53360,4
53370,12
53380,10
53390,10
53400,14
53410,8
53420,14
53430,15
53440,3
53450,10
53460,15
53470,8
53480,15
53490,12
53500,4
53510,5
53520,10
53530,11
53540,14
53550,11
53560,12
53570,10
53580,11
53590,7
53600,14
53610,13
53620,12
53630,8
53640,9
53650,12
53660,19
53670,16
53680,8
53690,15
53700,14
53710,3
53720,14
53730,5
53740,15
53750,14
53760,16
53770,13
53780,14
53790,12
53800,11
53810,18
53820,7
53830,7
53840,12
53850,7
53860,10
53870,17
53880,15
53890,12
53900,6
53910,10
53920,6
53930,16
53940,19
53950,10
53960,14
53970,13
53980,9
53990,10
54000,14
54010,9
54020,15
54030,21
54040,11
54050,21
54060,12
54070,6
54080,12
54090,9
54100,16
54110,3
54120,21
54130,11
54140,18
54150,16
54160,17
54170,16
54180,10
54190,12
54200,13
54210,14
54220,7
54230,15
54240,5
54250,9
54260,5
54270,15
54280,8
54290,19
54300,12
54310,6
54320,13
54330,6
54340,14
54350,14
54360,18
54370,9
54380,14
54390,9
54400,21
54410,8
54420,8
54430,17
54440,8
54450,8
54460,12
54470,7
54480,13
54490,14
54500,10
54510,10
54520,14
54530,5
54540,13
54550,9
54560,6
54570,11
54580,10
54590,14
54600,14
54610,0
54620,15
54630,10
54640,14
54650,15
54660,11
54670,7
54680,8
54690,12
54700,7
54710,16
54720,19
54730,15
54740,10
54750,10
54760,18
54770,10
54780,10
54790,19
54800,10
54810,7
54820,12
54830,8
54840,17
54850,14
54860,25
54870,16
54880,17
54890,13
54900,12
54910,15
54920,15
54930,15
54940,10
54950,7
54960,15
54970,2
54980,13
54990,14
55000,19
55010,9
55020,10
55030,14
55040,8
55050,13
55060,15
55070,16
55080,12
55090,4
55100,22
55110,12
55120,17
55130,13
55140,14
55150,10
55160,17
55170,13
55180,26
55190,17
55200,12
55210,10
55220,14
55230,7
55240,13
55250,14
55260,16
55270,11
55280,5
55290,18
55300,15
55310,22
55320,12
55330,9
55340,15
55350,10
55360,12
55370,18
55380,16
55390,11
55400,20
55410,17
55420,8
55430,14
55440,20
55450,21
55460,17
55470,15
55480,19
55490,14
55500,6
55510,12
55520,18
55530,12
55540,10
55550,21
55560,17
55570,11
55580,22
55590,3
55600,16
55610,6
55620,14
55630,9
55640,5
55650,10
55660,13
55670,10
55680,12
55690,11
55700,18
55710,15
55720,9
55730,17
55740,7
55750,13
55760,13
55770,16
55780,11
55790,13
55800,16
55810,13
55820,25
55830,10
55840,9
55850,11
55860,6
55870,2
55880,21
55890,16
55900,6
55910,16
55920,15
55930,18
55940,11
55950,14
55960,13
55970,11
55980,12
55990,15
56000,11
56010,13
56020,18
56030,14
56040,7
56050,9
56060,4
56070,15
56080,12
56090,12
56100,14
56110,11
56120,11
56130,12
56140,10
56150,9
56160,11
56170,2
56180,13
56190,5
56200,9
56210,11
56220,17
56230,16
56240,14
56250,15
56260,11
56270,21
56280,15
56290,9
56300,7
56310,15
56320,15
56330,23
56340,8
56350,6
56360,14
56370,13
56380,10
56390,9
56400,9
56410,16
56420,12
56430,8
56440,15
56450,9
56460,0
56470,11
56480,7
56490,10
56500,13
56510,15
56520,18
56530,12
56540,4
56550,9
56560,11
56570,11
56580,21
56590,12
56600,11
56610,13
56620,11
56630,4
56640,15
56650,5
56660,13
56670,18
56680,11
56690,6
56700,17
56710,8
56720,11
56730,18
56740,14
56750,12
56760,10
56770,10
56780,11
56790,12
56800,9
56810,17
56820,15
56830,18
56840,11
56850,14
56860,8
56870,17
56880,13
56890,16
56900,10
56910,10
56920,9
56930,12
56940,9
56950,12
56960,10
56970,14
56980,16
56990,16
57000,15
57010,16
57020,17
57030,19
57040,11
57050,7
57060,12
57070,16
57080,17
57090,17
57100,14
57110,13
57120,14
57130,14
57140,14
57150,11
57160,9
57170,15
57180,8
57190,10
57200,2
57210,7
57220,15
57230,18
57240,15
57250,9
57260,27
57270,13
57280,14
57290,11
57300,12
57310,11
57320,11
57330,2
57340,10
57350,15
57360,5
57370,17
57380,5
57390,9
57400,12
57410,16
57420,8
57430,8
57440,6
57450,13
57460,9
57470,18
57480,10
57490,14
57500,12
57510,9
57520,17
57530,10
57540,5
57550,19
57560,5
57570,7
57580,13
57590,15
57600,10
57610,1
57620,14
57630,6
57640,10
57650,16
57660,3
57670,10
57680,1
57690,10
57700,13
57710,6
57720,13
57730,8
57740,15
57750,10
57760,14
57770,14
57780,15
57790,8
57800,13
57810,14
57820,11
57830,4
57840,12
57850,18
57860,16
57870,10
57880,11
57890,12
57900,16
57910,15
57920,8
57930,22
57940,13
57950,11
57960,17
57970,10
57980,9
57990,16
58000,7
58010,24
58020,17
58030,9
58040,19
58050,7
58060,14
58070,4
58080,12
58090,19
58100,11
58110,20
58120,16
58130,19
58140,12
58150,13
58160,15
58170,14
58180,12
58190,7
58200,19
58210,12
58220,18
58230,13
58240,14
58250,13
58260,10
58270,12
58280,10
58290,18
58300,13
58310,9
58320,5
58330,13
58340,3
58350,12
58360,9
58370,7
58380,13
58390,8
58400,15
58410,6
58420,22
58430,16
58440,13
58450,13
58460,14
58470,15
58480,20
58490,13
58500,12
58510,17
58520,22
58530,14
58540,16
58550,20
58560,11
58570,13
58580,7
58590,17
58600,18
58610,9
58620,17
58630,10
58640,11
58650,18
58660,9
58670,6
58680,13
58690,11
58700,13
58710,7
58720,12
58730,9
58740,7
58750,19
58760,17
58770,11
58780,15
58790,11
58800,10
58810,14
58820,11
58830,14
58840,14
58850,16
58860,13
58870,14
58880,7
58890,4
58900,8
58910,21
58920,15
58930,14
58940,20
58950,11
58960,9
58970,19
58980,12
58990,18
59000,5
59010,17
59020,11
59030,4
59040,7
59050,10
59060,11
59070,15
59080,9
59090,13
59100,17
59110,11
59120,14
59130,19
59140,13
59150,10
59160,11
59170,16
59180,15
59190,7
59200,7
59210,16
59220,8
59230,13
59240,24
59250,19
59260,7
59270,8
59280,2
59290,11
59300,8
59310,19
59320,17
59330,7
59340,14
59350,5
59360,14
59370,17
59380,15
59390,9
59400,12
59410,13
59420,11
59430,7
59440,9
59450,12
59460,8
59470,11
59480,12
59490,12
59500,14
59510,8
59520,10
59530,12
59540,13
59550,16
59560,22
59570,11
59580,18
59590,13
59600,16
59610,10
59620,13
59630,20
59640,11
59650,16
59660,15
59670,12
59680,15
59690,8
59700,14
59710,19
59720,9
59730,10
59740,13
59750,23
59760,14
59770,12
59780,14
59790,13
59800,13
59810,15
59820,11
59830,13
59840,10
59850,11
59860,11
59870,16
59880,19
59890,7
59900,8
59910,12
59920,16
59930,5
59940,10
59950,9
59960,16
59970,16
59980,14
59990,10
60000,5
60010,11
60020,-2
60030,5
60040,2
60050,14
60060,11
60070,7
60080,11
60090,17
60100,9
60110,13
60120,10
60130,4
60140,11
60150,9
60160,8
60170,9
60180,11
60190,14
60200,6
60210,11
60220,7
60230,9
60240,13
60250,7
60260,10
60270,13
60280,10
60290,8
60300,8
60310,12
60320,14
60330,13
60340,17
60350,17
60360,19
60370,7
60380,15
60390,13
60400,8
60410,14
60420,18
60430,12
60440,14
60450,12
60460,5
60470,12
60480,12
60490,8
60500,6
60510,11
60520,7
60530,16
60540,17
60550,12
60560,10
60570,11
60580,11
60590,12
60600,13
60610,13
60620,14
60630,19
60640,13
60650,14
60660,12
60670,14
60680,11
60690,12
60700,15
60710,16
60720,17
60730,9
60740,11
60750,6
60760,18
60770,18
60780,19
60790,8
60800,9
60810,13
60820,11
60830,-3
60840,14
60850,14
60860,7
60870,1
60880,12
60890,12
60900,12
60910,15
60920,11
60930,5
60940,13
60950,11
60960,14
60970,8
60980,16
60990,6
61000,11
61010,8
61020,11
61030,20
61040,17
61050,2
61060,14
61070,13
61080,17
61090,18
61100,10
61110,6
61120,9
61130,7
61140,5
61150,4
61160,7
61170,12
61180,6
61190,7
61200,25
61210,12
61220,20
61230,12
61240,12
61250,7
61260,14
61270,10
61280,7
61290,12
61300,7
61310,13
61320,7
61330,14
61340,14
61350,20
61360,8
61370,12
61380,18
61390,5
61400,13
61410,19
61420,13
61430,13
61440,15
61450,13
61460,6
61470,7
61480,12
61490,10
61500,3
61510,16
61520,11
61530,10
61540,11
61550,11
61560,14
61570,10
61580,9
61590,6
61600,10
61610,12
61620,10
61630,8
61640,11
61650,18
61660,21
61670,17
61680,11
61690,2
61700,9
61710,13
61720,9
61730,11
61740,12
61750,14
61760,15
61770,10
61780,16
61790,19
61800,19
61810,16
61820,14
61830,18
61840,10
61850,19
61860,13
61870,9
61880,17
61890,6
61900,14
61910,12
61920,5
61930,5
61940,21
61950,13
61960,11
61970,17
61980,17
61990,21
62000,13
62010,9
62020,22
62030,11
62040,6
62050,18
62060,10
62070,8
62080,21
62090,18
62100,17
62110,10
62120,7
62130,7
62140,13
62150,23
62160,18
62170,17
62180,7
62190,9
62200,10
62210,6
62220,6
62230,14
62240,11
62250,7
62260,14
62270,20
62280,10
62290,14
62300,18
62310,11
62320,14
62330,12
62340,8
62350,17
62360,15
62370,11
62380,14
62390,11
62400,13
62410,5
62420,9
62430,8
62440,15
62450,12
62460,17
62470,11
62480,17
62490,7
62500,8
62510,8
62520,9
62530,13
62540,24
62550,6
62560,11
62570,22
62580,15
62590,16
62600,18
62610,2
62620,11
62630,13
62640,10
62650,12
62660,6
62670,5
62680,16
62690,13
62700,11
62710,17
62720,9
62730,14
62740,8
62750,7
62760,14
62770,7
62780,15
62790,10
62800,13
62810,13
62820,13
62830,14
62840,5
62850,8
62860,16
62870,8
62880,5
62890,6
62900,5
62910,8
62920,14
62930,4
62940,10
62950,11
62960,10
62970,11
62980,11
62990,9
63000,10
63010,15
63020,17
63030,13
63040,10
63050,13
63060,17
63070,12
63080,15
63090,4
63100,17
63110,14
63120,7
63130,15
63140,1
63150,1
63160,8
63170,10
63180,10
63190,9
63200,10
63210,5
63220,13
63230,12
63240,14
63250,8
63260,12
63270,9
63280,11
63290,9
63300,11
63310,9
63320,15
63330,13
63340,15
63350,15
63360,3
63370,10
63380,8
63390,10
63400,17
63410,15
63420,11
63430,9
63440,12
63450,6
63460,11
63470,14
63480,15
63490,10
63500,17
63510,10
63520,18
63530,8
63540,10
63550,15
63560,12
63570,6
63580,13
63590,8
63600,7
63610,11
63620,17
63630,11
63640,18
63650,8
63660,8
63670,12
63680,12
63690,15
63700,9
63710,7
63720,7
63730,13
63740,10
63750,19
63760,7
63770,14
63780,7
63790,16
63800,16
63810,5
63820,15
63830,3
63840,15
63850,12
63860,20
63870,13
63880,15
63890,13
63900,19
63910,10
63920,12
63930,11
63940,12
63950,9
63960,12
63970,18
63980,22
63990,10
64000,13
64010,12
64020,10
64030,13
64040,13
64050,14
64060,14
64070,13
64080,9
64090,5
64100,12
64110,7
64120,16
64130,12
64140,20
64150,12
64160,19
64170,14
64180,12
64190,17
64200,10
64210,16
64220,14
64230,8
64240,17
64250,8
64260,11
64270,12
64280,11
64290,16
64300,14
64310,15
64320,12
64330,12
64340,9
64350,9
64360,15
64370,15
64380,16
64390,9
64400,14
64410,7
64420,11
64430,11
64440,10
64450,17
64460,22
64470,11
64480,11
64490,11
64500,26
64510,20
64520,12
64530,13
64540,19
64550,12
64560,9
64570,9
64580,5
64590,19
64600,11
64610,6
64620,15
64630,4
64640,12
64650,9
64660,20
64670,13
64680,13
64690,18
64700,8
64710,3
64720,8
64730,15
64740,23
64750,10
64760,7
64770,15
64780,13
64790,6
64800,15
64810,17
64820,11
64830,9
64840,8
64850,7
64860,10
64870,9
64880,10
64890,15
64900,15
64910,11
64920,9
64930,17
64940,17
64950,16
64960,14
64970,9
64980,16
64990,17
65000,6
65010,11
65020,13
65030,12
65040,5
65050,18
65060,12
65070,12
65080,9
65090,7
65100,13
65110,8
65120,10
65130,3
65140,16
65150,17
65160,10
65170,16
65180,12
65190,14
65200,12
65210,8
65220,23
65230,9
65240,6
65250,13
65260,16
65270,14
65280,18
65290,9
65300,15
65310,5
65320,4
65330,19
65340,18
65350,10
65360,21
65370,11
65380,15
65390,16
65400,13
65410,6
65420,6
65430,4
65440,12
65450,13
65460,14
65470,10
65480,5
65490,12
65500,15
65510,17
65520,7
65530,11
65540,13
65550,12
65560,22
65570,14
65580,10
65590,8
65600,13
65610,7
65620,7
65630,12
65640,7
65650,9
65660,2
65670,3
65680,7
65690,16
65700,9
65710,16
65720,11
65730,11
65740,12
65750,11
65760,10
65770,7
65780,15
65790,14
65800,10
65810,13
65820,12
65830,17
65840,4
65850,13
65860,5
65870,11
65880,8
65890,12
65900,11
65910,11
65920,13
65930,20
65940,13
65950,12
65960,12
65970,14
65980,15
65990,7
66000,13
66010,11
66020,7
66030,12
66040,9
66050,10
66060,13
66070,14
66080,10
66090,16
66100,14
66110,18
66120,7
66130,9
66140,13
66150,17
66160,11
66170,11
66180,11
66190,11
66200,7
66210,9
66220,10
66230,22
66240,15
66250,13
66260,13
66270,13
66280,11
66290,5
66300,14
66310,8
66320,18
66330,13
66340,0
66350,4
66360,13
66370,16
66380,4
66390,4
66400,15
66410,14
66420,16
66430,13
66440,9
66450,14
66460,18
66470,7
66480,7
66490,9
66500,10
66510,7
66520,14
66530,14
66540,9
66550,16
66560,9
66570,10
66580,9
66590,11
66600,19
66610,9
66620,11
66630,14
66640,11
66650,8
66660,15
66670,18
66680,9
66690,13
66700,13
66710,3
66720,11
66730,10
66740,14
66750,14
66760,12
66770,6
66780,11
66790,10
66800,2
66810,12
66820,12
66830,11
66840,15
66850,11
66860,15
66870,9
66880,9
66890,6
66900,17
66910,10
66920,15
66930,9
66940,12
66950,7
66960,9
66970,15
66980,12
66990,9
67000,15
67010,15
67020,20
67030,15
67040,12
67050,12
67060,9
67070,9
67080,13
67090,17
67100,12
67110,13
67120,13
67130,13
67140,9
67150,16
67160,10
67170,11
67180,13
67190,9
67200,13
67210,12
67220,17
67230,12
67240,7
67250,14
67260,12
67270,15
67280,12
67290,17
67300,16
67310,14
67320,9
67330,17
67340,11
67350,8
67360,12
67370,9
67380,15
67390,9
67400,15
67410,16
67420,12
67430,8
67440,9
67450,8
67460,14
67470,9
67480,11
67490,15
67500,9
67510,18
67520,6
67530,6
67540,15
67550,6
67560,10
67570,15
67580,11
67590,15
67600,16
67610,12
67620,8
67630,18
67640,14
67650,11
67660,9
67670,12
67680,8
67690,3
67700,10
67710,14
67720,12
67730,13
67740,14
67750,9
67760,9
67770,8
67780,3
67790,14
67800,4
67810,14
67820,8
67830,8
67840,12
67850,5
67860,4
67870,10
67880,13
67890,8
67900,15
67910,6
67920,10
67930,6
67940,12
67950,13
67960,12
67970,9
67980,18
67990,6
68000,14
68010,19
68020,5
68030,12
68040,9
68050,9
68060,11
68070,16
68080,13
68090,14
68100,5
68110,13
68120,3
68130,10
68140,8
68150,12
68160,16
68170,12
68180,9
68190,9
68200,16
68210,15
68220,18
68230,8
68240,5
68250,15
68260,9
68270,12
68280,11
68290,11
68300,13
68310,9
68320,6
68330,16
68340,9
68350,13
68360,8
68370,13
68380,8
68390,6
68400,14
68410,14
68420,4
68430,9
68440,13
68450,9
68460,15
68470,13
68480,10
68490,10
68500,11
68510,13
68520,16
68530,17
68540,7
68550,8
68560,7
68570,16
68580,13
68590,9
68600,9
68610,12
68620,2
68630,12
68640,-2
68650,12
68660,8
68670,13
68680,14
68690,2
68700,8
68710,12
68720,10
68730,13
68740,14
68750,6
68760,10
68770,12
68780,19
68790,12
68800,15
68810,9
68820,14
68830,15
68840,10
68850,10
68860,13
68870,11
68880,11
68890,12
68900,10
68910,14
68920,11
68930,23
68940,10
68950,13
68960,12
68970,7
68980,11
68990,13
69000,12
69010,12
69020,11
69030,7
69040,8
69050,11
69060,13
69070,13
69080,12
69090,17
69100,9
69110,11
69120,9
69130,17
69140,2
69150,13
69160,17
69170,11
69180,17
69190,10
69200,19
69210,17
69220,17
69230,12
69240,14
69250,17
69260,11
69270,10
69280,11
69290,18
69300,6
69310,9
69320,17
69330,13
69340,9
69350,4
69360,0
69370,11
69380,11
69390,7
69400,10
69410,14
69420,12
69430,7
69440,10
69450,14
69460,17
69470,18
69480,21
69490,3
69500,12
69510,14
69520,12
69530,18
69540,9
69550,8
69560,9
69570,14
69580,13
69590,14
69600,12
69610,7
69620,12
69630,11
69640,17
69650,8
69660,8
69670,17
69680,7
69690,12
69700,9
69710,14
69720,6
69730,13
69740,4
69750,17
69760,16
69770,7
69780,15
69790,8
69800,14
69810,14
69820,12
69830,14
69840,14
69850,18
69860,8
69870,10
69880,11
69890,12
69900,9
69910,9
69920,3
69930,12
69940,15
69950,14
69960,14
69970,12
69980,16
69990,8
70000,8
70010,15
70020,18
70030,9
70040,10
70050,7
70060,12
70070,13
70080,15
70090,5
70100,3
70110,15
70120,8
70130,10
70140,13
70150,9
70160,20
70170,13
70180,11
70190,13
70200,8
70210,8
70220,9
70230,10
70240,13
70250,20
70260,7
70270,8
70280,17
70290,14
70300,5
70310,14
70320,13
70330,16
70340,8
70350,18
70360,17
70370,10
70380,11
70390,13
70400,12
70410,13
70420,10
70430,12
70440,19
70450,14
70460,11
70470,12
70480,6
70490,8
70500,10
70510,7
70520,11
70530,16
70540,17
70550,16
70560,13
70570,11
70580,12
70590,10
70600,14
70610,7
70620,15
70630,8
70640,12
70650,14
70660,13
70670,8
70680,15
70690,8
70700,7
70710,3
70720,15
70730,6
70740,8
70750,3
70760,10
70770,13
70780,8
70790,17
70800,5
70810,16
70820,8
70830,13
70840,20
70850,13
70860,12
70870,15
70880,14
70890,13
70900,14
70910,3
70920,10
70930,17
70940,21
70950,11
70960,11
70970,12
70980,13
70990,17
71000,17
71010,14
71020,15
71030,19
71040,11
71050,9
71060,10
71070,14
71080,13
71090,13
71100,12
71110,4
71120,9
71130,10
71140,16
71150,11
71160,14
71170,7
71180,9
71190,15
71200,12
71210,12
71220,9
71230,10
71240,19
71250,10
71260,1
71270,23
71280,7
71290,10
71300,10
71310,16
71320,10
71330,14
71340,9
71350,0
71360,13
71370,6
71380,13
71390,9
71400,7
71410,15
71420,9
71430,9
71440,14
71450,5
71460,13
71470,22
71480,4
71490,0
71500,1
71510,9
71520,10
71530,11
71540,6
71550,10
71560,24
71570,11
71580,19
71590,8
71600,5
71610,8
71620,12
71630,10
71640,9
71650,9
71660,7
71670,7
71680,8
71690,1
71700,13
71710,11
71720,1
71730,15
71740,13
71750,10
71760,13
71770,8
71780,10
71790,10
71800,10
71810,17
71820,9
71830,12
71840,13
71850,16
71860,11
71870,0
71880,9
71890,14
71900,18
71910,8
71920,9
71930,9
71940,11
71950,10
71960,10
71970,20
71980,9
71990,11
72000,14
72010,17
72020,12
72030,13
72040,10
72050,7
72060,12
72070,18
72080,16
72090,13
72100,14
72110,19
72120,8
72130,12
72140,11
72150,19
72160,7
72170,10
72180,8
72190,9
72200,9
72210,17
72220,11
72230,14
72240,9
72250,12
72260,13
72270,5
72280,4
72290,14
72300,9
72310,10
72320,8
72330,16
72340,15
72350,10
72360,17
72370,7
72380,17
72390,18
72400,17
72410,11
72420,21
72430,10
72440,10
72450,12
72460,11
72470,7
72480,17
72490,17
72500,7
72510,15
72520,8
72530,21
72540,12
72550,9
72560,5
72570,6
72580,15
72590,14
72600,7
72610,11
72620,12
72630,7
72640,12
72650,17
72660,10
72670,23
72680,10
72690,8
72700,9
72710,8
72720,10
72730,18
72740,7
72750,9
72760,9
72770,2
72780,10
72790,8
72800,12
72810,8
72820,8
72830,18
72840,16
72850,8
72860,12
72870,14
72880,5
72890,15
72900,7
72910,17
72920,20
72930,15
72940,11
72950,3
72960,10
72970,17
72980,15
72990,17
73000,8
73010,8
73020,5
73030,10
73040,7
73050,15
73060,12
73070,17
73080,15
73090,11
73100,9
73110,7
73120,11
73130,11
73140,15
73150,12
73160,12
73170,16
73180,17
73190,18
73200,15
73210,19
73220,10
73230,17
73240,15
73250,16
73260,17
73270,12
73280,20
73290,11
73300,10
73310,17
73320,15
73330,9
73340,4
73350,15
73360,13
73370,11
73380,16
73390,12
73400,13
73410,13
73420,16
73430,10
73440,17
73450,13
73460,11
73470,13
73480,11
73490,5
73500,12
73510,15
73520,13
73530,17
73540,10
73550,19
73560,15
73570,20
73580,2
73590,24
73600,19
73610,14
73620,14
73630,8
73640,18
73650,16
73660,15
73670,18
73680,19
73690,14
73700,15
73710,19
73720,9
73730,15
73740,21
73750,11
73760,12
73770,10
73780,11
73790,17
73800,7
73810,14
73820,17
73830,12
73840,15
73850,9
73860,16
73870,9
73880,15
73890,15
73900,13
73910,11
73920,21
73930,10
73940,11
73950,15
73960,8
73970,0
73980,10
73990,16
74000,9
74010,12
74020,14
74030,12
74040,11
74050,7
74060,8
74070,16
74080,12
74090,21
74100,10
74110,9
74120,12
74130,17
74140,15
74150,2
74160,7
74170,5
74180,13
74190,14
74200,13
74210,15
74220,11
74230,12
74240,14
74250,7
74260,13
74270,9
74280,14
74290,7
74300,14
74310,3
74320,5
74330,15
74340,2
74350,7
74360,16
74370,6
74380,8
74390,10
74400,15
74410,12
74420,10
74430,3
74440,8
74450,15
74460,13
74470,13
74480,9
74490,9
74500,15
74510,5
74520,10
74530,10
74540,14
74550,14
74560,13
74570,10
74580,11
74590,11
74600,16
74610,12
74620,11
74630,16
74640,12
74650,16
74660,12
74670,13
74680,12
74690,8
74700,15
74710,19
74720,15
74730,18
74740,7
74750,6
74760,22
74770,7
74780,15
74790,12
74800,12
74810,22
74820,10
74830,13
74840,7
74850,9
74860,13
74870,14
74880,9
74890,8
74900,3
74910,20
74920,19
74930,12
74940,12
74950,13
74960,11
74970,15
74980,22
74990,8
75000,9
75010,10
75020,6
75030,14
75040,12
75050,7
75060,10
75070,10
75080,21
75090,13
75100,6
75110,17
75120,15
75130,8
75140,6
75150,14
75160,13
75170,16
75180,6
75190,11
75200,7
75210,12
75220,8
75230,9
75240,12
75250,3
75260,14
75270,4
75280,11
75290,11
75300,12
75310,5
75320,4
75330,12
75340,10
75350,16
75360,12
75370,9
75380,15
75390,8
75400,14
75410,13
75420,12
75430,17
75440,10
75450,16
75460,2
75470,7
75480,7
75490,8
75500,-2
75510,10
75520,2
75530,5
75540,11
75550,11
75560,5
75570,7
75580,9
75590,8
75600,5
75610,4
75620,11
75630,10
75640,13
75650,18
75660,17
75670,10
75680,13
75690,7
75700,10
75710,13
75720,10
75730,18
75740,12
75750,15
75760,12
75770,16
75780,17
75790,13
75800,5
75810,14
75820,18
75830,9
75840,15
75850,19
75860,11
75870,16
75880,15
75890,16
75900,10
75910,23
75920,14
75930,18
75940,8
75950,15
75960,14
75970,13
75980,22
75990,7
76000,13
76010,10
76020,15
76030,9
76040,6
76050,13
76060,11
76070,9
76080,9
76090,8
76100,8
76110,9
76120,11
76130,6
76140,13
76150,9
76160,14
76170,12
76180,8
76190,14
76200,10
76210,24
76220,6
76230,14
76240,16
76250,12
76260,19
76270,8
76280,10
76290,12
76300,17
76310,5
76320,7
76330,12
76340,6
76350,14
76360,14
76370,10
76380,-4
76390,7
76400,18
76410,7
76420,10
76430,13
76440,13
76450,11
76460,18
76470,5
76480,20
76490,9
76500,3
76510,13
76520,17
76530,19
76540,11
76550,3
76560,15
76570,7
76580,9
76590,4
76600,14
76610,5
76620,16
76630,12
76640,15
76650,12
76660,12
76670,21
76680,13
76690,19
76700,23
76710,14
76720,8
76730,15
76740,3
76750,13
76760,19
76770,20
76780,11
76790,10
76800,18
76810,13
76820,12
76830,17
76840,12
76850,10
76860,13
76870,5
76880,13
76890,13
76900,15
76910,12
76920,7
76930,9
76940,14
76950,14
76960,12
76970,15
76980,5
76990,14
77000,9
77010,12
77020,15
77030,16
77040,8
77050,8
77060,11
77070,16
77080,4
77090,25
77100,10
77110,14
77120,10
77130,8
77140,14
77150,13
77160,21
77170,2
77180,19
77190,7
77200,8
77210,6
77220,15
77230,14
77240,7
77250,10
77260,15
77270,12
77280,13
77290,14
77300,5
77310,19
77320,8
77330,16
77340,13
77350,6
77360,8
77370,9
77380,3
77390,8
77400,11
77410,8
77420,11
77430,9
77440,14
77450,9
77460,10
77470,9
77480,9
77490,15
77500,10
77510,16
77520,20
77530,14
77540,6
77550,5
77560,11
77570,17
77580,10
77590,13
77600,7
77610,17
77620,17
77630,12
77640,5
77650,12
77660,10
77670,14
77680,7
77690,6
77700,15
77710,9
77720,8
77730,9
77740,8
77750,13
77760,13
77770,15
77780,14
77790,11
77800,15
77810,18
77820,17
77830,13
77840,16
77850,12
77860,16
77870,9
77880,2
77890,13
77900,9
77910,12
77920,3
77930,9
77940,8
77950,9
77960,5
77970,7
77980,11
77990,13
78000,11
78010,11
78020,12
78030,16
78040,9
78050,11
78060,13
78070,7
78080,11
78090,9
78100,9
78110,15
78120,15
78130,10
78140,12
78150,12
78160,6
78170,19
78180,22
78190,15
78200,7
78210,8
78220,12
78230,15
78240,8
78250,1
78260,13
78270,13
78280,7
78290,11
78300,6
78310,21
78320,5
78330,13
78340,12
78350,12
78360,11
78370,6
78380,10
78390,17
78400,15
78410,12
78420,13
78430,17
78440,11
78450,13
78460,7
78470,18
78480,12
78490,11
78500,13
78510,10
78520,13
78530,7
78540,16
78550,16
78560,11
78570,20
78580,8
78590,16
78600,13
78610,12
78620,8
78630,13
78640,12
78650,12
78660,18
78670,10
78680,6
78690,19
78700,6
78710,8
78720,12
78730,13
78740,11
78750,8
78760,16
78770,14
78780,13
78790,14
78800,16
78810,11
78820,7
78830,10
78840,9
78850,7
78860,13
78870,10
78880,9
78890,15
78900,17
78910,15
78920,13
78930,13
78940,15
78950,9
78960,7
78970,15
78980,11
78990,5
79000,15
79010,16
79020,10
79030,14
79040,7
79050,11
79060,9
79070,6
79080,10
79090,13
79100,11
79110,10
79120,17
79130,5
79140,10
79150,4
79160,12
79170,13
79180,8
79190,11
79200,12
79210,12
79220,11
79230,9
79240,13
79250,11
79260,11
79270,11
79280,11
79290,19
79300,7
79310,16
79320,17
79330,8
79340,9
79350,11
79360,12
79370,10
79380,13
79390,13
79400,16
79410,12
79420,16
79430,13
79440,13
79450,16
79460,15
79470,10
79480,16
79490,17
79500,13
79510,11
79520,8
79530,6
79540,15
79550,13
79560,1
79570,11
79580,12
79590,25
79600,16
79610,16
79620,7
79630,12
79640,10
79650,13
79660,16
79670,15
79680,9
79690,13
79700,13
79710,17
79720,14
79730,15
79740,13
79750,10
79760,11
79770,12
79780,13
79790,17
79800,14
79810,12
79820,14
79830,16
79840,13
79850,14
79860,18
79870,5
79880,12
79890,16
79900,15
79910,13
79920,14
79930,12
79940,10
79950,15
79960,17
79970,17
79980,10
79990,9
80000,10
80010,18
80020,20
80030,9
80040,16
80050,12
80060,12
80070,12
80080,12
80090,18
80100,15
80110,8
80120,13
80130,8
80140,16
80150,9
80160,17
80170,11
80180,14
80190,13
80200,23
80210,17
80220,10
80230,18
80240,17
80250,22
80260,16
80270,15
80280,19
80290,14
80300,8
80310,21
80320,8
80330,8
80340,13
80350,12
80360,13
80370,14
80380,4
80390,3
80400,15
80410,9
80420,13
80430,7
80440,6
80450,6
80460,3
80470,10
80480,12
80490,10
80500,11
80510,14
80520,15
80530,11
80540,8
80550,16
80560,14
80570,9
80580,8
80590,8
80600,15
80610,13
80620,18
80630,13
80640,19
80650,15
80660,9
80670,16
80680,18
80690,8
80700,9
80710,20
80720,19
80730,16
80740,18
80750,19
80760,7
80770,12
80780,13
80790,24
80800,12
80810,10
80820,16
80830,8
80840,13
80850,7
80860,20
80870,7
80880,12
80890,18
80900,12
80910,13
80920,15
80930,16
80940,13
80950,5
80960,12
80970,11
80980,9
80990,13
81000,14
81010,5
81020,15
81030,7
81040,15
81050,9
81060,10
81070,3
81080,14
81090,12
81100,12
81110,7
81120,6
81130,11
81140,14
81150,13
81160,17
81170,13
81180,9
81190,13
81200,7
81210,10
81220,10
81230,10
81240,16
81250,15
81260,11
81270,9
81280,15
81290,21
81300,10
81310,20
81320,11
81330,14
81340,9
81350,12
81360,20
81370,11
81380,18
81390,18
81400,11
81410,14
81420,18
81430,15
81440,23
81450,18
81460,15
81470,13
81480,14
81490,11
81500,16
81510,14
81520,14
81530,19
81540,14
81550,11
81560,15
81570,18
81580,17
81590,9
81600,21
81610,20
81620,6
81630,9
81640,11
81650,17
81660,18
81670,10
81680,13
81690,13
81700,12
81710,11
81720,11
81730,7
81740,17
81750,14
81760,11
81770,16
81780,15
81790,13
81800,18
81810,9
81820,10
81830,11
81840,17
81850,11
81860,5
81870,13
81880,18
81890,8
81900,17
81910,17
81920,10
81930,15
81940,13
81950,20
81960,6
81970,8
81980,18
81990,14
82000,14
82010,3
82020,10
82030,14
82040,9
82050,10
82060,6
82070,16
82080,9
82090,19
82100,17
82110,17
82120,19
82130,13
82140,12
82150,22
82160,16
82170,20
82180,10
82190,6
82200,7
82210,8
82220,7
82230,16
82240,3
82250,19
82260,15
82270,13
82280,13
82290,10
82300,10
82310,9
82320,12
82330,9
82340,15
82350,13
82360,11
82370,21
82380,9
82390,19
82400,15
82410,12
82420,18
82430,14
82440,10
82450,20
82460,25
82470,13
82480,12
82490,12
82500,5
82510,15
82520,10
82530,8
82540,18
82550,15
82560,16
82570,9
82580,14
82590,12
82600,21
82610,13
82620,11
82630,8
82640,14
82650,6
82660,8
82670,11
82680,12
82690,12
82700,15
82710,10
82720,16
82730,14
82740,11
82750,13
82760,16
82770,3
82780,9
82790,11
82800,12
82810,16
82820,12
82830,11
82840,8
82850,8
82860,10
82870,15
82880,15
82890,11
82900,10
82910,6
82920,10
82930,7
82940,7
82950,15
82960,10
82970,18
82980,11
82990,10
83000,3
83010,10
83020,9
83030,12
83040,8
83050,18
83060,9
83070,15
83080,15
83090,10
83100,15
83110,5
83120,16
83130,10
83140,10
83150,14
83160,17
83170,12
83180,20
83190,17
83200,12
83210,16
83220,6
83230,5
83240,13
83250,17
83260,19
83270,8
83280,10
83290,14
83300,8
83310,12
83320,10
83330,17
83340,9
83350,12
83360,13
83370,14
83380,8
83390,11
83400,11
83410,14
83420,12
83430,6
83440,9
83450,12
83460,9
83470,5
83480,11
83490,12
83500,8
83510,9
83520,9
83530,9
83540,16
83550,9
83560,8
83570,14
83580,11
83590,14
83600,3
83610,7
83620,9
83630,22
83640,11
83650,10
83660,12
83670,14
83680,5
83690,5
83700,4
83710,11
83720,8
83730,12
83740,12
83750,7
83760,5
83770,11
83780,7
83790,10
83800,2
83810,12
83820,4
83830,1
83840,17
83850,7
83860,2
83870,11
83880,18
83890,12
83900,6
83910,9
83920,6
83930,9
83940,8
83950,13
83960,7
83970,13
83980,14
83990,3
84000,3
84010,10
84020,2
84030,4
84040,10
84050,16
84060,14
84070,9
84080,13
84090,17
84100,6
84110,18
84120,12
84130,13
84140,10
84150,10
84160,13
84170,7
84180,8
84190,17
84200,14
84210,10
84220,14
84230,9
84240,9
84250,6
84260,17
84270,9
84280,6
84290,11
84300,13
84310,10
84320,12
84330,3
84340,14
84350,11
84360,6
84370,11
84380,13
84390,6
84400,16
84410,13
84420,12
84430,12
84440,5
84450,18
84460,9
84470,10
84480,14
84490,11
84500,15
84510,8
84520,7
84530,12
84540,13
84550,13
84560,8
84570,11
84580,11
84590,15
84600,15
84610,9
84620,10
84630,11
84640,7
84650,10
84660,11
84670,16
84680,7
84690,16
84700,6
84710,17
84720,11
84730,9
84740,9
84750,16
84760,7
84770,8
84780,13
84790,7
84800,10
84810,9
84820,15
84830,5
84840,7
84850,7
84860,18
84870,14
84880,6
84890,16
84900,12
84910,14
84920,16
84930,14
84940,8
84950,10
84960,21
84970,11
84980,11
84990,13
85000,12
85010,8
85020,-2
85030,6
85040,6
85050,12
85060,7
85070,7
85080,11
85090,8
85100,6
85110,9
85120,9
85130,8
85140,15
85150,17
85160,4
85170,7
85180,11
85190,10
85200,14
85210,18
85220,8
85230,15
85240,13
85250,7
85260,5
85270,15
85280,12
85290,7
85300,17
85310,4
85320,10
85330,10
85340,15
85350,8
85360,14
85370,13
85380,15
85390,10
85400,14
85410,4
85420,12
85430,18
85440,18
85450,17
85460,14
85470,10
85480,16
85490,2
85500,9
85510,12
85520,15
85530,15
85540,9
85550,8
85560,13
85570,21
85580,16
85590,9
85600,12
85610,10
85620,16
85630,12
85640,16
85650,14
85660,18
85670,12
85680,11
85690,6
85700,9
85710,11
85720,16
85730,8
85740,1
85750,16
85760,9
85770,8
85780,8
85790,8
85800,16
85810,7
85820,7
85830,12
85840,8
85850,8
85860,12
85870,5
85880,2
85890,12
85900,17
85910,11
85920,4
85930,11
85940,9
85950,4
85960,16
85970,7
85980,21
85990,4
86000,5
86010,17
86020,8
86030,17
86040,9
86050,18
86060,6
86070,13
86080,12
86090,10
86100,16
86110,11
86120,9
86130,11
86140,12
86150,14
86160,13
86170,9
86180,10
86190,4
86200,8
86210,8
86220,10
86230,7
86240,5
86250,8
86260,8
86270,12
86280,15
86290,17
86300,13
86310,10
86320,10
86330,3
86340,14
86350,9
86360,17
86370,9
86380,13
86390,12
86400,11
86410,17
86420,17
86430,10
86440,14
86450,8
86460,11
86470,16
86480,8
86490,15
86500,10
86510,9
86520,13
86530,10
86540,15
86550,15
86560,10
86570,2
86580,10
86590,2
86600,4
86610,16
86620,12
86630,9
86640,6
86650,18
86660,7
86670,10
86680,8
86690,10
86700,7
86710,12
86720,9
86730,11
86740,9
86750,11
86760,13
86770,13
86780,20
86790,8
86800,8
86810,11
86820,9
86830,12
86840,11
86850,5
86860,5
86870,10
86880,8
86890,6
86900,5
86910,11
86920,12
86930,14
86940,2
86950,15
86960,16
86970,15
86980,12
86990,3
87000,18
87010,15
87020,14
87030,5
87040,19
87050,16
87060,16
87070,12
87080,8
87090,16
87100,20
87110,13
87120,14
87130,14
87140,9
87150,6
87160,16
87170,9
87180,6
87190,12
87200,2
87210,11
87220,9
87230,7
87240,11
87250,13
87260,9
87270,6
87280,3
87290,10
87300,1
87310,13
87320,10
87330,13
87340,15
87350,17
87360,11
87370,10
87380,15
87390,10
87400,10
87410,9
87420,14
87430,9
87440,12
87450,11
87460,16
87470,15
87480,3
87490,9
87500,10
87510,7
87520,4
87530,12
87540,12
87550,4
87560,8
87570,8
87580,5
87590,6
87600,6
87610,4
87620,10
87630,10
87640,17
87650,7
87660,14
87670,10
87680,13
87690,5
87700,14
87710,5
87720,8
87730,17
87740,13
87750,4
87760,9
87770,13
87780,4
87790,10
87800,13
87810,15
87820,13
87830,11
87840,8
87850,11
87860,11
87870,6
87880,17
87890,8
87900,7
87910,13
87920,10
87930,11
87940,11
87950,10
87960,18
87970,11
87980,-4
87990,9
88000,8
88010,17
88020,12
88030,11
88040,10
88050,13
88060,12
88070,9
88080,13
88090,11
88100,12
88110,5
88120,9
88130,18
88140,7
88150,7
88160,14
88170,15
88180,14
88190,8
88200,14
88210,12
88220,10
88230,5
88240,15
88250,14
88260,6
88270,6
88280,3
88290,13
88300,12
88310,9
88320,16
88330,18
88340,13
88350,10
88360,12
88370,12
88380,13
88390,17
88400,4
88410,17
88420,9
88430,7
88440,16
88450,16
88460,16
88470,8
88480,11
88490,5
88500,12
88510,14
88520,11
88530,15
88540,12
88550,15
88560,12
88570,9
88580,11
88590,3
88600,8
88610,10
88620,12
88630,5
88640,16
88650,9
88660,11
88670,14
88680,15
88690,15
88700,18
88710,12
88720,6
88730,15
88740,5
88750,2
88760,10
88770,7
88780,8
88790,10
88800,8
88810,12
88820,11
88830,11
88840,8
88850,6
88860,8
88870,10
88880,10
88890,15
88900,11
88910,9
88920,10
88930,0
88940,11
88950,15
88960,13
88970,7
88980,5
88990,19
89000,7
89010,6
89020,10
89030,13
89040,8
89050,6
89060,14
89070,7
89080,9
89090,5
89100,8
89110,5
89120,12
89130,5
89140,10
89150,-3
89160,7
89170,10
89180,10
89190,8
89200,15
89210,12
89220,13
89230,11
89240,8
89250,8
89260,11
89270,13
89280,7
89290,7
89300,13
89310,11
89320,11
89330,4
89340,10
89350,14
89360,14
89370,9
89380,3
89390,17
89400,3
89410,12
89420,4
89430,20
89440,4
89450,14
89460,3
89470,10
89480,14
89490,14
89500,11
89510,12
89520,10
89530,12
89540,10
89550,14
89560,13
89570,9
89580,15
89590,10
89600,15
89610,8
89620,12
89630,15
89640,13
89650,14
89660,6
89670,5
89680,5
89690,10
89700,11
89710,9
89720,15
89730,21
89740,16
89750,7
89760,4
89770,8
89780,18
89790,14
89800,7
89810,7
89820,20
89830,9
89840,7
89850,7
89860,3
89870,5
89880,6
89890,14
89900,9
89910,7
89920,10
89930,0
89940,8
89950,5
89960,8
89970,6
89980,17
89990,9
90000,10
90010,12
90020,9
90030,3
90040,14
90050,12
90060,6
90070,5
90080,9
90090,11
90100,10
90110,8
90120,12
90130,20
90140,4
90150,8
90160,3
90170,12
90180,9
90190,2
90200,13
90210,5
90220,9
90230,12
90240,17
90250,6
90260,11
90270,5
90280,14
90290,16
90300,13
90310,10
90320,8
90330,7
90340,15
90350,12
90360,8
90370,10
90380,7
90390,10
90400,13
90410,5
90420,8
90430,15
90440,11
90450,9
90460,13
90470,16
90480,13
90490,9
90500,5
90510,15
90520,10
90530,6
90540,9
90550,10
90560,11
90570,11
90580,16
90590,12
90600,13
90610,13
90620,4
90630,5
90640,6
90650,6
90660,16
90670,8
90680,6
90690,12
90700,14
90710,7
90720,14
90730,11
90740,14
90750,16
90760,8
90770,9
90780,7
90790,10
90800,14
90810,11
90820,7
90830,7
90840,6
90850,6
90860,4
90870,6
90880,8
90890,14
90900,1
90910,13
90920,4
90930,2
90940,9
90950,6
90960,1
90970,7
90980,5
90990,11
91000,13
91010,-2
91020,5
91030,17
91040,8
91050,11
91060,2
91070,7
91080,12
91090,11
91100,7
91110,3
91120,15
91130,8
91140,11
91150,11
91160,9
91170,11
91180,2
91190,4
91200,7
91210,12
91220,11
91230,11
91240,17
91250,7
91260,6
91270,11
91280,9
91290,9
91300,9
91310,12
91320,10
91330,6
91340,4
91350,5
91360,4
91370,2
91380,6
91390,6
91400,5
91410,7
91420,6
91430,5
91440,10
91450,10
91460,8
91470,13
91480,9
91490,6
91500,5
91510,20
91520,10
91530,17
91540,17
91550,8
91560,10
91570,9
91580,12
91590,6
91600,6
91610,7
91620,14
91630,15
91640,10
91650,14
91660,12
91670,8
91680,9
91690,18
91700,16
91710,11
91720,17
91730,10
91740,8
91750,13
91760,10
91770,9
91780,8
91790,11
91800,9
91810,8
91820,12
91830,14
91840,7
91850,8
91860,11
91870,6
91880,10
91890,15
91900,9
91910,11
91920,15
91930,4
91940,8
91950,7
91960,11
91970,11
91980,12
91990,15
92000,13
92010,8
92020,13
92030,9
92040,3
92050,10
92060,-1
92070,15
92080,17
92090,20
92100,10
92110,15
92120,7
92130,13
92140,13
92150,10
92160,12
92170,10
92180,13
92190,11
92200,11
92210,15
92220,12
92230,11
92240,16
92250,7
92260,11
92270,7
92280,15
92290,12
92300,6
92310,8
92320,9
92330,10
92340,11
92350,11
92360,6
92370,8
92380,8
92390,17
92400,10
92410,11
92420,12
92430,15
92440,7
92450,9
92460,3
92470,11
92480,6
92490,8
92500,5
92510,9
92520,9
92530,16
92540,8
92550,6
92560,14
92570,11
92580,16
92590,14
92600,14
92610,10
92620,15
92630,10
92640,16
92650,7
92660,14
92670,8
92680,12
92690,13
92700,7
92710,9
92720,6
92730,13
92740,15
92750,5
92760,10
92770,18
92780,9
92790,11
92800,11
92810,15
92820,7
92830,6
92840,7
92850,12
92860,2
92870,5
92880,14
92890,9
92900,16
92910,2
92920,4
92930,14
92940,5
92950,7
92960,13
92970,4
92980,7
92990,11
93000,19
93010,8
93020,13
93030,21
93040,9
93050,4
93060,7
93070,16
93080,8
93090,11
93100,12
93110,8
93120,9
93130,15
93140,11
93150,6
93160,11
93170,5
93180,14
93190,12
93200,7
93210,8
93220,15
93230,14
93240,13
93250,11
93260,15
93270,16
93280,11
93290,11
93300,6
93310,11
93320,9
93330,5
93340,10
93350,9
93360,11
93370,12
93380,15
93390,22
93400,4
93410,4
93420,9
93430,4
93440,12
93450,12
93460,11
93470,14
93480,-1
93490,5
93500,9
93510,10
93520,13
93530,12
93540,5
93550,6
93560,13
93570,5
93580,10
93590,16
93600,13
93610,7
93620,17
93630,13
93640,4
93650,14
93660,4
93670,11
93680,13
93690,5
93700,12
93710,4
93720,8
93730,16
93740,6
93750,5
93760,13
93770,5
93780,15
93790,14
93800,8
93810,3
93820,5
93830,10
93840,7
93850,10
93860,9
93870,4
93880,9
93890,8
93900,5
93910,4
93920,3
93930,15
93940,4
93950,9
93960,10
93970,6
93980,12
93990,13
94000,9
94010,-1
94020,7
94030,12
94040,7
94050,12
94060,13
94070,6
94080,2
94090,6
94100,7
94110,-4
94120,11
94130,13
94140,15
94150,6
94160,4
94170,14
94180,13
94190,7
94200,11
94210,8
94220,7
94230,9
94240,4
94250,9
94260,14
94270,6
94280,-3
94290,11
94300,13
94310,9
94320,7
94330,2
94340,7
94350,10
94360,10
94370,11
94380,13
94390,4
94400,16
94410,18
94420,-4
94430,13
94440,13
94450,4
94460,0
94470,3
94480,15
94490,13
94500,24
94510,8
94520,11
94530,6
94540,10
94550,7
94560,11
94570,12
94580,11
94590,12
94600,8
94610,11
94620,8
94630,14
94640,7
94650,15
94660,10
94670,8
94680,9
94690,13
94700,10
94710,14
94720,6
94730,8
94740,5
94750,11
94760,13
94770,6
94780,3
94790,6
94800,7
94810,2
94820,4
94830,5
94840,17
94850,10
94860,10
94870,17
94880,10
94890,5
94900,16
94910,7
94920,13
94930,11
94940,7
94950,9
94960,5
94970,8
94980,7
94990,7
95000,7
95010,7
95020,18
95030,8
95040,14
95050,11
95060,10
95070,3
95080,7
95090,9
95100,12
95110,9
95120,-1
95130,13
95140,7
95150,5
95160,1
95170,10
95180,4
95190,6
95200,11
95210,6
95220,12
95230,9
95240,7
95250,10
95260,11
95270,11
95280,10
95290,7
95300,6
95310,9
95320,18
95330,7
95340,15
95350,7
95360,11
95370,2
95380,8
95390,4
95400,11
95410,12
95420,15
95430,3
95440,6
95450,14
95460,11
95470,9
95480,5
95490,13
95500,16
95510,15
95520,3
95530,12
95540,14
95550,9
95560,3
95570,4
95580,3
95590,8
95600,12
95610,15
95620,11
95630,10
95640,19
95650,14
95660,10
95670,11
95680,-2
95690,10
95700,6
95710,12
95720,8
95730,9
95740,2
95750,10
95760,6
95770,4
95780,8
95790,10
95800,3
95810,4
95820,10
95830,8
95840,8
95850,13
95860,10
95870,5
95880,1
95890,10
95900,10
95910,4
95920,10
95930,14
95940,11
95950,7
95960,16
95970,10
95980,10
95990,8
96000,13
96010,4
96020,6
96030,8
96040,17
96050,9
96060,11
96070,10
96080,10
96090,6
96100,-4
96110,3
96120,6
96130,9
96140,9
96150,2
96160,13
96170,11
96180,-1
96190,6
96200,7
96210,15
96220,13
96230,14
96240,13
96250,6
96260,10
96270,7
96280,11
96290,14
96300,8
96310,8
96320,10
96330,9
96340,-3
96350,8
96360,9
96370,12
96380,15
96390,16
96400,8
96410,7
96420,5
96430,10
96440,9
96450,13
96460,10
96470,6
96480,12
96490,11
96500,7
96510,7
96520,7
96530,11
96540,8
96550,7
96560,7
96570,7
96580,16
96590,10
96600,13
96610,5
96620,13
96630,3
96640,5
96650,7
96660,8
96670,2
96680,8
96690,13
96700,8
96710,8
96720,2
96730,14
96740,3
96750,4
96760,19
96770,8
96780,-2
96790,15
96800,7
96810,15
96820,11
96830,12
96840,11
96850,11
96860,7
96870,10
96880,11
96890,14
96900,14
96910,12
96920,11
96930,14
96940,2
96950,10
96960,14
96970,8
96980,9
96990,13
97000,17
97010,12
97020,7
97030,12
97040,12
97050,15
97060,8
97070,8
97080,5
97090,11
97100,7
97110,14
97120,6
97130,11
97140,14
97150,10
97160,11
97170,13
97180,8
97190,7
97200,19
97210,10
97220,5
97230,12
97240,9
97250,2
97260,7
97270,11
97280,7
97290,6
97300,9
97310,6
97320,13
97330,5
97340,10
97350,10
97360,10
97370,10
97380,16
97390,12
97400,10
97410,11
97420,8
97430,12
97440,17
97450,9
97460,14
97470,12
97480,11
97490,11
97500,18
97510,16
97520,10
97530,6
97540,2
97550,7
97560,13
97570,9
97580,2
97590,11
97600,14
97610,18
97620,10
97630,10
97640,15
97650,8
97660,12
97670,12
97680,10
97690,10
97700,13
97710,7
97720,13
97730,14
97740,12
97750,9
97760,4
97770,6
97780,9
97790,11
97800,10
97810,13
97820,6
97830,16
97840,12
97850,12
97860,15
97870,16
97880,10
97890,7
97900,16
97910,16
97920,6
97930,15
97940,7
97950,19
97960,11
97970,14
97980,10
97990,3
98000,9
98010,12
98020,13
98030,9
98040,9
98050,11
98060,11
98070,8
98080,11
98090,14
98100,12
98110,18
98120,12
98130,9
98140,12
98150,7
98160,11
98170,5
98180,8
98190,14
98200,16
98210,5
98220,8
98230,11
98240,8
98250,11
98260,8
98270,13
98280,4
98290,16
98300,15
98310,14
98320,8
98330,5
98340,5
98350,10
98360,8
98370,12
98380,7
98390,14
98400,6
98410,16
98420,16
98430,14
98440,10
98450,3
98460,6
98470,13
98480,12
98490,19
98500,11
98510,13
98520,10
98530,14
98540,5
98550,7
98560,12
98570,13
98580,9
98590,4
98600,15
98610,9
98620,12
98630,11
98640,3
98650,15
98660,11
98670,11
98680,15
98690,10
98700,11
98710,7
98720,5
98730,0
98740,12
98750,11
98760,6
98770,12
98780,5
98790,14
98800,13
98810,9
98820,9
98830,10
98840,14
98850,8
98860,14
98870,7
98880,10
98890,12
98900,12
98910,16
98920,9
98930,6
98940,8
98950,8
98960,10
98970,18
98980,16
98990,12
99000,8
99010,9
99020,18
99030,13
99040,8
99050,15
99060,9
99070,12
99080,9
99090,13
99100,11
99110,2
99120,7
99130,11
99140,13
99150,15
99160,16
99170,16
99180,14
99190,19
99200,15
99210,9
99220,17
99230,7
99240,12
99250,11
99260,5
99270,9
99280,10
99290,12
99300,11
99310,6
99320,10
99330,3
99340,19
99350,12
99360,5
99370,15
99380,15
99390,14
99400,8
99410,6
99420,12
99430,7
99440,12
99450,7
99460,8
99470,0
99480,4
99490,12
99500,9
99510,20
99520,11
99530,12
99540,4
99550,8
99560,6
99570,10
99580,4
99590,11
99600,4
99610,12
99620,12
99630,11
99640,14
99650,11
99660,4
99670,8
99680,4
99690,3
99700,1
99710,7
99720,6
99730,3
99740,7
99750,9
99760,14
99770,11
99780,9
99790,6
99800,7
99810,10
99820,14
99830,10
99840,7
99850,3
99860,14
99870,2
99880,8
99890,8
99900,6
99910,6
99920,13
99930,13
99940,9
99950,12
99960,7
99970,10
99980,1
99990,12
100000,19
100010,20
100020,6
100030,10
100040,8
100050,8
100060,6
100070,9
100080,1
100090,3
100100,9
100110,10
100120,4
100130,3
100140,5
100150,6
100160,2
100170,1
100180,8
100190,9
100200,13
100210,4
100220,13
100230,9
100240,6
100250,12
100260,17
100270,13
100280,8
100290,-2
100300,6
100310,7
100320,9
100330,21
100340,18
100350,7
100360,7
100370,13
100380,11
100390,7
100400,18
100410,9
100420,-1
100430,11
100440,-2
100450,7
100460,7
100470,10
100480,13
100490,6
100500,5
100510,7
100520,13
100530,11
100540,6
100550,2
100560,12
100570,6
100580,12
100590,13
100600,9
100610,13
100620,9
100630,7
100640,12
100650,15
100660,9
100670,7
100680,10
100690,12
100700,16
100710,18
100720,14
100730,10
100740,6
100750,11
100760,16
100770,3
100780,6
100790,13
100800,6
100810,6
100820,1
100830,11
100840,6
100850,13
100860,7
100870,6
100880,10
100890,13
100900,9
100910,4
100920,3
100930,8
100940,6
100950,4
100960,8
100970,6
100980,10
100990,13
101000,10
101010,8
101020,4
101030,12
101040,15
101050,15
101060,5
101070,4
101080,15
101090,5
101100,10
101110,12
101120,9
101130,12
101140,4
101150,4
101160,5
101170,1
101180,13
101190,12
101200,7
101210,11
101220,2
101230,6
101240,12
101250,6
101260,13
101270,8
101280,4
101290,7
101300,18
101310,8
101320,13
101330,13
101340,9
101350,7
101360,19
101370,11
101380,9
101390,9
101400,14
101410,-4
101420,5
101430,7
101440,13
101450,-1
101460,7
101470,16
101480,13
101490,14
101500,9
101510,5
101520,13
101530,8
101540,8
101550,8
101560,13
101570,6
101580,4
101590,8
101600,14
101610,10
101620,8
101630,9
101640,12
101650,9
101660,8
101670,14
101680,11
101690,9
101700,11
101710,12
101720,15
101730,7
101740,-1
101750,14
101760,12
101770,13
101780,16
101790,10
101800,11
101810,15
101820,6
101830,13
101840,12
101850,18
101860,5
101870,14
101880,12
101890,6
101900,3
101910,12
101920,11
101930,16
101940,12
101950,16
101960,13
101970,5
101980,11
101990,16
102000,17
102010,13
102020,8
102030,10
102040,6
102050,12
102060,15
102070,9
102080,15
102090,12
102100,10
102110,6
102120,12
102130,13
102140,19
102150,7
102160,8
102170,10
102180,8
102190,3
102200,17
102210,9
102220,11
102230,11
102240,11
102250,10
102260,16
102270,4
102280,6
102290,7
102300,11
102310,10
102320,4
102330,11
102340,12
102350,4
102360,10
102370,9
102380,12
102390,6
102400,12
102410,6
102420,14
102430,13
102440,16
102450,10
102460,18
102470,17
102480,9
102490,4
102500,14
102510,14
102520,8
102530,15
102540,3
102550,10
102560,8
102570,11
102580,9
102590,6
102600,11
102610,8
102620,6
102630,3
102640,6
102650,6
102660,10
102670,13
102680,10
102690,18
102700,11
102710,7
102720,7
102730,14
102740,18
102750,9
102760,9
102770,13
102780,9
102790,9
102800,9
102810,8
102820,10
102830,8
102840,10
102850,11
102860,12
102870,12
102880,16
102890,6
102900,10
102910,9
102920,6
102930,9
102940,10
102950,11
102960,7
102970,12
102980,2
102990,12
103000,8
103010,5
103020,5
103030,14
103040,8
103050,6
103060,13
103070,9
103080,8
103090,16
103100,12
103110,9
103120,7
103130,13
103140,5
103150,7
103160,4
103170,2
103180,10
103190,6
103200,13
103210,17
103220,13
103230,6
103240,13
103250,11
103260,9
103270,14
103280,7
103290,6
103300,15
103310,11
103320,12
103330,11
103340,12
103350,7
103360,11
103370,7
103380,12
103390,12
103400,12
103410,18
103420,6
103430,9
103440,15
103450,10
103460,9
103470,9
103480,10
103490,1
103500,4
103510,11
103520,12
103530,13
103540,7
103550,11
103560,14
103570,4
103580,4
103590,4
103600,14
103610,13
103620,19
103630,16
103640,15
103650,16
103660,13
103670,4
103680,13
103690,12
103700,10
103710,8
103720,10
103730,13
103740,3
103750,15
103760,14
103770,13
103780,11
103790,15
103800,19
103810,13
103820,8
103830,4
103840,10
103850,25
103860,9
103870,14
103880,15
103890,10
103900,11
103910,16
103920,11
103930,8
103940,10
103950,10
103960,11
103970,5
103980,2
103990,3
104000,3
104010,14
104020,5
104030,8
104040,10
104050,6
104060,9
104070,13
104080,9
104090,6
104100,12
104110,17
104120,12
104130,19
104140,10
104150,14
104160,2
104170,15
104180,12
104190,9
104200,8
104210,11
104220,14
104230,14
104240,12
104250,10
104260,9
104270,8
104280,14
104290,10
104300,2
104310,5
104320,18
104330,1
104340,9
104350,5
104360,14
104370,7
104380,9
104390,6
104400,6
104410,8
104420,10
104430,4
104440,13
104450,14
104460,8
104470,16
104480,13
104490,11
104500,15
104510,5
104520,4
104530,6
104540,11
104550,6
104560,13
104570,9
104580,10
104590,13
104600,9
104610,5
104620,5
104630,4
104640,6
104650,16
104660,8
104670,1
104680,16
104690,10
104700,13
104710,17
104720,2
104730,8
104740,11
104750,7
104760,16
104770,8
104780,17
104790,11
104800,8
104810,6
104820,4
104830,17
104840,5
104850,14
104860,13
104870,8
104880,8
104890,6
104900,15
104910,6
104920,14
104930,9
104940,12
104950,7
104960,2
104970,11
104980,2
104990,6
105000,9
105010,3
105020,15
105030,3
105040,7
105050,15
105060,7
105070,6
105080,15
105090,7
105100,7
105110,4
105120,10
105130,10
105140,5
105150,13
105160,16
105170,7
105180,16
105190,10
105200,13
105210,10
105220,19
105230,19
105240,15
105250,8
105260,11
105270,9
105280,16
105290,8
105300,9
105310,9
105320,8
105330,10
105340,14
105350,7
105360,14
105370,11
105380,6
105390,11
105400,12
105410,9
105420,11
105430,9
105440,15
105450,4
105460,6
105470,9
105480,9
105490,11
105500,17
105510,12
105520,18
105530,8
105540,11
105550,10
105560,7
105570,15
105580,11
105590,14
105600,11
105610,13
105620,9
105630,14
105640,8
105650,7
105660,16
105670,2
105680,-1
105690,13
105700,11
105710,9
105720,9
105730,7
105740,7
105750,15
105760,15
105770,17
105780,5
105790,8
105800,8
105810,8
105820,9
105830,8
105840,11
105850,6
105860,9
105870,9
105880,4
105890,9
105900,9
105910,10
105920,3
105930,0
105940,7
105950,11
105960,10
105970,13
105980,12
105990,10
106000,4
106010,11
106020,5
106030,-3
106040,7
106050,12
106060,14
106070,14
106080,14
106090,8
106100,8
106110,7
106120,4
106130,11
106140,12
106150,15
106160,13
106170,14
106180,7
106190,13
106200,8
106210,12
106220,8
106230,14
106240,11
106250,8
106260,9
106270,13
106280,11
106290,17
106300,13
106310,19
106320,3
106330,2
106340,6
106350,8
106360,12
106370,9
106380,8
106390,12
106400,5
106410,22
106420,9
106430,7
106440,15
106450,17
106460,11
106470,12
106480,9
106490,16
106500,17
106510,9
106520,8
106530,0
106540,15
106550,7
106560,16
106570,11
106580,13
106590,13
106600,9
106610,14
106620,8
106630,15
106640,18
106650,12
106660,14
106670,9
106680,4
106690,8
106700,4
106710,8
106720,9
106730,6
106740,9
106750,10
106760,15
106770,11
106780,10
106790,15
106800,3
106810,7
106820,10
106830,0
106840,18
106850,12
106860,8
106870,10
106880,15
106890,14
106900,21
106910,14
106920,11
106930,9
106940,12
106950,8
106960,9
106970,13
106980,14
106990,11
107000,18
107010,13
107020,13
107030,9
107040,13
107050,9
107060,2
107070,14
107080,5
107090,6
107100,11
107110,4
107120,7
107130,13
107140,11
107150,15
107160,7
107170,10
107180,9
107190,5
107200,9
107210,10
107220,16
107230,11
107240,18
107250,11
107260,14
107270,5
107280,26
107290,34
107300,30
107310,28
107320,24
107330,27
107340,21
107350,30
107360,26
107370,26
107380,28
107390,24
107400,29
107410,30
107420,23
107430,24
107440,25
107450,28
107460,29
107470,25
107480,33
107490,34
107500,29
107510,34
107520,28
107530,20
107540,20
107550,21
107560,27
107570,26
107580,24
107590,23
107600,26
107610,25
107620,19
107630,24
107640,30
107650,25
107660,23
107670,31
107680,22
107690,23
107700,27
107710,28
107720,23
107730,28
107740,27
107750,23
107760,19
107770,24
107780,24
107790,24
107800,29
107810,22
107820,27
107830,25
107840,31
107850,24
107860,24
107870,22
107880,25
107890,19
107900,24
107910,27
107920,34
107930,24
107940,25
107950,32
107960,32
107970,25
107980,22
107990,21
108000,20
108010,12
108020,22
108030,22
108040,26
108050,18
108060,24
108070,16
108080,20
108090,28
108100,19
108110,27
108120,27
108130,27
108140,23
108150,24
108160,24
108170,26
108180,22
108190,28
108200,22
108210,31
108220,24
108230,20
108240,25
108250,22
108260,21
108270,26
108280,25
108290,33
108300,27
108310,24
108320,25
108330,34
108340,30
108350,23
108360,25
108370,27
108380,27
108390,27
108400,31
108410,30
108420,21
108430,28
108440,32
108450,26
108460,31
108470,33
108480,25
108490,30
108500,22
108510,30
108520,33
108530,24
108540,23
108550,26
108560,23
108570,31
108580,26
108590,27
108600,28
108610,26
108620,31
108630,26
108640,28
108650,22
108660,33
108670,27
108680,29
108690,20
108700,24
108710,23
108720,33
108730,30
108740,25
108750,32
108760,24
108770,21
108780,25
108790,25
108800,21
108810,25
108820,26
108830,20
108840,21
108850,25
108860,28
108870,31
108880,25
108890,36
108900,35
108910,33
108920,27
108930,34
108940,29
108950,27
108960,33
108970,18
108980,19
108990,27
109000,26
109010,30
109020,26
109030,21
109040,23
109050,29
109060,27
109070,25
109080,24
109090,31
109100,22
109110,20
109120,32
109130,27
109140,26
109150,26
109160,16
109170,30
109180,28
109190,26
109200,21
109210,27
109220,28
109230,26
109240,30
109250,27
109260,27
109270,33
109280,34
109290,35
109300,26
109310,26
109320,27
109330,17
109340,31
109350,29
109360,31
109370,16
109380,30
109390,24
109400,20
109410,28
109420,35
109430,26
109440,25
109450,32
109460,31
109470,22
109480,25
109490,20
109500,28
109510,21
109520,18
109530,23
109540,25
109550,27
109560,34
109570,29
109580,25
109590,24
109600,17
109610,30
109620,27
109630,24
109640,23
109650,23
109660,22
109670,29
109680,38
109690,24
109700,34
109710,23
109720,25
109730,28
109740,36
109750,27
109760,25
109770,30
109780,19
109790,23
109800,24
109810,23
109820,23
109830,26
109840,36
109850,32
109860,29
109870,33
109880,34
109890,24
109900,33
109910,34
109920,34
109930,31
109940,36
109950,28
109960,34
109970,36
109980,26
109990,38
110000,38
110010,28
110020,37
110030,27
110040,27
110050,25
110060,36
110070,28
110080,25
110090,34
110100,31
110110,36
110120,30
110130,31
110140,27
110150,34
110160,40
110170,30
110180,34
110190,32
110200,34
110210,30
110220,29
110230,39
110240,29
110250,36
110260,25
110270,21
110280,26
110290,29
110300,28
110310,26
110320,34
110330,30
110340,33
110350,38
110360,33
110370,30
110380,31
110390,36
110400,38
110410,35
110420,32
110430,30
110440,27
110450,28
110460,20
110470,27
110480,33
110490,38
110500,32
110510,31
110520,32
110530,27
110540,28
110550,24
110560,29
110570,30
110580,30
110590,32
110600,29
110610,26
110620,28
110630,31
110640,33
110650,31
110660,34
110670,30
110680,29
110690,29
110700,35
110710,23
110720,28
110730,26
110740,29
110750,27
110760,29
110770,30
110780,30
110790,25
110800,35
110810,26
110820,28
110830,31
110840,30
110850,42
110860,28
110870,33
110880,34
110890,24
110900,32
110910,38
110920,33
110930,32
110940,22
110950,27
110960,41
110970,27
110980,33
110990,33
111000,32
111010,38
111020,28
111030,34
111040,33
111050,24
111060,41
111070,32
111080,33
111090,28
111100,32
111110,30
111120,30
111130,30
111140,28
111150,33
111160,30
111170,33
111180,27
111190,34
111200,23
111210,34
111220,32
111230,35
111240,25
111250,31
111260,33
111270,24
111280,26
111290,22
111300,27
111310,20
111320,26
111330,21
111340,31
111350,32
111360,31
111370,32
111380,25
111390,32
111400,21
111410,32
111420,40
111430,34
111440,23
111450,25
111460,31
111470,28
111480,30
111490,37
111500,30
111510,28
111520,28
111530,27
111540,33
111550,27
111560,21
111570,35
111580,29
111590,29
111600,26
111610,26
111620,26
111630,28
111640,31
111650,38
111660,29
111670,25
111680,34
111690,34
111700,29
111710,28
111720,28
111730,27
111740,28
111750,27
111760,31
111770,24
111780,28
111790,27
111800,31
111810,34
111820,26
111830,32
111840,34
111850,34
111860,35
111870,32
111880,35
111890,32
111900,39
111910,25
111920,38
111930,36
111940,29
111950,29
111960,29
111970,23
111980,29
111990,30
112000,40
112010,33
112020,32
112030,28
112040,28
112050,28
112060,26
112070,28
112080,25
112090,29
112100,34
112110,27
112120,24
112130,31
112140,24
112150,24
112160,33
112170,26
112180,29
112190,31
112200,28
112210,34
112220,33
112230,31
112240,21
112250,26
112260,26
112270,27
112280,25
112290,29
112300,32
112310,28
112320,21
112330,35
112340,24
112350,28
112360,32
112370,35
112380,21
112390,27
112400,30
112410,25
112420,24
112430,26
112440,26
112450,39
112460,29
112470,28
112480,38
112490,29
112500,31
112510,37
112520,36
112530,32
112540,32
112550,30
112560,36
112570,36
112580,28
112590,33
112600,30
112610,28
112620,24
112630,25
112640,27
112650,39
112660,30
112670,28
112680,37
112690,21
112700,31
112710,31
112720,27
112730,33
112740,33
112750,31
112760,33
112770,30
112780,27
112790,33
112800,38
112810,24
112820,34
112830,28
112840,28
112850,21
112860,24
112870,32
112880,21
112890,33
112900,37
112910,36
112920,30
112930,36
112940,24
112950,38
112960,34
112970,24
112980,29
112990,30
113000,32
113010,28
113020,30
113030,21
113040,27
113050,29
113060,29
113070,28
113080,26
113090,34
113100,27
113110,30
113120,31
113130,28
113140,27
113150,32
113160,31
113170,25
113180,29
113190,33
113200,22
113210,29
113220,32
113230,27
113240,33
113250,33
113260,29
113270,36
113280,32
113290,33
113300,32
113310,32
113320,25
113330,31
113340,28
113350,31
113360,32
113370,25
113380,26
113390,31
113400,40
113410,29
113420,29
113430,28
113440,34
113450,29
113460,29
113470,27
113480,32
113490,23
113500,32
113510,33
113520,27
113530,36
113540,33
113550,33
113560,37
113570,24
113580,26
113590,31
113600,37
113610,30
113620,29
113630,35
113640,32
113650,30
113660,37
113670,33
113680,37
113690,30
113700,30
113710,30
113720,36
113730,40
113740,40
113750,30
113760,26
113770,31
113780,35
113790,32
113800,30
113810,30
113820,31
113830,28
113840,28
113850,27
113860,28
113870,25
113880,30
113890,28
113900,30
113910,34
113920,27
113930,25
113940,30
113950,29
113960,33
113970,32
113980,29
113990,40
114000,32
114010,38
114020,27
114030,35
114040,32
114050,27
114060,36
114070,32
114080,26
114090,34
114100,35
114110,31
114120,25
114130,33
114140,29
114150,31
114160,28
114170,28
114180,36
114190,34
114200,31
114210,32
114220,27
114230,28
114240,35
114250,31
114260,39
114270,38
114280,35
114290,27
114300,26
114310,37
114320,29
114330,37
114340,33
114350,34
114360,29
114370,30
114380,30
114390,27
114400,27
114410,31
114420,31
114430,28
114440,34
114450,30
114460,35
114470,32
114480,32
114490,29
114500,32
114510,26
114520,35
114530,28
114540,32
114550,41
114560,37
114570,38
114580,26
114590,27
114600,30
114610,37
114620,29
114630,41
114640,28
114650,26
114660,31
114670,31
114680,36
114690,30
114700,34
114710,26
114720,33
114730,29
114740,34
114750,32
114760,33
114770,33
114780,38
114790,39
114800,32
114810,36
114820,36
114830,24
114840,29
114850,26
114860,33
114870,31
114880,35
114890,28
114900,31
114910,30
114920,30
114930,32
114940,33
114950,33
114960,29
114970,31
114980,29
114990,28
115000,27
115010,36
115020,39
115030,25
115040,27
115050,25
115060,32
115070,29
115080,33
115090,33
115100,25
115110,30
115120,21
115130,25
115140,31
115150,28
115160,29
115170,29
115180,25
115190,33
115200,28
115210,33
115220,35
115230,23
115240,29
115250,30
115260,26
115270,24
115280,34
115290,27
115300,22
115310,29
115320,26
115330,32
115340,30
115350,27
115360,34
115370,25
115380,29
115390,37
115400,23
115410,25
115420,33
115430,19
115440,24
115450,23
115460,30
115470,25
115480,26
115490,29
115500,22
115510,23
115520,22
115530,25
115540,23
115550,27
115560,21
115570,32
115580,25
115590,23
115600,24
115610,24
115620,33
115630,24
115640,26
115650,26
115660,23
115670,26
115680,22
115690,20
115700,27
115710,22
115720,22
115730,23
115740,28
115750,29
115760,22
115770,27
115780,29
115790,31
115800,21
115810,30
115820,27
115830,37
115840,27
115850,30
115860,21
115870,22
115880,28
115890,25
115900,28
115910,22
115920,28
115930,26
115940,30
115950,30
115960,30
115970,39
115980,30
115990,32
116000,25
116010,32
116020,26
116030,28
116040,30
116050,26
116060,29
116070,21
116080,30
116090,26
116100,33
116110,32
116120,31
116130,30
116140,27
116150,27
116160,32
116170,39
116180,33
116190,33
116200,32
116210,27
116220,29
116230,33
116240,28
116250,32
116260,24
116270,24
116280,24
116290,32
116300,27
116310,27
116320,34
116330,34
116340,38
116350,29
116360,31
116370,27
116380,27
116390,29
116400,28
116410,24
116420,28
116430,28
116440,27
116450,28
116460,33
116470,29
116480,34
116490,25
116500,27
116510,30
116520,26
116530,38
116540,23
116550,22
116560,29
116570,27
116580,32
116590,30
116600,23
116610,38
116620,27
116630,31
116640,28
116650,35
116660,30
116670,30
116680,32
116690,21
116700,30
116710,26
116720,26
116730,24
116740,24
116750,29
116760,36
116770,31
116780,33
116790,22
116800,37
116810,24
116820,34
116830,32
116840,32
116850,29
116860,32
116870,26
116880,31
116890,26
116900,28
116910,26
116920,28
116930,26
116940,29
116950,25
116960,34
116970,36
116980,19
116990,27
117000,30
117010,36
117020,29
117030,19
117040,34
117050,29
117060,29
117070,30
117080,27
117090,29
117100,27
117110,31
117120,29
117130,25
117140,33
117150,28
117160,24
117170,21
117180,37
117190,24
117200,29
117210,25
117220,26
117230,19
117240,35
117250,25
117260,21
117270,24
117280,29
117290,29
117300,27
117310,25
117320,24
117330,28
117340,26
117350,32
117360,25
117370,28
117380,26
117390,33
117400,29
117410,29
117420,35
117430,34
117440,30
117450,26
117460,27
117470,28
117480,31
117490,30
117500,26
117510,25
117520,27
117530,24
117540,24
117550,25
117560,32
117570,33
117580,32
117590,43
117600,27
117610,28
117620,24
117630,22
117640,28
117650,32
117660,34
117670,26
117680,30
117690,34
117700,25
117710,33
117720,35
117730,34
117740,34
117750,23
117760,31
117770,29
117780,33
117790,34
117800,30
117810,26
117820,29
117830,32
117840,30
117850,30
117860,36
117870,32
117880,31
117890,33
117900,31
117910,28
117920,36
117930,37
117940,31
117950,27
117960,35
117970,32
117980,24
117990,24
118000,29
118010,30
118020,24
118030,31
118040,23
118050,21
118060,28
118070,37
118080,33
118090,38
118100,31
118110,30
118120,32
118130,34
118140,33
118150,32
118160,26
118170,28
118180,24
118190,28
118200,25
118210,26
118220,29
118230,29
118240,32
118250,35
118260,29
118270,28
118280,32
118290,29
118300,32
118310,28
118320,29
118330,35
118340,33
118350,31
118360,31
118370,27
118380,31
118390,32
118400,30
118410,34
118420,34
118430,25
118440,30
118450,29
118460,28
118470,26
118480,30
118490,26
118500,37
118510,26
118520,31
118530,32
118540,32
118550,44
118560,33
118570,36
118580,28
118590,33
118600,34
118610,36
118620,29
118630,34
118640,39
118650,32
118660,33
118670,30
118680,29
118690,28
118700,33
118710,24
118720,36
118730,33
118740,31
118750,26
118760,29
118770,37
118780,29
118790,33
118800,27
118810,28
118820,25
118830,25
118840,27
118850,28
118860,35
118870,33
118880,30
118890,22
118900,24
118910,31
118920,26
118930,25
118940,30
118950,31
118960,25
118970,29
118980,27
118990,24
119000,24
119010,24
119020,25
119030,33
119040,27
119050,23
119060,32
119070,31
119080,30
119090,21
119100,28
119110,26
119120,32
119130,27
119140,30
119150,29
119160,28
119170,29
119180,35
119190,26
119200,26
119210,31
119220,20
119230,32
119240,26
119250,32
119260,27
119270,22
119280,29
119290,22
119300,28
119310,25
119320,27
119330,27
119340,28
119350,26
119360,26
119370,30
119380,24
119390,20
119400,28
119410,32
119420,33
119430,29
119440,27
119450,26
119460,32
119470,26
119480,25
119490,20
119500,27
119510,17
119520,28
119530,34
119540,28
119550,33
119560,21
119570,22
119580,25
119590,27
119600,33
119610,23
119620,29
119630,30
119640,25
119650,29
119660,27
119670,27
119680,30
119690,23
119700,33
119710,28
119720,33
119730,22
119740,36
119750,25
119760,19
119770,20
119780,26
119790,25
119800,28
119810,37
119820,27
119830,28
119840,32
119850,25
119860,26
119870,28
119880,30
119890,26
119900,23
119910,24
119920,22
119930,20
119940,22
119950,26
119960,27
119970,32
119980,29
119990,19
120000,25
120010,25
120020,24
120030,29
120040,28
120050,31
120060,21
120070,22
120080,24
120090,32
120100,22
120110,26
120120,26
120130,27
120140,25
120150,34
120160,24
120170,30
120180,27
120190,31
120200,32
120210,33
120220,35
120230,29
120240,27
120250,24
