237260,45
237270,44
237280,47
237290,35
237300,41
237310,38
237320,49
237330,44
237340,43
237350,39
237360,47
237370,45
237380,39
237390,47
237400,45
237410,46
237420,46
237430,51
237440,44
237450,43
237460,52
237470,45
237480,47
237490,41
237500,46
237510,48
237520,40
237530,41
237540,44
237550,46
237560,38
237570,44
237580,46
237590,43
237600,42
237610,45
237620,39
237630,47
237640,43
237650,47
237660,47
237670,46
237680,46
237690,40
237700,42
237710,43
237720,49
237730,39
237740,50
237750,47
237760,40
237770,47
237780,42
237790,45
237800,46
237810,32
237820,49
237830,51
237840,45
237850,44
237860,48
237870,49
237880,44
237890,50
237900,45
237910,49
237920,49
237930,42
237940,40
237950,42
237960,47
237970,44
237980,48
237990,43
238000,49
238010,56
238020,49
238030,49
238040,44
238050,48
238060,45
238070,48
238080,42
238090,48
238100,44
238110,50
238120,44
238130,52
238140,55
238150,49
238160,48
238170,47
238180,42
238190,45
238200,42
238210,46
238220,55
238230,43
238240,49
238250,48
238260,52
238270,44
238280,49
238290,49
238300,45
238310,54
238320,45
238330,44
238340,45
238350,43
238360,34
238370,38
238380,51
238390,45
238400,43
238410,49
238420,46
238430,55
238440,45
238450,51
238460,46
238470,47
238480,40
238490,43
238500,51
238510,43
238520,48
238530,53
238540,49
238550,41
238560,41
238570,51
238580,50
238590,45
238600,43
238610,46
238620,44
238630,46
238640,44
238650,46
238660,45
238670,46
238680,46
238690,48
238700,43
238710,48
238720,47
238730,50
238740,42
238750,52
238760,41
238770,36
238780,46
238790,44
238800,45
238810,47
238820,49
238830,46
238840,42
238850,40
238860,47
238870,43
238880,50
238890,41
238900,44
238910,53
238920,45
238930,47
238940,40
238950,46
238960,51
238970,41
238980,45
238990,40
239000,42
239010,51
239020,39
239030,44
239040,46
239050,44
239060,44
239070,40
239080,50
239090,39
239100,43
239110,47
239120,48
239130,48
239140,45
239150,49
239160,45
239170,50
239180,52
239190,39
239200,47
239210,38
239220,36
239230,44
239240,50
239250,43
239260,50
239270,47
239280,36
239290,53
239300,45
239310,40
239320,48
239330,47
239340,52
239350,49
239360,48
239370,38
239380,42
239390,56
239400,49
239410,38
239420,44
239430,48
239440,47
239450,46
239460,43
239470,43
239480,46
239490,46
239500,46
239510,41
239520,46
239530,49
239540,45
239550,46
239560,49
239570,48
239580,46
239590,48
239600,46
239610,41
239620,43
239630,44
239640,49
239650,42
239660,44
239670,48
239680,43
239690,53
239700,46
239710,50
239720,43
239730,47
239740,50
239750,54
239760,53
239770,52
239780,46
239790,44
239800,44
239810,50
239820,47
239830,43
239840,41
239850,41
239860,50
239870,41
239880,47
239890,42
239900,46
239910,47
239920,47
239930,45
239940,46
239950,44
239960,51
239970,46
239980,48
239990,45
240000,50
240010,44
240020,48
240030,41
240040,43
240050,40
240060,52
240070,54
240080,49
240090,47
240100,55
240110,51
240120,39
240130,46
240140,43
240150,40
240160,49
240170,49
240180,57
240190,52
240200,45
240210,43
240220,48
240230,48
240240,52
240250,37
240260,45
240270,46
240280,45
240290,53
240300,44
240310,43
240320,45
240330,48
240340,36
240350,43
240360,58
240370,39
240380,45
240390,40
240400,50
240410,46
240420,44
240430,41
240440,53
240450,56
240460,46
240470,44
240480,45
240490,37
240500,52
240510,43
240520,55
240530,46
240540,41
240550,42
240560,38
240570,47
240580,47
240590,47
240600,43
240610,48
240620,53
240630,51
240640,46
240650,44
240660,42
240670,56
240680,47
240690,38
240700,46
240710,42
240720,43
240730,45
240740,38
240750,35
240760,44
240770,40
240780,49
240790,44
240800,47
240810,44
240820,56
240830,47
240840,48
240850,51
240860,48
240870,40
240880,50
240890,48
240900,59
240910,40
240920,44
240930,49
240940,48
240950,48
240960,49
240970,51
240980,54
240990,46
241000,44
241010,47
241020,46
241030,45
241040,45
241050,45
241060,45
241070,48
241080,43
241090,37
241100,55
241110,42
241120,46
241130,46
241140,43
241150,38
241160,50
241170,46
241180,43
241190,50
241200,46
241210,52
241220,46
241230,44
241240,47
241250,44
241260,47
241270,50
241280,49
241290,43
241300,50
241310,47
241320,37
241330,48
241340,44
241350,44
241360,43
241370,44
241380,54
241390,54
241400,44
241410,41
241420,40
241430,46
241440,58
241450,47
241460,48
241470,41
241480,39
241490,38
241500,46
241510,46
241520,43
241530,34
241540,43
241550,47
241560,47
241570,49
241580,44
241590,50
241600,47
241610,39
241620,52
241630,54
241640,56
241650,35
241660,48
241670,49
241680,39
241690,39
241700,44
241710,41
241720,37
241730,54
241740,51
241750,45
241760,44
241770,48
241780,42
241790,45
241800,48
241810,42
241820,39
241830,45
241840,49
241850,45
241860,56
241870,50
241880,47
241890,53
241900,41
241910,49
241920,46
241930,44
241940,47
241950,42
241960,43
241970,44
241980,46
241990,41
242000,38
242010,43
242020,49
242030,52
242040,46
242050,49
242060,42
242070,49
242080,47
242090,43
242100,47
242110,51
242120,45
242130,56
242140,47
242150,37
242160,40
242170,46
242180,42
242190,52
242200,58
242210,57
242220,45
242230,47
242240,48
242250,47
242260,54
242270,46
242280,49
242290,46
242300,43
242310,46
242320,52
242330,49
242340,53
242350,57
242360,51
242370,52
242380,47
242390,45
242400,39
242410,35
242420,46
242430,51
242440,41
242450,40
242460,45
242470,47
242480,36
242490,39
242500,49
242510,47
242520,47
242530,40
242540,47
242550,38
242560,46
242570,44
242580,44
242590,43
242600,41
242610,40
242620,47
242630,47
242640,47
242650,39
242660,42
242670,45
242680,45
242690,45
242700,52
242710,52
242720,43
242730,41
242740,45
242750,55
242760,46
242770,51
242780,57
242790,46
242800,49
242810,43
242820,44
242830,48
242840,47
242850,43
242860,40
242870,46
242880,39
242890,49
242900,44
242910,44
242920,48
242930,42
242940,43
242950,49
242960,49
242970,42
242980,43
242990,53
243000,39
243010,45
243020,40
243030,39
243040,39
243050,45
243060,42
243070,46
243080,45
243090,44
243100,56
243110,45
243120,42
243130,44
243140,35
243150,49
243160,38
243170,41
243180,40
243190,41
243200,38
243210,44
243220,48
243230,41
243240,39
243250,39
243260,44
243270,44
243280,42
243290,45
243300,47
243310,45
243320,34
243330,48
243340,50
243350,54
243360,46
243370,48
243380,42
243390,49
243400,47
243410,46
243420,50
243430,41
243440,42
243450,44
243460,41
243470,43
243480,38
243490,40
243500,40
243510,44
243520,46
243530,47
243540,48
243550,43
243560,44
243570,52
243580,42
243590,48
243600,38
243610,45
243620,47
243630,37
243640,40
243650,48
243660,44
243670,41
243680,37
243690,51
243700,38
243710,43
243720,44
243730,45
243740,50
243750,46
243760,49
243770,48
243780,45
243790,44
243800,38
243810,52
243820,44
243830,44
243840,48
243850,46
243860,49
243870,46
243880,43
243890,40
243900,41
243910,47
243920,48
243930,47
243940,48
243950,39
243960,50
243970,37
243980,44
243990,50
244000,46
244010,48
244020,43
244030,51
244040,44
244050,51
244060,45
244070,50
244080,51
244090,38
244100,43
244110,38
244120,52
244130,48
244140,46
244150,50
244160,43
244170,40
244180,37
244190,40
244200,55
244210,35
244220,45
244230,48
244240,49
244250,39
244260,34
244270,44
244280,46
244290,40
244300,36
244310,45
244320,48
244330,50
244340,40
244350,46
244360,37
244370,48
244380,34
244390,39
244400,43
244410,44
244420,47
244430,44
244440,42
244450,44
244460,42
244470,41
244480,46
244490,46
244500,46
244510,37
244520,37
244530,45
244540,44
244550,47
244560,49
244570,33
244580,40
244590,48
244600,39
244610,39
244620,44
244630,36
244640,44
244650,44
244660,46
244670,39
244680,46
244690,49
244700,42
244710,54
244720,40
244730,46
244740,42
244750,50
244760,42
244770,43
244780,37
244790,34
244800,50
244810,46
244820,43
244830,37
244840,47
244850,50
244860,43
244870,41
244880,43
244890,48
244900,47
244910,42
244920,49
244930,48
244940,36
244950,40
244960,45
244970,41
244980,45
244990,41
245000,43
245010,39
245020,52
245030,50
245040,42
245050,45
245060,47
245070,44
245080,50
245090,45
245100,46
245110,50
245120,48
245130,45
245140,52
245150,47
245160,44
245170,41
245180,39
245190,51
245200,52
245210,47
245220,47
245230,47
245240,40
245250,38
245260,50
245270,42
245280,44
245290,44
245300,45
245310,42
245320,50
245330,47
245340,49
245350,41
245360,48
245370,53
245380,44
245390,43
245400,42
245410,49
245420,46
245430,43
245440,46
245450,44
245460,43
245470,39
245480,53
245490,46
245500,53
245510,45
245520,49
245530,50
245540,43
245550,42
245560,48
245570,47
245580,46
245590,50
245600,40
245610,46
245620,41
245630,50
245640,47
245650,47
245660,51
245670,53
245680,48
245690,52
245700,45
245710,52
245720,49
245730,54
245740,46
245750,51
245760,42
245770,45
245780,46
245790,54
245800,47
245810,40
245820,41
245830,41
245840,39
245850,40
245860,45
245870,49
245880,47
245890,44
245900,38
245910,46
245920,44
245930,39
245940,43
245950,46
245960,48
245970,42
245980,43
245990,47
246000,47
246010,47
246020,47
246030,54
246040,47
246050,44
246060,47
246070,43
246080,42
246090,44
246100,49
246110,48
246120,52
246130,43
246140,43
246150,48
246160,50
246170,40
246180,43
246190,43
246200,45
246210,51
246220,42
246230,44
246240,50
246250,48
246260,43
246270,45
246280,42
246290,50
246300,50
246310,47
246320,42
246330,48
246340,45
246350,43
246360,53
246370,35
246380,44
246390,46
246400,47
246410,47
246420,47
246430,49
246440,47
246450,47
246460,40
246470,41
246480,45
246490,43
246500,50
246510,37
246520,48
246530,43
246540,43
246550,47
246560,51
246570,52
246580,48
246590,46
246600,49
246610,50
246620,47
246630,48
246640,48
246650,52
246660,39
246670,43
246680,43
246690,52
246700,46
246710,50
246720,49
246730,39
246740,51
246750,49
246760,39
246770,43
246780,44
246790,49
246800,42
246810,39
246820,49
246830,36
246840,53
246850,41
246860,48
246870,50
246880,42
246890,45
246900,46
246910,41
246920,45
246930,48
246940,47
246950,39
246960,48
246970,48
246980,48
246990,40
247000,48
247010,46
247020,47
247030,51
247040,37
247050,49
247060,40
247070,43
247080,50
247090,50
247100,42
247110,55
247120,40
247130,52
247140,33
247150,41
247160,47
247170,36
247180,36
247190,37
247200,45
247210,46
247220,45
247230,50
247240,46
247250,56
247260,51
247270,42
247280,43
247290,48
247300,45
247310,46
247320,39
247330,47
247340,46
247350,40
247360,38
247370,46
247380,45
247390,44
247400,45
247410,44
247420,42
247430,46
247440,47
247450,44
247460,38
247470,38
247480,39
247490,43
247500,51
247510,48
247520,40
247530,33
247540,47
247550,40
247560,43
247570,40
247580,43
247590,41
247600,39
247610,51
247620,41
247630,47
247640,55
247650,41
247660,43
247670,42
247680,50
247690,46
247700,41
247710,39
247720,46
247730,47
247740,47
247750,47
247760,44
247770,43
247780,50
247790,48
247800,53
247810,42
247820,45
247830,41
247840,48
247850,39
247860,50
247870,44
247880,38
247890,40
247900,47
247910,46
247920,50
247930,46
247940,47
247950,38
247960,53
247970,47
247980,48
247990,44
248000,49
248010,39
248020,46
248030,35
248040,43
248050,47
248060,50
248070,53
248080,51
248090,43
248100,45
248110,45
248120,45
248130,46
248140,44
248150,43
248160,42
248170,48
248180,52
248190,45
248200,33
248210,45
248220,36
248230,46
248240,39
248250,49
248260,46
248270,47
248280,47
248290,42
248300,46
248310,43
248320,46
248330,42
248340,44
248350,44
248360,39
248370,45
248380,50
248390,45
248400,48
248410,42
248420,44
248430,42
248440,45
248450,40
248460,52
248470,42
248480,47
248490,39
248500,44
248510,49
248520,39
248530,44
248540,44
248550,40
248560,38
248570,43
248580,39
248590,39
248600,44
248610,44
248620,41
248630,45
248640,37
248650,40
248660,39
248670,36
248680,46
248690,43
248700,44
248710,44
248720,42
248730,44
248740,46
248750,50
248760,50
248770,39
248780,43
248790,38
248800,41
248810,42
248820,43
248830,37
248840,43
248850,50
248860,43
248870,38
248880,46
248890,48
248900,45
248910,42
248920,44
248930,44
248940,54
248950,36
248960,48
248970,43
248980,39
248990,42
249000,41
249010,50
249020,48
249030,37
249040,45
249050,48
249060,37
249070,40
249080,48
249090,44
249100,43
249110,43
249120,49
249130,48
249140,46
249150,46
249160,54
249170,47
249180,41
249190,50
249200,44
249210,47
249220,46
249230,46
249240,46
249250,39
249260,54
249270,47
249280,40
249290,42
249300,39
249310,49
249320,54
249330,45
249340,50
249350,47
249360,49
249370,52
249380,51
249390,43
249400,52
249410,48
249420,40
249430,47
249440,42
249450,44
249460,53
249470,48
249480,38
249490,51
249500,40
249510,50
249520,47
249530,50
249540,52
249550,45
249560,40
249570,46
249580,44
249590,42
249600,54
249610,48
249620,38
249630,41
249640,40
249650,46
249660,38
249670,44
249680,54
249690,42
249700,47
249710,41
249720,51
249730,46
249740,41
249750,37
249760,42
249770,49
249780,44
249790,43
249800,40
249810,48
249820,40
249830,50
249840,44
249850,41
249860,46
249870,43
249880,44
249890,44
249900,41
249910,47
249920,46
249930,47
249940,43
249950,45
249960,49
249970,44
249980,40
249990,50
250000,45
250010,43
250020,42
250030,46
250040,39
250050,40
250060,43
250070,37
250080,37
250090,47
250100,43
250110,43
250120,40
250130,42
250140,48
250150,44
250160,36
250170,44
250180,56
250190,49
250200,46
250210,44
250220,44
250230,42
250240,43
250250,45
250260,43
250270,47
250280,45
250290,40
250300,44
250310,38
250320,40
250330,48
250340,49
250350,45
250360,46
250370,48
250380,41
250390,42
250400,41
250410,40
250420,50
250430,47
250440,45
250450,47
250460,45
250470,40
250480,48
250490,43
250500,46
250510,40
250520,39
250530,42
250540,46
250550,44
250560,42
250570,41
250580,46
250590,42
250600,46
250610,47
250620,44
250630,43
250640,48
250650,44
250660,42
250670,45
250680,49
250690,43
250700,45
250710,45
250720,48
250730,45
250740,45
250750,43
250760,42
250770,39
250780,48
250790,47
250800,50
250810,40
250820,37
250830,48
250840,41
250850,42
250860,42
250870,42
250880,42
250890,44
250900,47
250910,35
250920,34
250930,43
250940,46
250950,52
250960,48
250970,45
250980,32
250990,44
251000,50
251010,40
251020,45
251030,50
251040,45
251050,51
251060,45
251070,43
251080,54
251090,49
251100,46
251110,44
251120,48
251130,44
251140,35
251150,37
251160,43
251170,39
251180,43
251190,44
251200,40
251210,44
251220,50
251230,48
251240,45
251250,48
251260,36
251270,41
251280,45
251290,44
251300,44
251310,51
251320,45
251330,43
251340,43
251350,42
251360,47
251370,44
251380,56
251390,45
251400,50
251410,43
251420,37
251430,41
251440,46
251450,37
251460,48
251470,38
251480,43
251490,38
251500,50
251510,46
251520,41
251530,42
251540,52
251550,47
251560,52
251570,45
251580,38
251590,41
251600,47
251610,40
251620,45
251630,47
251640,38
251650,43
251660,45
251670,47
251680,44
251690,41
251700,40
251710,39
251720,43
251730,44
251740,46
251750,39
251760,40
251770,43
251780,42
251790,43
251800,36
251810,48
251820,43
251830,43
251840,36
251850,42
251860,37
251870,50
251880,47
251890,44
251900,36
251910,44
251920,41
251930,42
251940,41
251950,44
251960,40
251970,45
251980,43
251990,50
252000,51
252010,41
252020,46
252030,41
252040,49
252050,44
252060,47
252070,41
252080,42
252090,37
252100,44
252110,48
252120,42
252130,50
252140,48
252150,42
252160,42
252170,52
252180,50
252190,52
252200,46
252210,54
252220,42
252230,45
252240,47
252250,47
252260,57
252270,40
252280,44
252290,45
252300,42
252310,47
252320,34
252330,47
252340,42
252350,46
252360,41
252370,45
252380,46
252390,41
252400,49
252410,52
252420,34
252430,55
252440,43
252450,44
252460,34
252470,37
252480,36
252490,44
252500,36
252510,53
252520,37
252530,42
252540,46
252550,35
252560,46
252570,42
252580,47
252590,40
252600,47
252610,51
252620,47
252630,52
252640,37
252650,43
252660,48
252670,44
252680,44
252690,42
252700,50
252710,43
252720,49
252730,44
252740,38
252750,44
252760,41
252770,35
252780,44
252790,41
252800,37
252810,36
252820,44
252830,41
252840,43
252850,48
252860,42
252870,45
252880,36
252890,44
252900,44
252910,40
252920,35
252930,39
252940,38
252950,41
252960,43
252970,46
252980,47
252990,47
253000,37
253010,44
253020,40
253030,47
253040,41
253050,44
253060,43
253070,41
253080,45
253090,47
253100,38
253110,39
253120,49
253130,48
253140,43
253150,51
253160,47
253170,44
253180,46
253190,31
253200,37
253210,42
253220,45
253230,41
253240,46
253250,45
253260,33
253270,40
253280,38
253290,40
253300,41
253310,44
253320,45
253330,37
253340,47
253350,36
253360,42
253370,50
253380,47
253390,43
253400,46
253410,47
253420,41
253430,39
253440,47
253450,43
253460,43
253470,43
253480,47
253490,41
253500,42
253510,45
253520,49
253530,43
253540,48
253550,46
253560,44
253570,43
253580,45
253590,35
253600,45
253610,32
253620,44
253630,47
253640,48
253650,53
253660,51
253670,43
253680,56
253690,45
253700,39
253710,51
253720,35
253730,43
253740,45
253750,40
253760,46
253770,37
253780,34
253790,42
253800,47
253810,42
253820,39
253830,40
253840,43
253850,43
253860,46
253870,43
253880,47
253890,52
253900,34
253910,35
253920,40
253930,47
253940,34
253950,40
253960,44
253970,43
253980,44
253990,48
254000,47
254010,40
254020,44
254030,50
254040,36
254050,38
254060,37
254070,49
254080,39
254090,39
254100,42
254110,39
254120,40
254130,49
254140,49
254150,46
254160,39
254170,54
254180,46
254190,39
254200,52
254210,48
254220,47
254230,39
254240,37
254250,45
254260,50
254270,50
254280,46
254290,53
254300,42
254310,43
254320,27
254330,36
254340,44
254350,37
254360,43
254370,51
254380,50
254390,46
254400,46
254410,47
254420,44
254430,47
254440,37
254450,37
254460,52
254470,40
254480,44
254490,41
254500,39
254510,40
254520,39
254530,40
254540,42
254550,40
254560,39
254570,38
254580,41
254590,41
254600,40
254610,49
254620,41
254630,48
254640,42
254650,43
254660,44
254670,34
254680,40
254690,43
254700,37
254710,37
254720,41
254730,41
254740,44
254750,38
254760,50
254770,44
254780,40
254790,30
254800,40
254810,40
254820,39
254830,39
254840,36
254850,43
254860,39
254870,37
254880,36
254890,31
254900,43
254910,44
254920,46
254930,41
254940,36
254950,43
254960,37
254970,45
254980,42
254990,46
255000,41
255010,42
255020,40
255030,49
255040,41
255050,34
255060,44
255070,37
255080,41
255090,36
255100,44
255110,41
255120,38
255130,45
255140,41
255150,43
255160,39
255170,42
255180,39
255190,41
255200,49
255210,46
255220,46
255230,44
255240,38
255250,43
255260,45
255270,46
255280,35
255290,42
255300,40
255310,41
255320,46
255330,51
255340,45
255350,41
255360,46
255370,43
255380,45
255390,37
255400,36
255410,46
255420,51
255430,40
255440,44
255450,46
255460,45
255470,39
255480,49
255490,39
255500,42
255510,42
255520,48
255530,42
255540,50
255550,48
255560,42
255570,48
255580,46
255590,49
255600,44
255610,49
255620,41
255630,39
255640,41
255650,50
255660,36
255670,40
255680,46
255690,49
255700,45
255710,48
255720,48
255730,45
255740,36
255750,38
255760,52
255770,54
255780,51
255790,44
255800,41
255810,47
255820,42
255830,45
255840,44
255850,35
255860,44
255870,45
255880,51
255890,43
255900,51
255910,42
255920,40
255930,38
255940,45
255950,40
255960,48
255970,42
255980,44
255990,42
256000,47
256010,39
256020,41
256030,35
256040,39
256050,51
256060,43
256070,43
256080,43
256090,42
256100,43
256110,43
256120,44
256130,39
256140,38
256150,45
256160,46
256170,45
256180,50
256190,50
256200,38
256210,39
256220,37
256230,38
256240,52
256250,48
256260,45
256270,41
256280,44
256290,44
256300,40
256310,49
256320,49
256330,33
256340,37
256350,42
256360,44
256370,45
256380,40
256390,41
256400,42
256410,43
256420,40
256430,37
256440,33
256450,38
256460,44
256470,39
256480,32
256490,41
256500,38
256510,43
256520,44
256530,50
256540,41
256550,46
256560,47
256570,47
256580,35
256590,47
256600,41
256610,41
256620,47
256630,41
256640,39
256650,48
256660,39
256670,43
256680,38
256690,42
256700,43
256710,51
256720,48
256730,43
256740,35
256750,47
256760,47
256770,40
256780,48
256790,60
256800,37
256810,44
256820,47
256830,40
256840,44
256850,54
256860,43
256870,50
256880,40
256890,49
256900,54
256910,54
256920,40
256930,39
256940,43
256950,47
256960,38
256970,51
256980,36
256990,47
257000,47
257010,43
257020,48
257030,52
257040,44
257050,44
257060,33
257070,52
257080,43
257090,36
257100,45
257110,48
257120,47
257130,34
257140,45
257150,39
257160,46
257170,41
257180,38
257190,40
257200,40
257210,42
257220,41
257230,48
257240,50
257250,39
257260,41
257270,47
257280,40
257290,41
257300,45
257310,45
257320,38
257330,40
257340,44
257350,40
257360,41
257370,39
257380,31
257390,43
257400,47
257410,38
257420,41
257430,41
257440,37
257450,37
257460,41
257470,43
257480,48
257490,41
257500,44
257510,39
257520,38
257530,34
257540,44
257550,42
257560,50
257570,38
257580,47
257590,42
257600,43
257610,42
257620,42
257630,35
257640,32
257650,41
257660,41
257670,42
257680,42
257690,44
257700,46
257710,45
257720,43
257730,46
257740,46
257750,39
257760,45
257770,42
257780,44
257790,47
257800,38
257810,38
257820,37
257830,47
257840,40
257850,31
257860,40
257870,44
257880,40
257890,52
257900,44
257910,40
257920,42
257930,38
257940,48
257950,43
257960,37
257970,42
257980,44
257990,42
258000,42
258010,39
258020,40
258030,46
258040,41
258050,46
258060,43
258070,39
258080,36
258090,42
258100,39
258110,46
258120,48
258130,50
258140,43
258150,44
258160,44
258170,41
258180,49
258190,41
258200,32
258210,42
258220,39
258230,47
258240,49
258250,50
258260,44
258270,42
258280,36
258290,38
258300,54
258310,48
258320,45
258330,45
258340,45
258350,39
258360,50
258370,47
258380,49
258390,46
258400,47
258410,42
258420,47
258430,44
258440,36
258450,53
258460,33
258470,35
258480,46
258490,41
258500,46
258510,43
258520,39
258530,57
258540,42
258550,51
258560,43
258570,41
258580,46
258590,47
258600,42
258610,38
258620,44
258630,43
258640,45
258650,47
258660,45
258670,46
258680,41
258690,40
258700,39
258710,43
258720,38
258730,36
258740,39
258750,41
258760,43
258770,45
258780,41
258790,41
258800,53
258810,38
258820,42
258830,37
258840,46
258850,51
258860,52
258870,46
258880,45
258890,35
258900,52
258910,44
258920,46
258930,46
258940,44
258950,43
258960,47
258970,41
258980,40
258990,40
259000,32
259010,44
259020,45
259030,37
259040,42
259050,46
259060,55
259070,42
259080,50
259090,46
259100,42
259110,45
259120,46
259130,41
259140,50
259150,42
259160,51
259170,42
259180,52
259190,55
259200,45
259210,44
259220,44
259230,39
259240,45
259250,41
259260,39
259270,47
259280,46
259290,44
259300,40
259310,46
259320,47
259330,53
259340,39
259350,43
259360,45
259370,39
259380,44
259390,46
259400,47
259410,45
259420,40
259430,45
259440,49
259450,40
259460,40
259470,45
259480,34
259490,41
259500,50
259510,37
259520,46
259530,47
259540,46
259550,36
259560,46
259570,50
259580,44
259590,38
259600,45
259610,48
259620,38
259630,42
259640,45
259650,39
259660,35
259670,47
259680,48
259690,51
259700,47
259710,50
259720,44
259730,47
259740,39
259750,37
259760,50
259770,43
259780,40
259790,43
259800,51
259810,48
259820,42
259830,55
259840,51
259850,38
259860,41
259870,50
259880,43
259890,41
259900,53
259910,45
259920,40
259930,45
259940,45
259950,40
259960,45
259970,43
259980,37
259990,43
260000,47
260010,48
260020,46
260030,51
260040,47
260050,35
260060,43
260070,45
260080,43
260090,49
260100,39
260110,53
260120,48
260130,48
260140,50
260150,36
260160,41
260170,46
260180,50
260190,43
260200,48
260210,43
260220,45
260230,43
260240,43
260250,40
260260,45
260270,39
260280,40
260290,45
260300,44
260310,48
260320,40
260330,40
260340,47
260350,45
260360,41
260370,41
260380,41
260390,44
260400,45
260410,54
260420,46
260430,44
260440,55
260450,43
260460,42
260470,46
260480,47
260490,45
260500,50
260510,46
260520,42
260530,46
260540,54
260550,54
260560,49
260570,43
260580,40
260590,46
260600,46
260610,42
260620,48
260630,44
260640,41
260650,41
260660,39
260670,40
260680,41
260690,46
260700,45
260710,41
260720,49
260730,49
260740,43
260750,39
260760,41
260770,36
260780,48
260790,48
260800,46
260810,46
260820,45
260830,48
260840,53
260850,53
260860,44
260870,47
260880,41
260890,44
260900,45
260910,40
260920,34
260930,38
260940,49
260950,37
260960,44
260970,45
260980,45
260990,47
261000,44
261010,36
261020,45
261030,53
261040,48
261050,48
261060,44
261070,42
261080,43
261090,42
261100,46
261110,49
261120,39
261130,40
261140,51
261150,48
261160,44
261170,42
261180,40
261190,48
261200,54
261210,48
261220,42
261230,50
261240,45
261250,40
261260,47
261270,50
261280,47
261290,52
261300,42
261310,39
261320,42
261330,44
261340,44
261350,50
261360,45
261370,40
261380,42
261390,40
261400,43
261410,46
261420,49
261430,42
261440,53
261450,46
261460,42
261470,40
261480,45
261490,44
261500,43
261510,48
261520,44
261530,48
261540,42
261550,48
261560,47
261570,46
261580,43
261590,47
261600,53
261610,45
261620,45
261630,46
261640,50
261650,44
261660,43
261670,42
261680,48
261690,44
261700,39
261710,54
261720,42
261730,39
261740,38
261750,38
261760,41
261770,50
261780,46
261790,41
261800,48
261810,39
261820,47
261830,41
261840,39
261850,28
261860,44
261870,41
261880,42
261890,38
261900,45
261910,42
261920,45
261930,50
261940,44
261950,48
261960,48
261970,43
261980,50
261990,44
262000,40
262010,51
262020,45
262030,52
262040,43
262050,45
262060,46
262070,43
262080,42
262090,46
262100,55
262110,43
262120,52
262130,48
262140,45
262150,41
262160,35
262170,41
262180,42
262190,39
262200,40
262210,43
262220,49
262230,53
262240,47
262250,43
262260,43
262270,47
262280,55
262290,50
262300,47
262310,48
262320,42
262330,40
262340,47
262350,50
262360,40
262370,46
262380,51
262390,56
262400,45
262410,39
262420,45
262430,52
262440,40
262450,43
262460,40
262470,41
262480,43
262490,48
262500,51
262510,55
262520,42
262530,42
262540,46
262550,51
262560,44
262570,53
262580,48
262590,47
262600,42
262610,39
262620,51
262630,41
262640,42
262650,49
262660,50
262670,40
262680,48
262690,40
262700,37
262710,50
262720,43
262730,39
262740,44
262750,47
262760,48
262770,42
262780,39
262790,57
262800,47
262810,47
262820,41
262830,45
262840,52
262850,44
262860,50
262870,40
262880,50
262890,40
262900,46
262910,47
262920,46
262930,40
262940,49
262950,44
262960,47
262970,46
262980,45
262990,38
263000,49
263010,45
263020,50
263030,41
263040,45
263050,53
263060,51
263070,50
263080,40
263090,47
263100,45
263110,39
263120,47
263130,38
263140,51
263150,52
263160,51
263170,47
263180,34
263190,46
263200,46
263210,43
263220,43
263230,45
263240,43
263250,39
263260,45
263270,45
263280,48
263290,42
263300,46
263310,49
263320,42
263330,44
263340,44
263350,44
263360,44
263370,51
263380,34
263390,39
263400,42
263410,49
263420,48
263430,48
263440,51
263450,48
263460,40
263470,44
263480,51
263490,49
263500,46
263510,53
263520,48
263530,40
263540,51
263550,46
263560,49
263570,51
263580,51
263590,48
263600,46
263610,44
263620,44
263630,51
263640,46
263650,40
263660,34
263670,40
263680,52
263690,38
263700,43
263710,36
263720,41
263730,47
263740,52
263750,45
263760,49
263770,39
263780,47
263790,38
263800,46
263810,40
263820,45
263830,50
263840,38
263850,47
263860,55
263870,47
263880,38
263890,41
263900,39
263910,45
263920,38
263930,41
263940,39
263950,36
263960,45
263970,42
263980,44
263990,43
264000,42
264010,55
264020,40
264030,45
264040,43
264050,46
264060,48
264070,42
264080,37
264090,47
264100,39
264110,42
264120,44
264130,40
264140,42
264150,39
264160,46
264170,45
264180,40
264190,44
264200,42
264210,51
264220,49
264230,47
264240,46
264250,34
264260,43
264270,55
264280,49
264290,42
264300,40
264310,53
264320,43
264330,44
264340,43
264350,49
264360,42
264370,52
264380,44
264390,45
264400,46
264410,48
264420,39
264430,49
264440,49
264450,44
264460,47
264470,46
264480,50
264490,44
264500,45
264510,45
264520,47
264530,40
264540,36
264550,40
264560,43
264570,44
264580,34
264590,47
264600,40
264610,46
264620,45
264630,45
264640,40
264650,48
264660,46
264670,46
264680,40
264690,42
264700,45
264710,45
264720,51
264730,38
264740,47
264750,39
264760,35
264770,53
264780,40
264790,44
264800,48
264810,43
264820,41
264830,45
264840,49
264850,40
264860,45
264870,45
264880,52
264890,46
264900,55
264910,44
264920,34
264930,43
264940,49
264950,52
264960,49
264970,45
264980,50
264990,38
265000,38
265010,29
265020,46
265030,43
265040,43
265050,42
265060,48
265070,39
265080,42
265090,38
265100,48
265110,42
265120,35
265130,41
265140,45
265150,46
265160,48
265170,29
265180,39
265190,48
265200,47
265210,49
265220,41
265230,43
265240,40
265250,48
265260,50
265270,42
265280,39
265290,41
265300,40
265310,45
265320,44
265330,45
265340,46
265350,47
265360,43
265370,48
265380,51
265390,45
265400,45
265410,40
265420,45
265430,55
265440,34
265450,41
265460,43
265470,56
265480,43
265490,44
265500,50
265510,41
265520,49
265530,50
265540,42
265550,45
265560,45
265570,42
265580,43
265590,43
265600,38
265610,41
265620,36
265630,43
265640,48
265650,42
265660,41
265670,48
265680,44
265690,41
265700,44
265710,36
265720,43
265730,43
265740,44
265750,40
265760,51
265770,43
265780,39
265790,45
265800,50
265810,42
265820,51
265830,48
265840,43
265850,40
265860,47
265870,39
265880,48
265890,43
265900,36
265910,49
265920,46
265930,39
265940,45
265950,51
265960,45
265970,46
265980,49
265990,47
266000,53
266010,48
266020,38
266030,45
266040,45
266050,51
266060,54
266070,36
266080,33
266090,48
266100,37
266110,47
266120,46
266130,49
266140,46
266150,43
266160,45
266170,34
266180,49
266190,40
266200,51
266210,49
266220,35
266230,38
266240,51
266250,42
266260,55
266270,41
266280,49
266290,54
266300,43
266310,47
266320,42
266330,41
266340,47
266350,49
266360,50
266370,42
266380,43
266390,49
266400,42
266410,45
266420,41
266430,51
266440,37
266450,45
266460,49
266470,44
266480,56
266490,32
266500,45
266510,49
266520,41
266530,37
266540,47
266550,46
266560,45
266570,39
266580,42
266590,43
266600,42
266610,48
266620,35
266630,37
266640,36
266650,50
266660,43
266670,40
266680,40
266690,44
266700,47
266710,47
266720,45
266730,40
266740,43
266750,42
266760,44
266770,39
266780,40
266790,40
266800,54
266810,43
266820,51
266830,46
266840,41
266850,42
266860,47
266870,47
266880,48
266890,44
266900,43
266910,46
266920,41
266930,48
266940,45
266950,42
266960,47
266970,44
266980,45
266990,39
267000,40
267010,48
267020,47
267030,41
267040,44
267050,40
267060,34
267070,45
267080,36
267090,47
267100,43
267110,41
267120,49
267130,47
267140,39
267150,44
267160,43
267170,49
267180,44
267190,43
267200,41
267210,45
267220,45
267230,47
267240,43
267250,55
267260,38
267270,47
267280,48
267290,38
267300,35
267310,38
267320,45
267330,46
267340,44
267350,43
267360,38
267370,46
267380,47
267390,48
267400,45
267410,45
267420,37
267430,45
267440,50
267450,45
267460,47
267470,49
267480,50
267490,58
267500,44
267510,44
267520,46
267530,44
267540,49
267550,39
267560,45
267570,40
267580,43
267590,43
267600,43
267610,45
267620,48
267630,37
267640,40
267650,42
267660,42
267670,44
267680,39
267690,47
267700,42
267710,49
267720,36
267730,47
267740,40
267750,43
267760,42
267770,42
267780,50
267790,40
267800,44
267810,40
267820,40
267830,39
267840,40
267850,34
267860,44
267870,43
267880,46
267890,45
267900,40
267910,45
267920,41
267930,44
267940,36
267950,48
267960,48
267970,55
267980,51
267990,45
268000,49
268010,38
268020,36
268030,54
268040,43
268050,41
268060,54
268070,43
268080,51
268090,44
268100,42
268110,48
268120,45
268130,47
268140,42
268150,43
268160,46
268170,43
268180,39
268190,45
268200,38
268210,47
268220,47
268230,47
268240,50
268250,46
268260,43
268270,45
268280,50
268290,51
268300,46
268310,42
268320,43
268330,44
268340,43
268350,38
268360,43
268370,41
268380,46
268390,35
268400,39
268410,49
268420,45
268430,46
268440,44
268450,54
268460,43
268470,45
268480,41
268490,42
268500,46
268510,36
268520,46
268530,49
268540,49
268550,47
268560,44
268570,37
268580,45
268590,46
268600,48
268610,34
268620,51
268630,44
268640,43
268650,53
268660,45
268670,49
268680,41
268690,40
268700,38
268710,37
268720,43
268730,45
268740,36
268750,41
268760,40
268770,46
268780,38
268790,47
268800,51
268810,41
268820,50
268830,46
268840,51
268850,34
268860,40
268870,45
268880,48
268890,41
268900,45
268910,40
268920,43
268930,51
268940,45
268950,43
268960,42
268970,36
268980,45
268990,53
269000,40
269010,37
269020,46
269030,37
269040,43
269050,53
269060,45
269070,43
269080,44
269090,39
269100,42
269110,41
269120,39
269130,38
269140,46
269150,47
269160,33
269170,35
269180,45
269190,47
269200,44
269210,43
269220,36
269230,35
269240,45
269250,41
269260,49
269270,43
269280,33
269290,34
269300,38
269310,46
269320,42
269330,45
269340,44
269350,48
269360,45
269370,41
269380,38
269390,46
269400,39
269410,44
269420,41
269430,49
269440,44
269450,38
269460,54
269470,41
269480,40
269490,48
269500,34
269510,38
269520,47
269530,44
269540,50
269550,52
269560,41
269570,42
269580,48
269590,46
269600,54
269610,38
269620,49
269630,40
269640,49
269650,39
269660,43
269670,43
269680,42
269690,40
269700,58
269710,46
269720,44
269730,46
269740,40
269750,42
269760,42
269770,52
269780,39
269790,50
269800,43
269810,48
269820,44
269830,43
269840,46
269850,43
269860,39
269870,41
269880,49
269890,43
269900,36
269910,48
269920,35
269930,42
269940,41
269950,49
269960,48
269970,50
269980,40
269990,42
270000,56
270010,46
270020,49
270030,52
270040,46
270050,44
270060,46
270070,41
270080,40
270090,48
270100,52
270110,39
270120,48
270130,47
270140,42
270150,51
270160,42
270170,43
270180,49
270190,56
270200,49
270210,37
270220,46
270230,54
270240,35
270250,38
270260,43
270270,45
270280,49
270290,46
270300,48
270310,45
270320,46
270330,46
270340,42
270350,43
270360,40
270370,47
270380,45
270390,47
270400,51
270410,48
270420,42
270430,39
270440,45
270450,45
270460,48
270470,45
270480,52
270490,42
270500,51
270510,48
270520,41
270530,47
270540,39
270550,52
270560,45
270570,45
270580,51
270590,46
270600,39
270610,47
270620,40
270630,39
270640,49
270650,44
270660,37
270670,43
270680,42
270690,45
270700,47
270710,43
270720,43
270730,48
270740,46
270750,45
270760,45
270770,45
270780,52
270790,46
270800,53
270810,46
270820,49
270830,48
270840,48
270850,49
270860,40
270870,51
270880,49
270890,51
270900,40
270910,45
270920,51
270930,45
270940,36
270950,45
270960,44
270970,40
270980,44
270990,56
271000,47
271010,43
271020,44
271030,45
271040,50
271050,41
271060,41
271070,41
271080,48
271090,50
271100,51
271110,50
271120,43
271130,42
271140,42
271150,41
271160,38
271170,46
271180,50
271190,56
271200,51
271210,36
271220,39
271230,49
271240,39
271250,44
271260,47
271270,45
271280,49
271290,51
271300,46
271310,46
271320,46
271330,45
271340,42
271350,50
271360,50
271370,45
271380,47
271390,44
271400,45
271410,37
271420,43
271430,50
271440,55
271450,43
271460,46
271470,47
271480,47
271490,43
271500,47
271510,49
271520,56
271530,41
271540,43
271550,48
271560,50
271570,49
271580,49
271590,46
271600,48
271610,52
271620,54
271630,47
271640,43
271650,36
271660,36
271670,42
271680,44
271690,48
271700,41
271710,49
271720,41
271730,36
271740,40
271750,40
271760,38
271770,44
271780,42
271790,40
271800,41
271810,37
271820,46
271830,35
271840,43
271850,45
271860,41
271870,44
271880,37
271890,41
271900,41
271910,46
271920,41
271930,40
271940,43
271950,40
271960,46
271970,44
271980,50
271990,51
272000,48
272010,46
272020,45
272030,46
272040,37
272050,44
272060,49
272070,43
272080,52
272090,51
272100,50
272110,35
272120,48
272130,39
272140,46
272150,39
272160,41
272170,45
272180,44
272190,43
272200,36
272210,42
272220,48
272230,44
272240,41
272250,45
272260,30
272270,46
272280,36
272290,36
272300,42
272310,42
272320,45
272330,41
272340,41
272350,42
272360,37
272370,47
272380,46
272390,44
272400,33
272410,42
272420,41
272430,45
272440,48
272450,39
272460,48
272470,47
272480,41
272490,37
272500,40
272510,53
272520,52
272530,46
272540,41
272550,35
272560,35
272570,38
272580,40
272590,40
272600,37
272610,40
272620,43
272630,39
272640,34
272650,39
272660,44
272670,45
272680,48
272690,44
272700,46
272710,43
272720,49
272730,39
272740,45
272750,47
272760,47
272770,40
272780,42
272790,49
272800,44
272810,43
272820,40
272830,46
272840,46
272850,45
272860,40
272870,48
272880,40
272890,42
272900,47
272910,45
272920,47
272930,56
272940,49
272950,42
272960,44
272970,46
272980,40
272990,43
273000,41
273010,45
273020,39
273030,41
273040,42
273050,41
273060,38
273070,54
273080,40
273090,47
273100,44
273110,54
273120,46
273130,43
273140,41
273150,42
273160,37
273170,45
273180,45
273190,39
273200,45
273210,42
273220,45
273230,47
273240,49
273250,41
273260,44
273270,49
273280,56
273290,46
273300,50
273310,55
273320,51
273330,41
273340,40
273350,35
273360,39
273370,38
273380,44
273390,44
273400,37
273410,40
273420,45
273430,47
273440,49
273450,52
273460,45
273470,42
273480,44
273490,36
273500,41
273510,36
273520,45
273530,42
273540,40
273550,49
273560,39
273570,47
273580,49
273590,51
273600,49
273610,44
273620,43
273630,36
273640,38
273650,51
273660,40
273670,49
273680,45
273690,39
273700,45
273710,40
273720,41
273730,48
273740,39
273750,41
273760,43
273770,47
273780,42
273790,45
273800,41
273810,41
273820,41
273830,48
273840,34
273850,39
273860,44
273870,46
273880,50
273890,47
273900,45
273910,40
273920,47
273930,45
273940,41
273950,41
273960,42
273970,45
273980,42
273990,41
274000,44
274010,41
274020,51
274030,44
274040,48
274050,42
274060,37
274070,41
274080,42
274090,35
274100,46
274110,40
274120,40
274130,38
274140,42
274150,46
274160,40
274170,42
274180,44
274190,48
274200,49
274210,31
274220,44
274230,37
274240,42
274250,39
274260,43
274270,45
274280,38
274290,38
274300,42
274310,43
274320,34
274330,38
274340,33
274350,55
274360,40
274370,41
274380,49
274390,36
274400,58
274410,39
274420,38
274430,42
274440,38
274450,43
274460,46
274470,41
274480,46
274490,46
274500,45
274510,48
274520,44
274530,44
274540,44
274550,43
274560,46
274570,46
274580,48
274590,42
274600,51
274610,47
274620,43
274630,39
274640,51
274650,35
274660,42
274670,43
274680,45
274690,41
274700,41
274710,46
274720,43
274730,42
274740,47
274750,38
274760,40
274770,43
274780,46
274790,46
274800,40
274810,37
274820,46
274830,45
274840,41
274850,36
274860,41
274870,40
274880,40
274890,35
274900,42
274910,42
274920,44
274930,39
274940,46
274950,47
274960,45
274970,48
274980,35
274990,47
275000,41
275010,45
275020,49
275030,46
275040,43
275050,34
275060,46
275070,38
275080,38
275090,45
275100,40
275110,40
275120,39
275130,44
275140,34
275150,42
275160,54
275170,49
275180,39
275190,46
275200,53
275210,46
275220,41
275230,43
275240,59
275250,49
275260,52
275270,46
275280,45
275290,44
275300,46
275310,46
275320,46
275330,39
275340,51
275350,43
275360,50
275370,41
275380,36
275390,54
275400,43
275410,43
275420,40
275430,36
275440,47
275450,45
275460,37
275470,46
275480,51
275490,45
275500,43
275510,39
275520,41
275530,51
275540,48
275550,44
275560,41
275570,40
275580,53
275590,49
275600,45
275610,48
275620,43
275630,48
275640,47
275650,39
275660,35
275670,42
275680,43
275690,42
275700,35
275710,39
275720,46
275730,38
275740,38
275750,42
275760,45
275770,43
275780,40
275790,45
275800,43
275810,50
275820,43
275830,41
275840,41
275850,43
275860,40
275870,44
275880,42
275890,46
275900,42
275910,42
275920,41
275930,41
275940,45
275950,41
275960,42
275970,46
275980,46
275990,42
276000,37
276010,43
276020,50
276030,45
276040,39
276050,47
276060,37
276070,51
276080,43
276090,46
276100,41
276110,48
276120,47
276130,43
276140,54
276150,48
276160,46
276170,40
276180,42
276190,39
276200,46
276210,46
276220,43
276230,50
276240,39
276250,40
276260,46
276270,43
276280,47
276290,44
276300,44
276310,42
276320,50
276330,41
276340,39
276350,44
276360,41
276370,45
276380,44
276390,39
276400,46
276410,37
276420,40
276430,38
276440,45
276450,40
276460,40
276470,45
276480,46
276490,53
276500,50
276510,44
276520,43
276530,39
276540,40
276550,32
276560,39
276570,40
276580,45
276590,43
276600,49
276610,43
276620,45
276630,48
276640,36
276650,40
276660,47
276670,42
276680,40
276690,37
276700,40
276710,48
276720,39
276730,41
276740,40
276750,41
276760,43
276770,40
276780,52
276790,36
276800,44
276810,36
276820,43
276830,44
276840,43
276850,38
276860,42
276870,36
276880,46
276890,50
276900,39
276910,44
276920,49
276930,43
276940,43
276950,43
276960,36
276970,49
276980,41
276990,49
277000,43
277010,49
277020,44
277030,47
277040,42
277050,44
277060,45
277070,41
277080,41
277090,45
277100,42
277110,47
277120,48
277130,48
277140,47
277150,43
277160,48
277170,41
277180,47
277190,51
277200,42
277210,46
277220,40
277230,40
277240,40
277250,42
277260,44
277270,41
277280,43
277290,39
277300,43
277310,39
277320,41
277330,42
277340,40
277350,40
277360,43
277370,40
277380,40
277390,47
277400,34
277410,48
277420,41
277430,42
277440,38
277450,42
277460,35
277470,39
277480,40
277490,43
277500,43
277510,45
277520,43
277530,41
277540,46
277550,42
277560,48
277570,40
277580,36
277590,55
277600,51
277610,46
277620,44
277630,31
277640,51
277650,44
277660,36
277670,41
277680,45
277690,37
277700,53
277710,41
277720,39
277730,38
277740,42
277750,41
277760,40
277770,42
277780,42
277790,47
277800,38
277810,42
277820,45
277830,50
277840,40
277850,35
277860,44
277870,37
277880,40
277890,36
277900,46
277910,32
277920,37
277930,43
277940,47
277950,38
277960,34
277970,40
277980,38
277990,43
278000,46
278010,35
278020,39
278030,35
278040,40
278050,41
278060,52
278070,40
278080,47
278090,45
278100,40
278110,33
278120,39
278130,42
278140,38
278150,38
278160,39
278170,39
278180,41
278190,43
278200,39
278210,36
278220,42
278230,48
278240,41
278250,38
278260,50
278270,45
278280,43
278290,42
278300,41
278310,41
278320,47
278330,34
278340,47
278350,41
278360,40
278370,39
278380,42
278390,38
278400,37
278410,39
278420,40
278430,41
278440,44
278450,35
278460,40
278470,44
278480,44
278490,37
278500,44
278510,48
278520,48
278530,44
278540,33
278550,41
278560,40
278570,48
278580,43
278590,33
278600,37
278610,40
278620,37
278630,47
278640,43
278650,43
278660,52
278670,45
278680,49
278690,53
278700,48
278710,48
278720,44
278730,45
278740,42
278750,46
278760,45
278770,49
278780,43
278790,40
278800,40
278810,41
278820,46
278830,39
278840,46
278850,45
278860,32
278870,40
278880,38
278890,42
278900,45
278910,49
278920,39
278930,44
278940,41
278950,44
278960,36
278970,42
278980,42
278990,50
279000,35
279010,48
279020,43
279030,48
279040,44
279050,34
279060,42
279070,47
279080,45
279090,45
279100,43
279110,36
279120,48
279130,41
279140,44
279150,41
279160,50
279170,40
279180,41
279190,40
279200,45
279210,37
279220,47
279230,46
279240,54
279250,43
279260,42
279270,45
279280,46
279290,49
279300,42
279310,41
279320,45
279330,48
279340,47
279350,43
279360,49
279370,39
279380,46
279390,49
279400,44
279410,39
279420,39
279430,44
279440,38
279450,39
279460,41
279470,47
279480,42
279490,47
279500,36
279510,55
279520,39
279530,41
279540,49
279550,35
279560,43
279570,28
279580,42
279590,42
279600,49
279610,41
279620,51
279630,38
279640,37
279650,47
279660,39
279670,45
279680,49
279690,33
279700,40
279710,31
279720,38
279730,41
279740,39
279750,44
279760,43
279770,47
279780,44
279790,40
279800,43
279810,39
279820,42
279830,43
279840,37
279850,38
279860,41
279870,46
279880,42
279890,36
279900,38
279910,42
279920,46
279930,50
279940,38
279950,46
279960,46
279970,44
279980,43
279990,39
280000,38
280010,38
280020,40
280030,43
280040,45
280050,46
280060,48
280070,40
280080,30
280090,34
280100,43
280110,41
280120,40
280130,36
280140,46
280150,40
280160,52
280170,45
280180,46
280190,40
280200,42
280210,39
280220,40
280230,46
280240,43
280250,42
280260,44
280270,38
280280,41
280290,37
280300,44
280310,37
280320,43
280330,44
280340,50
280350,49
280360,44
280370,48
280380,48
280390,46
280400,47
280410,40
280420,41
280430,51
280440,48
280450,45
280460,44
280470,43
280480,38
280490,47
280500,44
280510,41
280520,37
280530,40
280540,40
280550,34
280560,44
280570,34
280580,40
280590,41
280600,49
280610,48
280620,46
280630,53
280640,41
280650,51
280660,39
280670,41
280680,49
280690,43
280700,49
280710,41
280720,42
280730,42
280740,43
280750,45
280760,41
280770,44
280780,40
280790,42
280800,40
280810,44
280820,44
280830,48
280840,39
280850,47
280860,42
280870,48
280880,43
280890,41
280900,39
280910,34
280920,38
280930,42
280940,37
280950,45
280960,44
280970,42
280980,41
280990,31
281000,38
281010,44
281020,35
281030,42
281040,42
281050,42
281060,48
281070,38
281080,41
281090,41
281100,42
281110,42
281120,35
281130,39
281140,38
281150,41
281160,42
281170,39
281180,37
281190,42
281200,41
281210,38
281220,38
281230,39
281240,38
281250,37
281260,46
281270,43
281280,45
281290,43
281300,39
281310,40
281320,40
281330,48
281340,43
281350,46
281360,45
281370,47
281380,45
281390,44
281400,38
281410,34
281420,36
281430,45
281440,42
281450,41
281460,37
281470,38
281480,38
281490,45
281500,42
281510,37
281520,38
281530,38
281540,38
281550,36
281560,41
281570,50
281580,44
281590,36
281600,45
281610,38
281620,41
281630,44
281640,48
281650,46
281660,41
281670,38
281680,45
281690,38
281700,42
281710,36
281720,43
281730,43
281740,41
281750,46
281760,42
281770,42
281780,37
281790,41
281800,39
281810,47
281820,39
281830,47
281840,39
281850,33
281860,40
281870,36
281880,45
281890,40
281900,33
281910,46
281920,32
281930,51
281940,37
281950,39
281960,48
281970,36
281980,40
281990,37
282000,43
282010,44
282020,38
282030,36
282040,41
282050,46
282060,38
282070,40
282080,46
282090,38
282100,37
282110,42
282120,46
282130,42
282140,42
282150,46
282160,37
282170,39
282180,34
282190,38
282200,37
282210,36
282220,39
282230,37
282240,43
282250,44
282260,42
282270,37
282280,39
282290,38
282300,50
282310,39
282320,37
282330,41
282340,37
282350,42
282360,45
282370,39
282380,40
282390,42
282400,38
282410,34
282420,52
282430,39
282440,41
282450,47
282460,43
282470,40
282480,42
282490,37
282500,50
282510,43
282520,40
282530,50
282540,41
282550,42
282560,42
282570,46
282580,45
282590,40
282600,42
282610,43
282620,43
282630,42
282640,46
282650,42
282660,46
282670,37
282680,39
282690,40
282700,38
282710,43
282720,47
282730,42
282740,38
282750,35
282760,42
282770,37
282780,49
282790,48
282800,38
282810,39
282820,46
282830,40
282840,44
282850,37
282860,45
282870,37
282880,46
282890,35
282900,46
282910,40
282920,46
282930,34
282940,39
282950,40
282960,37
282970,40
282980,39
282990,38
283000,47
283010,44
283020,48
283030,43
283040,42
283050,41
283060,41
283070,48
283080,44
283090,42
283100,36
283110,47
283120,35
283130,46
283140,43
283150,27
283160,39
283170,46
283180,38
283190,38
283200,39
283210,36
283220,39
283230,46
283240,36
283250,40
283260,48
283270,40
283280,44
283290,36
283300,46
283310,39
283320,38
283330,42
283340,40
283350,37
283360,40
283370,30
283380,45
283390,39
283400,43
283410,47
283420,50
283430,36
283440,49
283450,48
283460,37
283470,45
283480,39
283490,43
283500,38
283510,48
283520,38
283530,45
283540,51
283550,38
283560,45
283570,42
283580,43
283590,41
283600,47
283610,51
283620,42
283630,42
283640,44
283650,50
283660,48
283670,45
283680,53
283690,40
283700,36
283710,48
283720,41
283730,42
283740,36
283750,41
283760,47
283770,48
283780,40
283790,39
283800,36
283810,42
283820,38
283830,39
283840,43
283850,48
283860,43
283870,50
283880,45
283890,43
283900,39
283910,40
283920,40
283930,45
283940,46
283950,51
283960,42
283970,44
283980,40
283990,40
284000,45
284010,47
284020,44
284030,32
284040,51
284050,38
284060,43
284070,38
284080,52
284090,39
284100,39
284110,45
284120,42
284130,48
284140,41
284150,43
284160,46
284170,42
284180,49
284190,45
284200,43
284210,35
284220,45
284230,40
284240,45
284250,42
284260,31
284270,41
284280,39
284290,40
284300,34
284310,40
284320,31
284330,49
284340,43
284350,38
284360,42
284370,41
284380,41
284390,37
284400,43
284410,38
284420,43
284430,42
284440,48
284450,44
284460,42
284470,42
284480,47
284490,40
284500,43
284510,36
284520,33
284530,46
284540,42
284550,37
284560,43
284570,35
284580,39
284590,44
284600,42
284610,45
284620,43
284630,48
284640,46
284650,46
284660,41
284670,40
284680,39
284690,49
284700,37
284710,47
284720,44
284730,48
284740,47
284750,38
284760,50
284770,46
284780,40
284790,47
284800,48
284810,43
284820,51
284830,43
284840,39
284850,47
284860,48
284870,37
284880,40
284890,37
284900,48
284910,45
284920,46
284930,38
284940,42
284950,46
284960,40
284970,41
284980,43
284990,44
285000,53
285010,43
285020,42
285030,43
285040,50
285050,47
285060,34
285070,37
285080,45
285090,42
285100,50
285110,43
285120,43
285130,46
285140,45
285150,38
285160,48
285170,40
285180,43
285190,36
285200,48
285210,45
285220,38
285230,48
285240,45
285250,48
285260,44
285270,40
285280,44
285290,47
285300,44
285310,39
285320,39
285330,42
285340,48
285350,51
285360,43
285370,46
285380,42
285390,47
285400,36
285410,29
285420,48
285430,34
285440,40
285450,48
285460,53
285470,51
285480,50
285490,41
285500,43
285510,42
285520,41
285530,43
285540,44
285550,42
285560,45
285570,46
285580,38
285590,43
285600,43
285610,45
285620,49
285630,40
285640,34
285650,41
285660,28
285670,42
285680,28
285690,38
285700,47
285710,42
285720,52
285730,31
285740,46
285750,39
285760,36
285770,45
285780,40
285790,36
285800,43
285810,44
285820,61
285830,52
285840,51
285850,55
285860,41
285870,44
285880,47
285890,47
285900,38
285910,38
285920,48
285930,41
285940,45
285950,48
285960,44
285970,48
285980,46
285990,43
286000,42
