139760,56
139770,49
139780,57
139790,55
139800,55
139810,49
139820,49
139830,55
139840,51
139850,53
139860,53
139870,46
139880,52
139890,58
139900,48
139910,51
139920,51
139930,50
139940,50
139950,48
139960,49
139970,49
139980,53
139990,49
140000,52
153760,47
153770,52
153780,51
153790,52
153800,55
153810,51
153820,45
153830,58
153840,60
153850,46
153860,53
153870,53
153880,49
153890,50
153900,48
153910,48
153920,53
153930,38
153940,55
153950,49
153960,49
153970,53
153980,60
153990,52
154000,55
179010,50
179020,49
179030,45
179040,52
179050,45
179060,54
179070,50
179080,57
179090,51
179100,45
179110,51
179120,45
179130,36
179140,51
179150,48
179160,53
179170,49
179180,47
179190,49
179200,55
179210,48
179220,47
179230,54
179240,54
179250,51
179260,51
179270,50
179280,58
179290,52
179300,41
179310,54
179320,54
179330,54
179340,62
179350,58
179360,49
179370,50
179380,57
179390,50
179400,46
179410,59
179420,54
179430,47
179440,46
179450,44
179460,48
179470,50
179480,47
179490,43
179500,52
179510,45
179520,54
179530,62
179540,52
179550,51
179560,47
179570,49
179580,52
179590,57
179600,45
179610,61
179620,52
179630,59
179640,50
179650,50
179660,50
179670,55
179680,48
179690,47
179700,53
179710,49
179720,53
179730,45
179740,56
179750,49
179760,62
179770,46
179780,47
179790,48
179800,50
179810,44
179820,45
179830,48
179840,48
179850,49
179860,49
179870,45
179880,45
179890,52
179900,60
179910,45
179920,51
179930,47
179940,47
179950,57
179960,51
179970,52
179980,46
179990,41
180000,51
180010,50
180020,48
180030,52
180040,51
180050,48
180060,47
180070,49
180080,53
180090,57
180100,45
180110,53
180120,53
180130,55
180140,56
180150,55
180160,55
180170,50
180180,54
180190,54
180200,46
180210,48
180220,49
180230,54
180240,48
180250,51
180260,49
180270,49
180280,58
180290,50
180300,48
180310,51
180320,58
180330,45
180340,52
180350,50
180360,60
180370,46
180380,47
180390,55
180400,46
180410,56
180420,53
180430,51
180440,52
180450,48
180460,58
180470,49
180480,46
180490,47
180500,43
180510,53
180520,49
180530,50
180540,49
180550,47
180560,47
180570,44
180580,46
180590,48
180600,44
180610,48
180620,49
180630,48
180640,47
180650,57
180660,49
180670,54
180680,48
180690,52
180700,57
180710,43
180720,48
180730,48
180740,49
180750,55
180760,50
180770,55
180780,46
180790,47
180800,44
180810,41
180820,46
180830,49
180840,49
180850,47
180860,48
180870,48
180880,52
180890,55
180900,45
180910,49
180920,48
180930,38
180940,54
180950,51
180960,48
180970,49
180980,40
180990,45
181000,48
181010,47
181020,44
181030,42
181040,49
181050,41
181060,48
181070,48
181080,52
181090,42
181100,47
181110,52
181120,46
181130,40
181140,54
181150,35
181160,47
181170,40
181180,51
181190,48
181200,44
181210,55
181220,47
181230,53
181240,42
181250,44
181260,47
181270,46
181280,47
181290,55
181300,47
181310,38
181320,44
181330,44
181340,50
181350,48
181360,47
181370,47
181380,46
181390,47
181400,47
181410,44
181420,42
181430,47
181440,42
181450,51
181460,48
181470,52
181480,58
181490,52
181500,44
181510,42
181520,45
181530,48
181540,46
181550,40
181560,53
181570,48
181580,53
181590,48
181600,45
181610,50
181620,55
181630,53
181640,48
181650,44
181660,47
181670,49
181680,42
181690,53
181700,44
181710,44
181720,50
181730,46
181740,43
181750,44
181760,44
181770,45
181780,48
181790,55
181800,53
181810,51
181820,46
181830,50
181840,48
181850,54
181860,48
181870,48
181880,48
181890,49
181900,53
181910,47
181920,40
181930,51
181940,50
181950,52
181960,44
181970,49
181980,48
181990,45
182000,51
182010,51
182020,57
182030,48
182040,44
182050,54
182060,47
182070,42
182080,48
182090,45
182100,49
182110,54
182120,48
182130,43
182140,47
182150,51
182160,57
182170,50
182180,46
182190,52
182200,45
182210,50
182220,50
182230,55
182240,48
182250,42
182260,46
182270,57
182280,53
182290,50
182300,60
182310,50
182320,43
182330,56
182340,50
182350,55
182360,52
182370,45
182380,47
182390,51
182400,45
182410,49
182420,46
182430,43
182440,54
182450,53
182460,45
182470,48
182480,44
182490,50
182500,52
182510,47
182520,49
182530,48
182540,54
182550,58
182560,46
182570,51
182580,62
182590,55
182600,49
182610,47
182620,48
182630,53
182640,48
182650,57
182660,55
182670,51
182680,57
182690,56
182700,42
182710,51
182720,49
182730,38
182740,50
182750,47
182760,51
182770,52
182780,39
182790,45
182800,41
182810,36
182820,45
182830,54
182840,49
182850,44
182860,49
182870,44
182880,51
182890,48
182900,50
182910,47
182920,46
182930,58
182940,51
182950,55
182960,50
182970,46
182980,51
182990,49
183000,51
183010,44
183020,49
183030,46
183040,42
183050,50
183060,41
183070,45
183080,49
183090,50
183100,46
183110,44
183120,43
183130,46
183140,49
183150,50
183160,47
183170,53
183180,58
183190,54
183200,48
183210,52
183220,48
183230,47
183240,48
183250,49
183260,49
183270,45
183280,43
183290,50
183300,47
183310,41
183320,59
183330,46
183340,49
183350,44
183360,46
183370,47
183380,45
183390,45
183400,49
183410,46
183420,49
183430,53
183440,57
183450,55
183460,50
183470,48
183480,53
183490,51
183500,51
183510,53
183520,51
183530,49
183540,47
183550,53
183560,45
183570,50
183580,51
183590,51
183600,44
183610,45
183620,53
183630,52
183640,51
183650,52
183660,48
183670,55
183680,52
183690,52
183700,54
183710,41
183720,48
183730,46
183740,49
183750,46
183760,43
183770,46
183780,49
183790,50
183800,39
183810,46
183820,44
183830,48
183840,47
183850,47
183860,47
183870,56
183880,53
183890,54
183900,44
183910,45
183920,46
183930,51
183940,39
183950,53
183960,49
183970,47
183980,54
183990,51
184000,53
184010,46
184020,47
184030,45
184040,46
184050,44
184060,46
184070,45
184080,41
184090,53
184100,55
184110,46
184120,45
184130,52
184140,47
184150,46
184160,47
184170,48
184180,46
184190,45
184200,51
184210,56
184220,54
184230,48
184240,41
184250,49
184260,53
184270,50
184280,51
184290,55
184300,51
184310,42
184320,48
184330,55
184340,49
184350,50
184360,50
184370,48
184380,49
184390,46
184400,48
184410,53
184420,48
184430,42
184440,52
184450,54
184460,59
184470,47
184480,55
184490,49
184500,51
184510,52
184520,49
184530,48
184540,46
184550,44
184560,53
184570,49
184580,53
184590,51
184600,52
184610,49
184620,48
184630,48
184640,43
184650,50
184660,52
184670,48
184680,53
184690,48
184700,48
184710,47
184720,53
184730,49
184740,51
184750,50
184760,46
184770,54
184780,48
184790,46
184800,43
184810,56
184820,45
184830,43
184840,57
184850,51
184860,43
184870,37
184880,48
184890,47
184900,49
184910,63
184920,48
184930,41
184940,51
184950,49
184960,56
184970,47
184980,41
184990,47
185000,54
185010,42
185020,39
185030,49
185040,44
185050,51
185060,51
185070,46
185080,40
185090,48
185100,46
185110,48
185120,44
185130,42
185140,53
185150,44
185160,40
185170,46
185180,51
185190,49
185200,47
185210,40
185220,42
185230,46
185240,45
185250,50
185260,47
185270,45
185280,39
185290,46
185300,49
185310,48
185320,50
185330,41
185340,50
185350,39
185360,49
185370,55
185380,45
185390,48
185400,52
185410,51
185420,42
185430,45
185440,51
185450,41
185460,42
185470,48
185480,43
185490,56
185500,46
185510,40
185520,49
185530,51
185540,45
185550,54
185560,43
185570,49
185580,48
185590,50
185600,48
185610,49
185620,49
185630,49
185640,53
185650,51
185660,51
185670,59
185680,47
185690,43
185700,52
185710,49
185720,46
185730,52
185740,46
185750,52
185760,50
185770,48
185780,43
185790,53
185800,48
185810,51
185820,52
185830,56
185840,48
185850,53
185860,51
185870,48
185880,34
185890,41
185900,50
185910,45
185920,41
185930,49
185940,49
185950,54
185960,53
185970,54
185980,53
185990,54
186000,44
186010,46
186020,43
186030,44
186040,50
186050,43
186060,49
186070,51
186080,41
186090,50
186100,54
186110,56
186120,48
186130,50
186140,52
186150,45
186160,51
186170,49
186180,50
186190,45
186200,40
186210,55
186220,41
186230,48
186240,50
186250,48
186260,44
186270,42
186280,46
186290,51
186300,45
186310,49
186320,46
186330,51
186340,50
186350,50
186360,41
186370,48
186380,51
186390,47
186400,45
186410,46
186420,49
186430,52
186440,44
186450,46
186460,45
186470,40
186480,53
186490,51
186500,45
186510,46
186520,47
186530,51
186540,40
186550,46
186560,42
186570,46
186580,50
186590,42
186600,47
186610,42
186620,43
186630,50
186640,46
186650,47
186660,47
186670,40
186680,55
186690,46
186700,39
186710,42
186720,48
186730,54
186740,54
186750,47
186760,38
186770,41
186780,49
186790,46
186800,40
186810,50
186820,45
186830,46
186840,43
186850,41
186860,39
186870,54
186880,42
186890,55
186900,46
186910,44
186920,45
186930,42
186940,39
186950,47
186960,47
186970,60
186980,45
186990,52
187000,44
187010,45
187020,43
187030,49
187040,39
187050,48
187060,54
187070,52
187080,47
187090,47
187100,49
187110,44
187120,41
187130,37
187140,44
187150,51
187160,53
187170,45
187180,44
187190,44
187200,47
187210,51
187220,48
187230,51
187240,42
187250,55
187260,44
187270,50
187280,50
187290,46
187300,43
187310,49
187320,55
187330,52
187340,45
187350,37
187360,46
187370,46
187380,46
187390,47
187400,37
187410,51
187420,54
187430,39
187440,45
187450,48
187460,45
187470,50
187480,47
187490,56
187500,45
187510,53
187520,47
187530,45
187540,47
187550,49
187560,46
187570,31
187580,50
187590,52
187600,46
187610,44
187620,47
187630,42
187640,40
187650,51
187660,42
187670,42
187680,45
187690,47
187700,48
187710,47
187720,44
187730,50
187740,49
187750,44
187760,50
187770,46
187780,50
187790,54
187800,49
187810,54
187820,43
187830,47
187840,50
187850,50
187860,44
187870,45
187880,48
187890,45
187900,40
187910,40
187920,48
187930,43
187940,46
187950,41
187960,46
187970,42
187980,50
187990,48
188000,47
188010,41
188020,55
188030,42
188040,42
188050,48
188060,55
188070,49
188080,52
188090,41
188100,47
188110,42
188120,37
188130,43
188140,55
188150,51
188160,46
188170,41
188180,39
188190,41
188200,48
188210,50
188220,47
188230,55
188240,33
188250,45
188260,44
188270,47
188280,51
188290,47
188300,44
188310,45
188320,53
188330,48
188340,48
188350,43
188360,45
188370,44
188380,47
188390,45
188400,46
188410,53
188420,50
188430,53
188440,43
188450,44
188460,52
188470,42
188480,47
188490,47
188500,47
188510,47
188520,47
188530,46
188540,45
188550,53
188560,45
188570,43
188580,45
188590,47
188600,51
188610,50
188620,44
188630,47
188640,43
188650,47
188660,47
188670,36
188680,50
188690,39
188700,43
188710,48
188720,47
188730,42
188740,48
188750,51
188760,42
188770,44
188780,51
188790,45
188800,47
188810,46
188820,48
188830,40
188840,50
188850,54
188860,39
188870,49
188880,42
188890,51
188900,48
188910,42
188920,39
188930,43
188940,50
188950,54
188960,46
188970,45
188980,37
188990,54
189000,41
189010,45
189020,48
189030,44
189040,44
189050,44
189060,39
189070,47
189080,41
189090,40
189100,46
189110,43
189120,54
189130,35
189140,40
189150,49
189160,50
189170,42
189180,51
189190,47
189200,49
189210,55
189220,54
189230,46
189240,49
189250,46
189260,48
189270,44
189280,47
189290,49
189300,56
189310,41
189320,41
189330,47
189340,44
189350,48
189360,46
189370,50
189380,57
189390,44
189400,48
189410,44
189420,48
189430,48
189440,42
189450,52
189460,40
189470,41
189480,42
189490,51
189500,35
189510,43
189520,43
189530,55
189540,49
189550,48
189560,46
189570,42
189580,46
189590,45
189600,45
189610,48
189620,40
189630,43
189640,45
189650,43
189660,51
189670,37
189680,44
189690,44
189700,45
189710,50
189720,53
189730,43
189740,46
189750,41
189760,45
189770,41
189780,47
189790,47
189800,46
189810,50
189820,45
189830,44
189840,49
189850,50
189860,39
189870,36
189880,47
189890,46
189900,45
189910,51
189920,53
189930,47
189940,46
189950,49
189960,44
189970,48
189980,38
189990,44
190000,47
191010,53
191020,46
191030,56
191040,53
191050,48
191060,54
191070,46
191080,38
191090,49
191100,50
191110,46
191120,46
191130,50
191140,50
191150,48
191160,46
191170,48
191180,45
191190,38
191200,49
191210,50
191220,53
191230,43
191240,50
191250,58
191760,38
191770,43
191780,58
191790,52
191800,45
191810,47
191820,53
191830,41
191840,48
191850,53
191860,48
191870,48
191880,48
191890,48
191900,50
191910,50
191920,49
191930,47
191940,51
191950,50
191960,46
191970,53
191980,45
191990,47
192000,43
192010,51
192020,54
192030,51
192040,51
192050,49
192060,47
192070,46
192080,50
192090,39
192100,48
192110,49
192120,53
192130,47
192140,45
192150,50
192160,41
192170,44
192180,48
192190,48
192200,48
192210,41
192220,49
192230,45
192240,51
192250,44
192260,49
192270,47
192280,57
192290,44
192300,47
192310,52
192320,46
192330,48
192340,58
192350,46
192360,54
192370,43
192380,48
192390,46
192400,51
192410,54
192420,51
192430,46
192440,54
192450,48
192460,49
192470,39
192480,53
192490,49
192500,46
192510,52
192520,46
192530,50
192540,48
192550,49
192560,51
192570,46
192580,47
192590,42
192600,40
192610,46
192620,51
192630,46
192640,49
192650,47
192660,47
192670,54
192680,42
192690,48
192700,52
192710,44
192720,39
192730,48
192740,50
192750,44
192760,43
192770,47
192780,50
192790,49
192800,48
192810,38
192820,53
192830,55
192840,51
192850,46
192860,54
192870,54
192880,51
192890,49
192900,44
192910,51
192920,52
192930,49
192940,43
192950,52
192960,53
192970,58
192980,48
192990,50
193000,51
193010,48
193020,48
193030,50
193040,52
193050,53
193060,50
193070,55
193080,49
193090,50
193100,53
193110,55
193120,48
193130,45
193140,50
193150,44
193160,51
193170,53
193180,49
193190,45
193200,47
193210,51
193220,51
193230,52
193240,59
193250,50
193260,47
193270,46
193280,45
193290,49
193300,46
193310,48
193320,49
193330,50
193340,52
193350,55
193360,59
193370,43
193380,46
193390,47
193400,48
193410,50
193420,40
193430,48
193440,47
193450,53
193460,42
193470,46
193480,51
193490,50
193500,46
193510,47
193520,43
193530,48
193540,51
193550,48
193560,48
193570,52
193580,50
193590,43
193600,49
193610,50
193620,48
193630,49
193640,43
193650,39
193660,59
193670,42
193680,51
193690,45
193700,51
193710,47
193720,46
193730,47
193740,45
193750,54
193760,55
193770,53
193780,55
193790,52
193800,48
193810,49
193820,54
193830,52
193840,54
193850,52
193860,48
193870,47
193880,49
193890,42
193900,54
193910,50
193920,50
193930,44
193940,52
193950,51
193960,52
193970,47
193980,52
193990,46
194000,54
194010,49
194020,54
194030,56
194040,52
194050,61
194060,53
194070,54
194080,47
194090,51
194100,52
194110,46
194120,59
194130,51
194140,50
194150,51
194160,44
194170,49
194180,56
194190,44
194200,43
194210,48
194220,44
194230,55
194240,58
194250,57
194260,47
194270,46
194280,47
194290,43
194300,50
194310,49
194320,46
194330,44
194340,47
194350,57
194360,54
194370,48
194380,43
194390,48
194400,46
194410,48
194420,56
194430,46
194440,48
194450,46
194460,47
194470,52
194480,43
194490,52
194500,43
194510,47
194520,52
194530,48
194540,54
194550,45
194560,48
194570,51
194580,50
194590,56
194600,48
194610,49
194620,52
194630,48
194640,48
194650,43
194660,54
194670,55
194680,49
194690,51
194700,50
194710,61
194720,45
194730,48
194740,47
194750,46
194760,52
194770,44
194780,51
194790,38
194800,44
194810,54
194820,54
194830,49
194840,51
194850,50
194860,57
194870,40
194880,44
194890,57
194900,51
194910,53
194920,47
194930,52
194940,50
194950,47
194960,51
194970,52
194980,51
194990,58
195000,49
195010,50
195020,51
195030,51
195040,48
195050,38
195060,50
195070,50
195080,49
195090,51
195100,48
195110,52
195120,46
195130,55
195140,43
195150,50
195160,52
195170,44
195180,57
195190,44
195200,45
195210,52
195220,49
195230,53
195240,56
195250,45
195260,44
195270,46
195280,44
195290,50
195300,43
195310,42
195320,48
195330,51
195340,46
195350,53
195360,47
195370,54
195380,64
195390,48
195400,42
195410,46
195420,50
195430,56
195440,50
195450,56
195460,55
195470,52
195480,42
195490,49
195500,54
195510,54
195520,56
195530,44
195540,45
195550,49
195560,50
195570,48
195580,49
195590,54
195600,46
195610,56
195620,48
195630,53
195640,52
195650,53
195660,48
195670,48
195680,51
195690,50
195700,51
195710,55
195720,50
195730,43
195740,48
195750,41
195760,50
195770,42
195780,48
195790,45
195800,45
195810,54
195820,48
195830,47
195840,49
195850,51
195860,53
195870,47
195880,47
195890,49
195900,45
195910,49
195920,50
195930,52
195940,43
195950,41
195960,50
195970,53
195980,43
195990,47
196000,46
196010,42
196020,54
196030,39
196040,44
196050,51
196060,56
196070,44
196080,43
196090,52
196100,52
196110,36
196120,50
196130,52
196140,50
196150,46
196160,53
196170,41
196180,47
196190,40
196200,48
196210,44
196220,50
196230,41
196240,43
196250,42
196260,46
196270,52
196280,49
196290,46
196300,42
196310,50
196320,45
196330,40
196340,43
196350,54
196360,51
196370,52
196380,56
196390,43
196400,40
196410,43
196420,50
196430,44
196440,42
196450,52
196460,49
196470,46
196480,42
196490,47
196500,55
196510,49
196520,44
196530,47
196540,51
196550,51
196560,49
196570,48
196580,54
196590,49
196600,48
196610,56
196620,51
196630,48
196640,50
196650,41
196660,51
196670,48
196680,51
196690,42
196700,46
196710,46
196720,44
196730,46
196740,46
196750,49
197760,37
197770,47
197780,35
197790,48
197800,47
197810,39
197820,47
197830,48
197840,50
197850,51
197860,43
197870,47
197880,45
197890,44
197900,48
197910,48
197920,49
197930,48
197940,44
197950,48
197960,52
197970,50
197980,56
197990,55
198000,45
199010,50
199020,47
199030,32
199040,52
199050,46
199060,44
199070,45
199080,47
199090,48
199100,43
199110,45
199120,42
199130,39
199140,49
199150,43
199160,43
199170,43
199180,46
199190,43
199200,50
199210,38
199220,44
199230,47
199240,46
199250,45
202510,47
202520,42
202530,52
202540,48
202550,46
202560,41
202570,53
202580,47
202590,43
202600,45
202610,54
202620,59
202630,47
202640,44
202650,54
202660,53
202670,56
202680,52
202690,52
202700,42
202710,55
202720,55
202730,51
202740,47
202750,44
202760,59
202770,44
202780,45
202790,41
202800,42
202810,52
202820,52
202830,52
202840,48
202850,58
202860,54
202870,44
202880,52
202890,46
202900,46
202910,50
202920,56
202930,46
202940,43
202950,45
202960,42
202970,43
202980,49
202990,53
203000,44
203010,44
203020,53
203030,49
203040,55
203050,46
203060,46
203070,49
203080,43
203090,47
203100,40
203110,43
203120,44
203130,45
203140,47
203150,48
203160,53
203170,50
203180,55
203190,56
203200,44
203210,50
203220,52
203230,49
203240,46
203250,48
203260,49
203270,50
203280,48
203290,55
203300,55
203310,58
203320,62
203330,56
203340,55
203350,50
203360,45
203370,55
203380,50
203390,48
203400,46
203410,53
203420,41
203430,52
203440,48
203450,42
203460,47
203470,46
203480,39
203490,48
203500,46
203510,48
203520,49
203530,50
203540,49
203550,56
203560,36
203570,50
203580,53
203590,35
203600,44
203610,45
203620,55
203630,51
203640,46
203650,52
203660,45
203670,57
203680,55
203690,45
203700,45
203710,53
203720,56
203730,54
203740,47
203750,42
203760,45
203770,42
203780,52
203790,43
203800,47
203810,52
203820,50
203830,49
203840,45
203850,43
203860,50
203870,45
203880,44
203890,50
203900,42
203910,46
203920,47
203930,48
203940,48
203950,46
203960,45
203970,49
203980,47
203990,55
204000,52
204010,48
204020,51
204030,46
204040,45
204050,39
204060,46
204070,53
204080,51
204090,46
204100,48
204110,42
204120,44
204130,50
204140,49
204150,50
204160,46
204170,52
204180,52
204190,45
204200,41
204210,53
204220,54
204230,45
204240,48
204250,60
204260,54
204270,47
204280,53
204290,49
204300,43
204310,47
204320,40
204330,51
204340,42
204350,49
204360,53
204370,55
204380,58
204390,56
204400,39
204410,46
204420,47
204430,57
204440,49
204450,45
204460,51
204470,48
204480,51
204490,53
204500,46
204510,51
204520,51
204530,41
204540,45
204550,46
204560,50
204570,41
204580,48
204590,45
204600,48
204610,50
204620,41
204630,38
204640,45
204650,51
204660,54
204670,45
204680,47
204690,51
204700,56
204710,49
204720,45
204730,56
204740,48
204750,50
204760,57
204770,51
204780,48
204790,43
204800,49
204810,58
204820,50
204830,46
204840,42
204850,50
204860,42
204870,43
204880,51
204890,51
204900,50
204910,55
204920,45
204930,46
204940,43
204950,56
204960,50
204970,44
204980,56
204990,51
205000,52
205010,55
205020,57
205030,45
205040,42
205050,48
205060,52
205070,47
205080,45
205090,50
205100,51
205110,50
205120,48
205130,45
205140,53
205150,43
205160,55
205170,47
205180,44
205190,53
205200,55
205210,40
205220,46
205230,52
205240,52
205250,49
205260,45
205270,46
205280,43
205290,44
205300,48
205310,37
205320,44
205330,53
205340,50
205350,49
205360,42
205370,47
205380,57
205390,39
205400,43
205410,52
205420,50
205430,39
205440,41
205450,46
205460,40
205470,50
205480,39
205490,49
205500,53
205510,51
205520,48
205530,45
205540,48
205550,50
205560,45
205570,44
205580,46
205590,52
205600,55
205610,52
205620,53
205630,39
205640,53
205650,50
205660,55
205670,45
205680,41
205690,46
205700,54
205710,50
205720,49
205730,48
205740,50
205750,43
205760,52
205770,47
205780,39
205790,40
205800,51
205810,47
205820,42
205830,46
205840,47
205850,52
205860,53
205870,52
205880,53
205890,55
205900,47
205910,51
205920,51
205930,58
205940,52
205950,52
205960,53
205970,46
205980,44
205990,43
206000,56
206010,43
206020,49
206030,48
206040,52
206050,53
206060,44
206070,49
206080,47
206090,52
206100,43
206110,53
206120,43
206130,52
206140,52
206150,56
206160,50
206170,45
206180,51
206190,53
206200,35
206210,49
206220,52
206230,46
206240,52
206250,50
206260,49
206270,46
206280,44
206290,50
206300,50
206310,52
206320,51
206330,50
206340,50
206350,47
206360,46
206370,51
206380,42
206390,49
206400,53
206410,53
206420,48
206430,56
206440,58
206450,53
206460,53
206470,40
206480,43
206490,53
206500,56
206510,45
206520,52
206530,56
206540,50
206550,48
206560,36
206570,47
206580,49
206590,48
206600,41
206610,50
206620,64
206630,48
206640,47
206650,47
206660,54
206670,47
206680,42
206690,56
206700,48
206710,45
206720,52
206730,44
206740,43
206750,39
206760,50
206770,42
206780,53
206790,46
206800,56
206810,47
206820,50
206830,44
206840,46
206850,55
206860,49
206870,50
206880,35
206890,45
206900,47
206910,44
206920,52
206930,40
206940,50
206950,46
206960,49
206970,40
206980,47
206990,50
207000,54
207010,44
207020,53
207030,47
207040,49
207050,50
207060,49
207070,50
207080,55
207090,47
207100,50
207110,49
207120,45
207130,38
207140,43
207150,53
207160,35
207170,49
207180,53
207190,58
207200,45
207210,44
207220,48
207230,55
207240,49
207250,49
207260,50
207270,43
207280,50
207290,47
207300,49
207310,46
207320,52
207330,39
207340,46
207350,53
207360,59
207370,52
207380,50
207390,54
207400,47
207410,45
207420,40
207430,49
207440,52
207450,48
207460,52
207470,44
207480,48
207490,42
207500,54
207510,49
207520,43
207530,45
207540,49
207550,50
207560,46
207570,43
207580,48
207590,47
207600,49
207610,49
207620,52
207630,47
207640,42
207650,51
207660,48
207670,48
207680,53
207690,41
207700,44
207710,47
207720,45
207730,42
207740,45
207750,53
209010,49
209020,42
209030,53
209040,51
209050,45
209060,49
209070,45
209080,52
209090,40
209100,45
209110,53
209120,36
209130,49
209140,47
209150,45
209160,47
209170,45
209180,50
209190,49
209200,51
209210,54
209220,51
209230,48
209240,50
209250,54
209260,43
209270,50
209280,45
209290,54
209300,49
209310,48
209320,46
209330,43
209340,42
209350,47
209360,50
209370,51
209380,54
209390,58
209400,43
209410,48
209420,47
209430,44
209440,52
209450,54
209460,53
209470,47
209480,55
209490,40
209500,52
209510,51
209520,49
209530,49
209540,53
209550,49
209560,50
209570,46
209580,37
209590,55
209600,40
209610,46
209620,49
209630,44
209640,52
209650,47
209660,60
209670,48
209680,50
209690,40
209700,45
209710,46
209720,54
209730,55
209740,49
209750,39
209760,48
209770,54
209780,48
209790,51
209800,38
209810,45
209820,53
209830,43
209840,43
209850,50
209860,53
209870,49
209880,43
209890,47
209900,45
209910,55
209920,54
209930,39
209940,51
209950,52
209960,48
209970,46
209980,48
209990,45
210000,49
210010,56
210020,47
210030,51
210040,49
210050,47
210060,41
210070,42
210080,40
210090,49
210100,52
210110,48
210120,35
210130,47
210140,44
210150,47
210160,55
210170,53
210180,50
210190,55
210200,49
210210,55
210220,50
210230,51
210240,47
210250,51
210260,55
210270,52
210280,55
210290,50
210300,53
210310,55
210320,39
210330,59
210340,50
210350,42
210360,55
210370,51
210380,55
210390,49
210400,51
210410,51
210420,47
210430,54
210440,51
210450,55
210460,54
210470,46
210480,47
210490,48
210500,47
210510,49
210520,54
210530,50
210540,46
210550,63
210560,49
210570,55
210580,47
210590,50
210600,42
210610,42
210620,51
210630,54
210640,43
210650,44
210660,49
210670,43
210680,43
210690,54
210700,52
210710,54
210720,41
210730,52
210740,42
210750,42
210760,51
210770,59
210780,49
210790,54
210800,52
210810,59
210820,57
210830,54
210840,49
210850,45
210860,49
210870,58
210880,52
210890,54
210900,62
210910,46
210920,46
210930,49
210940,55
210950,46
210960,49
210970,42
210980,55
210990,46
211000,58
211010,56
211020,54
211030,48
211040,52
211050,48
211060,53
211070,45
211080,63
211090,49
211100,45
211110,49
211120,55
211130,55
211140,49
211150,51
211160,48
211170,40
211180,49
211190,59
211200,53
211210,48
211220,60
211230,51
211240,47
211250,47
211260,48
211270,42
211280,55
211290,46
211300,51
211310,48
211320,41
211330,52
211340,50
211350,44
211360,52
211370,53
211380,55
211390,40
211400,50
211410,53
211420,46
211430,47
211440,49
211450,46
211460,51
211470,50
211480,46
211490,55
211500,55
211510,53
211520,54
211530,52
211540,51
211550,51
211560,55
211570,60
211580,48
211590,49
211600,51
211610,43
211620,51
211630,41
211640,47
211650,51
211660,49
211670,48
211680,41
211690,57
211700,46
211710,48
211720,59
211730,48
211740,44
211750,50
211760,44
211770,48
211780,54
211790,49
211800,51
211810,50
211820,58
211830,54
211840,45
211850,42
211860,56
211870,56
211880,55
211890,42
211900,50
211910,50
211920,47
211930,50
211940,46
211950,54
211960,51
211970,48
211980,50
211990,48
212000,48
212010,47
212020,54
212030,51
212040,55
212050,51
212060,53
212070,59
212080,52
212090,53
212100,43
212110,52
212120,45
212130,51
212140,47
212150,54
212160,48
212170,50
212180,59
212190,47
212200,56
212210,53
212220,49
212230,47
212240,50
212250,48
212260,45
212270,58
212280,57
212290,56
212300,44
212310,52
212320,51
212330,53
212340,55
212350,46
212360,51
212370,40
212380,57
212390,44
212400,52
212410,41
212420,43
212430,56
212440,48
212450,55
212460,48
212470,56
212480,53
212490,54
212500,48
213260,43
213270,48
213280,46
213290,54
213300,44
213310,47
213320,52
213330,47
213340,47
213350,49
213360,54
213370,46
213380,47
213390,43
213400,51
213410,52
213420,33
213430,50
213440,49
213450,49
213460,42
213470,52
213480,45
213490,50
213500,56
213510,43
213520,46
213530,48
213540,53
213550,58
213560,41
213570,38
213580,56
213590,56
213600,56
213610,50
213620,45
213630,51
213640,43
213650,53
213660,56
213670,56
213680,46
213690,42
213700,51
213710,52
213720,44
213730,46
213740,49
213750,51
213760,35
213770,48
213780,49
213790,41
213800,43
213810,53
213820,44
213830,56
213840,49
213850,42
213860,53
213870,45
213880,47
213890,52
213900,50
213910,46
213920,52
213930,46
213940,51
213950,47
213960,47
213970,55
213980,51
213990,47
214000,46
214010,54
214020,44
214030,39
214040,46
214050,38
214060,50
214070,56
214080,48
214090,49
214100,47
214110,47
214120,43
214130,47
214140,42
214150,48
214160,42
214170,52
214180,52
214190,45
214200,56
214210,51
214220,50
214230,41
214240,52
214250,58
214260,57
214270,54
214280,52
214290,53
214300,53
214310,45
214320,48
214330,54
214340,52
214350,42
214360,36
214370,42
214380,49
214390,55
214400,42
214410,44
214420,40
214430,52
214440,40
214450,41
214460,57
214470,45
214480,47
214490,42
214500,51
214510,49
214520,52
214530,44
214540,37
214550,44
214560,46
214570,39
214580,40
214590,34
214600,45
214610,48
214620,51
214630,47
214640,49
214650,45
214660,48
214670,51
214680,48
214690,46
214700,48
214710,45
214720,40
214730,45
214740,49
214750,54
214760,47
214770,50
214780,46
214790,51
214800,53
214810,49
214820,44
214830,38
214840,51
214850,44
214860,54
214870,48
214880,47
214890,49
214900,50
214910,48
214920,46
214930,51
214940,50
214950,48
214960,52
214970,45
214980,46
214990,42
215000,40
215010,52
215020,47
215030,48
215040,47
215050,43
215060,48
215070,41
215080,44
215090,45
215100,51
215110,47
215120,49
215130,46
215140,44
215150,39
215160,50
215170,48
215180,42
215190,53
215200,47
215210,56
215220,39
215230,47
215240,51
215250,52
215260,50
215270,46
215280,50
215290,48
215300,47
215310,43
215320,47
215330,44
215340,44
215350,51
215360,44
215370,48
215380,49
215390,55
215400,41
215410,45
215420,51
215430,40
215440,50
215450,43
215460,46
215470,56
215480,49
215490,47
215500,39
215510,54
215520,47
215530,39
215540,40
215550,47
215560,47
215570,44
215580,47
215590,46
215600,36
215610,45
215620,40
215630,52
215640,39
215650,43
215660,46
215670,45
215680,41
215690,35
215700,41
215710,44
215720,49
215730,48
215740,47
215750,48
215760,46
215770,45
215780,39
215790,42
215800,44
215810,49
215820,41
215830,47
215840,48
215850,41
215860,45
215870,41
215880,50
215890,47
215900,47
215910,53
215920,51
215930,46
215940,46
215950,49
215960,39
215970,50
215980,48
215990,46
216000,50
216010,51
216020,49
216030,50
216040,50
216050,45
216060,49
216070,40
216080,40
216090,51
216100,54
216110,50
216120,49
216130,50
216140,51
216150,48
216160,45
216170,50
216180,42
216190,47
216200,45
216210,46
216220,49
216230,46
216240,49
216250,47
216260,46
216270,40
216280,43
216290,49
216300,43
216310,44
216320,49
216330,47
216340,47
216350,48
216360,46
216370,42
216380,49
216390,48
216400,51
216410,41
216420,50
216430,49
216440,50
216450,55
216460,46
216470,47
216480,47
216490,49
216500,50
216510,42
216520,47
216530,44
216540,42
216550,43
216560,42
216570,44
216580,47
216590,47
216600,40
216610,44
216620,43
216630,49
216640,40
216650,42
216660,41
216670,44
216680,52
216690,39
216700,49
216710,41
216720,43
216730,44
216740,44
216750,48
216760,44
216770,49
216780,37
216790,43
216800,56
216810,52
216820,51
216830,51
216840,46
216850,51
216860,41
216870,39
216880,49
216890,50
216900,52
216910,46
216920,43
216930,50
216940,44
216950,44
216960,40
216970,41
216980,46
216990,38
217000,45
217010,51
217020,45
217030,53
217040,39
217050,48
217060,47
217070,46
217080,43
217090,35
217100,51
217110,45
217120,42
217130,45
217140,41
217150,42
217160,49
217170,36
217180,45
217190,47
217200,44
217210,48
217220,42
217230,45
217240,45
217250,44
217260,47
217270,47
217280,57
217290,48
217300,46
217310,49
217320,42
217330,44
217340,48
217350,43
217360,41
217370,43
217380,36
217390,44
217400,46
217410,42
217420,44
217430,45
217440,45
217450,39
217460,53
217470,45
217480,44
217490,39
217500,44
217510,40
217520,42
217530,44
217540,48
217550,36
217560,44
217570,42
217580,46
217590,45
217600,44
217610,42
217620,49
217630,43
217640,51
217650,46
217660,41
217670,39
217680,45
217690,38
217700,40
217710,41
217720,47
217730,45
217740,37
217750,41
217760,47
217770,54
217780,44
217790,44
217800,41
217810,44
217820,49
217830,41
217840,43
217850,43
217860,48
217870,37
217880,45
217890,39
217900,45
217910,49
217920,46
217930,51
217940,46
217950,43
217960,43
217970,47
217980,47
217990,46
218000,58
218010,45
218020,40
218030,47
218040,37
218050,40
218060,47
218070,43
218080,38
218090,49
218100,46
218110,42
218120,50
218130,43
218140,47
218150,42
218160,54
218170,37
218180,48
218190,43
218200,53
218210,47
218220,41
218230,42
218240,40
218250,46
218260,50
218270,48
218280,45
218290,45
218300,44
218310,40
218320,45
218330,51
218340,48
218350,41
218360,45
218370,45
218380,41
218390,40
218400,51
218410,52
218420,47
218430,50
218440,48
218450,50
218460,51
218470,40
218480,45
218490,47
218500,41
218510,49
218520,45
218530,43
218540,43
218550,54
218560,45
218570,46
218580,47
218590,43
218600,42
218610,53
218620,37
218630,40
218640,42
218650,55
218660,53
218670,49
218680,46
218690,47
218700,42
218710,36
218720,41
218730,38
218740,47
218750,46
218760,49
218770,36
218780,49
218790,49
218800,43
218810,43
218820,43
218830,46
218840,45
218850,43
218860,45
218870,49
218880,50
218890,37
218900,41
218910,49
218920,45
218930,41
218940,36
218950,43
218960,45
218970,49
218980,46
218990,42
219000,49
219010,38
219020,45
219030,40
219040,46
219050,47
219060,47
219070,47
219080,40
219090,39
219100,45
219110,42
219120,47
219130,44
219140,48
219150,51
219160,45
219170,46
219180,42
219190,38
219200,48
219210,53
219220,49
219230,47
219240,41
219250,48
219260,40
219270,44
219280,54
219290,46
219300,39
219310,44
219320,48
219330,43
219340,47
219350,43
219360,43
219370,46
219380,49
219390,60
219400,48
219410,53
219420,48
219430,51
219440,46
219450,39
219460,55
219470,44
219480,48
219490,43
219500,44
219510,42
219520,41
219530,54
219540,55
219550,46
219560,45
219570,51
219580,45
219590,44
219600,41
219610,50
219620,55
219630,55
219640,43
219650,41
219660,43
219670,46
219680,45
219690,48
219700,44
219710,45
219720,32
219730,59
219740,48
219750,51
219760,51
219770,54
219780,46
219790,49
219800,47
219810,42
219820,50
219830,47
219840,44
219850,46
219860,43
219870,51
219880,50
219890,47
219900,42
219910,51
219920,58
219930,54
219940,42
219950,51
219960,37
219970,45
219980,45
219990,49
220000,54
220010,50
220020,43
220030,48
220040,54
220050,47
220060,43
220070,46
220080,52
220090,43
220100,56
220110,37
220120,48
220130,43
220140,49
220150,48
220160,44
220170,53
220180,43
220190,47
220200,46
220210,49
220220,42
220230,42
220240,45
220250,43
220260,41
220270,52
220280,49
220290,46
220300,41
220310,51
220320,52
220330,47
220340,50
220350,48
220360,50
220370,44
220380,59
220390,49
220400,44
220410,45
220420,40
220430,50
220440,38
220450,43
220460,48
220470,41
220480,46
220490,55
220500,48
220510,47
220520,51
220530,38
220540,38
220550,41
220560,48
220570,52
220580,49
220590,42
220600,49
220610,42
220620,45
220630,48
220640,49
220650,46
220660,46
220670,56
220680,49
220690,44
220700,49
220710,44
220720,47
220730,44
220740,59
220750,49
220760,45
220770,43
220780,46
220790,44
220800,46
220810,51
220820,42
220830,37
220840,43
220850,49
220860,47
220870,47
220880,49
220890,46
220900,51
220910,50
220920,44
220930,43
220940,46
220950,47
220960,48
220970,51
220980,41
220990,48
221000,50
221010,45
221020,46
221030,36
221040,47
221050,48
221060,50
221070,44
221080,47
221090,46
221100,47
221110,44
221120,45
221130,44
221140,48
221150,34
221160,42
221170,44
221180,45
221190,45
221200,48
221210,36
221220,43
221230,38
221240,44
221250,49
221260,44
221270,46
221280,43
221290,34
221300,44
221310,50
221320,39
221330,50
221340,44
221350,42
221360,49
221370,45
221380,52
221390,50
221400,41
221410,56
221420,45
221430,44
221440,48
221450,43
221460,45
221470,40
221480,54
221490,51
221500,48
221510,44
221520,54
221530,44
221540,46
221550,49
221560,49
221570,50
221580,42
221590,47
221600,52
221610,47
221620,39
221630,43
221640,47
221650,45
221660,46
221670,48
221680,55
221690,50
221700,55
221710,47
221720,49
221730,42
221740,43
221750,43
221760,58
221770,43
221780,47
221790,43
221800,41
221810,29
221820,48
221830,47
221840,51
221850,43
221860,41
221870,48
221880,48
221890,45
221900,40
221910,47
221920,45
221930,43
221940,49
221950,40
221960,44
221970,45
221980,45
221990,57
222000,46
222010,44
222020,47
222030,39
222040,49
222050,44
222060,48
222070,46
222080,45
222090,42
222100,49
222110,34
222120,42
222130,42
222140,45
222150,49
222160,45
222170,39
222180,43
222190,45
222200,47
222210,45
222220,48
222230,46
222240,38
222250,48
222260,55
222270,48
222280,43
222290,45
222300,42
222310,48
222320,47
222330,44
222340,48
222350,38
222360,43
222370,48
222380,50
222390,48
222400,48
222410,46
222420,43
222430,52
222440,47
222450,37
222460,41
222470,42
222480,47
222490,54
222500,44
222510,47
222520,47
222530,49
222540,38
222550,45
222560,43
222570,45
222580,46
222590,37
222600,44
222610,48
222620,43
222630,37
222640,50
222650,41
222660,44
222670,48
222680,48
222690,46
222700,53
222710,41
222720,52
222730,46
222740,61
222750,45
222760,38
222770,48
222780,45
222790,47
222800,44
222810,41
222820,36
222830,42
222840,44
222850,43
222860,55
222870,40
222880,46
222890,44
222900,43
222910,52
222920,49
222930,45
222940,40
222950,51
222960,47
222970,39
222980,41
222990,38
223000,45
223010,51
223020,39
223030,44
223040,48
223050,51
223060,42
223070,47
223080,52
223090,46
223100,48
223110,50
223120,47
223130,42
223140,41
223150,50
223160,49
223170,42
223180,41
223190,48
223200,52
223210,52
223220,44
223230,45
223240,46
223250,46
223260,47
223270,50
223280,54
223290,45
223300,46
223310,50
223320,44
223330,44
223340,46
223350,43
223360,47
223370,54
223380,52
223390,52
223400,49
223410,46
223420,42
223430,45
223440,43
223450,52
223460,51
223470,41
223480,47
223490,52
223500,58
223510,42
223520,52
223530,49
223540,51
223550,52
223560,42
223570,40
223580,43
223590,41
223600,45
223610,42
223620,50
223630,40
223640,46
223650,45
223660,46
223670,47
223680,44
223690,40
223700,47
223710,48
223720,37
223730,36
223740,46
223750,44
223760,44
223770,50
223780,47
223790,61
223800,46
223810,44
223820,44
223830,40
223840,50
223850,57
223860,44
223870,41
223880,48
223890,51
223900,47
223910,42
223920,45
223930,41
223940,56
223950,36
223960,39
223970,41
223980,46
223990,42
224000,46
224010,42
224020,51
224030,48
224040,40
224050,56
224060,45
224070,46
224080,44
224090,44
224100,45
224110,41
224120,56
224130,40
224140,42
224150,43
224160,48
224170,40
224180,45
224190,51
224200,40
224210,53
224220,54
224230,45
224240,44
224250,46
224260,49
224270,41
224280,38
224290,44
224300,39
224310,38
224320,51
224330,42
224340,57
224350,50
224360,45
224370,48
224380,48
224390,56
224400,43
224410,40
224420,50
224430,47
224440,48
224450,44
224460,42
224470,46
224480,43
224490,48
224500,49
224510,53
224520,53
224530,47
224540,44
224550,48
224560,47
224570,45
224580,43
224590,47
224600,44
224610,50
224620,43
224630,48
224640,38
224650,46
224660,54
224670,42
224680,51
224690,49
224700,38
224710,49
224720,42
224730,41
224740,53
224750,50
224760,45
224770,50
224780,41
224790,57
224800,41
224810,32
224820,48
224830,45
224840,44
224850,47
224860,46
224870,50
224880,42
224890,62
224900,44
224910,45
224920,44
224930,49
224940,43
224950,55
224960,40
224970,51
224980,51
224990,37
225000,51
225010,40
225020,51
225030,51
225040,39
225050,45
225060,39
225070,40
225080,38
225090,52
225100,42
225110,50
225120,44
225130,45
225140,48
225150,49
225160,49
225170,52
225180,47
225190,45
225200,53
225210,51
225220,44
225230,61
225240,45
225250,48
225260,49
225270,53
225280,43
225290,46
225300,44
225310,49
225320,47
225330,46
225340,49
225350,46
225360,48
225370,47
225380,44
225390,46
225400,43
225410,55
225420,42
225430,54
225440,54
225450,50
225460,46
225470,48
225480,51
225490,55
225500,57
225510,57
225520,48
225530,57
225540,53
225550,52
225560,49
225570,54
225580,44
225590,53
225600,46
225610,51
225620,53
225630,46
225640,40
225650,46
225660,45
225670,44
225680,42
225690,50
225700,51
225710,42
225720,50
225730,43
225740,51
225750,53
225760,46
225770,48
225780,49
225790,45
225800,45
225810,50
225820,39
225830,48
225840,46
225850,52
225860,47
225870,46
225880,46
225890,59
225900,50
225910,42
225920,51
225930,42
225940,49
225950,47
225960,50
225970,50
225980,50
225990,47
226000,52
226010,45
226020,46
226030,50
226040,43
226050,48
226060,44
226070,51
226080,43
226090,58
226100,48
226110,48
226120,50
226130,59
226140,51
226150,49
226160,50
226170,53
226180,38
226190,52
226200,39
226210,45
226220,47
226230,55
226240,51
226250,49
226260,52
226270,49
226280,45
226290,44
226300,50
226310,50
226320,47
226330,47
226340,47
226350,44
226360,47
226370,52
226380,50
226390,40
226400,44
226410,44
226420,44
226430,51
226440,49
226450,54
226460,44
226470,47
226480,52
226490,59
226500,53
226510,45
226520,48
226530,46
226540,57
226550,41
226560,53
226570,42
226580,39
226590,49
226600,46
226610,56
226620,47
226630,51
226640,45
226650,40
226660,50
226670,47
226680,44
226690,61
226700,44
226710,50
226720,44
226730,49
226740,42
226750,53
226760,48
226770,42
226780,44
226790,45
226800,48
226810,48
226820,51
226830,51
226840,46
226850,51
226860,50
226870,47
226880,53
226890,44
226900,45
226910,51
226920,56
226930,51
226940,49
226950,45
226960,49
226970,51
226980,46
226990,47
227000,42
227010,49
227020,49
227030,50
227040,46
227050,47
227060,49
227070,50
227080,55
227090,46
227100,46
227110,54
227120,44
227130,54
227140,43
227150,52
227160,50
227170,51
227180,50
227190,54
227200,52
227210,42
227220,41
227230,41
227240,43
227250,49
227260,45
227270,39
227280,46
227290,46
227300,57
227310,53
227320,48
227330,52
227340,49
227350,45
227360,43
227370,43
227380,47
227390,43
227400,48
227410,52
227420,49
227430,45
227440,46
227450,49
227460,52
227470,48
227480,54
227490,46
227500,38
227510,51
227520,41
227530,49
227540,49
227550,55
227560,53
227570,41
227580,50
227590,52
227600,54
227610,51
227620,51
227630,51
227640,49
227650,53
227660,49
227670,45
227680,53
227690,46
227700,56
227710,54
227720,49
227730,54
227740,37
227750,55
227760,44
227770,53
227780,38
227790,39
227800,50
227810,50
227820,48
227830,46
227840,43
227850,49
227860,49
227870,51
227880,47
227890,48
227900,48
227910,47
227920,49
227930,48
227940,42
227950,52
227960,46
227970,58
227980,45
227990,47
228000,50
228010,52
228020,51
228030,46
228040,49
228050,56
228060,49
228070,46
228080,46
228090,41
228100,43
228110,42
228120,46
228130,42
228140,45
228150,42
228160,50
228170,56
228180,50
228190,48
228200,47
228210,54
228220,44
228230,47
228240,61
228250,51
228260,53
228270,44
228280,47
228290,51
228300,52
228310,45
228320,54
228330,43
228340,51
228350,47
228360,50
228370,47
228380,52
228390,59
228400,54
228410,55
228420,55
228430,45
228440,43
228450,50
228460,47
228470,52
228480,48
228490,45
228500,46
228510,48
228520,51
228530,53
228540,48
228550,54
228560,49
228570,41
228580,46
228590,43
228600,41
228610,50
228620,49
228630,50
228640,44
228650,55
228660,52
228670,45
228680,47
228690,43
228700,59
228710,46
228720,39
228730,50
228740,54
228750,51
228760,50
228770,47
228780,52
228790,50
228800,45
228810,45
228820,43
228830,50
228840,43
228850,49
228860,40
228870,49
228880,52
228890,47
228900,47
228910,36
228920,45
228930,45
228940,46
228950,47
228960,46
228970,49
228980,44
228990,44
229000,43
229010,45
229020,46
229030,45
229040,48
229050,47
229060,47
229070,53
229080,41
229090,43
229100,50
229110,45
229120,44
229130,45
229140,47
229150,39
229160,51
229170,44
229180,39
229190,40
229200,41
229210,44
229220,50
229230,37
229240,45
229250,44
229260,39
229270,47
229280,48
229290,52
229300,46
229310,52
229320,55
229330,50
229340,49
229350,44
229360,45
229370,36
229380,41
229390,41
229400,49
229410,39
229420,43
229430,44
229440,36
229450,50
229460,35
229470,45
229480,43
229490,41
229500,43
229510,40
229520,46
229530,43
229540,37
229550,50
229560,39
229570,47
229580,45
229590,44
229600,39
229610,42
229620,40
229630,47
229640,40
229650,44
229660,38
229670,49
229680,40
229690,40
229700,36
229710,49
229720,50
229730,44
229740,48
229750,43
229760,40
229770,43
229780,45
229790,43
229800,45
229810,52
229820,44
229830,49
229840,38
229850,37
229860,50
229870,40
229880,29
229890,45
229900,39
229910,41
229920,41
229930,43
229940,50
229950,47
229960,41
229970,42
229980,50
229990,55
230000,39
230010,41
230020,49
230030,47
230040,51
230050,41
230060,45
230070,47
230080,41
230090,48
230100,47
230110,49
230120,46
230130,53
230140,36
230150,48
230160,38
230170,46
230180,51
230190,43
230200,44
230210,43
230220,44
230230,44
230240,48
230250,46
230760,45
230770,39
230780,50
230790,48
230800,45
230810,48
230820,42
230830,49
230840,48
230850,41
230860,46
230870,45
230880,49
230890,46
230900,53
230910,57
230920,46
230930,40
230940,46
230950,49
230960,37
230970,43
230980,49
230990,47
231000,48
231010,50
231020,54
231030,35
231040,49
231050,48
231060,45
231070,44
231080,44
231090,42
231100,38
231110,39
231120,41
231130,45
231140,40
231150,50
231160,44
231170,46
231180,41
231190,47
231200,49
231210,51
231220,43
231230,43
231240,47
231250,41
231260,48
231270,49
231280,42
231290,35
231300,47
231310,41
231320,40
231330,55
231340,55
231350,50
231360,44
231370,51
231380,45
231390,45
231400,52
231410,41
231420,46
231430,47
231440,44
231450,46
231460,42
231470,46
231480,53
231490,41
231500,48
231510,42
231520,46
231530,51
231540,50
231550,48
231560,51
231570,37
231580,48
231590,41
231600,48
231610,39
231620,51
231630,49
231640,36
231650,45
231660,46
231670,40
231680,50
231690,45
231700,37
231710,52
231720,43
231730,48
231740,53
231750,48
231760,50
231770,46
231780,46
231790,34
231800,55
231810,52
231820,41
231830,44
231840,44
231850,49
231860,29
231870,46
231880,43
231890,41
231900,44
231910,47
231920,44
231930,45
231940,39
231950,49
231960,48
231970,47
231980,47
231990,48
232000,38
232010,49
232020,45
232030,45
232040,50
232050,45
232060,46
232070,47
232080,46
232090,47
232100,43
232110,45
232120,47
232130,41
232140,37
232150,45
232160,46
232170,46
232180,42
232190,45
232200,46
232210,38
232220,44
232230,45
232240,46
232250,44
232260,38
232270,45
232280,48
232290,38
232300,47
232310,41
232320,33
232330,44
232340,46
232350,38
232360,45
232370,48
232380,45
232390,51
232400,43
232410,47
232420,47
232430,48
232440,47
232450,36
232460,41
232470,45
232480,43
232490,43
232500,48
232510,46
232520,42
232530,44
232540,45
232550,42
232560,42
232570,44
232580,46
232590,44
232600,51
232610,42
232620,54
232630,51
232640,54
232650,48
232660,44
232670,51
232680,39
232690,47
232700,50
232710,46
232720,39
232730,41
232740,45
232750,38
232760,43
232770,42
232780,47
232790,43
232800,48
232810,37
232820,48
232830,40
232840,45
232850,38
232860,36
232870,49
232880,44
232890,47
232900,48
232910,47
232920,49
232930,44
232940,42
232950,48
232960,49
232970,43
232980,34
232990,52
233000,42
233010,51
233020,45
233030,40
233040,40
233050,43
233060,45
233070,39
233080,42
233090,45
233100,36
233110,46
233120,47
233130,47
233140,38
233150,46
233160,44
233170,40
233180,37
233190,43
233200,53
233210,48
233220,41
233230,45
233240,52
233250,42
233260,46
233270,49
233280,50
233290,51
233300,50
233310,51
233320,47
233330,50
233340,43
233350,47
233360,43
233370,41
233380,49
233390,36
233400,45
233410,45
233420,45
233430,45
233440,58
233450,43
233460,46
233470,40
233480,40
233490,44
233500,53
233760,43
233770,50
233780,48
233790,39
233800,39
233810,47
233820,47
233830,43
233840,41
233850,49
233860,56
233870,41
233880,49
233890,45
233900,51
233910,43
233920,45
233930,56
233940,50
233950,48
233960,46
233970,44
233980,49
233990,43
234000,44
234010,50
234020,40
234030,40
234040,49
234050,48
234060,41
234070,42
234080,45
234090,40
234100,42
234110,45
234120,43
234130,45
234140,52
234150,46
234160,48
234170,46
234180,40
234190,45
234200,37
234210,47
234220,47
234230,44
234240,49
234250,44
234260,41
234270,45
234280,44
234290,46
234300,47
234310,49
234320,47
234330,41
234340,47
234350,41
234360,41
234370,47
234380,46
234390,41
234400,45
234410,48
234420,48
234430,38
234440,32
234450,41
234460,40
234470,46
234480,46
234490,50
234500,45
234510,48
234520,46
234530,43
234540,38
234550,46
234560,42
234570,46
234580,38
234590,37
234600,41
234610,45
234620,44
234630,47
234640,39
234650,52
234660,47
234670,40
234680,44
234690,35
234700,44
234710,40
234720,49
234730,47
234740,49
234750,47
235510,48
235520,48
235530,37
235540,48
235550,46
235560,41
235570,47
235580,43
235590,47
235600,37
235610,48
235620,46
235630,48
235640,44
235650,42
235660,53
235670,44
235680,41
235690,44
235700,47
235710,44
235720,49
235730,34
235740,47
235750,45
235760,49
235770,44
235780,48
235790,41
235800,40
235810,45
235820,40
235830,44
235840,49
235850,43
235860,44
235870,37
235880,42
235890,43
235900,44
235910,51
235920,45
235930,48
235940,44
235950,47
235960,47
235970,44
235980,46
235990,45
236000,45
236010,47
236020,53
236030,52
236040,53
236050,42
236060,49
236070,51
236080,37
236090,46
236100,36
236110,43
236120,38
236130,46
236140,46
236150,46
236160,45
236170,38
236180,40
236190,38
236200,40
236210,44
236220,48
236230,42
236240,39
236250,37
236260,46
236270,45
236280,48
236290,40
236300,40
236310,45
236320,47
236330,41
236340,41
236350,38
236360,49
236370,44
236380,47
236390,45
236400,55
236410,46
236420,43
236430,46
236440,44
236450,54
236460,43
236470,45
236480,50
236490,53
236500,43
236510,48
236520,42
236530,51
236540,50
236550,45
236560,48
236570,50
236580,46
236590,39
236600,40
236610,45
236620,40
236630,46
236640,43
236650,46
236660,43
236670,48
236680,45
236690,43
236700,43
236710,44
236720,45
236730,46
236740,47
236750,44
236760,43
236770,43
236780,44
236790,47
236800,46
236810,36
236820,42
236830,35
236840,41
236850,36
236860,38
236870,36
236880,37
236890,43
236900,41
236910,35
236920,40
236930,45
236940,39
236950,47
236960,38
236970,40
236980,44
236990,43
237000,55
237010,39
237020,44
237030,40
237040,46
237050,47
237060,48
237070,46
237080,38
237090,47
237100,39
237110,43
237120,34
237130,39
237140,40
237150,45
237160,36
237170,38
237180,40
237190,39
237200,42
237210,50
237220,39
237230,43
237240,41
237250,39
237260,43
237270,41
237280,44
237290,43
237300,47
237310,46
237320,42
237330,37
237340,53
237350,45
237360,43
237370,43
237380,49
237390,53
237400,45
237410,39
237420,43
237430,50
237440,39
237450,43
237460,32
237470,47
237480,31
237490,40
237500,39
237510,46
237520,42
237530,43
237540,44
237550,34
237560,39
237570,34
237580,43
237590,41
237600,47
237610,47
237620,40
237630,49
237640,38
237650,49
237660,46
237670,41
237680,57
237690,46
237700,44
237710,49
237720,49
237730,36
237740,37
237750,42
237760,56
237770,47
237780,46
237790,44
237800,53
237810,41
237820,49
237830,38
237840,37
237850,39
237860,55
237870,40
237880,53
237890,43
237900,43
237910,51
237920,50
237930,58
237940,50
237950,43
237960,45
237970,40
237980,47
237990,51
238000,37
238010,50
238020,56
238030,37
238040,34
238050,48
238060,43
238070,47
238080,42
238090,47
238100,43
238110,40
238120,47
238130,43
238140,46
238150,43
238160,43
238170,45
238180,49
238190,49
238200,44
238210,50
238220,44
238230,42
238240,50
238250,51
238260,43
238270,47
238280,47
238290,48
238300,43
238310,51
238320,47
238330,46
238340,48
238350,45
238360,46
238370,47
238380,45
238390,46
238400,53
238410,38
238420,46
238430,48
238440,44
238450,38
238460,44
238470,45
238480,40
238490,54
238500,47
238510,42
238520,38
238530,51
238540,41
238550,43
238560,45
238570,49
238580,50
238590,44
238600,44
238610,49
238620,44
238630,48
238640,44
238650,41
238660,43
238670,49
238680,46
238690,43
238700,49
238710,42
238720,45
238730,44
238740,45
238750,46
238760,52
238770,43
238780,37
238790,47
238800,43
238810,40
238820,43
238830,46
238840,43
238850,51
238860,45
238870,37
238880,51
238890,51
238900,44
238910,38
238920,55
238930,46
238940,44
238950,41
238960,43
238970,41
238980,44
238990,49
239000,42
239010,48
239020,42
239030,50
239040,42
239050,47
239060,48
239070,50
239080,46
239090,46
239100,40
239110,42
239120,45
239130,47
239140,37
239150,49
239160,43
239170,53
239180,45
239190,51
239200,34
239210,48
239220,43
239230,38
239240,44
239250,44
239260,51
239270,46
239280,44
239290,34
239300,44
239310,52
239320,45
239330,44
239340,51
239350,48
239360,48
239370,43
239380,43
239390,51
239400,44
239410,48
239420,50
239430,42
239440,44
239450,45
239460,33
239470,44
239480,46
239490,50
239500,39
239510,37
239520,47
239530,52
239540,43
239550,47
239560,50
239570,44
239580,49
239590,50
239600,39
239610,54
239620,47
239630,50
239640,47
239650,39
239660,47
239670,54
239680,51
239690,50
239700,43
239710,40
239720,43
239730,41
239740,47
239750,47
239760,42
239770,48
239780,52
239790,40
239800,41
239810,49
239820,47
239830,49
239840,48
239850,39
239860,41
239870,43
239880,44
239890,50
239900,44
239910,49
239920,55
239930,51
239940,46
239950,50
239960,48
239970,43
239980,47
239990,52
240000,42
240010,47
240020,58
240030,41
240040,50
240050,44
240060,43
240070,47
240080,34
240090,38
240100,46
240110,51
240120,43
240130,44
240140,39
240150,45
240160,41
240170,44
240180,41
240190,53
240200,43
240210,48
240220,41
240230,53
240240,43
240250,44
240260,48
240270,34
240280,42
240290,45
240300,48
240310,37
240320,37
240330,45
240340,48
240350,47
240360,43
240370,46
240380,37
240390,40
240400,32
240410,42
240420,45
240430,45
240440,39
240450,43
240460,49
240470,45
240480,44
240490,52
240500,51
240510,46
240520,44
240530,47
240540,45
240550,48
240560,34
240570,49
240580,41
240590,49
240600,45
240610,52
240620,46
240630,41
240640,43
240650,39
240660,51
240670,48
240680,49
240690,49
240700,38
240710,52
240720,39
240730,43
240740,49
240750,46
240760,45
240770,35
240780,35
240790,50
240800,41
240810,53
240820,37
240830,45
240840,43
240850,47
240860,42
240870,38
240880,42
240890,42
240900,42
240910,44
240920,46
240930,38
240940,47
240950,44
240960,42
240970,48
240980,41
240990,37
241000,43
241010,47
241020,47
241030,49
241040,46
241050,43
241060,49
241070,47
241080,48
241090,36
241100,38
241110,50
241120,52
241130,41
241140,53
241150,51
241160,39
241170,47
241180,43
241190,43
241200,43
241210,41
241220,50
241230,40
241240,41
241250,37
241260,45
241270,40
241280,45
241290,49
241300,40
241310,45
241320,39
241330,44
241340,41
241350,47
241360,39
241370,40
241380,50
241390,49
241400,43
241410,39
241420,42
241430,43
241440,42
241450,58
241460,44
241470,46
241480,43
241490,40
241500,46
241510,48
241520,49
241530,37
241540,46
241550,47
241560,41
241570,45
241580,46
241590,43
241600,39
241610,48
241620,48
241630,47
241640,47
241650,55
241660,40
241670,48
241680,48
241690,47
241700,49
241710,45
241720,52
241730,50
241740,37
241750,48
241760,44
241770,47
241780,43
241790,50
241800,47
241810,40
241820,38
241830,35
241840,46
241850,38
241860,45
241870,47
241880,42
241890,46
241900,46
241910,42
241920,45
241930,43
241940,41
241950,45
241960,52
241970,48
241980,45
241990,48
242000,39
242010,45
242020,54
242030,44
242040,46
242050,45
242060,38
242070,41
242080,47
242090,39
242100,46
242110,53
242120,42
242130,44
242140,44
242150,41
242160,49
242170,43
242180,37
242190,46
242200,45
242210,43
242220,50
242230,46
242240,46
242250,42
242260,43
242270,52
242280,39
242290,49
242300,42
242310,44
242320,41
242330,44
242340,39
242350,44
242360,49
242370,41
242380,45
242390,45
242400,44
242410,42
242420,46
242430,51
242440,43
242450,45
242460,45
242470,46
242480,46
242490,46
242500,35
242510,56
242520,51
242530,48
242540,41
242550,51
242560,49
242570,48
242580,50
242590,45
242600,41
242610,38
242620,44
242630,52
242640,47
242650,49
242660,51
242670,49
242680,44
242690,36
242700,46
242710,49
242720,44
242730,46
242740,44
242750,41
242760,50
242770,47
242780,42
242790,45
242800,49
242810,53
242820,42
242830,52
242840,50
242850,40
242860,34
242870,39
242880,45
242890,49
242900,42
242910,46
242920,45
242930,51
242940,46
242950,47
242960,40
242970,46
242980,43
242990,52
243000,55
243010,46
243020,43
243030,39
243040,34
243050,44
243060,50
243070,42
243080,48
243090,31
243100,47
243110,42
243120,44
243130,44
243140,44
243150,41
243160,48
243170,36
243180,37
243190,38
243200,44
243210,36
243220,38
243230,35
243240,45
243250,47
243260,45
243270,41
243280,47
243290,46
243300,42
243310,48
243320,37
243330,38
243340,39
243350,53
243360,49
243370,46
243380,46
243390,30
243400,41
243410,46
243420,45
243430,42
243440,50
243450,42
243460,48
243470,53
243480,39
243490,45
243500,46
243510,39
243520,47
243530,53
243540,41
243550,43
243560,46
243570,43
243580,47
243590,46
243600,48
243610,43
243620,41
243630,49
243640,40
243650,38
243660,39
243670,39
243680,43
243690,43
243700,47
243710,39
243720,50
243730,39
243740,36
243750,45
243760,44
243770,45
243780,42
243790,46
243800,39
243810,39
243820,40
243830,38
243840,45
243850,41
243860,44
243870,50
243880,47
243890,49
243900,51
243910,46
243920,42
243930,48
243940,45
243950,45
243960,47
243970,43
243980,39
243990,39
244000,44
244010,39
244020,47
244030,47
244040,49
244050,48
244060,38
244070,45
244080,39
244090,45
244100,46
244110,40
244120,44
244130,41
244140,44
244150,44
244160,49
244170,44
244180,46
244190,44
244200,50
244210,44
244220,50
244230,45
244240,41
244250,53
244260,45
244270,42
244280,46
244290,43
244300,48
244310,41
244320,45
244330,42
244340,44
244350,50
244360,47
244370,39
244380,44
244390,38
244400,51
244410,45
244420,46
244430,46
244440,50
244450,57
244460,44
244470,44
244480,50
244490,41
244500,47
244510,45
244520,50
244530,42
244540,44
244550,42
244560,45
244570,58
244580,50
244590,45
244600,44
244610,55
244620,42
244630,39
244640,38
244650,43
244660,52
244670,44
244680,53
244690,45
244700,43
244710,40
244720,46
244730,46
244740,45
244750,48
244760,45
244770,39
244780,47
244790,50
244800,41
244810,50
244820,49
244830,47
244840,55
244850,44
244860,53
244870,49
244880,42
244890,41
244900,41
244910,49
244920,48
244930,46
244940,44
244950,38
244960,31
244970,45
244980,49
244990,43
245000,39
245010,46
245020,53
245030,42
245040,40
245050,39
245060,34
245070,41
245080,42
245090,46
245100,44
245110,45
245120,45
245130,43
245140,45
245150,38
245160,44
245170,44
245180,48
245190,49
245200,47
245210,43
245220,47
245230,48
245240,49
245250,36
256010,44
256020,47
256030,54
256040,46
256050,52
256060,40
256070,45
256080,42
256090,50
256100,38
256110,50
256120,54
256130,47
256140,40
256150,56
256160,46
256170,48
256180,48
256190,49
256200,54
256210,52
256220,51
256230,53
256240,47
256250,39
256260,48
256270,44
256280,51
256290,36
256300,47
256310,38
256320,44
256330,45
256340,49
256350,41
256360,49
256370,47
256380,47
256390,42
256400,36
256410,37
256420,52
256430,46
256440,40
256450,44
256460,47
256470,43
256480,45
256490,48
256500,50
256510,38
256520,53
256530,49
256540,46
256550,51
256560,42
256570,41
256580,54
256590,49
256600,42
256610,53
256620,49
256630,40
256640,43
256650,48
256660,39
256670,44
256680,48
256690,54
256700,48
256710,49
256720,39
256730,42
256740,42
256750,47
256760,46
256770,51
256780,44
256790,44
256800,48
256810,56
256820,47
256830,41
256840,50
256850,46
256860,53
256870,37
256880,43
256890,47
256900,52
256910,56
256920,46
256930,51
256940,53
256950,48
256960,53
256970,50
256980,50
256990,39
257000,57
257010,50
257020,56
257030,43
257040,47
257050,55
257060,54
257070,53
257080,52
257090,50
257100,49
257110,50
257120,47
257130,47
257140,48
257150,53
257160,44
257170,52
257180,48
257190,51
257200,52
257210,50
257220,52
257230,51
257240,59
257250,59
257260,53
257270,51
257280,47
257290,52
257300,56
257310,46
257320,43
257330,44
257340,48
257350,53
257360,49
257370,52
257380,46
257390,51
257400,48
257410,53
257420,53
257430,49
257440,55
257450,48
257460,45
257470,57
257480,51
257490,50
257500,50
257510,44
257520,60
257530,53
257540,52
257550,56
257560,44
257570,42
257580,42
257590,53
257600,48
257610,55
257620,52
257630,53
257640,50
257650,53
257660,54
257670,55
257680,52
257690,48
257700,50
257710,42
257720,56
257730,53
257740,46
257750,54
257760,55
257770,55
257780,51
257790,54
257800,55
257810,51
257820,54
257830,60
257840,56
257850,53
257860,56
257870,57
257880,51
257890,48
257900,61
257910,51
257920,52
257930,53
257940,54
257950,51
257960,45
257970,50
257980,48
257990,50
258000,51
258010,45
258020,45
258030,60
258040,50
258050,47
258060,52
258070,49
258080,56
258090,53
258100,42
258110,45
258120,41
258130,58
258140,53
258150,49
258160,55
258170,54
258180,52
258190,51
258200,45
258210,54
258220,48
258230,50
258240,56
258250,60
258260,51
258270,54
258280,48
258290,53
258300,56
258310,52
258320,56
258330,55
258340,54
258350,55
258360,57
258370,46
258380,52
258390,48
258400,55
258410,45
258420,44
258430,60
258440,50
258450,56
258460,50
258470,50
258480,52
258490,49
258500,51
258510,48
258520,53
258530,48
258540,54
258550,48
258560,46
258570,52
258580,46
258590,50
258600,47
258610,55
258620,49
258630,44
258640,51
258650,48
258660,38
258670,43
258680,46
258690,41
258700,49
258710,51
258720,51
258730,45
258740,37
258750,53
258760,45
258770,53
258780,53
258790,41
258800,54
258810,51
258820,49
258830,50
258840,52
258850,51
258860,50
258870,52
258880,48
258890,53
258900,46
258910,46
258920,48
258930,52
258940,52
258950,52
258960,46
258970,37
258980,48
258990,50
259000,54
259010,46
259020,48
259030,46
259040,49
259050,46
259060,45
259070,57
259080,53
259090,59
259100,49
259110,51
259120,48
259130,49
259140,42
259150,54
259160,41
259170,44
259180,49
259190,45
259200,54
259210,42
259220,45
259230,63
259240,55
259250,55
259260,47
259270,46
259280,50
259290,62
259300,52
259310,46
259320,46
259330,54
259340,52
259350,49
259360,46
259370,52
259380,53
259390,43
259400,49
259410,51
259420,42
259430,46
259440,43
259450,54
259460,50
259470,59
259480,50
259490,49
259500,53
259510,50
259520,43
259530,43
259540,49
259550,48
259560,54
259570,53
259580,38
259590,51
259600,43
259610,54
259620,41
259630,55
259640,45
259650,57
259660,49
259670,46
259680,54
259690,51
259700,47
259710,40
259720,57
259730,49
259740,43
259750,51
259760,47
259770,51
259780,40
259790,47
259800,49
259810,50
259820,55
259830,47
259840,56
259850,48
259860,55
259870,47
259880,44
259890,51
259900,48
259910,47
259920,41
259930,57
259940,49
259950,47
259960,57
259970,47
259980,54
259990,55
260000,47
260010,61
260020,44
260030,47
260040,48
260050,56
260060,53
260070,58
260080,54
260090,49
260100,51
260110,46
260120,56
260130,46
260140,55
260150,51
260160,41
260170,51
260180,47
260190,52
260200,53
260210,45
260220,54
260230,50
260240,55
260250,57
260260,47
260270,53
260280,58
260290,62
260300,44
260310,55
260320,47
260330,49
260340,58
260350,51
260360,58
260370,47
260380,48
260390,48
260400,52
260410,44
260420,58
260430,54
260440,52
260450,55
260460,55
260470,64
260480,54
260490,46
260500,45
260510,51
260520,54
260530,46
260540,48
260550,52
260560,47
260570,42
260580,46
260590,53
260600,47
260610,48
260620,48
260630,50
260640,51
260650,58
260660,51
260670,53
260680,54
260690,45
260700,51
260710,44
260720,49
260730,55
260740,47
260750,47
260760,46
260770,56
260780,54
260790,53
260800,48
260810,48
260820,63
260830,56
260840,55
260850,48
260860,62
260870,52
260880,54
260890,54
260900,50
260910,50
260920,48
260930,51
260940,52
260950,49
260960,50
260970,54
260980,53
260990,52
261000,52
261010,49
261020,45
261030,53
261040,50
261050,56
261060,61
261070,53
261080,50
261090,59
261100,50
261110,53
261120,44
261130,50
261140,52
261150,53
261160,44
261170,50
261180,58
261190,54
261200,51
261210,50
261220,49
261230,51
261240,45
261250,48
261260,57
261270,59
261280,50
261290,47
261300,56
261310,49
261320,51
261330,53
261340,54
261350,47
261360,46
261370,49
261380,51
261390,46
261400,54
261410,43
261420,52
261430,49
261440,55
261450,50
261460,45
261470,60
261480,50
261490,48
261500,50
261510,46
261520,47
261530,56
261540,56
261550,52
261560,50
261570,49
261580,46
261590,45
261600,47
261610,47
261620,43
261630,51
261640,42
261650,43
261660,42
261670,43
261680,56
261690,49
261700,47
261710,44
261720,53
261730,55
261740,43
261750,51
261760,39
261770,48
261780,52
261790,50
261800,43
261810,53
261820,51
261830,47
261840,54
261850,49
261860,43
261870,52
261880,52
261890,42
261900,47
261910,44
261920,44
261930,47
261940,50
261950,46
261960,51
261970,49
261980,45
261990,46
262000,51
262010,57
262020,49
262030,44
262040,50
262050,49
262060,60
262070,45
262080,47
262090,44
262100,49
262110,56
262120,47
262130,46
262140,43
262150,53
262160,41
262170,47
262180,51
262190,52
262200,52
262210,56
262220,41
262230,46
262240,57
262250,50
262260,48
262270,42
262280,44
262290,52
262300,49
262310,45
262320,47
262330,44
262340,46
262350,47
262360,45
262370,49
262380,52
262390,47
262400,49
262410,50
262420,53
262430,37
262440,44
262450,45
262460,44
262470,55
262480,45
262490,55
262500,55
262510,53
262520,47
262530,51
262540,49
262550,49
262560,47
262570,58
262580,48
262590,43
262600,43
262610,49
262620,53
262630,54
262640,50
262650,56
262660,40
262670,40
262680,52
262690,48
262700,49
262710,52
262720,44
262730,57
262740,46
262750,53
262760,39
262770,53
262780,51
262790,47
262800,46
262810,49
262820,46
262830,47
262840,47
262850,54
262860,43
262870,49
262880,53
262890,49
262900,46
262910,47
262920,57
262930,40
262940,51
262950,40
262960,51
262970,44
262980,44
262990,43
263000,47
263010,49
263020,53
263030,59
263040,48
263050,48
263060,44
263070,46
263080,57
263090,49
263100,57
263110,44
263120,49
263130,43
263140,45
263150,52
263160,54
263170,38
263180,43
263190,53
263200,48
263210,51
263220,55
263230,47
263240,51
263250,50
263260,55
263270,48
263280,52
263290,41
263300,57
263310,37
263320,46
263330,41
263340,51
263350,47
263360,48
263370,46
263380,47
263390,55
263400,52
263410,48
263420,58
263430,54
263440,47
263450,51
263460,55
263470,51
263480,44
263490,47
263500,48
263510,46
263520,44
263530,59
263540,56
263550,43
263560,54
263570,53
263580,44
263590,50
263600,53
263610,47
263620,44
263630,52
263640,48
263650,50
263660,56
263670,51
263680,46
263690,47
263700,48
263710,41
263720,54
263730,55
263740,48
263750,55
264010,53
264020,53
264030,49
264040,48
264050,52
264060,52
264070,57
264080,47
264090,43
264100,46
264110,46
264120,49
264130,49
264140,52
264150,44
264160,54
264170,43
264180,47
264190,46
264200,47
264210,44
264220,51
264230,49
264240,57
264250,48
264260,46
264270,42
264280,46
264290,42
264300,52
264310,44
264320,48
264330,50
264340,46
264350,48
264360,44
264370,50
264380,45
264390,48
264400,57
264410,44
264420,57
264430,58
264440,49
264450,56
264460,54
264470,53
264480,45
264490,49
264500,42
264510,37
264520,48
264530,52
264540,38
264550,43
264560,53
264570,43
264580,47
264590,47
264600,49
264610,51
264620,48
264630,60
264640,43
264650,41
264660,45
264670,51
264680,39
264690,48
264700,47
264710,46
264720,53
264730,42
264740,48
264750,46
264760,52
264770,54
264780,50
264790,56
264800,47
264810,50
264820,41
264830,53
264840,51
264850,48
264860,43
264870,50
264880,49
264890,55
264900,48
264910,52
264920,58
264930,50
264940,51
264950,47
264960,50
264970,46
264980,46
264990,53
265000,43
265010,52
265020,51
265030,56
265040,41
265050,54
265060,55
265070,48
265080,49
265090,36
265100,51
265110,50
265120,41
265130,38
265140,45
265150,45
265160,51
265170,46
265180,44
265190,48
265200,49
265210,48
265220,51
265230,50
265240,48
265250,45
265260,53
265270,53
265280,48
265290,45
265300,51
265310,46
265320,48
265330,56
265340,48
265350,51
265360,44
265370,49
265380,49
265390,49
265400,48
265410,54
265420,49
265430,44
265440,50
265450,52
265460,50
265470,52
265480,45
265490,53
265500,48
265510,49
265520,51
265530,54
265540,47
265550,44
265560,47
265570,42
265580,42
265590,46
265600,49
265610,55
265620,49
265630,46
265640,38
265650,38
265660,47
265670,47
265680,46
265690,42
265700,56
265710,60
265720,46
265730,54
265740,57
265750,47
265760,46
265770,54
265780,49
265790,49
265800,47
265810,45
265820,45
265830,47
265840,48
265850,46
265860,53
265870,46
265880,47
265890,48
265900,49
265910,45
265920,47
265930,42
265940,47
265950,49
265960,47
265970,48
265980,54
265990,49
266000,46
266010,44
266020,49
266030,55
266040,46
266050,50
266060,46
266070,54
266080,44
266090,49
266100,47
266110,49
266120,50
266130,49
266140,51
266150,51
266160,53
266170,49
266180,47
266190,41
266200,44
266210,46
266220,53
266230,48
266240,51
266250,51
266260,39
266270,52
266280,50
266290,49
266300,49
266310,57
266320,51
266330,42
266340,45
266350,47
266360,51
266370,57
266380,50
266390,49
266400,48
266410,48
266420,46
266430,55
266440,44
266450,53
266460,49
266470,56
266480,44
266490,44
266500,43
266510,52
266520,44
266530,49
266540,54
266550,53
266560,52
266570,57
266580,56
266590,52
266600,43
266610,56
266620,59
266630,53
266640,52
266650,58
266660,52
266670,51
266680,52
266690,50
266700,50
266710,54
266720,56
266730,53
266740,46
266750,45
266760,58
266770,41
266780,43
266790,56
266800,53
266810,45
266820,52
266830,47
266840,46
266850,55
266860,55
266870,54
266880,52
266890,41
266900,48
266910,45
266920,58
266930,58
266940,50
266950,56
266960,48
266970,50
266980,53
266990,51
267000,44
267010,45
267020,50
267030,52
267040,51
267050,47
267060,53
267070,46
267080,51
267090,52
267100,50
267110,55
267120,51
267130,42
267140,53
267150,43
267160,41
267170,46
267180,46
267190,48
267200,43
267210,53
267220,49
267230,49
267240,46
267250,50
267260,54
267270,47
267280,40
267290,50
267300,48
267310,49
267320,45
267330,46
267340,52
267350,56
267360,37
267370,54
267380,47
267390,43
267400,52
267410,53
267420,49
267430,41
267440,51
267450,59
267460,49
267470,55
267480,51
267490,45
267500,49
267510,49
267520,39
267530,55
267540,53
267550,51
267560,45
267570,38
267580,52
267590,45
267600,48
267610,44
267620,39
267630,54
267640,52
267650,58
267660,45
267670,49
267680,49
267690,46
267700,42
267710,41
267720,44
267730,47
267740,44
267750,48
267760,48
267770,45
267780,49
267790,41
267800,57
267810,47
267820,49
267830,48
267840,46
267850,48
267860,47
267870,39
267880,46
267890,40
267900,42
267910,52
267920,47
267930,47
267940,53
267950,43
267960,48
267970,43
267980,39
267990,54
268000,46
278760,46
278770,43
278780,44
278790,48
278800,44
278810,47
278820,50
278830,50
278840,47
278850,45
278860,44
278870,42
278880,55
278890,52
278900,41
278910,53
278920,45
278930,46
278940,45
278950,42
278960,48
278970,50
278980,43
278990,45
279000,45
