313260,32
313270,24
313280,38
313290,31
313300,26
313310,27
313320,28
313330,40
313340,29
313350,30
313360,26
313370,30
313380,31
313390,25
313400,30
313410,33
313420,33
313430,31
313440,33
313450,35
313460,30
313470,33
313480,40
313490,32
313500,33
313510,38
313520,24
313530,35
313540,27
313550,35
313560,29
313570,37
313580,25
313590,35
313600,31
313610,31
313620,27
313630,29
313640,28
313650,27
313660,35
313670,36
313680,28
313690,35
313700,30
313710,35
313720,31
313730,26
313740,27
313750,26
313760,20
313770,36
313780,31
313790,30
313800,35
313810,38
313820,28
313830,33
313840,35
313850,25
313860,23
313870,30
313880,32
313890,26
313900,37
313910,35
313920,32
313930,33
313940,33
313950,28
313960,31
313970,27
313980,30
313990,29
314000,30
314010,32
314020,29
314030,32
314040,36
314050,22
314060,29
314070,38
314080,28
314090,27
314100,36
314110,33
314120,26
314130,33
314140,33
314150,33
314160,30
314170,31
314180,31
314190,35
314200,33
314210,28
314220,29
314230,30
314240,26
314250,33
314260,29
314270,34
314280,23
314290,25
314300,32
314310,37
314320,35
314330,39
314340,32
314350,31
314360,31
314370,30
314380,34
314390,34
314400,34
314410,29
314420,36
314430,30
314440,34
314450,35
314460,29
314470,37
314480,29
314490,30
314500,30
314510,32
314520,32
314530,36
314540,40
314550,36
314560,24
314570,22
314580,26
314590,37
314600,35
314610,35
314620,33
314630,39
314640,32
314650,38
314660,32
314670,28
314680,35
314690,30
314700,39
314710,34
314720,36
314730,34
314740,39
314750,44
314760,39
314770,37
314780,32
314790,31
314800,39
314810,30
314820,31
314830,28
314840,30
314850,27
314860,32
314870,34
314880,36
314890,39
314900,32
314910,37
314920,42
314930,32
314940,27
314950,42
314960,28
314970,41
314980,33
314990,41
315000,28
315010,34
315020,32
315030,34
315040,29
315050,36
315060,35
315070,39
315080,33
315090,35
315100,37
315110,31
315120,30
315130,32
315140,42
315150,34
315160,42
315170,34
315180,33
315190,36
315200,36
315210,33
315220,36
315230,43
315240,34
315250,33
315260,37
315270,39
315280,37
315290,35
315300,28
315310,38
315320,41
315330,31
315340,34
315350,34
315360,32
315370,39
315380,30
315390,27
315400,36
315410,31
315420,33
315430,31
315440,41
315450,30
315460,31
315470,34
315480,32
315490,32
315500,28
315510,29
315520,33
315530,35
315540,35
315550,34
315560,30
315570,36
315580,33
315590,31
315600,29
315610,31
315620,30
315630,37
315640,24
315650,41
315660,34
315670,34
315680,31
315690,43
315700,39
315710,27
315720,27
315730,24
315740,36
315750,33
315760,45
315770,27
315780,40
315790,25
315800,32
315810,27
315820,38
315830,34
315840,39
315850,38
315860,31
315870,31
315880,34
315890,30
315900,34
315910,35
315920,34
315930,29
315940,38
315950,29
315960,36
315970,35
315980,33
315990,38
316000,29
316010,31
316020,30
316030,40
316040,34
316050,34
316060,27
316070,29
316080,38
316090,33
316100,36
316110,27
316120,41
316130,32
316140,35
316150,39
316160,41
316170,33
316180,45
316190,32
316200,33
316210,38
316220,37
316230,40
316240,38
316250,43
316260,36
316270,31
316280,34
316290,33
316300,29
316310,35
316320,28
316330,31
316340,27
316350,29
316360,30
316370,37
316380,35
316390,44
316400,38
316410,33
316420,32
316430,28
316440,31
316450,30
316460,28
316470,36
316480,32
316490,34
316500,38
316510,36
316520,32
316530,37
316540,32
316550,36
316560,37
316570,28
316580,37
316590,28
316600,35
316610,31
316620,36
316630,32
316640,31
316650,40
316660,25
316670,42
316680,34
316690,35
316700,28
316710,37
316720,28
316730,23
316740,43
316750,37
316760,30
316770,25
316780,24
316790,33
316800,29
316810,38
316820,28
316830,28
316840,34
316850,31
316860,34
316870,34
316880,28
316890,33
316900,28
316910,32
316920,37
316930,31
316940,33
316950,29
316960,32
316970,28
316980,39
316990,31
317000,34
317010,39
317020,34
317030,36
317040,32
317050,29
317060,36
317070,32
317080,36
317090,34
317100,32
317110,38
317120,34
317130,35
317140,36
317150,33
317160,33
317170,29
317180,29
317190,36
317200,39
317210,30
317220,39
317230,27
317240,34
317250,37
317260,36
317270,26
317280,34
317290,39
317300,32
317310,35
317320,35
317330,41
317340,30
317350,36
317360,31
317370,36
317380,30
317390,34
317400,32
317410,27
317420,38
317430,36
317440,33
317450,36
317460,34
317470,40
317480,42
317490,40
317500,30
317510,37
317520,37
317530,29
317540,40
317550,29
317560,35
317570,30
317580,40
317590,33
317600,36
317610,38
317620,39
317630,35
317640,43
317650,27
317660,34
317670,45
317680,35
317690,44
317700,33
317710,36
317720,34
317730,35
317740,38
317750,47
317760,49
317770,37
317780,37
317790,38
317800,36
317810,26
317820,38
317830,35
317840,40
317850,37
317860,34
317870,30
317880,36
317890,24
317900,41
317910,42
317920,40
317930,47
317940,32
317950,37
317960,32
317970,30
317980,39
317990,38
318000,34
318010,35
318020,28
318030,23
318040,37
318050,40
318060,35
318070,32
318080,37
318090,30
318100,32
318110,33
318120,31
318130,31
318140,32
318150,37
318160,37
318170,34
318180,34
318190,36
318200,37
318210,30
318220,30
318230,21
318240,31
318250,36
318260,39
318270,29
318280,29
318290,37
318300,37
318310,27
318320,28
318330,27
318340,24
318350,26
318360,28
318370,39
318380,26
318390,34
318400,38
318410,32
318420,33
318430,33
318440,39
318450,33
318460,28
318470,34
318480,28
318490,30
318500,28
318510,28
318520,38
318530,34
318540,36
318550,32
318560,33
318570,34
318580,33
318590,36
318600,34
318610,32
318620,38
318630,37
318640,32
318650,28
318660,35
318670,35
318680,33
318690,42
318700,35
318710,33
318720,33
318730,35
318740,31
318750,23
318760,30
318770,30
318780,34
318790,29
318800,33
318810,38
318820,34
318830,41
318840,38
318850,33
318860,30
318870,37
318880,35
318890,31
318900,27
318910,31
318920,29
318930,34
318940,33
318950,40
318960,34
318970,36
318980,37
318990,35
319000,41
319010,41
319020,36
319030,35
319040,36
319050,35
319060,31
319070,31
319080,35
319090,42
319100,41
319110,35
319120,33
319130,31
319140,31
319150,38
319160,38
319170,32
319180,34
319190,42
319200,31
319210,35
319220,35
319230,32
319240,24
319250,29
319260,27
319270,36
319280,29
319290,33
319300,35
319310,37
319320,29
319330,27
319340,35
319350,33
319360,34
319370,29
319380,33
319390,33
319400,37
319410,40
319420,28
319430,30
319440,34
319450,36
319460,31
319470,27
319480,37
319490,27
319500,31
319510,41
319520,25
319530,26
319540,34
319550,27
319560,31
319570,42
319580,27
319590,38
319600,35
319610,30
319620,39
319630,35
319640,34
319650,32
319660,40
319670,32
319680,34
319690,40
319700,25
319710,34
319720,29
319730,32
319740,30
319750,32
319760,26
319770,35
319780,35
319790,35
319800,31
319810,37
319820,36
319830,36
319840,36
319850,31
319860,37
319870,34
319880,38
319890,37
319900,34
319910,41
319920,41
319930,33
319940,35
319950,24
319960,33
319970,39
319980,34
319990,38
320000,38
320010,38
320020,32
320030,45
320040,33
320050,43
320060,43
320070,41
320080,35
320090,37
320100,45
320110,49
320120,32
320130,35
320140,35
320150,32
320160,32
320170,32
320180,34
320190,34
320200,37
320210,35
320220,35
320230,31
320240,37
320250,40
320260,31
320270,35
320280,38
320290,39
320300,36
320310,37
320320,36
320330,37
320340,31
320350,34
320360,35
320370,41
320380,36
320390,28
320400,33
320410,41
320420,34
320430,39
320440,30
320450,32
320460,32
320470,30
320480,37
320490,32
320500,38
320510,39
320520,38
320530,28
320540,27
320550,31
320560,29
320570,28
320580,37
320590,37
320600,42
320610,36
320620,45
320630,33
320640,39
320650,33
320660,32
320670,28
320680,38
320690,28
320700,25
320710,30
320720,36
320730,36
320740,33
320750,38
320760,29
320770,35
320780,25
320790,42
320800,39
320810,33
320820,30
320830,30
320840,33
320850,31
320860,36
320870,34
320880,40
320890,36
320900,27
320910,27
320920,35
320930,40
320940,34
320950,32
320960,29
320970,34
320980,30
320990,32
321000,29
321010,34
321020,35
321030,35
321040,35
321050,23
321060,34
321070,32
321080,31
321090,37
321100,39
321110,34
321120,29
321130,34
321140,35
321150,36
321160,34
321170,31
321180,31
321190,34
321200,34
321210,34
321220,40
321230,36
321240,31
321250,29
321260,34
321270,38
321280,35
321290,27
321300,35
321310,29
321320,38
321330,27
321340,39
321350,42
321360,30
321370,30
321380,31
321390,32
321400,35
321410,26
321420,39
321430,39
321440,32
321450,40
321460,38
321470,36
321480,29
321490,35
321500,37
321510,32
321520,35
321530,34
321540,36
321550,38
321560,36
321570,29
321580,33
321590,26
321600,35
321610,33
321620,28
321630,37
321640,39
321650,30
321660,28
321670,29
321680,33
321690,30
321700,24
321710,34
321720,30
321730,31
321740,34
321750,31
321760,35
321770,33
321780,27
321790,32
321800,26
321810,33
321820,35
321830,40
321840,34
321850,22
321860,26
321870,29
321880,30
321890,24
321900,30
321910,36
321920,31
321930,37
321940,29
321950,28
321960,33
321970,31
321980,28
321990,35
322000,29
322010,29
322020,30
322030,37
322040,34
322050,29
322060,33
322070,24
322080,35
322090,36
322100,24
322110,34
322120,29
322130,36
322140,30
322150,37
322160,36
322170,34
322180,31
322190,25
322200,31
322210,29
322220,29
322230,26
322240,38
322250,31
322260,35
322270,42
322280,30
322290,34
322300,37
322310,35
322320,21
322330,35
322340,33
322350,31
322360,25
322370,29
322380,29
322390,35
322400,33
322410,34
322420,30
322430,31
322440,27
322450,33
322460,32
322470,36
322480,31
322490,36
322500,42
322510,34
322520,34
322530,30
322540,33
322550,34
322560,32
322570,39
322580,37
322590,37
322600,32
322610,34
322620,45
322630,31
322640,30
322650,36
322660,31
322670,34
322680,29
322690,28
322700,30
322710,36
322720,33
322730,27
322740,32
322750,27
322760,32
322770,33
322780,32
322790,32
322800,27
322810,32
322820,40
322830,31
322840,29
322850,39
322860,40
322870,27
322880,33
322890,36
322900,28
322910,36
322920,37
322930,31
322940,44
322950,28
322960,37
322970,37
322980,26
322990,34
323000,31
323010,32
323020,33
323030,30
323040,27
323050,30
323060,30
323070,34
323080,29
323090,26
323100,39
323110,30
323120,37
323130,30
323140,29
323150,32
323160,28
323170,25
323180,33
323190,33
323200,35
323210,34
323220,27
323230,35
323240,32
323250,36
323260,35
323270,27
323280,28
323290,38
323300,34
323310,33
323320,41
323330,29
323340,27
323350,30
323360,38
323370,35
323380,38
323390,30
323400,35
323410,41
323420,32
323430,28
323440,24
323450,31
323460,37
323470,35
323480,43
323490,39
323500,43
323510,25
323520,37
323530,36
323540,29
323550,44
323560,31
323570,31
323580,44
323590,37
323600,31
323610,43
323620,37
323630,38
323640,35
323650,34
323660,25
323670,30
323680,35
323690,26
323700,36
323710,36
323720,26
323730,35
323740,38
323750,35
323760,36
323770,33
323780,34
323790,39
323800,34
323810,31
323820,28
323830,34
323840,37
323850,21
323860,25
323870,32
323880,34
323890,34
323900,30
323910,32
323920,33
323930,42
323940,30
323950,33
323960,37
323970,35
323980,35
323990,36
324000,37
324010,29
324020,33
324030,33
324040,35
324050,38
324060,32
324070,32
324080,32
324090,38
324100,30
324110,43
324120,37
324130,27
324140,28
324150,37
324160,32
324170,35
324180,34
324190,37
324200,37
324210,38
324220,25
324230,35
324240,24
324250,36
324260,35
324270,47
324280,25
324290,42
324300,26
324310,26
324320,32
324330,39
324340,34
324350,36
324360,29
324370,35
324380,27
324390,32
324400,30
324410,39
324420,38
324430,28
324440,28
324450,34
324460,33
324470,30
324480,25
324490,38
324500,30
324510,42
324520,33
324530,33
324540,30
324550,36
324560,25
324570,28
324580,37
324590,30
324600,38
324610,35
324620,31
324630,25
324640,32
324650,32
324660,34
324670,27
324680,31
324690,31
324700,29
324710,42
324720,37
324730,32
324740,32
324750,36
324760,25
324770,24
324780,33
324790,31
324800,30
324810,36
324820,38
324830,32
324840,26
324850,28
324860,36
324870,32
324880,31
324890,35
324900,33
324910,30
324920,34
324930,36
324940,26
324950,33
324960,27
324970,31
324980,32
324990,32
325000,28
325010,30
325020,35
325030,27
325040,35
325050,27
325060,42
325070,32
325080,34
325090,38
325100,31
325110,30
325120,34
325130,31
325140,38
325150,45
325160,28
325170,33
325180,32
325190,28
325200,29
325210,32
325220,34
325230,34
325240,31
325250,33
325260,30
325270,23
325280,37
325290,34
325300,28
325310,43
325320,30
325330,32
325340,26
325350,32
325360,40
325370,34
325380,34
325390,35
325400,31
325410,25
325420,28
325430,41
325440,38
325450,31
325460,28
325470,31
325480,33
325490,34
325500,29
325510,33
325520,39
325530,36
325540,31
325550,36
325560,34
325570,34
325580,37
325590,31
325600,37
325610,26
325620,30
325630,26
325640,39
325650,25
325660,42
325670,29
325680,32
325690,34
325700,32
325710,33
325720,41
325730,29
325740,36
325750,36
325760,37
325770,33
325780,27
325790,27
325800,31
325810,31
325820,27
325830,36
325840,25
325850,30
325860,33
325870,31
325880,38
325890,28
325900,36
325910,30
325920,27
325930,35
325940,27
325950,29
325960,38
325970,28
325980,32
325990,36
326000,28
326010,28
326020,33
326030,25
326040,32
326050,32
326060,30
326070,30
326080,24
326090,28
326100,31
326110,32
326120,38
326130,32
326140,27
326150,40
326160,36
326170,42
326180,29
326190,32
326200,37
326210,29
326220,35
326230,35
326240,33
326250,38
326260,37
326270,28
326280,33
326290,27
326300,35
326310,40
326320,34
326330,31
326340,36
326350,26
326360,26
326370,35
326380,28
326390,26
326400,28
326410,30
326420,30
326430,32
326440,33
326450,31
326460,32
326470,35
326480,29
326490,32
326500,36
326510,36
326520,37
326530,33
326540,24
326550,39
326560,30
326570,25
326580,33
326590,28
326600,30
326610,28
326620,40
326630,36
326640,32
326650,26
326660,33
326670,30
326680,39
326690,29
326700,33
326710,28
326720,31
326730,30
326740,30
326750,33
326760,41
326770,34
326780,39
326790,37
326800,36
326810,31
326820,38
326830,41
326840,28
326850,37
326860,28
326870,34
326880,34
326890,20
326900,31
326910,21
326920,34
326930,32
326940,31
326950,23
326960,31
326970,31
326980,30
326990,31
327000,35
327010,36
327020,37
327030,35
327040,37
327050,35
327060,31
327070,34
327080,41
327090,34
327100,26
327110,36
327120,30
327130,36
327140,38
327150,34
327160,30
327170,36
327180,40
327190,29
327200,37
327210,29
327220,33
327230,34
327240,34
327250,27
327260,33
327270,28
327280,30
327290,37
327300,35
327310,31
327320,29
327330,31
327340,33
327350,37
327360,27
327370,21
327380,36
327390,26
327400,33
327410,26
327420,26
327430,30
327440,26
327450,32
327460,28
327470,26
327480,34
327490,43
327500,27
327510,32
327520,33
327530,31
327540,31
327550,31
327560,28
327570,30
327580,33
327590,35
327600,30
327610,27
327620,31
327630,25
327640,34
327650,34
327660,33
327670,39
327680,30
327690,32
327700,31
327710,34
327720,34
327730,33
327740,35
327750,33
327760,25
327770,32
327780,36
327790,31
327800,33
327810,30
327820,23
327830,30
327840,39
327850,34
327860,25
327870,31
327880,32
327890,34
327900,31
327910,36
327920,35
327930,31
327940,37
327950,30
327960,33
327970,39
327980,27
327990,30
328000,43
328010,26
328020,44
328030,37
328040,23
328050,30
328060,32
328070,36
328080,34
328090,29
328100,33
328110,23
328120,31
328130,32
328140,34
328150,40
328160,27
328170,38
328180,28
328190,40
328200,34
328210,34
328220,34
328230,32
328240,31
328250,37
328260,36
328270,39
328280,37
328290,41
328300,34
328310,34
328320,41
328330,32
328340,23
328350,29
328360,31
328370,29
328380,27
328390,36
328400,29
328410,32
328420,36
328430,26
328440,30
328450,26
328460,35
328470,37
328480,29
328490,28
328500,29
328510,31
328520,32
328530,24
328540,34
328550,27
328560,29
328570,22
328580,33
328590,25
328600,26
328610,26
328620,23
328630,41
328640,29
328650,29
328660,26
328670,31
328680,31
328690,28
328700,35
328710,27
328720,28
328730,36
328740,31
328750,34
328760,34
328770,30
328780,26
328790,35
328800,27
328810,24
328820,36
328830,33
328840,40
328850,37
328860,23
328870,31
328880,27
328890,25
328900,27
328910,27
328920,34
328930,34
328940,33
328950,27
328960,33
328970,30
328980,31
328990,32
329000,26
329010,27
329020,32
329030,33
329040,23
329050,34
329060,34
329070,26
329080,31
329090,29
329100,32
329110,28
329120,40
329130,34
329140,33
329150,27
329160,24
329170,30
329180,37
329190,31
329200,35
329210,36
329220,30
329230,27
329240,33
329250,31
329260,37
329270,36
329280,34
329290,24
329300,27
329310,32
329320,32
329330,28
329340,33
329350,28
329360,29
329370,33
329380,30
329390,35
329400,31
329410,26
329420,24
329430,30
329440,37
329450,35
329460,34
329470,27
329480,31
329490,32
329500,25
329510,27
329520,26
329530,32
329540,27
329550,33
329560,29
329570,36
329580,33
329590,30
329600,29
329610,28
329620,35
329630,33
329640,28
329650,37
329660,30
329670,31
329680,41
329690,32
329700,27
329710,25
329720,30
329730,27
329740,32
329750,32
329760,29
329770,23
329780,25
329790,33
329800,38
329810,39
329820,26
329830,29
329840,34
329850,30
329860,32
329870,31
329880,30
329890,32
329900,30
329910,27
329920,35
329930,29
329940,32
329950,32
329960,35
329970,37
329980,27
329990,29
330000,27
330010,33
330020,40
330030,32
330040,27
330050,32
330060,31
330070,37
330080,31
330090,26
330100,38
330110,35
330120,28
330130,30
330140,32
330150,31
330160,33
330170,42
330180,32
330190,25
330200,33
330210,32
330220,29
330230,25
330240,27
330250,24
330260,29
330270,25
330280,30
330290,34
330300,27
330310,25
330320,27
330330,32
330340,33
330350,31
330360,26
330370,31
330380,29
330390,38
330400,33
330410,33
330420,35
330430,25
330440,37
330450,28
330460,29
330470,28
330480,27
330490,31
330500,33
330510,23
330520,33
330530,34
330540,38
330550,29
330560,35
330570,25
330580,32
330590,30
330600,35
330610,31
330620,27
330630,33
330640,35
330650,34
330660,43
330670,36
330680,29
330690,31
330700,32
330710,32
330720,24
330730,29
330740,31
330750,38
330760,27
330770,33
330780,42
330790,37
330800,32
330810,35
330820,25
330830,36
330840,28
330850,40
330860,29
330870,31
330880,43
330890,29
330900,32
330910,29
330920,29
330930,37
330940,29
330950,25
330960,22
330970,31
330980,30
330990,26
331000,34
331010,37
331020,28
331030,24
331040,26
331050,31
331060,27
331070,26
331080,31
331090,27
331100,32
331110,28
331120,29
331130,30
331140,25
331150,21
331160,24
331170,32
331180,29
331190,28
331200,29
331210,34
331220,27
331230,28
331240,27
331250,30
331260,30
331270,32
331280,33
331290,39
331300,28
331310,31
331320,34
331330,34
331340,27
331350,30
331360,32
331370,37
331380,25
331390,26
331400,42
331410,36
331420,34
331430,32
331440,25
331450,30
331460,32
331470,22
331480,36
331490,29
331500,28
331510,36
331520,29
331530,28
331540,27
331550,33
331560,31
331570,35
331580,34
331590,24
331600,34
331610,28
331620,28
331630,30
331640,32
331650,31
331660,33
331670,30
331680,35
331690,37
331700,33
331710,33
331720,31
331730,26
331740,36
331750,35
331760,26
331770,32
331780,27
331790,38
331800,32
331810,33
331820,28
331830,37
331840,34
331850,40
331860,32
331870,30
331880,31
331890,28
331900,29
331910,25
331920,31
331930,24
331940,29
331950,27
331960,28
331970,34
331980,27
331990,35
332000,25
332010,34
332020,33
332030,25
332040,29
332050,31
332060,32
332070,26
332080,27
332090,35
332100,29
332110,28
332120,32
332130,31
332140,25
332150,31
332160,20
332170,27
332180,25
332190,28
332200,30
332210,28
332220,30
332230,31
332240,32
332250,27
332260,26
332270,31
332280,33
332290,30
332300,25
332310,31
332320,30
332330,28
332340,29
332350,35
332360,36
332370,29
332380,40
332390,35
332400,33
332410,30
332420,37
332430,34
332440,32
332450,31
332460,36
332470,32
332480,30
332490,24
332500,37
332510,30
332520,29
332530,35
332540,24
332550,31
332560,24
332570,33
332580,36
332590,33
332600,25
332610,32
332620,30
332630,40
332640,32
332650,36
332660,33
332670,25
332680,29
332690,37
332700,32
332710,28
332720,39
332730,33
332740,28
332750,22
332760,30
332770,30
332780,31
332790,26
332800,31
332810,35
332820,31
332830,30
332840,32
332850,22
332860,26
332870,20
332880,35
332890,30
332900,37
332910,25
332920,29
332930,39
332940,29
332950,23
332960,31
332970,30
332980,22
332990,38
333000,30
333010,25
333020,40
333030,30
333040,25
333050,28
333060,33
333070,31
333080,31
333090,33
333100,29
333110,35
333120,31
333130,39
333140,26
333150,37
333160,32
333170,32
333180,28
333190,26
333200,31
333210,30
333220,29
333230,29
333240,23
333250,26
333260,31
333270,31
333280,29
333290,31
333300,31
333310,29
333320,33
333330,35
333340,24
333350,21
333360,32
333370,28
333380,22
333390,31
333400,28
333410,24
333420,37
333430,31
333440,33
333450,33
333460,36
333470,29
333480,28
333490,26
333500,31
333510,29
333520,33
333530,39
333540,20
333550,27
333560,28
333570,30
333580,30
333590,28
333600,32
333610,30
333620,28
333630,28
333640,30
333650,26
333660,29
333670,29
333680,32
333690,31
333700,36
333710,29
333720,30
333730,26
333740,21
333750,32
333760,38
333770,29
333780,38
333790,35
333800,28
333810,27
333820,29
333830,25
333840,36
333850,34
333860,35
333870,27
333880,26
333890,28
333900,24
333910,36
333920,32
333930,31
333940,28
333950,28
333960,27
333970,28
333980,34
333990,34
334000,28
334010,30
334020,30
334030,32
334040,26
334050,24
334060,30
334070,24
334080,32
334090,33
334100,28
334110,30
334120,28
334130,26
334140,30
334150,30
334160,26
334170,43
334180,23
334190,28
334200,38
334210,25
334220,37
334230,27
334240,29
334250,23
334260,26
334270,29
334280,26
334290,26
334300,29
334310,26
334320,30
334330,28
334340,32
334350,27
334360,30
334370,27
334380,41
334390,39
334400,35
334410,46
334420,34
334430,29
334440,28
334450,22
334460,32
334470,21
334480,23
334490,34
334500,29
334510,35
334520,26
334530,35
334540,40
334550,28
334560,36
334570,30
334580,29
334590,31
334600,35
334610,32
334620,26
334630,29
334640,28
334650,24
334660,25
334670,29
334680,30
334690,28
334700,30
334710,25
334720,17
334730,35
334740,33
334750,28
334760,27
334770,22
334780,30
334790,36
334800,25
334810,24
334820,27
334830,39
334840,26
334850,28
334860,27
334870,35
334880,37
334890,33
334900,23
334910,24
334920,33
334930,36
334940,18
334950,29
334960,30
334970,27
334980,38
334990,27
335000,28
335010,34
335020,24
335030,29
335040,27
335050,30
335060,22
335070,25
335080,23
335090,30
335100,28
335110,33
335120,33
335130,33
335140,32
335150,30
335160,32
335170,23
335180,27
335190,38
335200,31
335210,36
335220,29
335230,28
335240,32
335250,31
335260,32
335270,36
335280,26
335290,34
335300,34
335310,32
335320,27
335330,30
335340,37
335350,26
335360,25
335370,31
335380,28
335390,31
335400,36
335410,26
335420,42
335430,33
335440,23
335450,26
335460,33
335470,27
335480,28
335490,28
335500,36
335510,34
335520,26
335530,27
335540,31
335550,30
335560,32
335570,26
335580,26
335590,32
335600,32
335610,36
335620,33
335630,25
335640,37
335650,30
335660,25
335670,24
335680,28
335690,37
335700,23
335710,31
335720,29
335730,35
335740,26
335750,35
335760,28
335770,29
335780,26
335790,31
335800,32
335810,30
335820,32
335830,25
335840,31
335850,32
335860,29
335870,26
335880,35
335890,31
335900,31
335910,38
335920,22
335930,42
335940,30
335950,31
335960,27
335970,36
335980,30
335990,29
336000,36
336010,24
336020,28
336030,33
336040,31
336050,32
336060,32
336070,35
336080,32
336090,36
336100,26
336110,26
336120,34
336130,36
336140,29
336150,29
336160,28
336170,38
336180,37
336190,35
336200,32
336210,43
336220,31
336230,33
336240,36
336250,34
336260,27
336270,32
336280,34
336290,37
336300,37
336310,30
336320,30
336330,25
336340,34
336350,25
336360,36
336370,29
336380,32
336390,39
336400,36
336410,32
336420,30
336430,24
336440,28
336450,40
336460,31
336470,32
336480,33
336490,31
336500,28
336510,32
336520,34
336530,27
336540,31
336550,31
336560,28
336570,29
336580,30
336590,41
336600,27
336610,30
336620,36
336630,28
336640,31
336650,33
336660,29
336670,35
336680,32
336690,34
336700,44
336710,29
336720,31
336730,32
336740,26
336750,34
336760,31
336770,26
336780,29
336790,29
336800,37
336810,31
336820,36
336830,30
336840,30
336850,27
336860,29
336870,30
336880,31
336890,28
336900,28
336910,33
336920,27
336930,30
336940,36
336950,25
336960,33
336970,28
336980,36
336990,34
337000,32
337010,36
337020,26
337030,33
337040,35
337050,27
337060,33
337070,32
337080,35
337090,25
337100,31
337110,36
337120,23
337130,29
337140,31
337150,40
337160,33
337170,28
337180,23
337190,31
337200,29
337210,28
337220,31
337230,29
337240,34
337250,28
337260,24
337270,29
337280,37
337290,28
337300,24
337310,28
337320,24
337330,28
337340,30
337350,30
337360,26
337370,23
337380,25
337390,24
337400,31
337410,29
337420,28
337430,25
337440,23
337450,25
337460,35
337470,30
337480,37
337490,28
337500,31
337510,36
337520,24
337530,35
337540,28
337550,27
337560,32
337570,25
337580,26
337590,24
337600,25
337610,30
337620,21
337630,26
337640,23
337650,31
337660,34
337670,33
337680,30
337690,34
337700,30
337710,28
337720,28
337730,30
337740,30
337750,33
337760,27
337770,33
337780,24
337790,29
337800,30
337810,32
337820,31
337830,32
337840,31
337850,25
337860,27
337870,27
337880,32
337890,23
337900,35
337910,29
337920,28
337930,29
337940,31
337950,36
337960,26
337970,28
337980,31
337990,28
338000,32
338010,27
338020,25
338030,22
338040,31
338050,33
338060,28
338070,40
338080,29
338090,32
338100,25
338110,32
338120,34
338130,28
338140,33
338150,29
338160,31
338170,28
338180,28
338190,35
338200,27
338210,34
338220,33
338230,32
338240,35
338250,32
338260,26
338270,25
338280,28
338290,36
338300,30
338310,28
338320,27
338330,23
338340,20
338350,26
338360,32
338370,27
338380,32
338390,28
338400,24
338410,29
338420,19
338430,35
338440,31
338450,27
338460,41
338470,31
338480,30
338490,22
338500,34
338510,33
338520,38
338530,30
338540,32
338550,28
338560,26
338570,32
338580,33
338590,24
338600,33
338610,27
338620,30
338630,28
338640,33
338650,26
338660,26
338670,24
338680,33
338690,37
338700,32
338710,25
338720,34
338730,29
338740,30
338750,31
338760,27
338770,25
338780,41
338790,24
338800,30
338810,26
338820,32
338830,28
338840,28
338850,26
338860,28
338870,31
338880,35
338890,27
338900,32
338910,29
338920,36
338930,28
338940,32
338950,27
338960,26
338970,23
338980,23
338990,32
339000,22
339010,23
339020,25
339030,31
339040,28
339050,29
339060,21
339070,30
339080,29
339090,22
339100,35
339110,30
339120,28
339130,29
339140,35
339150,32
339160,34
339170,37
339180,26
339190,33
339200,31
339210,25
339220,43
339230,30
339240,35
339250,27
339260,22
339270,26
339280,34
339290,26
339300,28
339310,29
339320,30
339330,35
339340,38
339350,36
339360,35
339370,34
339380,32
339390,30
339400,32
339410,29
339420,35
339430,30
339440,37
339450,31
339460,27
339470,29
339480,28
339490,32
339500,27
339510,27
339520,23
339530,28
339540,29
339550,39
339560,31
339570,27
339580,32
339590,32
339600,28
339610,37
339620,40
339630,37
339640,33
339650,30
339660,26
339670,30
339680,36
339690,29
339700,36
339710,30
339720,32
339730,33
339740,30
339750,25
339760,33
339770,30
339780,29
339790,30
339800,25
339810,32
339820,28
339830,31
339840,35
339850,35
339860,34
339870,26
339880,37
339890,33
339900,35
339910,31
339920,34
339930,38
339940,31
339950,28
339960,33
339970,36
339980,28
339990,21
340000,32
340010,35
340020,30
340030,30
340040,35
340050,30
340060,26
340070,33
340080,37
340090,33
340100,27
340110,39
340120,23
340130,28
340140,33
340150,26
340160,30
340170,31
340180,25
340190,35
340200,39
340210,35
340220,35
340230,33
340240,26
340250,31
340260,27
340270,38
340280,36
340290,22
340300,36
340310,31
340320,30
340330,38
340340,31
340350,27
340360,29
340370,33
340380,30
340390,31
340400,30
340410,31
340420,27
340430,37
340440,37
340450,28
340460,35
340470,28
340480,29
340490,33
340500,31
340510,32
340520,37
340530,30
340540,30
340550,32
340560,30
340570,28
340580,29
340590,23
340600,24
340610,29
340620,31
340630,27
340640,24
340650,33
340660,30
340670,30
340680,28
340690,29
340700,31
340710,27
340720,36
340730,33
340740,30
340750,29
340760,35
340770,30
340780,32
340790,35
340800,39
340810,36
340820,23
340830,29
340840,28
340850,31
340860,35
340870,30
340880,33
340890,26
340900,34
340910,27
340920,34
340930,30
340940,25
340950,34
340960,26
340970,30
340980,34
340990,34
341000,40
341010,32
341020,30
341030,31
341040,25
341050,31
341060,30
341070,39
341080,33
341090,25
341100,27
341110,27
341120,29
341130,25
341140,29
341150,28
341160,28
341170,30
341180,29
341190,27
341200,32
341210,37
341220,32
341230,34
341240,34
341250,33
341260,28
341270,35
341280,30
341290,28
341300,32
341310,35
341320,34
341330,30
341340,36
341350,36
341360,32
341370,23
341380,29
341390,32
341400,37
341410,26
341420,32
341430,28
341440,32
341450,32
341460,36
341470,38
341480,34
341490,33
341500,35
341510,35
341520,30
341530,29
341540,36
341550,30
341560,35
341570,31
341580,34
341590,37
341600,33
341610,35
341620,32
341630,26
341640,30
341650,28
341660,36
341670,33
341680,27
341690,32
341700,35
341710,32
341720,23
341730,25
341740,25
341750,23
341760,33
341770,25
341780,30
341790,34
341800,34
341810,28
341820,31
341830,28
341840,39
341850,25
341860,29
341870,28
341880,26
341890,35
341900,39
341910,30
341920,29
341930,25
341940,32
341950,33
341960,30
341970,23
341980,33
341990,30
342000,29
342010,26
342020,25
342030,33
342040,37
342050,30
342060,23
342070,34
342080,29
342090,36
342100,31
342110,25
342120,30
342130,31
342140,30
342150,28
342160,25
342170,34
342180,28
342190,28
342200,32
342210,29
342220,38
342230,28
342240,35
342250,27
342260,28
342270,29
342280,33
342290,27
342300,30
342310,33
342320,26
342330,31
342340,34
342350,29
342360,32
342370,35
342380,34
342390,27
342400,38
342410,31
342420,40
342430,36
342440,29
342450,33
342460,34
342470,33
342480,33
342490,31
342500,35
342510,31
342520,34
342530,37
342540,35
342550,34
342560,31
342570,29
342580,29
342590,32
342600,31
342610,33
342620,31
342630,32
342640,31
342650,32
342660,41
342670,29
342680,32
342690,37
342700,28
342710,34
342720,32
342730,30
342740,27
342750,38
342760,31
342770,34
342780,31
342790,32
342800,31
342810,40
342820,40
342830,32
342840,30
342850,29
342860,30
342870,29
342880,20
342890,32
342900,31
342910,33
342920,32
342930,34
342940,24
342950,34
342960,33
342970,36
342980,29
342990,38
343000,36
343010,32
343020,31
343030,27
343040,28
343050,28
343060,24
343070,21
343080,22
343090,27
343100,23
343110,33
343120,29
343130,34
343140,31
343150,30
343160,35
343170,27
343180,28
343190,34
343200,29
343210,31
343220,31
343230,26
343240,32
343250,30
343260,26
343270,29
343280,30
343290,34
343300,32
343310,27
343320,33
343330,36
343340,32
343350,31
343360,30
343370,27
343380,33
343390,38
343400,28
343410,30
343420,32
343430,21
343440,39
343450,31
343460,30
343470,30
343480,20
343490,32
343500,27
343510,31
343520,29
343530,24
343540,20
343550,30
343560,34
343570,28
343580,25
343590,30
343600,25
343610,27
343620,29
343630,36
343640,30
343650,32
343660,25
343670,25
343680,26
343690,30
343700,21
343710,31
343720,24
343730,25
343740,30
343750,30
343760,38
343770,29
343780,29
343790,30
343800,25
343810,33
343820,34
343830,36
343840,29
343850,29
343860,29
343870,29
343880,32
343890,30
343900,33
343910,31
343920,24
343930,23
343940,30
343950,35
343960,22
343970,39
343980,38
343990,31
344000,37
344010,31
344020,29
344030,22
344040,46
344050,47
344060,40
344070,28
344080,41
344090,40
344100,41
344110,45
344120,43
344130,40
344140,43
344150,35
344160,42
344170,26
344180,43
344190,36
344200,35
344210,25
344220,39
344230,33
344240,30
344250,32
344260,33
344270,35
344280,37
344290,32
344300,35
344310,31
344320,30
344330,44
344340,33
344350,31
344360,42
344370,37
344380,36
344390,41
344400,38
344410,40
344420,39
344430,43
344440,33
344450,34
344460,30
344470,37
344480,33
344490,31
344500,32
344510,37
344520,35
344530,38
344540,43
344550,37
344560,34
344570,37
344580,41
344590,44
344600,39
344610,37
344620,34
344630,28
344640,42
344650,35
344660,34
344670,26
344680,34
344690,28
344700,38
344710,36
344720,33
344730,35
344740,39
344750,30
344760,40
344770,48
344780,38
344790,50
344800,41
344810,34
344820,40
344830,36
344840,36
344850,41
344860,36
344870,42
344880,36
344890,38
344900,32
344910,39
344920,31
344930,31
344940,29
344950,35
344960,35
344970,49
344980,41
344990,28
345000,36
345010,35
345020,36
345030,37
345040,30
345050,32
345060,41
345070,42
345080,33
345090,24
345100,37
345110,30
345120,27
345130,37
345140,26
345150,33
345160,37
345170,36
345180,38
345190,32
345200,34
345210,32
345220,37
345230,29
345240,28
345250,31
345260,31
345270,34
345280,30
345290,33
345300,38
345310,37
345320,35
345330,34
345340,32
345350,36
345360,28
345370,26
345380,33
345390,39
345400,31
345410,29
345420,32
345430,31
345440,30
345450,25
345460,28
345470,33
345480,24
345490,37
345500,31
345510,28
345520,30
345530,30
345540,39
345550,39
345560,28
345570,34
345580,35
345590,25
345600,26
345610,37
345620,32
345630,33
345640,32
345650,31
345660,40
345670,28
345680,29
345690,32
345700,31
345710,33
345720,34
345730,35
345740,30
345750,40
345760,32
345770,35
345780,28
345790,34
345800,36
345810,36
345820,41
345830,34
345840,28
345850,26
345860,30
345870,37
345880,31
345890,38
345900,29
345910,36
345920,27
345930,36
345940,33
345950,33
345960,28
345970,24
345980,36
345990,33
346000,33
346010,30
346020,30
346030,26
346040,25
346050,32
346060,28
346070,32
346080,33
346090,28
346100,35
346110,25
346120,20
346130,30
346140,24
346150,21
346160,30
346170,31
346180,30
346190,26
346200,30
346210,23
346220,41
346230,22
346240,30
346250,35
346260,26
346270,27
346280,30
346290,22
346300,33
346310,21
346320,33
346330,28
346340,34
346350,24
346360,29
346370,31
346380,29
346390,34
346400,41
346410,29
346420,24
346430,27
346440,41
346450,40
346460,30
346470,24
346480,23
346490,24
346500,32
346510,31
346520,29
346530,27
346540,31
346550,37
346560,27
346570,27
346580,26
346590,27
346600,28
346610,25
346620,29
346630,31
346640,31
346650,35
346660,30
346670,30
346680,27
346690,31
346700,29
346710,25
346720,32
346730,34
346740,25
346750,41
346760,27
346770,31
346780,32
346790,37
346800,31
346810,18
346820,34
346830,27
346840,27
346850,26
346860,29
346870,30
346880,39
346890,31
346900,26
346910,37
346920,37
346930,32
346940,31
346950,27
346960,26
346970,38
346980,33
346990,29
347000,30
347010,30
347020,23
347030,33
347040,29
347050,39
347060,31
347070,28
347080,37
347090,42
347100,40
347110,32
347120,32
347130,39
347140,31
347150,36
347160,36
347170,29
347180,34
347190,33
347200,40
347210,34
347220,29
347230,26
347240,39
347250,35
347260,30
347270,27
347280,30
347290,41
347300,34
347310,30
347320,43
347330,31
347340,34
347350,37
347360,35
347370,31
347380,28
347390,32
347400,32
347410,36
347420,33
347430,35
347440,33
347450,35
347460,28
347470,31
347480,33
347490,38
347500,37
347510,40
347520,34
347530,23
347540,27
347550,32
347560,30
347570,28
347580,30
347590,31
347600,27
347610,27
347620,37
347630,27
347640,35
347650,28
347660,36
347670,25
347680,26
347690,38
347700,31
347710,27
347720,36
347730,23
347740,26
347750,22
347760,23
347770,28
347780,31
347790,33
347800,30
347810,29
347820,27
347830,30
347840,33
347850,27
347860,27
347870,34
347880,32
347890,30
347900,28
347910,25
347920,29
347930,29
347940,31
347950,29
347960,30
347970,22
347980,34
347990,40
348000,35
348010,36
348020,36
348030,39
348040,39
348050,32
348060,29
348070,44
348080,40
348090,35
348100,36
348110,34
348120,33
348130,35
348140,36
348150,38
348160,32
348170,39
348180,33
348190,30
348200,34
348210,29
348220,33
348230,44
348240,39
348250,36
348260,34
348270,35
348280,35
348290,32
348300,33
348310,39
348320,30
348330,31
348340,23
348350,37
348360,28
348370,36
348380,33
348390,41
348400,37
348410,33
348420,33
348430,38
348440,32
348450,34
348460,27
348470,34
348480,33
348490,37
348500,35
348510,30
348520,33
348530,36
348540,28
348550,36
348560,36
348570,29
348580,22
348590,33
348600,28
348610,33
348620,34
348630,30
348640,23
348650,37
348660,36
348670,31
348680,30
348690,30
348700,31
348710,27
348720,28
348730,29
348740,31
348750,24
348760,22
348770,28
348780,30
348790,31
348800,33
348810,35
348820,33
348830,37
348840,32
348850,39
348860,32
348870,35
348880,34
348890,29
348900,30
348910,33
348920,37
348930,27
348940,35
348950,34
348960,34
348970,30
348980,28
348990,22
349000,29
349010,27
349020,31
349030,34
349040,36
349050,31
349060,29
349070,32
349080,29
349090,31
349100,31
349110,25
349120,29
349130,32
349140,33
349150,34
349160,34
349170,29
349180,29
349190,27
349200,36
349210,36
349220,31
349230,33
349240,28
349250,32
349260,30
349270,30
349280,33
349290,31
349300,32
349310,29
349320,24
349330,28
349340,26
349350,29
349360,23
349370,26
349380,23
349390,32
349400,22
349410,34
349420,32
349430,27
349440,22
349450,33
349460,22
349470,24
349480,19
349490,15
349500,29
349510,20
349520,15
349530,28
349540,26
349550,16
349560,28
349570,22
349580,30
349590,25
349600,33
349610,33
349620,29
349630,31
349640,30
349650,26
349660,29
349670,29
349680,25
349690,30
349700,21
349710,30
349720,24
349730,27
349740,23
349750,31
349760,31
349770,16
349780,28
349790,32
349800,33
349810,26
349820,43
349830,23
349840,28
349850,22
349860,22
349870,20
349880,29
349890,26
349900,36
349910,34
349920,31
349930,24
349940,29
349950,36
349960,20
349970,30
349980,17
349990,24
350000,27
350010,21
350020,27
350030,26
350040,25
350050,30
350060,25
350070,28
350080,33
350090,34
350100,26
350110,25
3501