13260,5
13270,3
13280,3
13290,5
13300,4
13310,5
13320,-1
13330,-2
13340,2
13350,8
13360,13
13370,6
13380,7
13390,6
13400,-1
13410,1
13420,3
13430,2
13440,6
13450,1
13460,0
13470,-4
13480,4
13490,-5
13500,-2
13510,7
13520,3
13530,2
13540,5
13550,1
13560,-3
13570,-7
13580,4
13590,8
13600,-2
13610,2
13620,-10
13630,2
13640,4
13650,6
13660,-1
13670,-1
13680,0
13690,5
13700,1
13710,-2
13720,-5
13730,-2
13740,2
13750,4
13760,-9
13770,-5
13780,-7
13790,3
13800,-6
13810,-1
13820,-10
13830,2
13840,2
13850,-4
13860,4
13870,5
13880,-4
13890,1
13900,0
13910,3
13920,1
13930,3
13940,-3
13950,5
13960,1
13970,1
13980,5
13990,-2
14000,6
14010,-2
14020,-4
14030,6
14040,10
14050,5
14060,-2
14070,4
14080,3
14090,0
14100,1
14110,4
14120,4
14130,6
14140,2
14150,-1
14160,3
14170,3
14180,0
14190,-2
14200,-1
14210,1
14220,-3
14230,0
14240,5
14250,0
14260,1
14270,4
14280,10
14290,-2
14300,1
14310,4
14320,-2
14330,-2
14340,8
14350,1
14360,7
14370,-6
14380,-4
14390,-5
14400,2
14410,5
14420,-2
14430,-2
14440,-2
14450,-3
14460,-3
14470,-3
14480,-4
14490,-4
14500,-4
14510,5
14520,-2
14530,5
14540,2
14550,0
14560,2
14570,-5
14580,-1
14590,0
14600,4
14610,-9
14620,9
14630,0
14640,-3
14650,0
14660,11
14670,-4
14680,2
14690,-4
14700,3
14710,3
14720,0
14730,9
14740,1
14750,6
14760,0
14770,-3
14780,-2
14790,7
14800,5
14810,9
14820,-2
14830,2
14840,4
14850,13
14860,-1
14870,0
14880,-2
14890,1
14900,-1
14910,10
14920,4
14930,7
14940,-5
14950,-4
14960,-7
14970,1
14980,-5
14990,-7
15000,4
15010,10
15020,3
15030,3
15040,-10
15050,4
15060,-5
15070,-3
15080,3
15090,2
15100,1
15110,-1
15120,-1
15130,6
15140,8
15150,1
15160,6
15170,-4
15180,2
15190,-4
15200,4
15210,-1
15220,0
15230,8
15240,0
15250,-2
15260,4
15270,2
15280,4
15290,-4
15300,0
15310,8
15320,-3
15330,4
15340,-4
15350,0
15360,3
15370,-2
15380,-1
15390,3
15400,-8
15410,-8
15420,-3
15430,18
15440,10
15450,4
15460,11
15470,-3
15480,2
15490,-6
15500,11
15510,4
15520,-3
15530,4
15540,-1
15550,2
15560,5
15570,4
15580,7
15590,-3
15600,5
15610,0
15620,5
15630,7
15640,6
15650,-2
15660,-1
15670,5
15680,11
15690,3
15700,3
15710,9
15720,-3
15730,-4
15740,2
15750,3
15760,3
15770,0
15780,-2
15790,4
15800,5
15810,7
15820,5
15830,-2
15840,0
15850,3
15860,6
15870,5
15880,-6
15890,-6
15900,4
15910,7
15920,-4
15930,4
15940,5
15950,5
15960,1
15970,10
15980,7
15990,0
16000,-2
16010,4
16020,-1
16030,1
16040,0
16050,4
16060,5
16070,9
16080,5
16090,1
16100,2
16110,3
16120,3
16130,4
16140,1
16150,2
16160,5
16170,4
16180,-1
16190,0
16200,5
16210,2
16220,8
16230,4
16240,-1
16250,6
16260,11
16270,0
16280,3
16290,5
16300,4
16310,4
16320,-3
16330,0
16340,10
16350,-6
16360,6
16370,-7
16380,1
16390,11
16400,-4
16410,6
16420,4
16430,3
16440,-1
16450,-2
16460,0
16470,3
16480,-4
16490,7
16500,4
16510,1
16520,-10
16530,4
16540,-1
16550,5
16560,-4
16570,-5
16580,9
16590,3
16600,3
16610,4
16620,4
16630,1
16640,-6
16650,2
16660,7
16670,4
16680,8
16690,1
16700,0
16710,2
16720,1
16730,2
16740,-2
16750,3
16760,4
16770,1
16780,4
16790,5
16800,-9
16810,4
16820,3
16830,-7
16840,0
16850,-1
16860,-3
16870,8
16880,-1
16890,6
16900,-4
16910,-3
16920,10
16930,-1
16940,5
16950,-2
16960,1
16970,0
16980,3
16990,-6
17000,1
17010,2
17020,1
17030,-1
17040,4
17050,2
17060,-1
17070,-2
17080,1
17090,5
17100,6
17110,5
17120,-1
17130,2
17140,5
17150,3
17160,6
17170,-1
17180,-3
17190,9
17200,-6
17210,3
17220,0
17230,8
17240,5
17250,-5
17260,1
17270,11
17280,-5
17290,8
17300,7
17310,1
17320,3
17330,7
17340,-3
17350,-1
17360,3
17370,1
17380,11
17390,0
17400,3
17410,6
17420,7
17430,2
17440,5
17450,4
17460,4
17470,-7
17480,7
17490,4
17500,8
17510,-6
17520,10
17530,7
17540,2
17550,-7
17560,1
17570,0
17580,6
17590,7
17600,0
17610,-2
17620,-6
17630,-1
17640,-5
17650,2
17660,3
17670,-1
17680,5
17690,5
17700,6
17710,6
17720,3
17730,-2
17740,8
17750,2
17760,4
17770,0
17780,5
17790,5
17800,-2
17810,5
17820,7
17830,2
17840,4
17850,8
17860,-10
17870,1
17880,1
17890,1
17900,2
17910,0
17920,0
17930,-5
17940,-3
17950,2
17960,6
17970,0
17980,1
17990,1
18000,-3
18010,5
18020,1
18030,1
18040,-1
18050,2
18060,-2
18070,6
18080,3
18090,2
18100,1
18110,8
18120,0
18130,-1
18140,-4
18150,-2
18160,1
18170,5
18180,-3
18190,2
18200,7
18210,6
18220,3
18230,3
18240,7
18250,2
18260,1
18270,7
18280,1
18290,-7
18300,10
18310,5
18320,-2
18330,5
18340,0
18350,2
18360,2
18370,1
18380,8
18390,8
18400,8
18410,0
18420,2
18430,-1
18440,-1
18450,7
18460,0
18470,1
18480,2
18490,3
18500,-3
18510,-2
18520,2
18530,3
18540,7
18550,-1
18560,0
18570,-5
18580,2
18590,6
18600,1
18610,4
18620,3
18630,2
18640,5
18650,7
18660,3
18670,4
18680,-4
18690,-4
18700,-8
18710,1
18720,3
18730,-4
18740,-4
18750,3
18760,0
18770,5
18780,-9
18790,2
18800,2
18810,4
18820,1
18830,8
18840,-3
18850,3
18860,3
18870,6
18880,-1
18890,4
18900,5
18910,5
18920,4
18930,8
18940,0
18950,2
18960,11
18970,4
18980,3
18990,-3
19000,1
19010,5
19020,7
19030,3
19040,0
19050,8
19060,4
19070,1
19080,-3
19090,2
19100,8
19110,-3
19120,-1
19130,3
19140,0
19150,5
19160,3
19170,13
19180,5
19190,3
19200,4
19210,4
19220,7
19230,2
19240,-1
19250,2
19260,7
19270,2
19280,-2
19290,6
19300,6
19310,7
19320,2
19330,8
19340,-1
19350,5
19360,-15
19370,3
19380,6
19390,12
19400,-4
19410,-6
19420,4
19430,0
19440,0
19450,3
19460,-5
19470,-9
19480,1
19490,-1
19500,3
19510,8
19520,4
19530,-6
19540,6
19550,5
19560,-10
19570,-1
19580,-1
19590,1
19600,7
19610,4
19620,8
19630,9
19640,-3
19650,5
19660,4
19670,9
19680,4
19690,3
19700,-1
19710,3
19720,4
19730,3
19740,-4
19750,-3
19760,5
19770,-2
19780,0
19790,-3
19800,7
19810,1
19820,2
19830,2
19840,3
19850,1
19860,3
19870,9
19880,5
19890,3
19900,9
19910,3
19920,6
19930,4
19940,-2
19950,8
19960,1
19970,5
19980,0
19990,8
20000,4
20010,11
20020,3
20030,1
20040,-1
20050,-1
20060,4
20070,1
20080,2
20090,2
20100,7
20110,0
20120,-9
20130,-1
20140,2
20150,-2
20160,-4
20170,4
20180,-2
20190,-6
20200,-8
20210,4
20220,6
20230,1
20240,5
20250,1
20260,7
20270,12
20280,5
20290,5
20300,6
20310,1
20320,5
20330,-7
20340,1
20350,5
20360,-2
20370,6
20380,-5
20390,-3
20400,2
20410,-10
20420,-3
20430,1
20440,3
20450,2
20460,4
20470,2
20480,-3
20490,4
20500,-7
20510,-5
20520,-2
20530,7
20540,-1
20550,-1
20560,4
20570,4
20580,6
20590,1
20600,6
20610,0
20620,4
20630,1
20640,1
20650,-11
20660,6
20670,-6
20680,5
20690,0
20700,7
20710,5
20720,8
20730,2
20740,6
20750,4
20760,0
20770,431
20780,419
20790,403
20800,358
20810,391
20820,380
20830,374
20840,383
20850,366
20860,356
20870,353
20880,354
20890,337
20900,322
20910,300
20920,319
20930,321
20940,304
20950,330
20960,328
20970,325
20980,318
20990,291
21000,307
21010,316
21020,315
21030,310
21040,322
21050,312
21060,314
21070,324
21080,320
21090,307
21100,279
21110,298
21120,316
21130,317
21140,306
21150,312
21160,313
21170,318
21180,312
21190,319
21200,318
21210,321
21220,319
21230,315
21240,315
21250,318
21260,323
21270,319
21280,319
21290,313
21300,312
21310,314
21320,317
21330,319
21340,309
21350,312
21360,318
21370,312
21380,317
21390,317
21400,317
21410,323
21420,312
21430,316
21440,311
21450,321
21460,307
21470,321
21480,315
21490,312
21500,313
21510,309
21520,315
21530,311
21540,317
21550,316
21560,310
21570,317
21580,311
21590,308
21600,294
21610,314
21620,326
21630,317
21640,317
21650,322
21660,322
21670,315
21680,315
21690,319
21700,319
21710,313
21720,312
21730,320
21740,317
21750,318
21760,323
21770,320
21780,323
21790,311
21800,314
21810,312
21820,314
21830,318
21840,310
21850,316
21860,311
21870,308
21880,310
21890,318
21900,319
21910,331
21920,323
21930,316
21940,318
21950,306
21960,322
21970,310
21980,317
21990,323
22000,316
22010,314
22020,319
22030,345
22040,344
22050,349
22060,347
22070,343
22080,343
22090,341
22100,341
22110,342
22120,329
22130,332
22140,328
22150,335
22160,336
22170,335
22180,326
22190,329
22200,329
22210,330
22220,329
22230,335
22240,327
22250,332
22260,328
22270,323
22280,330
22290,327
22300,325
22310,322
22320,322
22330,324
22340,329
22350,323
22360,330
22370,319
22380,329
22390,324
22400,326
22410,323
22420,315
22430,314
22440,321
22450,324
22460,317
22470,323
22480,313
22490,316
22500,329
22510,319
22520,320
22530,330
22540,319
22550,320
22560,320
22570,323
22580,318
22590,323
22600,326
22610,324
22620,312
22630,316
22640,320
22650,322
22660,322
22670,316
22680,319
22690,317
22700,323
22710,321
22720,318
22730,324
22740,322
22750,315
22760,318
22770,318
22780,319
22790,323
22800,321
22810,340
22820,333
22830,321
22840,328
22850,324
22860,322
22870,328
22880,317
22890,312
22900,311
22910,305
22920,296
22930,301
22940,297
22950,295
22960,278
22970,271
22980,276
22990,254
23000,258
23010,250
23020,228
23030,234
23040,236
23050,224
23060,239
23070,241
23080,220
23090,221
23100,176
23110,165
23120,176
23130,187
23140,176
23150,159
23160,172
23170,154
23180,189
23190,188
23200,185
23210,194
23220,193
23230,193
23240,191
23250,192
23260,198
23270,195
23280,188
23290,198
23300,213
23310,211
23320,204
23330,213
23340,209
23350,212
23360,209
23370,213
23380,200
23390,204
23400,210
23410,207
23420,209
23430,205
23440,204
23450,252
23460,249
23470,257
23480,242
23490,250
23500,250
23510,259
23520,249
23530,247
23540,251
23550,246
23560,244
23570,251
23580,242
23590,242
23600,244
23610,247
23620,260
23630,253
23640,254
23650,254
23660,243
23670,263
23680,261
23690,258
23700,238
23710,204
23720,250
23730,234
23740,257
23750,259
23760,267
23770,266
23780,263
23790,270
23800,275
23810,370
23820,266
23830,972
23840,5230
23850,276
23860,271
23870,269
23880,256
23890,262
23900,260
23910,252
23920,273
23930,271
23940,276
23950,270
23960,268
23970,267
23980,273
23990,271
24000,269
24010,263
24020,256
24030,266
24040,259
24050,261
24060,260
24070,257
24080,254
24090,262
24100,269
24110,257
24120,245
24130,259
24140,261
24150,264
24160,259
24170,271
24180,267
24190,257
24200,267
24210,263
24220,7
24230,11
24240,15
24250,11
24260,6
24270,16
24280,6
24290,186
24300,188
24310,195
24320,209
24330,205
24340,219
24350,231
24360,219
24370,236
24380,232
24390,226
24400,230
24410,238
24420,232
24430,229
24440,242
24450,235
24460,249
24470,249
24480,249
24490,247
24500,242
24510,243
24520,240
24530,233
24540,240
24550,242
24560,235
24570,229
24580,243
24590,230
24600,233
24610,241
24620,242
24630,243
24640,236
24650,229
24660,233
24670,237
24680,238
24690,240
24700,234
24710,226
24720,224
24730,255
24740,236
24750,230
24760,252
24770,245
24780,246
24790,204
24800,222
24810,205
24820,241
24830,227
24840,228
24850,238
24860,211
24870,233
24880,244
24890,250
24900,248
24910,260
24920,257
24930,264
24940,270
24950,270
24960,263
24970,272
24980,268
24990,259
25000,257
25010,263
25020,253
25030,259
25040,258
25050,258
25060,263
25070,260
25080,265
25090,263
25100,264
25110,265
25120,260
25130,260
25140,263
25150,258
25160,268
25170,268
25180,252
25190,266
25200,259
25210,264
25220,259
25230,269
25240,271
25250,258
31760,254
31770,258
31780,272
31790,256
31800,254
31810,259
31820,258
31830,255
31840,269
31850,264
31860,269
31870,257
31880,258
31890,265
31900,266
31910,260
31920,265
31930,265
31940,255
31950,263
31960,267
31970,262
31980,266
31990,259
32000,253
32010,268
32020,256
32030,253
32040,254
32050,255
32060,258
32070,265
32080,260
32090,260
32100,260
32110,258
32120,251
32130,255
32140,260
32150,260
32160,257
32170,261
32180,262
32190,267
32200,254
32210,261
32220,252
32230,255
32240,259
32250,258
32260,251
32270,248
32280,264
32290,252
32300,263
32310,256
32320,254
32330,255
32340,258
32350,250
32360,247
32370,260
32380,253
32390,253
32400,254
32410,249
32420,252
32430,255
32440,253
32450,249
32460,253
32470,245
32480,251
32490,251
32500,246
32510,250
32520,253
32530,242
32540,246
32550,247
32560,227
32570,251
32580,243
32590,246
32600,242
32610,239
32620,231
32630,239
32640,228
32650,250
32660,241
32670,240
32680,250
32690,236
32700,221
32710,234
32720,235
32730,256
32740,255
32750,255
32760,261
32770,250
32780,258
32790,252
32800,250
32810,238
32820,239
32830,247
32840,242
32850,255
32860,260
32870,266
32880,259
32890,256
32900,258
32910,263
32920,266
32930,258
32940,261
32950,260
32960,256
32970,260
32980,258
32990,256
33000,264
33010,256
33020,262
33030,261
33040,263
33050,260
33060,255
33070,258
33080,265
33090,257
33100,263
33110,270
33120,256
33130,257
33140,264
33150,262
33160,258
33170,265
33180,259
33190,272
33200,263
33210,271
33220,259
33230,266
33240,264
33250,262
33260,267
33270,254
33280,261
33290,264
33300,265
33310,265
33320,258
33330,266
33340,259
33350,265
33360,259
33370,263
33380,266
33390,265
33400,253
33410,269
33420,260
33430,259
33440,264
33450,270
33460,267
33470,257
33480,260
33490,259
33500,258
33510,258
33520,261
33530,265
33540,260
33550,258
33560,251
33570,263
33580,259
33590,261
33600,255
33610,258
33620,258
33630,260
33640,258
33650,256
33660,260
33670,257
33680,254
33690,259
33700,262
33710,250
33720,257
33730,256
33740,252
33750,250
33760,260
33770,256
33780,251
33790,247
33800,246
33810,251
33820,254
33830,245
33840,244
33850,248
33860,241
33870,246
33880,236
33890,246
33900,227
33910,230
33920,225
33930,247
33940,253
33950,246
33960,253
33970,251
33980,257
33990,259
34000,258
34010,254
34020,261
34030,261
34040,251
34050,252
34060,252
34070,251
34080,261
34090,258
34100,255
34110,252
34120,253
34130,253
34140,251
34150,258
34160,252
34170,261
34180,250
34190,258
34200,257
34210,250
34220,254
34230,253
34240,251
34250,254
34260,256
34270,249
34280,258
34290,257
34300,252
34310,244
34320,260
34330,250
34340,257
34350,264
34360,262
34370,260
34380,260
34390,260
34400,258
34410,260
34420,262
34430,258
34440,256
34450,258
34460,254
34470,261
34480,266
34490,261
34500,252
34510,259
34520,262
34530,265
34540,265
34550,258
34560,263
34570,256
34580,265
34590,267
34600,271
34610,265
34620,264
34630,258
34640,260
34650,257
34660,255
34670,265
34680,257
34690,256
34700,250
34710,255
34720,257
34730,252
34740,261
34750,249
34760,260
34770,257
34780,258
34790,250
34800,255
34810,259
34820,252
34830,258
34840,257
34850,255
34860,261
34870,263
34880,259
34890,258
34900,254
34910,254
34920,254
34930,243
34940,252
34950,260
34960,259
34970,251
34980,245
34990,252
35000,259
35010,255
35020,254
35030,256
35040,255
35050,255
35060,251
35070,254
35080,255
35090,244
35100,250
35110,250
35120,251
35130,249
35140,246
35150,242
35160,251
35170,242
35180,248
35190,250
35200,259
35210,247
35220,257
35230,257
35240,263
35250,257
35260,256
35270,255
35280,262
35290,260
35300,263
35310,258
35320,261
35330,259
35340,262
35350,258
35360,262
35370,265
35380,253
35390,268
35400,251
35410,265
35420,265
35430,264
35440,253
35450,269
35460,256
35470,258
35480,259
35490,261
35500,259
35510,260
35520,269
35530,258
35540,266
35550,264
35560,254
35570,258
35580,261
35590,267
35600,266
35610,270
35620,256
35630,270
35640,267
35650,260
35660,264
35670,270
35680,263
35690,261
35700,261
35710,271
35720,259
35730,263
35740,265
35750,258
35760,263
35770,267
35780,259
35790,268
35800,253
35810,260
35820,265
35830,261
35840,259
35850,260
35860,263
35870,254
35880,263
35890,262
35900,252
35910,260
35920,263
35930,255
35940,269
35950,258
35960,256
35970,268
35980,262
35990,262
36000,254
36010,257
36020,266
36030,261
36040,255
36050,259
36060,259
36070,257
36080,269
36090,259
36100,257
36110,255
36120,253
36130,261
36140,249
36150,266
36160,264
36170,252
36180,253
36190,260
36200,254
36210,247
36220,255
36230,256
36240,257
36250,259
36260,251
36270,250
36280,260
36290,256
36300,259
36310,260
36320,256
36330,264
36340,256
36350,261
36360,258
36370,247
36380,265
36390,263
36400,260
36410,258
36420,260
36430,255
36440,260
36450,263
36460,262
36470,255
36480,252
36490,258
36500,254
36510,256
36520,263
36530,253
36540,250
36550,257
36560,262
36570,267
36580,263
36590,260
36600,262
36610,266
36620,262
36630,257
36640,252
36650,258
36660,262
36670,259
36680,263
36690,260
36700,260
36710,254
36720,264
36730,264
36740,263
36750,262
36760,262
36770,255
36780,263
36790,261
36800,266
36810,256
36820,248
36830,255
36840,253
36850,254
36860,266
36870,256
36880,261
36890,256
36900,262
36910,255
36920,263
36930,261
36940,254
36950,263
36960,256
36970,259
36980,264
36990,253
37000,253
37010,266
37020,260
37030,262
37040,255
37050,256
37060,267
37070,246
37080,254
37090,260
37100,258
37110,260
37120,259
37130,264
37140,253
37150,257
37160,253
37170,250
37180,262
37190,254
37200,259
37210,257
37220,261
37230,254
37240,256
37250,257
37260,261
37270,263
37280,249
37290,257
37300,260
37310,259
37320,259
37330,253
37340,259
37350,263
37360,255
37370,251
37380,255
37390,253
37400,247
37410,243
37420,255
37430,260
37440,254
37450,260
37460,257
37470,264
37480,265
37490,253
37500,254
37510,255
37520,257
37530,252
37540,259
37550,254
37560,252
37570,250
37580,258
37590,251
37600,249
37610,253
37620,257
37630,254
37640,261
37650,258
37660,260
37670,260
37680,246
37690,258
37700,253
37710,259
37720,259
37730,250
37740,254
37750,252
37760,262
37770,254
37780,254
37790,253
37800,244
37810,261
37820,250
37830,262
37840,251
37850,256
37860,255
37870,250
37880,259
37890,257
37900,250
37910,249
37920,248
37930,249
37940,255
37950,251
37960,236
37970,252
37980,257
37990,245
38000,261
38010,258
38020,256
38030,259
38040,257
38050,258
38060,250
38070,254
38080,257
38090,256
38100,259
38110,253
38120,262
38130,258
38140,253
38150,263
38160,252
38170,250
38180,250
38190,253
38200,251
38210,249
38220,250
38230,258
38240,261
38250,252
38260,252
38270,251
38280,260
38290,256
38300,251
38310,255
38320,247
38330,244
38340,252
38350,254
38360,248
38370,253
38380,249
38390,252
38400,250
38410,252
38420,255
38430,246
38440,247
38450,243
38460,247
38470,245
38480,249
38490,253
38500,255
38510,260
38520,255
38530,251
38540,253
38550,251
38560,257
38570,253
38580,251
38590,255
38600,264
38610,252
38620,254
38630,251
38640,250
38650,257
38660,240
38670,252
38680,252
38690,256
38700,245
38710,237
38720,215
38730,251
38740,244
38750,249
38760,249
38770,248
38780,243
38790,246
38800,250
38810,251
38820,247
38830,239
38840,252
38850,255
38860,249
38870,253
38880,246
38890,242
38900,260
38910,239
38920,250
38930,259
38940,252
38950,253
38960,266
38970,244
38980,245
38990,253
39000,254
39010,247
39020,255
39030,256
39040,252
39050,249
39060,252
39070,258
39080,253
39090,251
39100,254
39110,254
39120,261
39130,253
39140,252
39150,255
39160,253
39170,246
39180,251
39190,254
39200,249
39210,250
39220,253
39230,254
39240,247
39250,244
39260,242
39270,249
39280,251
39290,253
39300,250
39310,260
39320,248
39330,253
39340,256
39350,255
39360,245
39370,254
39380,251
39390,249
39400,252
39410,247
39420,253
39430,250
39440,238
39450,251
39460,256
39470,250
39480,258
39490,256
39500,256
39510,246
39520,255
39530,250
39540,264
39550,262
39560,247
39570,260
39580,252
39590,244
39600,247
39610,245
39620,251
39630,249
39640,251
39650,249
39660,255
39670,253
39680,251
39690,254
39700,250
39710,251
39720,248
39730,258
39740,248
39750,258
39760,248
39770,252
39780,250
39790,251
39800,256
39810,253
39820,253
39830,246
39840,259
39850,249
39860,251
39870,246
39880,251
39890,247
39900,253
39910,242
39920,253
39930,251
39940,257
39950,246
39960,248
39970,255
39980,247
39990,248
40000,254
40010,243
40020,246
40030,248
40040,248
40050,241
40060,243
40070,244
40080,250
40090,246
40100,247
40110,244
40120,241
40130,249
40140,246
40150,246
40160,246
40170,252
40180,243
40190,245
40200,245
40210,248
40220,244
40230,250
40240,247
40250,245
40260,238
40270,245
40280,253
40290,254
40300,241
40310,252
40320,258
40330,244
40340,254
40350,249
40360,252
40370,250
40380,251
40390,252
40400,257
40410,260
40420,256
40430,246
40440,245
40450,254
40460,250
40470,254
40480,254
40490,252
40500,251
40510,251
40520,253
40530,251
40540,248
40550,255
40560,256
40570,247
40580,257
40590,258
40600,253
40610,251
40620,250
40630,262
40640,254
40650,254
40660,263
40670,261
40680,254
40690,261
40700,248
40710,252
40720,253
40730,261
40740,256
40750,264
40760,260
40770,244
40780,264
40790,255
40800,259
40810,250
40820,247
40830,259
40840,253
40850,249
40860,251
40870,247
40880,252
40890,256
40900,254
40910,260
40920,251
40930,252
40940,257
40950,255
40960,259
40970,261
40980,248
40990,257
41000,257
41010,252
41020,264
41030,252
41040,255
41050,257
41060,250
41070,255
41080,250
41090,257
41100,247
41110,257
41120,258
41130,253
41140,252
41150,257
41160,254
41170,253
41180,256
41190,245
41200,255
41210,243
41220,248
41230,253
41240,252
41250,256
41260,261
41270,254
41280,255
41290,253
41300,258
41310,243
41320,256
41330,248
41340,250
41350,256
41360,259
41370,252
41380,19
41390,16
41400,12
41410,15
41420,23
41430,13
41440,15
41450,16
41460,7
41470,7
41480,11
41490,11
41500,14
41510,13
41520,6
41530,19
41540,9
41550,11
41560,17
41570,20
41580,1
41590,17
41600,9
41610,20
41620,15
41630,18
41640,13
41650,12
41660,10
41670,17
41680,11
41690,11
41700,8
41710,14
41720,10
41730,12
41740,21
41750,8
41760,19
41770,8
41780,7
41790,15
41800,12
41810,13
41820,17
41830,7
41840,10
41850,17
41860,7
41870,14
41880,12
41890,14
41900,20
41910,12
41920,7
41930,10
41940,15
41950,6
41960,7
41970,12
41980,20
41990,4
42000,13
42010,20
42020,20
42030,16
42040,15
42050,359
42060,409
42070,388
42080,388
42090,378
42100,388
42110,382
42120,388
42130,377
42140,377
42150,374
42160,383
42170,371
42180,373
42190,374
42200,373
42210,366
42220,361
42230,363
42240,350
42250,356
42260,354
42270,339
42280,344
42290,346
42300,334
42310,308
42320,297
42330,321
42340,316
42350,323
42360,329
42370,323
42380,326
42390,329
42400,332
42410,338
42420,335
42430,337
42440,336
42450,338
42460,342
42470,344
42480,337
42490,332
42500,325
42510,300
42520,322
42530,341
42540,331
42550,332
42560,338
42570,339
42580,334
42590,336
42600,337
42610,336
42620,335
42630,341
42640,336
42650,330
42660,341
42670,335
42680,343
42690,346
42700,348
42710,350
42720,342
42730,322
42740,348
42750,340
42760,334
42770,347
42780,338
42790,352
42800,347
42810,350
42820,343
42830,347
42840,333
42850,352
42860,360
42870,355
42880,366
42890,358
42900,367
42910,368
42920,365
42930,363
42940,364
42950,366
42960,360
42970,362
42980,357
42990,364
43000,361
43010,356
43020,361
43030,353
43040,353
43050,360
43060,352
43070,350
43080,355
43090,348
43100,348
43110,351
43120,352
43130,350
43140,337
43150,353
43160,360
43170,360
43180,353
43190,349
43200,352
43210,345
43220,349
43230,334
43240,352
43250,371
43260,370
43270,372
43280,371
43290,374
43300,359
43310,370
43320,364
43330,369
43340,371
43350,366
43360,370
43370,370
43380,372
43390,367
43400,366
43410,363
43420,366
43430,364
43440,367
43450,366
43460,367
43470,361
43480,360
43490,364
43500,379
43510,8
43520,12
43530,16
43540,13
43550,17
43560,8
43570,16
43580,13
43590,432
43600,415
43610,401
43620,311
43630,214
43640,225
43650,229
43660,232
43670,227
43680,238
43690,233
43700,240
43710,237
43720,244
43730,241
43740,239
43750,237
43760,186
43770,196
43780,195
43790,199
43800,209
43810,196
43820,206
43830,216
43840,201
43850,216
43860,209
43870,219
43880,206
43890,224
43900,220
43910,232
43920,228
43930,215
43940,225
43950,210
43960,221
43970,234
43980,235
43990,241
44000,235
44010,233
44020,227
44030,227
44040,230
44050,232
44060,215
44070,236
44080,230
44090,240
44100,233
44110,243
44120,238
44130,240
44140,238
44150,242
44160,241
44170,248
44180,243
44190,234
44200,228
44210,239
44220,239
44230,249
44240,254
44250,252
44260,257
44270,247
44280,245
44290,237
44300,233
44310,250
44320,256
44330,241
44340,245
44350,243
44360,217
44370,240
44380,253
44390,249
44400,254
44410,239
44420,247
44430,250
44440,256
44450,257
44460,252
44470,255
44480,250
44490,257
44500,255
44510,257
44520,255
44530,246
44540,251
44550,248
44560,254
44570,258
44580,259
44590,269
44600,262
44610,256
44620,254
44630,252
44640,263
44650,253
44660,255
44670,262
44680,258
44690,264
44700,261
44710,260
44720,263
44730,264
44740,263
44750,260
44760,259
44770,258
44780,258
44790,261
44800,264
44810,257
44820,260
44830,256
44840,261
44850,253
44860,270
44870,252
44880,255
44890,262
44900,260
44910,253
44920,247
44930,253
44940,261
44950,250
44960,250
44970,240
44980,250
44990,254
45000,246
45010,245
45020,243
45030,249
45040,239
45050,249
45060,253
45070,255
45080,254
45090,250
45100,250
45110,254
45120,250
45130,241
45140,252
45150,266
45160,270
45170,274
45180,282
45190,275
45200,266
45210,269
45220,275
45230,278
45240,277
45250,271
45260,276
45270,280
45280,285
45290,280
45300,274
45310,284
45320,274
45330,277
45340,273
45350,269
45360,274
45370,277
45380,271
45390,275
45400,281
45410,278
45420,269
45430,265
45440,269
45450,270
45460,276
45470,277
45480,267
45490,278
45500,269
45510,269
45520,260
45530,273
45540,277
45550,280
45560,267
45570,261
45580,278
45590,276
45600,272
45610,285
45620,283
45630,275
45640,273
45650,277
45660,278
45670,275
45680,288
45690,283
45700,280
45710,281
45720,277
45730,281
45740,281
45750,285
45760,282
45770,281
45780,275
45790,285
45800,275
45810,288
45820,286
45830,281
45840,274
45850,268
45860,273
45870,270
45880,277
45890,277
45900,278
45910,278
45920,277
45930,282
45940,277
45950,275
45960,278
45970,280
45980,276
45990,272
46000,278
46010,277
46020,282
46030,283
46040,275
46050,277
46060,273
46070,275
46080,280
46090,287
46100,276
46110,270
46120,277
46130,274
46140,271
46150,270
46160,285
46170,282
46180,272
46190,276
46200,283
46210,267
46220,280
46230,266
46240,282
46250,276
46260,277
46270,277
46280,276
46290,279
46300,269
46310,278
46320,276
46330,280
46340,272
46350,278
46360,276
46370,276
46380,272
46390,275
46400,279
46410,275
46420,276
46430,270
46440,279
46450,278
46460,274
46470,280
46480,276
46490,276
46500,277
46510,276
46520,278
46530,273
46540,277
46550,275
46560,274
46570,281
46580,279
46590,276
46600,276
46610,270
46620,279
46630,276
46640,282
46650,272
46660,275
46670,281
46680,276
46690,278
46700,283
46710,281
46720,264
46730,272
46740,278
46750,277
46760,282
46770,275
46780,284
46790,284
46800,283
46810,277
46820,274
46830,279
46840,288
46850,275
46860,278
46870,276
46880,279
46890,283
46900,273
46910,282
46920,278
46930,275
46940,274
46950,286
46960,270
46970,281
46980,269
46990,274
47000,279
47010,277
47020,276
47030,279
47040,270
47050,280
47060,272
47070,277
47080,276
47090,275
47100,277
47110,281
47120,279
47130,278
47140,276
47150,278
47160,282
47170,274
47180,274
47190,272
47200,279
47210,281
47220,276
47230,271
47240,280
47250,285
47260,277
47270,280
47280,282
47290,270
47300,277
47310,280
47320,276
47330,278
47340,277
47350,279
47360,271
47370,277
47380,278
47390,272
47400,272
47410,274
47420,273
47430,275
47440,290
47450,284
47460,280
47470,279
47480,273
47490,278
47500,276
47510,275
47520,280
47530,274
47540,273
47550,277
47560,277
47570,268
47580,274
47590,269
47600,279
47610,276
47620,274
47630,274
47640,274
47650,279
47660,276
47670,278
47680,276
47690,277
47700,276
47710,273
47720,277
47730,270
47740,276
47750,277
47760,279
47770,280
47780,283
47790,283
47800,275
47810,278
47820,275
47830,275
47840,269
47850,272
47860,273
47870,279
47880,275
47890,277
47900,272
47910,278
47920,275
47930,285
47940,276
47950,283
47960,282
47970,275
47980,278
47990,277
48000,277
48010,281
48020,274
48030,273
48040,283
48050,275
48060,267
48070,280
48080,269
48090,272
48100,274
48110,275
48120,271
48130,269
48140,274
48150,278
48160,274
48170,273
48180,277
48190,275
48200,272
48210,277
48220,269
48230,273
48240,266
48250,270
48260,275
48270,277
48280,271
48290,280
48300,272
48310,274
48320,270
48330,274
48340,268
48350,273
48360,278
48370,266
48380,275
48390,270
48400,272
48410,274
48420,283
48430,270
48440,270
48450,279
48460,272
48470,268
48480,273
48490,279
48500,274
48510,281
48520,273
48530,277
48540,274
48550,272
48560,268
48570,275
48580,272
48590,273
48600,270
48610,277
48620,281
48630,274
48640,270
48650,270
48660,273
48670,273
48680,274
48690,279
48700,270
48710,278
48720,266
48730,279
48740,265
48750,270
48760,279
48770,269
48780,276
48790,277
48800,277
48810,274
48820,269
48830,269
48840,275
48850,277
48860,261
48870,278
48880,266
48890,276
48900,275
48910,267
48920,273
48930,272
48940,276
48950,272
48960,276
48970,264
48980,279
48990,273
49000,271
49010,263
49020,270
49030,271
49040,276
49050,270
49060,262
49070,272
49080,272
49090,274
49100,273
49110,268
49120,267
49130,273
49140,267
49150,269
49160,262
49170,264
49180,269
49190,274
49200,275
49210,276
49220,267
49230,269
49240,275
49250,267
49260,274
49270,258
49280,266
49290,267
49300,259
49310,264
49320,271
49330,262
49340,267
49350,273
49360,264
49370,265
49380,274
49390,271
49400,276
49410,269
49420,263
49430,276
49440,269
49450,267
49460,277
49470,269
49480,263
49490,261
49500,274
49510,262
49520,277
49530,268
49540,266
49550,272
49560,270
49570,270
49580,263
49590,271
49600,267
49610,264
49620,271
49630,272
49640,273
49650,275
49660,269
49670,268
49680,276
49690,267
49700,270
49710,271
49720,270
49730,278
49740,278
49750,269
49760,271
49770,266
49780,281
49790,277
49800,274
49810,273
49820,277
49830,269
49840,272
49850,270
49860,272
49870,273
49880,277
49890,277
49900,272
49910,277
49920,271
49930,271
49940,273
49950,270
49960,275
49970,273
49980,275
49990,271
50000,275
50010,265
50020,275
50030,268
50040,267
50050,268
50060,277
50070,270
50080,273
50090,274
50100,269
50110,269
50120,267
50130,270
50140,268
50150,273
50160,261
50170,274
50180,259
50190,271
50200,273
50210,273
50220,265
50230,275
50240,272
50250,271
50260,266
50270,267
50280,272
50290,262
50300,274
50310,263
50320,273
50330,268
50340,267
50350,265
50360,272
50370,268
50380,276
50390,263
50400,266
50410,265
50420,261
50430,268
50440,262
50450,262
50460,275
50470,263
50480,265
50490,269
50500,271
50510,267
50520,267
50530,258
50540,265
50550,273
50560,268
50570,264
50580,270
50590,269
50600,268
50610,267
50620,273
50630,268
50640,262
50650,266
50660,265
50670,265
50680,271
50690,271
50700,265
50710,266
50720,264
50730,265
50740,259
50750,270
50760,267
50770,257
50780,262
50790,265
50800,266
50810,265
50820,253
50830,266
50840,261
50850,256
50860,266
50870,259
50880,265
50890,270
50900,265
50910,266
50920,267
50930,273
50940,262
50950,260
50960,272
50970,270
50980,271
50990,265
51000,273
51010,267
51020,267
51030,263
51040,264
51050,266
51060,273
51070,266
51080,272
51090,261
51100,268
51110,264
51120,273
51130,272
51140,267
51150,266
51160,273
51170,262
51180,263
51190,268
51200,263
51210,255
51220,262
51230,265
51240,274
51250,264
51260,270
51270,265
51280,269
51290,267
51300,260
51310,263
51320,263
51330,268
51340,259
51350,267
51360,266
51370,264
51380,262
51390,271
51400,263
51410,266
51420,261
51430,273
51440,260
51450,270
51460,267
51470,256
51480,265
51490,269
51500,259
51510,268
51520,262
51530,263
51540,267
51550,271
51560,278
51570,262
51580,253
51590,269
51600,262
51610,264
51620,266
51630,261
51640,261
51650,261
51660,254
51670,260
51680,265
51690,263
51700,265
51710,260
51720,262
51730,260
51740,261
51750,248
51760,266
51770,258
51780,259
51790,262
51800,269
51810,257
51820,260
51830,257
51840,267
51850,264
51860,266
51870,261
51880,265
51890,259
51900,267
51910,261
51920,263
51930,264
51940,261
51950,271
51960,260
51970,266
51980,264
51990,261
52000,258
52010,267
52020,258
52030,261
52040,266
52050,260
52060,259
52070,260
52080,256
52090,261
52100,262
52110,263
52120,264
52130,263
52140,261
52150,267
52160,264
52170,262
52180,262
52190,268
52200,258
52210,265
52220,267
52230,264
52240,270
52250,266
52260,262
52270,255
52280,262
52290,263
52300,262
52310,268
52320,267
52330,265
52340,268
52350,273
52360,266
52370,263
52380,267
52390,265
52400,266
52410,262
52420,263
52430,271
52440,263
52450,263
52460,260
52470,261
52480,262
52490,266
52500,268
52510,258
52520,262
52530,261
52540,258
52550,265
52560,247
52570,263
52580,268
52590,263
52600,255
52610,253
52620,268
52630,264
52640,267
52650,271
52660,264
52670,258
52680,260
52690,257
52700,260
52710,265
52720,256
52730,253
52740,268
52750,263
52760,257
52770,262
52780,263
52790,256
52800,259
52810,258
52820,255
52830,263
52840,264
52850,258
52860,262
52870,260
52880,259
52890,257
52900,262
52910,261
52920,262
52930,261
52940,272
52950,253
52960,261
52970,253
52980,261
52990,263
53000,260
53010,268
53020,263
53030,267
53040,259
53050,267
53060,262
53070,260
53080,256
53090,259
53100,261
53110,251
53120,260
53130,263
53140,256
53150,258
53160,255
53170,261
53180,259
53190,265
53200,258
53210,255
53220,262
53230,259
53240,263
53250,266
53260,260
53270,258
53280,256
53290,259
53300,266
53310,268
53320,258
53330,268
53340,257
53350,267
53360,258
53370,259
53380,258
53390,263
53400,258
53410,265
53420,265
53430,259
53440,261
53450,257
53460,267
53470,259
53480,265
53490,260
53500,265
53510,258
53520,260
53530,268
53540,262
53550,256
53560,260
53570,255
53580,262
53590,266
53600,253
53610,260
53620,263
53630,261
53640,259
53650,258
53660,257
53670,263
53680,263
53690,263
53700,256
53710,266
53720,265
53730,268
53740,269
53750,259
53760,249
53770,264
53780,258
53790,260
53800,264
53810,261
53820,262
53830,257
53840,268
53850,265
53860,259
53870,253
53880,252
53890,257
53900,254
53910,256
53920,256
53930,261
53940,260
53950,259
53960,262
53970,256
53980,259
53990,257
54000,258
54010,256
54020,264
54030,249
54040,252
54050,255
54060,248
54070,254
54080,255
54090,259
54100,258
54110,259
54120,251
54130,252
54140,256
54150,251
54160,264
54170,256
54180,263
54190,263
54200,255
54210,263
54220,256
54230,255
54240,259
54250,260
54260,261
54270,262
54280,250
54290,250
54300,255
54310,261
54320,254
54330,250
54340,263
54350,258
54360,255
54370,251
54380,252
54390,256
54400,260
54410,262
54420,255
54430,252
54440,251
54450,251
54460,251
54470,260
54480,253
54490,259
54500,257
54510,254
54520,250
54530,252
54540,258
54550,254
54560,255
54570,259
54580,253
54590,260
54600,253
54610,261
54620,254
54630,253
54640,263
54650,258
54660,253
54670,255
54680,253
54690,250
54700,255
54710,248
54720,262
54730,258
54740,257
54750,255
54760,262
54770,258
54780,258
54790,251
54800,260
54810,258
54820,261
54830,247
54840,247
54850,246
54860,254
54870,260
54880,255
54890,251
54900,252
54910,257
54920,263
54930,257
54940,262
54950,253
54960,250
54970,260
54980,257
54990,254
55000,249
55010,259
55020,253
55030,263
55040,251
55050,258
55060,260
55070,255
55080,258
55090,254
55100,251
55110,259
55120,255
55130,253
55140,250
55150,250
55160,251
55170,252
55180,250
55190,258
55200,257
55210,251
55220,255
55230,262
55240,249
55250,250
55260,249
55270,258
55280,253
55290,255
55300,253
55310,254
55320,262
55330,253
55340,248
55350,250
55360,258
55370,253
55380,256
55390,258
55400,256
55410,249
55420,257
55430,259
55440,256
55450,253
55460,259
55470,256
55480,258
55490,253
55500,252
55510,258
55520,254
55530,251
55540,254
55550,258
55560,259
55570,251
55580,258
55590,259
55600,257
55610,256
55620,252
55630,254
55640,253
55650,258
55660,253
55670,256
55680,257
55690,256
55700,251
55710,256
55720,255
55730,256
55740,260
55750,259
55760,254
55770,254
55780,257
55790,256
55800,249
55810,258
55820,254
55830,260
55840,257
55850,258
55860,260
55870,252
55880,253
55890,268
55900,257
55910,254
55920,254
55930,257
55940,261
55950,258
55960,262
55970,255
55980,261
55990,260
56000,252
56010,260
56020,252
56030,268
56040,260
56050,255
56060,255
56070,255
56080,251
56090,252
56100,258
56110,256
56120,251
56130,257
56140,251
56150,252
56160,255
56170,260
56180,247
56190,249
56200,253
56210,251
56220,252
56230,255
56240,254
56250,254
56260,251
56270,255
56280,249
56290,254
56300,247
56310,254
56320,255
56330,258
56340,256
56350,253
56360,255
56370,253
56380,249
56390,254
56400,253
56410,252
56420,255
56430,252
56440,253
56450,246
56460,243
56470,246
56480,247
56490,248
56500,250
56510,256
56520,253
56530,255
56540,255
56550,251
56560,255
56570,253
56580,246
56590,251
56600,252
56610,250
56620,255
56630,261
56640,247
56650,244
56660,261
56670,250
56680,255
56690,249
56700,256
56710,254
56720,253
56730,246
56740,254
56750,257
56760,260
56770,253
56780,251
56790,256
56800,257
56810,254
56820,247
56830,261
56840,252
56850,257
56860,253
56870,249
56880,253
56890,249
56900,247
56910,253
56920,239
56930,255
56940,256
56950,266
56960,253
56970,250
56980,252
56990,259
57000,260
57010,261
57020,256
57030,252
57040,254
57050,249
57060,260
57070,255
57080,254
57090,265
57100,259
57110,249
57120,255
57130,254
57140,256
57150,254
57160,258
57170,257
57180,243
57190,258
57200,250
57210,250
57220,262
57230,242
57240,252
57250,255
57260,249
57270,258
57280,247
57290,252
57300,249
57310,250
57320,244
57330,257
57340,250
57350,253
57360,251
57370,249
57380,256
57390,251
57400,253
57410,250
57420,256
57430,250
57440,253
57450,251
57460,251
57470,246
57480,250
57490,250
57500,251
57510,252
57520,256
57530,252
57540,253
57550,243
57560,252
57570,251
57580,250
57590,247
57600,256
57610,248
57620,256
57630,252
57640,251
57650,246
57660,250
57670,241
57680,251
57690,250
57700,250
57710,247
57720,229
57730,234
57740,226
57750,236
57760,241
57770,239
57780,223
57790,237
57800,233
57810,219
57820,234
57830,237
57840,235
57850,227
57860,228
57870,231
57880,229
57890,239
57900,237
57910,243
57920,234
57930,243
57940,235
57950,230
57960,233
57970,233
57980,229
57990,230
58000,239
58010,236
58020,242
58030,233
58040,231
58050,228
58060,243
58070,228
58080,233
58090,226
58100,238
58110,239
58120,223
58130,232
58140,229
58150,229
58160,232
58170,236
58180,229
58190,233
58200,235
58210,234
58220,229
58230,237
58240,230
58250,241
58260,229
58270,232
58280,220
58290,231
58300,227
58310,239
58320,226
58330,233
58340,229
58350,227
58360,230
58370,228
58380,231
58390,236
58400,227
58410,234
58420,228
58430,236
58440,234
58450,223
58460,223
58470,234
58480,231
58490,231
58500,230
58510,234
58520,235
58530,230
58540,236
58550,236
58560,232
58570,228
58580,225
58590,232
58600,227
58610,233
58620,231
58630,231
58640,239
58650,231
58660,240
58670,238
58680,235
58690,235
58700,230
58710,237
58720,231
58730,233
58740,234
58750,233
58760,228
58770,226
58780,235
58790,228
58800,239
58810,236
58820,233
58830,232
58840,241
58850,227
58860,237
58870,229
58880,228
58890,231
58900,227
58910,238
58920,239
58930,236
58940,231
58950,235
58960,230
58970,239
58980,233
58990,231
59000,230
59010,239
59020,228
59030,235
59040,239
59050,227
59060,228
59070,235
59080,235
59090,245
59100,226
59110,235
59120,232
59130,226
59140,239
59150,243
59160,239
59170,238
59180,240
59190,233
59200,227
59210,230
59220,228
59230,227
59240,226
59250,243
59260,229
59270,234
59280,242
59290,226
59300,232
59310,226
59320,227
59330,237
59340,237
59350,229
59360,229
59370,232
59380,230
59390,225
59400,233
59410,232
59420,228
59430,228
59440,227
59450,237
59460,224
59470,233
59480,233
59490,228
59500,228
59510,237
59520,230
59530,232
59540,234
59550,223
59560,236
59570,228
59580,237
59590,231
59600,224
59610,230
59620,224
59630,230
59640,225
59650,229
59660,220
59670,237
59680,238
59690,235
59700,239
59710,232
59720,230
59730,236
59740,230
59750,232
59760,224
59770,227
59780,230
59790,234
59800,226
59810,229
59820,228
59830,231
59840,226
59850,231
59860,233
59870,231
59880,238
59890,228
59900,234
59910,226
59920,236
59930,239
59940,237
59950,228
59960,232
59970,232
59980,240
59990,231
60000,235
60010,230
60020,237
60030,233
60040,235
60050,235
60060,231
60070,237
60080,237
60090,237
60100,233
60110,227
60120,239
60130,231
60140,236
60150,231
60160,224
60170,233
60180,241
60190,237
60200,230
60210,234
60220,236
60230,230
60240,230
60250,232
60260,235
60270,228
60280,233
60290,237
60300,227
60310,232
60320,234
60330,237
60340,234
60350,235
60360,236
60370,234
60380,235
60390,233
60400,244
60410,244
60420,232
60430,233
60440,225
60450,229
60460,237
60470,241
60480,237
60490,229
60500,240
60510,235
60520,228
60530,232
60540,240
60550,231
60560,236
60570,231
60580,238
60590,233
60600,228
60610,237
60620,235
60630,235
60640,227
60650,235
60660,235
60670,235
60680,235
60690,231
60700,235
60710,230
60720,233
60730,243
60740,239
60750,232
60760,238
60770,232
60780,233
60790,234
60800,232
60810,228
60820,232
60830,236
60840,233
60850,234
60860,230
60870,236
60880,225
60890,230
60900,237
60910,234
60920,235
60930,234
60940,238
60950,236
60960,227
60970,240
60980,243
60990,226
61000,244
61010,234
61020,242
61030,230
61040,231
61050,245
61060,239
61070,234
61080,230
61090,239
61100,240
61110,230
61120,234
61130,233
61140,236
61150,226
61160,235
61170,234
61180,248
61190,234
61200,237
61210,232
61220,233
61230,234
61240,233
61250,236
61260,234
61270,236
61280,232
61290,225
61300,227
61310,235
61320,236
61330,235
61340,229
61350,233
61360,232
61370,232
61380,236
61390,228
61400,235
61410,233
61420,237
61430,230
61440,234
61450,240
61460,235
61470,241
61480,232
61490,234
61500,232
61510,233
61520,239
61530,226
61540,238
61550,237
61560,238
61570,234
61580,232
61590,236
61600,237
61610,228
61620,233
61630,239
61640,236
61650,239
61660,234
61670,239
61680,239
61690,233
61700,238
61710,231
61720,234
61730,240
61740,230
61750,238
61760,240
61770,239
61780,231
61790,241
61800,240
61810,229
61820,243
61830,237
61840,232
61850,238
61860,240
61870,239
61880,242
61890,236
61900,229
61910,238
61920,240
61930,244
61940,243
61950,238
61960,235
61970,231
61980,243
61990,236
62000,240
62010,231
62020,228
62030,234
62040,240
62050,236
62060,231
62070,236
62080,235
62090,237
62100,240
62110,236
62120,223
62130,231
62140,238
62150,232
62160,241
62170,237
62180,246
62190,236
62200,243
62210,230
62220,244
62230,245
62240,232
62250,236
62260,241
62270,244
62280,239
62290,232
62300,242
62310,241
62320,234
62330,239
62340,234
62350,241
62360,238
62370,238
62380,244
62390,231
62400,238
62410,229
62420,244
62430,246
62440,239
62450,234
62460,230
62470,243
62480,235
62490,238
62500,237
62510,237
62520,243
62530,232
62540,238
62550,234
62560,236
62570,238
62580,238
62590,229
62600,237
62610,240
62620,245
62630,241
62640,229
62650,236
62660,238
62670,238
62680,229
62690,240
62700,234
62710,229
62720,234
62730,239
62740,241
62750,221
62760,227
62770,234
62780,234
62790,237
62800,236
62810,233
62820,242
62830,241
62840,231
62850,232
62860,234
62870,228
62880,241
62890,242
62900,234
62910,236
62920,230
62930,241
62940,229
62950,249
62960,230
62970,246
62980,234
62990,234
63000,237
63010,247
63020,236
63030,230
63040,239
63050,235
63060,243
63070,242
63080,245
63090,234
63100,243
63110,246
63120,233
63130,235
63140,234
63150,240
63160,243
63170,248
63180,239
63190,236
63200,233
63210,237
63220,244
63230,236
63240,251
63250,246
63260,255
63270,242
63280,250
63290,255
63300,249
63310,248
63320,242
63330,248
63340,251
63350,254
63360,247
63370,254
63380,239
63390,249
63400,247
63410,239
63420,243
63430,245
63440,249
63450,247
63460,249
63470,246
63480,254
63490,252
63500,253
63510,255
63520,248
63530,252
63540,248
63550,252
63560,260
63570,253
63580,257
63590,248
63600,254
63610,242
63620,246
63630,247
63640,242
63650,241
63660,243
63670,242
63680,248
63690,236
63700,245
63710,245
63720,248
63730,241
63740,239
63750,244
63760,245
63770,240
63780,236
63790,248
63800,251
63810,242
63820,249
63830,237
63840,246
63850,217
63860,232
63870,232
63880,235
63890,230
63900,228
63910,234
63920,203
63930,212
63940,230
63950,217
63960,242
63970,240
63980,232
63990,243
64000,256
64010,238
64020,242
64030,245
64040,241
64050,244
64060,243
64070,244
64080,232
64090,236
64100,230
64110,222
64120,207
64130,217
64140,223
64150,219
64160,216
64170,221
64180,230
64190,221
64200,224
64210,217
64220,221
64230,232
64240,223
64250,220
64260,228
64270,218
64280,227
64290,222
64300,234
64310,241
64320,233
64330,242
64340,245
64350,238
64360,248
64370,243
64380,237
64390,232
64400,241
64410,245
64420,235
64430,244
64440,238
64450,235
64460,243
64470,243
64480,237
64490,239
64500,233
64510,235
64520,227
64530,222
64540,213
64550,227
64560,226
64570,231
64580,236
64590,234
64600,236
64610,243
64620,233
64630,234
64640,223
64650,227
64660,240
64670,241
64680,232
64690,243
64700,238
64710,240
64720,241
64730,230
64740,238
64750,233
64760,237
64770,227
64780,242
64790,232
64800,244
64810,238
64820,234
64830,235
64840,226
64850,229
64860,222
64870,231
64880,228
64890,220
64900,213
64910,212
64920,199
64930,196
64940,192
64950,194
64960,192
64970,205
64980,219
64990,220
65000,216
65010,230
65020,235
65030,228
65040,230
65050,217
65060,213
65070,213
65080,218
65090,210
65100,203
65110,195
65120,195
65130,195
65140,196
65150,199
65160,162
65170,187
65180,191
65190,194
65200,173
65210,195
65220,184
65230,184
65240,184
65250,193
65260,191
65270,181
65280,199
65290,196
65300,200
65310,193
65320,8824
65330,174
65340,174
65350,187
65360,178
65370,173
65380,176
65390,183
65400,185
65410,178
65420,179
65430,166
65440,165
65450,168
65460,160
65470,170
65480,170
65490,161
65500,162
65510,151
65520,163
65530,160
65540,166
65550,158
65560,164
65570,141
65580,149
65590,149
65600,145
65610,167
65620,14
65630,9
65640,1
65650,4
65660,4
65670,5
65680,-1
65690,2
65700,5
65710,4
65720,4
65730,8
65740,10
65750,1
65760,1
65770,6
65780,5
65790,10
65800,6
65810,192
65820,181
65830,196
65840,190
65850,162
65860,193
65870,141
65880,186
65890,197
65900,172
65910,183
65920,151
65930,144
65940,167
65950,154
65960,160
65970,163
65980,161
65990,161
66000,157
66010,160
66020,160
66030,159
66040,147
66050,149
66060,159
66070,152
66080,156
66090,153
66100,136
66110,114
66120,170
66130,171
66140,169
66150,162
66160,176
66170,168
66180,174
66190,177
66200,179
66210,176
66220,187
66230,186
66240,176
66250,181
66260,174
66270,187
66280,175
66290,190
66300,184
66310,191
66320,187
66330,196
66340,192
66350,183
66360,189
66370,198
66380,187
66390,191
66400,185
66410,199
66420,191
66430,194
66440,190
66450,186
66460,191
66470,187
66480,184
66490,194
66500,190
66510,195
66520,199
66530,197
66540,189
66550,198
66560,188
66570,199
66580,199
66590,191
66600,196
66610,190
66620,183
66630,178
66640,174
66650,171
66660,177
66670,167
66680,172
66690,177
66700,174
66710,174
66720,180
66730,177
66740,179
66750,183
66760,171
66770,163
66780,150
66790,170
66800,163
66810,159
66820,179
66830,173
66840,179
66850,169
66860,173
66870,160
66880,164
66890,171
66900,168
66910,168
66920,154
66930,147
66940,153
66950,159
66960,176
66970,167
66980,165
66990,173
67000,145
67010,155
67020,175
67030,174
67040,178
67050,177
67060,166
67070,178
67080,175
67090,182
67100,172
67110,179
67120,165
67130,133
67140,186
67150,170
67160,163
67170,174
67180,193
67190,174
67200,178
67210,187
67220,178
67230,173
67240,188
67250,188
67260,195
67270,189
67280,183
67290,186
67300,195
67310,190
67320,180
67330,184
67340,182
67350,186
67360,186
67370,185
67380,184
67390,185
67400,182
67410,179
67420,184
67430,186
67440,189
67450,190
67460,181
67470,184
67480,182
67490,183
67500,181
67510,183
67520,187
67530,186
67540,183
67550,178
67560,186
67570,187
67580,178
67590,175
67600,179
67610,179
67620,177
67630,176
67640,184
67650,181
67660,172
67670,180
67680,180
67690,182
67700,187
67710,184
67720,174
67730,177
67740,174
67750,175
67760,179
67770,177
67780,178
67790,173
67800,187
67810,184
67820,174
67830,183
67840,183
67850,192
67860,183
67870,176
67880,178
67890,189
67900,184
67910,182
67920,172
67930,176
67940,177
67950,175
67960,193
67970,182
67980,169
67990,184
68000,177
68010,178
68020,179
68030,187
68040,183
68050,176
68060,191
68070,182
68080,185
68090,186
68100,189
68110,190
68120,193
68130,182
68140,191
68150,177
68160,177
68170,186
68180,186
68190,179
68200,185
68210,187
68220,185
68230,188
68240,184
68250,179
68260,179
68270,174
68280,180
68290,185
68300,186
68310,185
68320,184
68330,183
68340,188
68350,189
68360,182
68370,190
68380,190
68390,189
68400,189
68410,188
68420,189
68430,188
68440,178
68450,187
68460,188
68470,192
68480,193
68490,192
68500,185
68510,187
68520,184
68530,187
68540,185
68550,183
68560,179
68570,189
68580,189
68590,186
68600,188
68610,187
68620,181
68630,188
68640,190
68650,184
68660,184
68670,185
68680,187
68690,186
68700,190
68710,190
68720,186
68730,182
68740,189
68750,189
68760,183
68770,183
68780,188
68790,186
68800,178
68810,187
68820,182
68830,188
68840,163
68850,177
68860,176
68870,179
68880,189
68890,187
68900,190
68910,181
68920,185
68930,189
68940,178
68950,176
68960,177
68970,176
68980,171
68990,191
69000,184
69010,188
69020,186
69030,175
69040,185
69050,181
69060,168
69070,159
69080,151
69090,197
69100,197
69110,190
69120,198
69130,194
69140,192
69150,200
69160,193
69170,190
69180,199
69190,203
69200,204
69210,205
69220,201
69230,198
69240,199
69250,201
69260,196
69270,196
69280,199
69290,196
69300,194
69310,198
69320,195
69330,194
69340,197
69350,201
69360,203
69370,198
69380,193
69390,203
69400,196
69410,189
69420,194
69430,194
69440,196
69450,196
69460,190
69470,194
69480,199
69490,196
69500,199
69510,198
69520,193
69530,197
69540,200
69550,195
69560,198
69570,195
69580,201
69590,187
69600,180
69610,202
69620,189
69630,196
69640,195
69650,188
69660,187
69670,192
69680,185
69690,188
69700,188
69710,178
69720,156
69730,171
69740,174
69750,175
69760,170
69770,182
69780,176
69790,175
69800,179
69810,180
69820,177
69830,278
69840,270
69850,268
69860,273
69870,273
69880,277
69890,177
69900,281
69910,276
69920,168
69930,210
69940,214
69950,220
69960,217
69970,214
69980,212
69990,216
70000,219
70010,230
70020,212
70030,220
70040,190
70050,189
70060,271
70070,271
70080,279
70090,187
70100,176
70110,178
70120,178
70130,186
70140,179
70150,184
70160,187
70170,186
70180,181
70190,187
70200,183
70210,184
70220,193
70230,186
70240,217
70250,214
70260,183
70270,186
70280,180
70290,180
70300,184
70310,231
70320,192
70330,197
70340,291
70350,297
70360,286
70370,295
70380,292
70390,294
70400,299
70410,294
70420,296
70430,292
70440,294
70450,180
70460,299
70470,279
70480,290
70490,289
70500,291
70510,281
70520,282
70530,301
70540,200
70550,200
70560,199
70570,192
70580,192
70590,199
70600,295
70610,299
70620,306
70630,293
70640,299
70650,291
70660,275
70670,296
70680,286
70690,285
70700,174
70710,183
70720,188
70730,176
70740,188
70750,175
70760,184
70770,177
70780,215
70790,212
70800,203
70810,212
70820,207
70830,212
70840,216
70850,217
70860,207
70870,201
70880,170
70890,173
70900,277
70910,284
70920,234
70930,258
70940,281
70950,157
70960,172
70970,157
70980,157
70990,167
71000,167
71010,161
71020,148
71030,155
71040,145
71050,176
71060,169
71070,172
71080,168
71090,167
71100,162
71110,170
71120,186
71130,175
71140,181
71150,157
71160,163
71170,152
71180,166
71190,166
71200,165
71210,173
71220,167
71230,160
71240,159
71250,178
71260,166
71270,146
71280,170
71290,165
71300,152
71310,152
71320,165
71330,147
71340,172
71350,168
71360,153
71370,146
71380,152
71390,146
71400,151
71410,146
71420,151
71430,151
71440,153
71450,149
71460,138
71470,149
71480,146
71490,131
71500,144
71510,131
71520,165
71530,196
71540,209
71550,199
71560,197
71570,202
71580,195
71590,201
71600,200
71610,192
71620,201
71630,199
71640,193
71650,200
71660,203
71670,210
71680,202
71690,204
71700,203
71710,204
71720,204
71730,199
71740,202
71750,203
71760,203
71770,207
71780,200
71790,207
71800,199
71810,204
71820,195
71830,199
71840,200
71850,205
71860,198
71870,202
71880,161
71890,181
71900,166
71910,194
71920,196
71930,193
71940,196
71950,179
71960,151
71970,190
71980,187
71990,196
72000,196
72010,164
72020,176
72030,168
72040,175
72050,172
72060,173
72070,187
72080,159
72090,179
72100,180
72110,185
72120,163
72130,172
72140,175
72150,185
72160,175
72170,177
72180,173
72190,176
72200,182
72210,173
72220,176
72230,179
72240,173
72250,177
72260,185
72270,178
72280,177
72290,175
72300,178
72310,168
72320,169
72330,178
72340,156
72350,166
72360,159
72370,178
72380,183
72390,168
72400,168
72410,178
72420,183
72430,181
72440,172
72450,163
72460,174
72470,162
72480,152
72490,139
72500,140
72510,147
72520,146
72530,133
72540,126
72550,136
72560,147
72570,143
72580,160
72590,159
72600,176
72610,169
72620,172
72630,174
72640,174
72650,194
72660,184
72670,180
72680,181
72690,187
72700,187
72710,186
72720,187
72730,182
72740,187
72750,165
72760,170
72770,164
72780,180
72790,181
72800,163
72810,189
72820,183
72830,187
72840,170
72850,184
72860,185
72870,190
72880,186
72890,178
72900,193
72910,184
72920,183
72930,179
72940,177
72950,186
72960,187
72970,179
72980,171
72990,177
73000,177
73010,173
73020,174
73030,171
73040,175
73050,164
73060,165
73070,171
73080,164
73090,186
73100,188
73110,182
73120,178
73130,177
73140,159
73150,180
73160,181
73170,181
73180,177
73190,174
73200,175
73210,178
73220,162
73230,176
73240,179
73250,168
73260,179
73270,175
73280,184
73290,191
73300,184
73310,172
73320,180
73330,183
73340,183
73350,192
73360,189
73370,188
73380,169
73390,176
73400,168
73410,172
73420,173
73430,175
73440,173
73450,174
73460,169
73470,162
73480,168
73490,167
73500,165
73510,176
73520,179
73530,181
73540,179
73550,176
73560,176
73570,166
73580,178
73590,172
73600,174
73610,177
73620,176
73630,174
73640,171
73650,177
73660,174
73670,179
73680,184
73690,174
73700,160
73710,170
73720,181
73730,180
73740,182
73750,182
73760,182
73770,170
73780,189
73790,184
73800,176
73810,185
73820,177
73830,164
73840,170
73850,164
73860,159
73870,160
73880,165
73890,158
73900,174
73910,171
73920,160
73930,168
73940,171
73950,172
73960,169
73970,171
73980,171
73990,162
74000,177
74010,172
74020,166
74030,174
74040,167
74050,178
74060,163
74070,182
74080,176
74090,181
74100,178
74110,175
74120,174
74130,171
74140,163
74150,166
74160,166
74170,162
74180,157
74190,150
74200,172
74210,156
74220,171
74230,176
74240,165
74250,157
74260,167
74270,162
74280,166
74290,166
74300,167
74310,169
74320,170
74330,158
74340,168
74350,164
74360,156
74370,161
74380,172
74390,184
74400,170
74410,182
74420,183
74430,179
74440,171
74450,171
74460,180
74470,170
74480,179
74490,172
74500,174
74510,175
74520,177
74530,172
74540,174
74550,176
74560,166
74570,170
74580,174
74590,180
74600,177
74610,171
74620,173
74630,183
74640,176
74650,169
74660,164
74670,171
74680,174
74690,176
74700,178
74710,173
74720,178
74730,166
74740,179
74750,180
74760,174
74770,159
74780,175
74790,166
74800,154
74810,154
74820,173
74830,188
74840,188
74850,181
74860,185
74870,197
74880,191
74890,185
74900,184
74910,190
74920,190
74930,189
74940,185
74950,190
74960,185
74970,191
74980,183
74990,185
75000,182
75010,187
75020,189
75030,179
75040,189
75050,180
75060,180
75070,167
75080,185
75090,173
75100,175
75110,173
75120,165
75130,178
75140,166
75150,167
75160,171
75170,184
75180,180
75190,182
75200,186
75210,189
75220,181
75230,168
75240,183
75250,173
75260,185
75270,177
75280,172
75290,172
75300,167
75310,171
75320,174
75330,172
75340,171
75350,161
75360,161
75370,172
75380,174
75390,173
75400,152
75410,156
75420,160
75430,167
75440,166
75450,159
75460,166
75470,137
75480,158
75490,139
75500,153
75510,153
75520,149
75530,151
75540,157
75550,143
75560,157
75570,149
75580,151
75590,145
75600,153
75610,153
75620,151
75630,156
75640,156
75650,157
75660,161
75670,163
75680,165
75690,153
75700,157
75710,158
75720,144
75730,146
75740,150
75750,149
75760,155
75770,158
75780,161
75790,163
75800,164
75810,170
75820,163
75830,164
75840,167
75850,160
75860,167
75870,153
75880,162
75890,156
75900,165
75910,160
75920,165
75930,177
75940,164
75950,173
75960,169
75970,170
75980,164
75990,166
76000,169
76010,167
76020,171
76030,171
76040,167
76050,168
76060,169
76070,163
76080,169
76090,175
76100,178
76110,173
76120,165
76130,169
76140,170
76150,170
76160,198
76170,200
76180,199
76190,216
76200,205
76210,169
76220,169
76230,151
76240,203
76250,201
76260,196
76270,151
76280,152
76290,151
76300,149
76310,138
76320,150
76330,158
76340,147
76350,153
76360,138
76370,147
76380,149
76390,162
76400,160
76410,138
76420,154
76430,156
76440,163
76450,162
76460,174
76470,162
76480,176
76490,162
76500,170
76510,160
76520,159
76530,165
76540,158
76550,163
76560,158
76570,168
76580,166
76590,179
76600,166
76610,161
76620,159
76630,166
76640,164
76650,166
76660,155
76670,168
76680,166
76690,159
76700,165
76710,162
76720,167
76730,162
76740,161
76750,155
76760,168
76770,171
76780,164
76790,165
76800,165
76810,169
76820,173
76830,176
76840,163
76850,166
76860,168
76870,165
76880,162
76890,181
76900,172
76910,162
76920,166
76930,169
76940,167
76950,166
76960,171
76970,155
76980,163
76990,161
77000,166
77010,158
77020,163
77030,159
77040,159
77050,158
77060,159
77070,160
77080,159
77090,155
77100,150
77110,156
77120,159
77130,152
77140,146
77150,151
77160,157
77170,150
77180,156
77190,152
77200,147
77210,155
77220,154
77230,154
77240,153
77250,155
77260,151
77270,158
77280,153
77290,153
77300,196
77310,188
77320,152
77330,154
77340,148
77350,148
77360,148
77370,262
77380,267
77390,257
77400,271
77410,261
77420,252
77430,260
77440,254
77450,266
77460,248
77470,250
77480,254
77490,265
77500,245
77510,246
77520,241
77530,255
77540,248
77550,149
77560,146
77570,148
77580,177
77590,143
77600,149
77610,145
77620,147
77630,149
77640,154
77650,142
77660,154
77670,153
77680,146
77690,149
77700,145
77710,147
77720,137
77730,140
77740,144
77750,151
77760,153
77770,153
77780,154
77790,157
77800,154
77810,152
77820,153
77830,150
77840,154
77850,158
77860,143
77870,149
77880,149
77890,165
77900,151
77910,150
77920,155
77930,148
77940,152
77950,143
77960,151
77970,150
77980,152
77990,145
78000,153
78010,144
78020,156
78030,160
78040,159
78050,152
78060,154
78070,152
78080,154
78090,160
78100,143
78110,157
78120,154
78130,154
78140,159
78150,154
78160,152
78170,143
78180,154
78190,158
78200,143
78210,149
78220,149
78230,143
78240,155
78250,150
78260,152
78270,148
78280,152
78290,155
78300,156
78310,159
78320,158
78330,166
78340,162
78350,161
78360,156
78370,158
78380,158
78390,160
78400,156
78410,156
78420,142
78430,147
78440,154
78450,147
78460,152
78470,149
78480,151
78490,144
78500,152
78510,146
78520,148
78530,152
78540,153
78550,156
78560,147
78570,143
78580,152
78590,151
78600,150
78610,149
78620,152
78630,150
78640,145
78650,157
78660,156
78670,161
78680,147
78690,154
78700,145
78710,149
78720,159
78730,142
78740,149
78750,159
78760,163
78770,161
78780,146
78790,148
78800,156
78810,170
78820,161
78830,169
78840,155
78850,171
78860,165
78870,161
78880,171
78890,170
78900,169
78910,158
78920,163
78930,163
78940,157
78950,172
78960,165
78970,159
78980,165
78990,160
79000,163
79010,160
79020,163
79030,212
79040,210
79050,200
79060,196
79070,206
79080,211
79090,216
79100,214
79110,213
79120,198
79130,200
79140,185
79150,186
79160,184
79170,200
79180,203
79190,186
79200,173
79210,177
79220,187
79230,228
79240,212
79250,209
79260,183
79270,216
79280,177
79290,185
79300,190
79310,201
79320,192
79330,155
79340,140
79350,153
79360,197
79370,202
79380,199
79390,144
79400,138
79410,155
79420,142
79430,157
79440,148
79450,145
79460,135
79470,164
79480,188
79490,197
79500,201
79510,211
79520,201
79530,147
79540,152
79550,135
79560,150
79570,159
79580,169
79590,214
79600,159
79610,155
79620,127
79630,139
79640,123
79650,122
79660,123
79670,127
79680,142
79690,130
79700,125
79710,123
79720,136
79730,130
79740,134
79750,153
79760,153
79770,159
79780,163
79790,147
79800,141
79810,124
79820,139
79830,137
79840,135
79850,132
79860,140
79870,133
79880,123
79890,132
79900,111
79910,112
79920,106
79930,119
79940,158
79950,139
79960,136
79970,144
79980,109
79990,148
80000,134
80010,145
80020,148
80030,177
80040,180
80050,174
80060,181
80070,171
80080,177
80090,175
80100,174
80110,171
80120,177
80130,167
80140,176
80150,180
80160,176
80170,172
80180,168
80190,173
80200,173
80210,148
80220,149
80230,158
80240,171
80250,173
80260,169
80270,160
80280,177
80290,175
80300,169
80310,163
80320,169
80330,173
80340,175
80350,168
80360,157
80370,168
80380,165
80390,165
80400,168
80410,187
80420,170
80430,167
80440,167
80450,170
80460,163
80470,160
80480,172
80490,174
80500,173
80510,174
80520,173
80530,179
80540,167
80550,173
80560,167
80570,163
80580,152
80590,146
80600,148
80610,172
80620,175
80630,184
80640,153
80650,167
80660,153
80670,151
80680,149
80690,154
80700,162
80710,174
80720,175
80730,152
80740,126
80750,130
80760,152
80770,174
80780,168
80790,157
80800,186
80810,185
80820,177
80830,182
80840,181
80850,184
80860,182
80870,178
80880,176
80890,180
80900,175
80910,170
80920,177
80930,177
80940,174
80950,176
80960,182
80970,179
80980,176
80990,176
81000,177
81010,181
81020,173
81030,180
81040,184
81050,179
81060,174
81070,170
81080,183
81090,181
81100,168
81110,185
81120,177
81130,176
81140,171
81150,171
81160,179
81170,167
81180,168
81190,173
81200,170
81210,175
81220,169
81230,166
81240,167
81250,162
81260,172
81270,163
81280,178
81290,172
81300,212
81310,209
81320,206
81330,170
81340,163
81350,160
81360,162
81370,172
81380,178
81390,172
81400,166
81410,146
81420,164
81430,170
81440,141
81450,156
81460,165
81470,159
81480,154
81490,141
81500,148
81510,141
81520,140
81530,148
81540,143
81550,154
81560,157
81570,156
81580,152
81590,143
81600,138
81610,154
81620,139
81630,154
81640,136
81650,149
81660,137
81670,133
81680,131
81690,129
81700,188
81710,132
81720,135
81730,139
81740,131
81750,130
81760,158
81770,146
81780,159
81790,132
81800,130
81810,138
81820,137
81830,134
81840,131
81850,105
81860,117
81870,126
81880,162
81890,146
81900,159
81910,159
81920,162
81930,158
81940,164
81950,159
81960,157
81970,165
81980,187
81990,163
82000,159
82010,165
82020,193
82030,161
82040,172
82050,177
82060,173
82070,167
82080,194
82090,184
82100,182
82110,196
82120,197
82130,196
82140,189
82150,177
82160,170
82170,172
82180,190
82190,144
82200,149
82210,148
82220,150
82230,205
82240,189
82250,153
82260,155
82270,142
82280,150
82290,202
82300,200
82310,196
82320,195
82330,200
82340,139
82350,139
82360,137
82370,149
82380,152
82390,156
82400,141
82410,150
82420,153
82430,161
82440,135
82450,161
82460,147
82470,153
82480,161
82490,156
82500,152
82510,145
82520,153
82530,155
82540,142
82550,142
82560,129
82570,137
82580