279010,47
279020,56
279030,38
279040,35
279050,33
279060,48
279070,46
279080,51
279090,46
279100,45
279110,41
279120,41
279130,44
279140,51
279150,45
279160,43
279170,39
279180,37
279190,44
279200,43
279210,40
279220,43
279230,43
279240,45
279250,46
279260,44
279270,50
279280,40
279290,46
279300,49
279310,45
279320,40
279330,44
279340,38
279350,49
279360,44
279370,40
279380,36
279390,47
279400,41
279410,46
279420,50
279430,38
279440,47
279450,47
279460,52
279470,44
279480,41
279490,40
279500,47
279510,44
279520,45
279530,52
279540,48
279550,49
279560,36
279570,50
279580,49
279590,43
279600,46
279610,45
279620,43
279630,49
279640,53
279650,44
279660,49
279670,37
279680,40
279690,47
279700,49
279710,48
279720,53
279730,47
279740,42
279750,51
279760,40
279770,50
279780,57
279790,33
279800,44
279810,49
279820,53
279830,49
279840,48
279850,47
279860,48
279870,58
279880,51
279890,48
279900,51
279910,46
279920,48
279930,50
279940,48
279950,48
279960,54
279970,48
279980,59
279990,46
280000,41
280010,48
280020,47
280030,41
280040,50
280050,40
280060,52
280070,46
280080,43
280090,50
280100,50
280110,43
280120,41
280130,39
280140,50
280150,52
280160,46
280170,50
280180,49
280190,41
280200,46
280210,45
280220,39
280230,43
280240,47
280250,40
280260,56
280270,37
280280,54
280290,47
280300,45
280310,40
280320,48
280330,40
280340,41
280350,45
280360,35
280370,38
280380,50
280390,38
280400,49
280410,44
280420,34
280430,50
280440,41
280450,42
280460,42
280470,42
280480,41
280490,56
280500,49
280510,40
280520,51
280530,51
280540,42
280550,46
280560,40
280570,44
280580,45
280590,53
280600,43
280610,46
280620,52
280630,47
280640,44
280650,53
280660,43
280670,43
280680,49
280690,45
280700,53
280710,51
280720,35
280730,53
280740,46
280750,46
280760,50
280770,42
280780,37
280790,49
280800,46
280810,42
280820,45
280830,44
280840,45
280850,45
280860,49
280870,43
280880,53
280890,48
280900,45
280910,53
280920,54
280930,52
280940,48
280950,45
280960,50
280970,53
280980,49
280990,48
281000,44
281010,40
281020,45
281030,39
281040,49
281050,44
281060,47
281070,37
281080,42
281090,45
281100,48
281110,49
281120,47
281130,42
281140,46
281150,41
281160,50
281170,44
281180,49
281190,50
281200,45
281210,48
281220,47
281230,50
281240,45
281250,48
281260,48
281270,50
281280,46
281290,50
281300,45
281310,47
281320,54
281330,45
281340,50
281350,51
281360,52
281370,55
281380,46
281390,48
281400,46
281410,49
281420,49
281430,51
281440,45
281450,47
281460,42
281470,41
281480,43
281490,41
281500,42
281510,42
281520,49
281530,42
281540,41
281550,53
281560,49
281570,44
281580,54
281590,39
281600,47
281610,45
281620,42
281630,43
281640,50
281650,47
281660,47
281670,54
281680,47
281690,50
281700,44
281710,51
281720,48
281730,53
281740,43
281750,46
281760,45
281770,47
281780,44
281790,44
281800,50
281810,39
281820,48
281830,35
281840,47
281850,50
281860,53
281870,45
281880,45
281890,41
281900,58
281910,44
281920,43
281930,48
281940,44
281950,40
281960,54
281970,51
281980,48
281990,52
282000,50
282010,54
282020,54
282030,54
282040,37
282050,47
282060,46
282070,46
282080,52
282090,46
282100,37
282110,45
282120,44
282130,37
282140,44
282150,48
282160,46
282170,38
282180,42
282190,46
282200,50
282210,50
282220,52
282230,53
282240,52
282250,52
282260,55
282270,51
282280,42
282290,54
282300,56
282310,43
282320,41
282330,52
282340,41
282350,48
282360,51
282370,50
282380,42
282390,47
282400,44
282410,53
282420,51
282430,52
282440,51
282450,54
282460,47
282470,55
282480,42
282490,46
282500,46
282510,53
282520,49
282530,48
282540,50
282550,55
282560,52
282570,45
282580,56
282590,47
282600,47
282610,47
282620,53
282630,47
282640,45
282650,48
282660,51
282670,55
282680,48
282690,46
282700,50
282710,50
282720,43
282730,47
282740,44
282750,44
282760,51
282770,52
282780,55
282790,47
282800,49
282810,51
282820,45
282830,55
282840,47
282850,55
282860,46
282870,47
282880,52
282890,53
282900,50
282910,52
282920,41
282930,46
282940,44
282950,56
282960,46
282970,51
282980,38
282990,43
283000,41
283010,44
283020,56
283030,46
283040,45
283050,46
283060,53
283070,53
283080,48
283090,44
283100,46
283110,51
283120,41
283130,41
283140,51
283150,53
283160,46
283170,46
283180,40
283190,55
283200,45
283210,43
283220,46
283230,45
283240,47
283250,53
283260,42
283270,48
283280,49
283290,50
283300,51
283310,49
283320,53
283330,50
283340,43
283350,49
283360,50
283370,53
283380,41
283390,57
283400,56
283410,48
283420,50
283430,50
283440,48
283450,49
283460,43
283470,49
283480,50
283490,37
283500,37
283510,39
283520,50
283530,41
283540,49
283550,41
283560,39
283570,51
283580,44
283590,52
283600,50
283610,43
283620,48
283630,42
283640,49
283650,48
283660,48
283670,48
283680,45
283690,40
283700,49
283710,60
283720,45
283730,42
283740,49
283750,46
283760,53
283770,49
283780,46
283790,46
283800,45
283810,42
283820,54
283830,49
283840,47
283850,50
283860,46
283870,39
283880,45
283890,48
283900,46
283910,52
283920,47
283930,53
283940,45
283950,39
283960,45
283970,39
283980,37
283990,40
284000,53
284010,44
284020,46
284030,49
284040,48
284050,47
284060,51
284070,40
284080,45
284090,50
284100,44
284110,42
284120,48
284130,45
284140,43
284150,44
284160,43
284170,46
284180,47
284190,37
284200,41
284210,46
284220,50
284230,35
284240,40
284250,45
284260,43
284270,43
284280,59
284290,51
284300,45
284310,41
284320,47
284330,53
284340,43
284350,43
284360,49
284370,44
284380,48
284390,43
284400,47
284410,38
284420,39
284430,44
284440,41
284450,48
284460,42
284470,46
284480,42
284490,48
284500,51
284510,55
284520,50
284530,46
284540,36
284550,52
284560,36
284570,46
284580,53
284590,49
284600,49
284610,40
284620,43
284630,52
284640,57
284650,58
284660,43
284670,43
284680,44
284690,45
284700,47
284710,45
284720,45
284730,46
284740,41
284750,50
284760,44
284770,46
284780,48
284790,46
284800,40
284810,45
284820,48
284830,46
284840,48
284850,46
284860,50
284870,50
284880,50
284890,56
284900,51
284910,50
284920,48
284930,53
284940,42
284950,45
284960,54
284970,41
284980,47
284990,52
285000,39
285010,46
285020,50
285030,40
285040,44
285050,38
285060,48
285070,44
285080,50
285090,52
285100,44
285110,48
285120,49
285130,46
285140,40
285150,53
285160,54
285170,49
285180,53
285190,49
285200,47
285210,50
285220,52
285230,57
285240,50
285250,39
285260,46
285270,50
285280,49
285290,48
285300,48
285310,41
285320,56
285330,49
285340,50
285350,43
285360,45
285370,44
285380,46
285390,42
285400,52
285410,55
285420,47
285430,38
285440,48
285450,43
285460,42
285470,56
285480,41
285490,46
285500,50
285510,53
285520,51
285530,39
285540,46
285550,51
285560,48
285570,43
285580,56
285590,47
285600,52
285610,52
285620,44
285630,44
285640,53
285650,51
285660,48
285670,44
285680,60
285690,42
285700,50
285710,49
285720,38
285730,44
285740,48
285750,56
285760,45
285770,50
285780,52
285790,37
285800,46
285810,45
285820,50
285830,42
285840,41
285850,44
285860,47
285870,48
285880,45
285890,42
285900,53
285910,46
285920,48
285930,42
285940,47
285950,46
285960,49
285970,45
285980,42
285990,41
286000,45
286010,49
286020,53
286030,45
286040,47
286050,40
286060,47
286070,52
286080,50
286090,38
286100,49
286110,54
286120,45
286130,43
286140,52
286150,46
286160,37
286170,48
286180,46
286190,52
286200,38
286210,56
286220,42
286230,47
286240,49
286250,51
286260,44
286270,44
286280,43
286290,46
286300,40
286310,41
286320,47
286330,44
286340,46
286350,48
286360,42
286370,46
286380,45
286390,51
286400,48
286410,47
286420,55
286430,56
286440,50
286450,50
286460,42
286470,41
286480,50
286490,48
286500,47
286510,46
286520,39
286530,48
286540,55
286550,44
286560,50
286570,57
286580,50
286590,46
286600,43
286610,54
286620,48
286630,51
286640,42
286650,49
286660,49
286670,41
286680,55
286690,39
286700,47
286710,36
286720,47
286730,46
286740,41
286750,43
286760,49
286770,50
286780,42
286790,42
286800,49
286810,47
286820,45
286830,43
286840,49
286850,44
286860,46
286870,51
286880,42
286890,39
286900,34
286910,52
286920,54
286930,49
286940,46
286950,47
286960,40
286970,40
286980,46
286990,48
287000,44
287010,46
287020,54
287030,41
287040,51
287050,47
287060,36
287070,48
287080,51
287090,47
287100,52
287110,49
287120,51
287130,51
287140,41
287150,51
287160,53
287170,38
287180,42
287190,42
287200,45
287210,44
287220,42
287230,45
287240,54
287250,49
287260,49
287270,46
287280,44
287290,42
287300,56
287310,45
287320,46
287330,48
287340,56
287350,49
287360,47
287370,43
287380,50
287390,46
287400,51
287410,53
287420,50
287430,53
287440,45
287450,47
287460,49
287470,48
287480,45
287490,50
287500,48
287510,51
287520,42
287530,44
287540,50
287550,50
287560,39
287570,46
287580,42
287590,41
287600,51
287610,47
287620,60
287630,44
287640,39
287650,48
287660,49
287670,44
287680,44
287690,43
287700,37
287710,52
287720,49
287730,40
287740,52
287750,50
287760,51
287770,49
287780,39
287790,45
287800,42
287810,51
287820,44
287830,50
287840,37
287850,41
287860,50
287870,52
287880,34
287890,42
287900,55
287910,49
287920,40
287930,49
287940,50
287950,45
287960,47
287970,57
287980,51
287990,42
288000,38
288260,33
288270,52
288280,41
288290,51
288300,51
288310,37
288320,44
288330,48
288340,53
288350,47
288360,51
288370,44
288380,53
288390,43
288400,50
288410,51
288420,44
288430,47
288440,36
288450,53
288460,42
288470,41
288480,51
288490,44
288500,41
288510,36
288520,54
288530,52
288540,44
288550,50
288560,48
288570,50
288580,39
288590,38
288600,51
288610,49
288620,47
288630,39
288640,45
288650,43
288660,52
288670,59
288680,51
288690,44
288700,49
288710,51
288720,39
288730,46
288740,42
288750,44
288760,47
288770,46
288780,50
288790,50
288800,49
288810,49
288820,56
288830,44
288840,46
288850,46
288860,47
288870,47
288880,43
288890,48
288900,51
288910,50
288920,45
288930,53
288940,45
288950,48
288960,59
288970,49
288980,48
288990,43
289000,54
289010,47
289020,52
289030,50
289040,40
289050,44
289060,52
289070,50
289080,45
289090,46
289100,49
289110,48
289120,45
289130,50
289140,50
289150,43
289160,39
289170,51
289180,53
289190,48
289200,48
289210,47
289220,54
289230,44
289240,42
289250,53
289260,41
289270,54
289280,54
289290,49
289300,60
289310,48
289320,44
289330,38
289340,48
289350,51
289360,49
289370,45
289380,42
289390,55
289400,50
289410,47
289420,49
289430,54
289440,47
289450,50
289460,59
289470,53
289480,50
289490,49
289500,47
289510,46
289520,43
289530,42
289540,52
289550,49
289560,45
289570,48
289580,42
289590,52
289600,45
289610,48
289620,47
289630,47
289640,45
289650,41
289660,50
289670,59
289680,48
289690,47
289700,38
289710,57
289720,53
289730,58
289740,51
289750,51
289760,40
289770,49
289780,51
289790,49
289800,45
289810,44
289820,44
289830,42
289840,59
289850,54
289860,48
289870,44
289880,45
289890,48
289900,49
289910,46
289920,56
289930,35
289940,51
289950,45
289960,48
289970,45
289980,47
289990,48
290000,46
290010,49
290020,51
290030,50
290040,49
290050,46
290060,47
290070,44
290080,48
290090,47
290100,54
290110,44
290120,48
290130,43
290140,47
290150,52
290160,47
290170,53
290180,51
290190,44
290200,44
290210,46
290220,43
290230,43
290240,47
290250,51
290260,48
290270,48
290280,50
290290,47
290300,55
290310,60
290320,51
290330,56
290340,45
290350,47
290360,47
290370,50
290380,50
290390,45
290400,55
290410,46
290420,46
290430,58
290440,45
290450,52
290460,50
290470,52
290480,50
290490,45
290500,49
290760,46
290770,47
290780,45
290790,46
290800,54
290810,42
290820,46
290830,48
290840,49
290850,48
290860,49
290870,45
290880,45
290890,51
290900,40
290910,49
290920,53
290930,48
290940,53
290950,50
290960,45
290970,37
290980,44
290990,48
291000,49
291010,43
291020,47
291030,49
291040,51
291050,44
291060,53
291070,52
291080,50
291090,38
291100,42
291110,42
291120,43
291130,58
291140,46
291150,46
291160,45
291170,50
291180,49
291190,43
291200,52
291210,57
291220,51
291230,49
291240,49
291250,49
291260,51
291270,43
291280,54
291290,53
291300,47
291310,55
291320,47
291330,48
291340,49
291350,47
291360,40
291370,43
291380,44
291390,44
291400,41
291410,56
291420,45
291430,45
291440,51
291450,46
291460,41
291470,45
291480,36
291490,50
291500,43
291510,48
291520,49
291530,53
291540,50
291550,44
291560,52
291570,51
291580,44
291590,43
291600,52
291610,42
291620,50
291630,49
291640,49
291650,42
291660,48
291670,54
291680,48
291690,47
291700,53
291710,52
291720,52
291730,45
291740,51
291750,47
291760,40
291770,54
291780,40
291790,49
291800,54
291810,43
291820,57
291830,54
291840,43
291850,59
291860,51
291870,45
291880,54
291890,38
291900,42
291910,44
291920,50
291930,53
291940,54
291950,45
291960,50
291970,43
291980,53
291990,55
292000,56
292010,53
292020,46
292030,56
292040,48
292050,49
292060,45
292070,44
292080,46
292090,50
292100,45
292110,53
292120,45
292130,55
292140,59
292150,46
292160,41
292170,43
292180,45
292190,48
292200,55
292210,46
292220,46
292230,53
292240,53
292250,49
292260,41
292270,45
292280,47
292290,42
292300,42
292310,47
292320,50
292330,54
292340,56
292350,47
292360,38
292370,52
292380,41
292390,46
292400,42
292410,51
292420,51
292430,53
292440,44
292450,46
292460,41
292470,45
292480,56
292490,44
292500,53
292510,42
292520,53
292530,43
292540,52
292550,45
292560,42
292570,40
292580,48
292590,44
292600,53
292610,51
292620,45
292630,48
292640,49
292650,49
292660,51
292670,55
292680,46
292690,51
292700,56
292710,47
292720,39
292730,43
292740,51
292750,51
292760,42
292770,47
292780,52
292790,55
292800,51
292810,49
292820,50
292830,41
292840,46
292850,42
292860,45
292870,44
292880,51
292890,49
292900,42
292910,48
292920,46
292930,52
292940,48
292950,41
292960,52
292970,51
292980,49
292990,47
293000,52
293010,45
293020,36
293030,49
293040,37
293050,46
293060,55
293070,54
293080,50
293090,46
293100,50
293110,54
293120,50
293130,46
293140,55
293150,44
293160,53
293170,48
293180,46
293190,50
293200,53
293210,45
293220,47
293230,52
293240,49
293250,44
293260,48
293270,54
293280,33
293290,45
293300,43
293310,45
293320,44
293330,46
293340,47
293350,55
293360,37
293370,42
293380,49
293390,49
293400,52
293410,55
293420,41
293430,53
293440,44
293450,49
293460,54
293470,41
293480,50
293490,47
293500,45
293510,49
293520,42
293530,50
293540,53
293550,45
293560,54
293570,47
293580,42
293590,51
293600,47
293610,51
293620,44
293630,45
293640,46
293650,63
293660,47
293670,51
293680,49
293690,51
293700,42
293710,48
293720,49
293730,39
293740,47
293750,45
293760,51
293770,51
293780,51
293790,49
293800,46
293810,53
293820,52
293830,39
293840,42
293850,54
293860,47
293870,49
293880,51
293890,45
293900,48
293910,39
293920,58
293930,47
293940,49
293950,44
293960,45
293970,48
293980,45
293990,38
294000,47
294010,52
294020,46
294030,52
294040,51
294050,52
294060,49
294070,57
294080,51
294090,48
294100,54
294110,44
294120,47
294130,49
294140,47
294150,49
294160,39
294170,48
294180,43
294190,48
294200,50
294210,48
294220,38
294230,45
294240,45
294250,42
294260,46
294270,40
294280,49
294290,43
294300,44
294310,54
294320,42
294330,55
294340,50
294350,50
294360,44
294370,50
294380,42
294390,40
294400,49
294410,50
294420,52
294430,44
294440,46
294450,45
294460,55
294470,42
294480,42
294490,45
294500,43
294510,40
294520,36
294530,48
294540,48
294550,49
294560,45
294570,54
294580,44
294590,50
294600,45
294610,48
294620,42
294630,46
294640,40
294650,43
294660,41
294670,44
294680,48
294690,44
294700,43
294710,51
294720,50
294730,45
294740,57
294750,50
294760,50
294770,43
294780,47
294790,47
294800,47
294810,54
294820,47
294830,51
294840,47
294850,52
294860,47
294870,44
294880,45
294890,42
294900,61
294910,51
294920,50
294930,45
294940,52
294950,42
294960,56
294970,49
294980,46
294990,51
295000,40
295010,46
295020,51
295030,46
295040,51
295050,46
295060,44
295070,47
295080,44
295090,50
295100,56
295110,41
295120,51
295130,50
295140,46
295150,51
295160,53
295170,45
295180,62
295190,50
295200,48
295210,52
295220,47
295230,51
295240,53
295250,51
295260,46
295270,51
295280,53
295290,57
295300,49
295310,40
295320,49
295330,50
295340,44
295350,53
295360,39
295370,52
295380,49
295390,59
295400,56
295410,51
295420,54
295430,47
295440,38
295450,43
295460,52
295470,45
295480,45
295490,52
295500,44
295510,42
295520,54
295530,48
295540,38
295550,53
295560,41
295570,53
295580,49
295590,47
295600,47
295610,50
295620,55
295630,53
295640,39
295650,43
295660,47
295670,52
295680,56
295690,52
295700,49
295710,53
295720,61
295730,51
295740,45
295750,52
295760,49
295770,48
295780,54
295790,51
295800,46
295810,47
295820,39
295830,47
295840,46
295850,52
295860,54
295870,43
295880,51
295890,47
295900,53
295910,45
295920,47
295930,48
295940,51
295950,52
295960,53
295970,45
295980,50
295990,45
296000,46
296010,52
296020,48
296030,48
296040,43
296050,50
296060,52
296070,45
296080,49
296090,48
296100,47
296110,44
296120,42
296130,49
296140,46
296150,43
296160,47
296170,53
296180,46
296190,44
296200,50
296210,49
296220,47
296230,44
296240,52
296250,50
296260,44
296270,51
296280,53
296290,51
296300,48
296310,43
296320,51
296330,51
296340,49
296350,39
296360,52
296370,45
296380,44
296390,49
296400,45
296410,51
296420,54
296430,49
296440,47
296450,54
296460,44
296470,53
296480,47
296490,52
296500,53
296510,58
296520,51
296530,48
296540,48
296550,49
296560,52
296570,55
296580,51
296590,50
296600,51
296610,40
296620,48
296630,44
296640,49
296650,46
296660,45
296670,55
296680,58
296690,57
296700,49
296710,50
296720,51
296730,53
296740,56
296750,49
296760,47
296770,48
296780,50
296790,63
296800,54
296810,57
296820,48
296830,54
296840,47
296850,47
296860,56
296870,54
296880,51
296890,54
296900,52
296910,52
296920,54
296930,61
296940,52
296950,56
296960,56
296970,55
296980,52
296990,52
297000,53
297010,55
297020,51
297030,46
297040,55
297050,48
297060,46
297070,53
297080,55
297090,47
297100,48
297110,58
297120,52
297130,57
297140,52
297150,45
297160,52
297170,40
297180,54
297190,49
297200,55
297210,46
297220,54
297230,56
297240,49
297250,54
297260,49
297270,51
297280,49
297290,53
297300,43
297310,47
297320,46
297330,47
297340,48
297350,51
297360,51
297370,57
297380,59
297390,53
297400,45
297410,61
297420,55
297430,57
297440,43
297450,49
297460,49
297470,45
297480,44
297490,53
297500,46
297510,47
297520,52
297530,59
297540,47
297550,55
297560,51
297570,54
297580,51
297590,53
297600,50
297610,57
297620,45
297630,55
297640,48
297650,50
297660,48
297670,53
297680,48
297690,53
297700,55
297710,50
297720,43
297730,50
297740,48
297750,49
297760,50
297770,50
297780,53
297790,53
297800,49
297810,52
297820,46
297830,45
297840,44
297850,53
297860,38
297870,47
297880,50
297890,47
297900,53
297910,52
297920,51
297930,56
297940,43
297950,48
297960,55
297970,48
297980,43
297990,55
298000,47
298510,49
298520,46
298530,56
298540,52
298550,39
298560,50
298570,55
298580,48
298590,56
298600,56
298610,52
298620,51
298630,47
298640,49
298650,48
298660,56
298670,48
298680,45
298690,47
298700,50
298710,50
298720,47
298730,47
298740,47
298750,40
298760,49
298770,49
298780,52
298790,40
298800,49
298810,48
298820,44
298830,47
298840,49
298850,52
298860,46
298870,40
298880,42
298890,59
298900,52
298910,51
298920,49
298930,51
298940,44
298950,47
298960,53
298970,50
298980,54
298990,50
299000,55
299010,46
299020,44
299030,48
299040,48
299050,47
299060,59
299070,46
299080,43
299090,51
299100,52
299110,56
299120,54
299130,46
299140,48
299150,54
299160,52
299170,54
299180,42
299190,40
299200,45
299210,47
299220,51
299230,50
299240,41
299250,46
299260,44
299270,55
299280,48
299290,52
299300,47
299310,49
299320,45
299330,49
299340,50
299350,45
299360,48
299370,52
299380,39
299390,44
299400,43
299410,59
299420,47
299430,41
299440,51
299450,50
299460,51
299470,49
299480,51
299490,51
299500,52
299510,41
299520,56
299530,47
299540,43
299550,47
299560,48
299570,56
299580,42
299590,46
299600,56
299610,49
299620,48
299630,46
299640,54
299650,52
299660,48
299670,37
299680,50
299690,48
299700,44
299710,47
299720,55
299730,54
299740,58
299750,50
299760,51
299770,49
299780,45
299790,52
299800,47
299810,47
299820,57
299830,47
299840,45
299850,57
299860,50
299870,42
299880,53
299890,50
299900,55
299910,52
299920,47
299930,45
299940,48
299950,50
299960,53
299970,46
299980,45
299990,53
300000,55
300010,54
300020,42
300030,53
300040,55
300050,48
300060,51
300070,45
300080,50
300090,46
300100,45
300110,58
300120,53
300130,56
300140,49
300150,62
300160,51
300170,53
300180,48
300190,42
300200,47
300210,44
300220,48
300230,48
300240,44
300250,43
300260,50
300270,48
300280,49
300290,38
300300,46
300310,48
300320,48
300330,46
300340,48
300350,44
300360,43
300370,46
300380,54
300390,49
300400,48
300410,48
300420,43
300430,49
300440,53
300450,41
300460,49
300470,46
300480,41
300490,43
300500,51
300510,49
300520,51
300530,48
300540,54
300550,39
300560,48
300570,43
300580,39
300590,37
300600,47
300610,49
300620,45
300630,49
300640,46
300650,53
300660,55
300670,54
300680,53
300690,46
300700,48
300710,57
300720,51
300730,42
300740,52
300750,52
300760,45
300770,44
300780,39
300790,48
300800,56
300810,51
300820,42
300830,49
300840,48
300850,53
300860,46
300870,46
300880,49
300890,53
300900,41
300910,49
300920,52
300930,47
300940,51
300950,50
300960,48
300970,47
300980,47
300990,47
301000,44
301010,45
301020,40
301030,48
301040,46
301050,41
301060,48
301070,55
301080,40
301090,49
301100,45
301110,42
301120,48
301130,49
301140,47
301150,43
301160,42
301170,58
301180,51
301190,54
301200,55
301210,52
301220,53
301230,47
301240,46
301250,42
301260,50
301270,44
301280,47
301290,49
301300,55
301310,44
301320,47
301330,51
301340,36
301350,43
301360,44
301370,50
301380,48
301390,50
301400,41
301410,54
301420,51
301430,39
301440,41
301450,48
301460,48
301470,52
301480,48
301490,44
301500,54
301510,50
301520,55
301530,42
301540,44
301550,42
301560,53
301570,39
301580,45
301590,50
301600,47
301610,41
301620,48
301630,50
301640,54
301650,51
301660,50
301670,50
301680,52
301690,43
301700,46
301710,59
301720,51
301730,51
301740,50
301750,45
301760,52
301770,47
301780,52
301790,45
301800,50
301810,50
301820,53
301830,44
301840,44
301850,49
301860,51
301870,44
301880,53
301890,54
301900,45
301910,46
301920,54
301930,52
301940,50
301950,47
301960,48
301970,48
301980,50
301990,48
302000,51
302010,48
302020,45
302030,46
302040,51
302050,55
302060,54
302070,51
302080,53
302090,50
302100,48
302110,56
302120,39
302130,43
302140,50
302150,43
302160,48
302170,40
302180,44
302190,39
302200,40
302210,41
302220,49
302230,45
302240,39
302250,41
302260,44
302270,36
302280,53
302290,46
302300,39
302310,58
302320,39
302330,51
302340,50
302350,46
302360,53
302370,43
302380,45
302390,43
302400,44
302410,49
302420,47
302430,42
302440,47
302450,47
302460,44
302470,43
302480,55
302490,52
302500,43
302510,48
302520,50
302530,43
302540,49
302550,46
302560,41
302570,40
302580,46
302590,49
302600,51
302610,44
302620,52
302630,53
302640,39
302650,48
302660,42
302670,44
302680,45
302690,44
302700,44
302710,40
302720,45
302730,48
302740,41
302750,44
302760,52
302770,40
302780,54
302790,56
302800,50
302810,46
302820,49
302830,50
302840,54
302850,40
302860,44
302870,42
302880,51
302890,43
302900,50
302910,50
302920,53
302930,47
302940,48
302950,51
302960,53
302970,45
302980,48
302990,54
303000,39
303010,41
303020,46
303030,48
303040,42
303050,42
303060,48
303070,48
303080,50
303090,49
303100,46
303110,49
303120,43
303130,40
303140,46
303150,44
303160,50
303170,37
303180,38
303190,44
303200,45
303210,52
303220,46
303230,48
303240,49
303250,48
303260,55
303270,42
303280,52
303290,44
303300,53
303310,52
303320,45
303330,50
303340,42
303350,49
303360,49
303370,49
303380,50
303390,43
303400,51
303410,43
303420,51
303430,51
303440,51
303450,52
303460,38
303470,45
303480,54
303490,46
303500,54
304760,48
304770,47
304780,43
304790,48
304800,42
304810,51
304820,47
304830,48
304840,53
304850,47
304860,49
304870,34
304880,51
304890,46
304900,50
304910,50
304920,50
304930,46
304940,41
304950,51
304960,39
304970,41
304980,47
304990,39
305000,50
308260,45
308270,31
308280,40
308290,40
308300,32
308310,46
308320,42
308330,46
308340,43
308350,50
308360,46
308370,44
308380,48
308390,50
308400,47
308410,47
308420,46
308430,48
308440,37
308450,35
308460,41
308470,42
308480,44
308490,45
308500,43
308510,42
308520,43
308530,50
308540,48
308550,43
308560,49
308570,51
308580,42
308590,49
308600,48
308610,39
308620,46
308630,44
308640,47
308650,43
308660,42
308670,47
308680,48
308690,38
308700,49
308710,45
308720,47
308730,48
308740,39
308750,48
308760,39
308770,48
308780,48
308790,50
308800,37
308810,52
308820,51
308830,51
308840,46
308850,47
308860,51
308870,42
308880,43
308890,39
308900,42
308910,50
308920,43
308930,42
308940,46
308950,52
308960,55
308970,39
308980,43
308990,45
309000,47
309010,45
309020,44
309030,46
309040,51
309050,46
309060,41
309070,44
309080,40
309090,41
309100,50
309110,52
309120,36
309130,51
309140,52
309150,51
309160,49
309170,42
309180,42
309190,38
309200,41
309210,46
309220,45
309230,43
309240,42
309250,46
309260,44
309270,36
309280,41
309290,44
309300,48
309310,48
309320,47
309330,45
309340,48
309350,51
309360,43
309370,38
309380,49
309390,39
309400,39
309410,41
309420,49
309430,49
309440,49
309450,53
309460,47
309470,43
309480,45
309490,45
309500,47
309510,45
309520,44
309530,51
309540,52
309550,44
309560,45
309570,47
309580,48
309590,40
309600,45
309610,42
309620,47
309630,38
309640,42
309650,37
309660,50
309670,44
309680,44
309690,50
309700,43
309710,51
309720,46
309730,40
309740,52
309750,51
309760,42
309770,45
309780,43
309790,43
309800,46
309810,48
309820,50
309830,54
309840,50
309850,49
309860,44
309870,54
309880,50
309890,51
309900,46
309910,42
309920,51
309930,38
309940,51
309950,50
309960,49
309970,52
309980,52
309990,38
310000,45
310010,45
310020,58
310030,51
310040,51
310050,43
310060,51
310070,53
310080,48
310090,37
310100,49
310110,44
310120,45
310130,49
310140,42
310150,51
310160,47
310170,52
310180,49
310190,55
310200,41
310210,45
310220,47
310230,48
310240,40
310250,44
310260,57
310270,46
310280,42
310290,40
310300,50
310310,44
310320,47
310330,47
310340,42
310350,42
310360,43
310370,46
310380,52
310390,52
310400,49
310410,38
310420,51
310430,53
310440,43
310450,51
310460,42
310470,39
310480,47
310490,48
310500,45
310510,52
310520,48
310530,47
310540,43
310550,47
310560,49
310570,50
310580,44
310590,42
310600,51
310610,51
310620,47
310630,53
310640,45
310650,47
310660,50
310670,47
310680,48
310690,41
310700,41
310710,50
310720,51
310730,52
310740,45
310750,47
310760,47
310770,43
310780,46
310790,50
310800,43
310810,44
310820,55
310830,48
310840,45
310850,50
310860,41
310870,57
310880,50
310890,48
310900,48
310910,47
310920,52
310930,42
310940,37
310950,50
310960,50
310970,45
310980,46
310990,56
311000,49
311010,57
311020,50
311030,43
311040,41
311050,45
311060,53
311070,44
311080,39
311090,53
311100,42
311110,40
311120,41
311130,52
311140,48
311150,45
311160,50
311170,51
311180,39
311190,43
311200,47
311210,42
311220,47
311230,40
311240,44
311250,45
311260,45
311270,39
311280,49
311290,41
311300,50
311310,48
311320,48
311330,45
311340,46
311350,48
311360,43
311370,42
311380,54
311390,43
311400,41
311410,41
311420,42
311430,49
311440,54
311450,53
311460,41
311470,47
311480,54
311490,47
311500,45
311510,44
311520,37
311530,48
311540,47
311550,44
311560,43
311570,53
311580,45
311590,48
311600,39
311610,48
311620,43
311630,52
311640,41
311650,47
311660,47
311670,48
311680,44
311690,43
311700,44
311710,52
311720,44
311730,48
311740,47
311750,48
311760,54
311770,48
311780,39
311790,51
311800,49
311810,47
311820,37
311830,49
311840,51
311850,52
311860,52
311870,39
311880,43
311890,40
311900,43
311910,39
311920,49
311930,44
311940,47
311950,45
311960,48
311970,43
311980,46
311990,53
312000,48
312010,50
312020,49
312030,40
312040,47
312050,49
312060,44
312070,49
312080,56
312090,39
312100,50
312110,51
312120,46
312130,53
312140,41
312150,54
312160,52
312170,42
312180,49
312190,42
312200,44
312210,51
312220,45
312230,40
312240,57
312250,39
312260,47
312270,50
312280,42
312290,50
312300,48
312310,48
312320,56
312330,46
312340,49
312350,50
312360,40
312370,53
312380,42
312390,45
312400,49
312410,44
312420,47
312430,39
312440,40
312450,43
312460,37
312470,53
312480,47
312490,49
312500,53
312510,46
312520,46
312530,49
312540,47
312550,49
312560,51
312570,50
312580,44
312590,50
312600,37
312610,57
312620,46
312630,43
312640,52
312650,51
312660,48
312670,46
312680,45
312690,40
312700,50
312710,48
312720,41
312730,46
312740,41
312750,39
312760,46
312770,48
312780,44
312790,45
312800,53
312810,47
312820,50
312830,53
312840,39
312850,54
312860,49
312870,63
312880,46
312890,41
312900,45
312910,52
312920,43
312930,46
312940,48
312950,50
312960,49
312970,46
312980,51
312990,40
313000,51
314260,45
314270,52
314280,46
314290,56
314300,51
314310,44
314320,46
314330,46
314340,41
314350,51
314360,49
314370,56
314380,52
314390,46
314400,45
314410,47
314420,50
314430,55
314440,54
314450,44
314460,50
314470,49
314480,49
314490,56
314500,46
314510,51
314520,48
314530,50
314540,36
314550,50
314560,45
314570,46
314580,45
314590,41
314600,45
314610,49
314620,53
314630,50
314640,50
314650,41
314660,53
314670,43
314680,46
314690,42
314700,45
314710,49
314720,50
314730,54
314740,47
314750,48
314760,44
314770,52
314780,53
314790,52
314800,46
314810,41
314820,43
314830,49
314840,51
314850,45
314860,53
314870,48
314880,47
314890,51
314900,47
314910,49
314920,46
314930,48
314940,46
314950,56
314960,52
314970,48
314980,45
314990,46
315000,51
315010,51
315020,47
315030,44
315040,47
315050,47
315060,42
315070,49
315080,52
315090,49
315100,50
315110,54
315120,44
315130,43
315140,41
315150,52
315160,46
315170,46
315180,44
315190,41
315200,42
315210,46
315220,47
315230,52
315240,45
315250,47
315260,44
315270,43
315280,47
315290,50
315300,50
315310,43
315320,41
315330,37
315340,37
315350,50
315360,44
315370,47
315380,41
315390,45
315400,40
315410,55
315420,43
315430,48
315440,49
315450,38
315460,41
315470,50
315480,50
315490,51
315500,38
315510,48
315520,46
315530,39
315540,44
315550,44
315560,54
315570,45
315580,50
315590,47
315600,40
315610,56
315620,46
315630,46
315640,44
315650,48
315660,63
315670,50
315680,50
315690,45
315700,51
315710,56
315720,54
315730,60
315740,52
315750,44
315760,41
315770,43
315780,44
315790,51
315800,56
315810,48
315820,48
315830,56
315840,55
315850,51
315860,48
315870,44
315880,41
315890,53
315900,48
315910,41
315920,54
315930,47
315940,43
315950,43
315960,41
315970,47
315980,38
315990,50
316000,41
316260,46
316270,56
316280,51
316290,48
316300,59
316310,51
316320,44
316330,55
316340,47
316350,53
316360,38
316370,49
316380,49
316390,56
316400,55
316410,53
316420,46
316430,45
316440,45
316450,47
316460,58
316470,49
316480,53
316490,48
316500,43
316510,53
316520,52
316530,51
316540,46
316550,47
316560,46
316570,44
316580,42
316590,54
316600,45
316610,41
316620,64
316630,43
316640,50
316650,52
316660,48
316670,49
316680,51
316690,42
316700,47
316710,49
316720,52
316730,52
316740,50
316750,54
316760,51
316770,53
316780,49
316790,44
316800,49
316810,44
316820,45
316830,52
316840,58
316850,42
316860,52
316870,55
316880,47
316890,46
316900,51
316910,54
316920,47
316930,51
316940,45
316950,48
316960,53
316970,47
316980,49
316990,49
317000,49
317010,50
317020,55
317030,51
317040,49
317050,49
317060,43
317070,60
317080,45
317090,52
317100,62
317110,53
317120,53
317130,49
317140,51
317150,52
317160,45
317170,41
317180,48
317190,61
317200,51
317210,54
317220,51
317230,41
317240,45
317250,46
317260,47
317270,46
317280,46
317290,42
317300,49
317310,54
317320,57
317330,47
317340,42
317350,46
317360,43
317370,55
317380,45
317390,48
317400,61
317410,52
317420,40
317430,56
317440,55
317450,56
317460,51
317470,41
317480,42
317490,46
317500,42
317510,45
317520,49
317530,53
317540,47
317550,39
317560,37
317570,48
317580,54
317590,49
317600,53
317610,47
317620,39
317630,46
317640,48
317650,42
317660,47
317670,50
317680,41
317690,41
317700,47
317710,40
317720,45
317730,45
317740,45
317750,43
317760,45
317770,42
317780,41
317790,54
317800,50
317810,36
317820,47
317830,54
317840,55
317850,56
317860,42
317870,51
317880,55
317890,42
317900,50
317910,47
317920,46
317930,47
317940,50
317950,46
317960,52
317970,46
317980,48
317990,52
318000,53
318010,49
318020,42
318030,48
318040,52
318050,47
318060,55
318070,48
318080,50
318090,44
318100,46
318110,49
318120,48
318130,58
318140,50
318150,48
318160,53
318170,54
318180,51
318190,51
318200,41
318210,44
318220,48
318230,42
318240,51
318250,51
318260,55
318270,59
318280,44
318290,53
318300,49
318310,45
318320,53
318330,59
318340,42
318350,51
318360,58
318370,39
318380,45
318390,54
318400,44
318410,44
318420,46
318430,46
318440,42
318450,54
318460,44
318470,45
318480,44
318490,54
318500,49
318510,56
318520,51
318530,46
318540,43
318550,50
318560,55
318570,48
318580,48
318590,51
318600,42
318610,42
318620,39
318630,38
318640,41
318650,46
318660,48
318670,47
318680,39
318690,45
318700,55
318710,41
318720,48
318730,45
318740,39
318750,43
318760,51
318770,39
318780,48
318790,41
318800,46
318810,49
318820,47
318830,46
318840,45
318850,42
318860,40
318870,45
318880,42
318890,47
318900,39
318910,51
318920,44
318930,44
318940,37
318950,46
318960,43
318970,54
318980,47
318990,46
319000,39
319010,55
319020,42
319030,48
319040,45
319050,56
319060,49
319070,49
319080,52
319090,43
319100,46
319110,47
319120,52
319130,51
319140,39
319150,47
319160,51
319170,44
319180,51
319190,52
319200,51
319210,45
319220,44
319230,46
319240,40
319250,47
319260,41
319270,48
319280,42
319290,49
319300,46
319310,51
319320,48
319330,40
319340,51
319350,52
319360,44
319370,44
319380,47
319390,45
319400,46
319410,43
319420,43
319430,50
319440,46
319450,45
319460,44
319470,47
319480,47
319490,40
319500,39
319510,52
319520,47
319530,40
319540,49
319550,52
319560,51
319570,46
319580,47
319590,48
319600,50
319610,51
319620,49
319630,45
319640,47
319650,47
319660,39
319670,42
319680,43
319690,48
319700,50
319710,46
319720,47
319730,39
319740,46
319750,38
320260,47
320270,41
320280,45
320290,44
320300,43
320310,48
320320,45
320330,45
320340,48
320350,52
320360,53
320370,46
320380,37
320390,44
320400,51
320410,49
320420,41
320430,39
320440,45
320450,44
320460,47
320470,54
320480,46
320490,49
320500,47
320510,51
320520,47
320530,53
320540,46
320550,58
320560,48
320570,46
320580,54
320590,42
320600,43
320610,48
320620,46
320630,48
320640,53
320650,46
320660,49
320670,45
320680,46
320690,47
320700,49
320710,45
320720,53
320730,41
320740,54
320750,53
320760,43
320770,47
320780,36
320790,46
320800,48
320810,52
320820,46
320830,45
320840,49
320850,52
320860,44
320870,47
320880,54
320890,51
320900,47
320910,57
320920,48
320930,43
320940,43
320950,57
320960,47
320970,41
320980,46
320990,45
321000,52
321010,49
321020,49
321030,45
321040,37
321050,41
321060,53
321070,45
321080,51
321090,51
321100,47
321110,49
321120,54
321130,40
321140,54
321150,47
321160,46
321170,45
321180,47
321190,48
321200,47
321210,39
321220,49
321230,34
321240,47
321250,49
321260,49
321270,55
321280,48
321290,47
321300,46
321310,54
321320,45
321330,48
321340,45
321350,45
321360,47
321370,44
321380,37
321390,48
321400,43
321410,40
321420,52
321430,39
321440,54
321450,50
321460,50
321470,41
321480,43
321490,49
321500,44
321510,55
321520,50
321530,48
321540,50
321550,53
321560,43
321570,39
321580,50
321590,44
321600,48
321610,45
321620,47
321630,54
321640,55
321650,46
321660,47
321670,48
321680,43
321690,39
321700,55
321710,47
321720,45
321730,46
321740,44
321750,39
321760,49
321770,52
321780,36
321790,42
321800,47
321810,46
321820,46
321830,42
321840,51
321850,52
321860,49
321870,55
321880,53
321890,46
321900,50
321910,50
321920,44
321930,55
321940,41
321950,45
321960,44
321970,39
321980,42
321990,43
322000,53
322010,47
322020,45
322030,47
322040,47
322050,51
322060,50
322070,47
322080,49
322090,50
322100,50
322110,57
322120,49
322130,45
322140,38
322150,53
322160,47
322170,51
322180,52
322190,41
322200,44
322210,53
322220,44
322230,47
322240,49
322250,46
322260,52
322270,43
322280,42
322290,44
322300,42
322310,45
322320,50
322330,34
322340,44
322350,49
322360,54
322370,48
322380,51
322390,49
322400,48
322410,50
322420,38
322430,50
322440,44
322450,55
322460,51
322470,59
322480,52
322490,45
322500,42
322510,55
322520,49
322530,39
322540,45
322550,53
322560,48
322570,44
322580,49
322590,51
322600,49
322610,52
322620,44
322630,57
322640,43
322650,43
322660,44
322670,47
322680,51
322690,53
322700,51
322710,40
322720,44
322730,42
322740,45
322750,44
322760,47
322770,44
322780,48
322790,52
322800,44
322810,40
322820,45
322830,47
322840,48
322850,56
322860,48
322870,49
322880,44
322890,51
322900,52
322910,50
322920,50
322930,53
322940,52
322950,50
322960,44
322970,47
322980,51
322990,42
323000,53
323010,51
323020,45
323030,48
323040,41
323050,46
323060,47
323070,45
323080,55
323090,49
323100,44
323110,45
323120,46
323130,43
323140,48
323150,54
323160,58
323170,46
323180,48
323190,48
323200,56
323210,43
323220,50
323230,46
323240,49
323250,50
323260,52
323270,45
323280,44
323290,48
323300,47
323310,48
323320,50
323330,44
323340,52
323350,42
323360,50
323370,45
323380,44
323390,47
323400,47
323410,54
323420,50
323430,49
323440,44
323450,48
323460,52
323470,53
323480,44
323490,51
323500,45
323510,50
323520,51
323530,47
323540,46
323550,54
323560,51
323570,53
323580,55
323590,55
323600,46
323610,52
323620,46
323630,45
323640,52
323650,44
323660,47
323670,39
323680,45
323690,46
323700,46
323710,33
323720,39
323730,45
323740,46
323750,45
323760,53
323770,42
323780,43
323790,48
323800,61
323810,48
323820,43
323830,47
323840,46
323850,46
323860,47
323870,48
323880,53
323890,47
323900,47
323910,49
323920,41
323930,42
323940,49
323950,37
323960,53
323970,49
323980,54
323990,47
324000,52
324010,50
324020,52
324030,55
324040,40
324050,45
324060,52
324070,53
324080,48
324090,56
324100,47
324110,47
324120,48
324130,56
324140,52
324150,46
324160,49
324170,42
324180,47
324190,55
324200,45
324210,48
324220,46
324230,48
324240,50
324250,50
324260,49
324270,54
324280,48
324290,51
324300,43
324310,49
324320,48
324330,48
324340,36
324350,50
324360,54
324370,58
324380,47
324390,46
324400,54
324410,46
324420,45
324430,42
324440,42
324450,36
324460,43
324470,52
324480,47
324490,44
324500,52
324510,51
324520,47
324530,51
324540,44
324550,49
324560,42
324570,56
324580,43
324590,50
324600,48
324610,47
324620,49
324630,45
324640,56
324650,48
324660,47
324670,47
324680,51
324690,44
324700,42
324710,45
324720,46
324730,47
324740,43
324750,49
324760,44
324770,42
324780,46
324790,44
324800,43
324810,38
324820,45
324830,45
324840,47
324850,44
324860,41
324870,51
324880,44
324890,38
324900,44
324910,43
324920,46
324930,42
324940,42
324950,49
324960,43
324970,37
324980,41
324990,46
325000,37
325010,45
325020,43
325030,44
325040,34
325050,47
325060,43
325070,42
325080,48
325090,45
325100,43
325110,40
325120,49
325130,49
325140,52
325150,57
325160,51
325170,55
325180,51
325190,44
325200,38
325210,38
325220,48
325230,37
325240,45
325250,44
325260,45
325270,48
325280,48
325290,43
325300,41
325310,51
325320,44
325330,49
325340,46
325350,36
325360,52
325370,47
325380,41
325390,51
325400,41
325410,47
325420,44
325430,41
325440,46
325450,42
325460,49
325470,41
325480,48
325490,48
325500,50
325510,43
325520,52
325530,48
325540,42
325550,45
325560,36
325570,48
325580,40
325590,43
325600,39
325610,53
325620,45
325630,42
325640,50
325650,43
325660,40
325670,48
325680,45
325690,37
325700,43
325710,43
325720,49
325730,46
325740,45
325750,54
325760,55
325770,50
325780,54
325790,49
325800,46
325810,47
325820,48
325830,44
325840,46
325850,40
325860,54
325870,40
325880,54
325890,47
325900,45
325910,52
325920,43
325930,54
325940,45
325950,51
325960,49
325970,45
325980,50
325990,51
326000,44
326010,50
326020,42
326030,51
326040,49
326050,37
326060,42
326070,49
326080,46
326090,50
326100,47
326110,43
326120,46
326130,52
326140,55
326150,38
326160,51
326170,40
326180,49
326190,49
326200,48
326210,49
326220,46
326230,36
326240,52
326250,48
326260,45
326270,44
326280,46
326290,51
326300,48
326310,47
326320,50
326330,49
326340,52
326350,45
326360,40
326370,44
326380,50
326390,43
326400,49
326410,46
326420,51
326430,50
326440,49
326450,49
326460,52
326470,38
326480,52
326490,51
326500,51
326510,39
326520,50
326530,51
326540,41
326550,48
326560,57
326570,54
326580,48
326590,49
326600,47
326610,46
326620,51
326630,55
326640,52
326650,55
326660,45
326670,48
326680,50
326690,52
326700,48
326710,50
326720,49
326730,53
326740,52
326750,52
326760,54
326770,40
326780,51
326790,46
326800,46
326810,45
326820,45
326830,48
326840,40
326850,41
326860,50
326870,55
326880,54
326890,43
326900,49
326910,43
326920,46
326930,51
326940,49
326950,42
326960,57
326970,44
326980,47
326990,53
327000,47
327010,44
327020,56
327030,45
327040,44
327050,47
327060,50
327070,40
327080,59
327090,45
327100,51
327110,54
327120,54
327130,50
327140,42
327150,42
327160,45
327170,53
327180,50
327190,41
327200,49
327210,49
327220,48
327230,49
327240,44
327250,44
327260,50
327270,45
327280,53
327290,49
327300,49
327310,51
327320,52
327330,51
327340,46
327350,49
327360,48
327370,42
327380,49
327390,48
327400,59
327410,42
327420,45
327430,53
327440,46
327450,45
327460,55
327470,55
327480,54
327490,49
327500,53
327510,54
327520,50
327530,47
327540,47
327550,44
327560,46
327570,47
327580,39
327590,47
327600,49
327610,53
327620,39
327630,43
327640,52
327650,52
327660,50
327670,43
327680,50
327690,44
327700,53
327710,50
327720,36
327730,49
327740,48
327750,53
327760,54
327770,50
327780,49
327790,45
327800,50
327810,49
327820,54
327830,48
327840,52
327850,50
327860,41
327870,48
327880,47
327890,47
327900,49
327910,53
327920,45
327930,49
327940,45
327950,53
327960,49
327970,45
327980,42
327990,43
328000,52
328010,48
328020,57
328030,51
328040,43
328050,48
328060,45
328070,61
328080,48
328090,46
328100,52
328110,54
328120,47
328130,44
328140,49
328150,56
328160,55
328170,47
328180,52
328190,52
328200,48
328210,50
328220,57
328230,55
328240,45
328250,47
328260,48
328270,51
328280,53
328290,47
328300,50
328310,43
328320,40
328330,43
328340,49
328350,51
328360,52
328370,50
328380,48
328390,55
328400,46
328410,45
328420,49
328430,46
328440,51
328450,47
328460,52
328470,47
328480,49
328490,50
328500,49
328510,57
328520,51
328530,51
328540,48
328550,58
328560,50
328570,39
328580,52
328590,54
328600,51
328610,48
328620,47
328630,52
328640,43
328650,48
328660,54
328670,43
328680,44
328690,38
328700,50
328710,48
328720,44
328730,51
328740,47
328750,51
328760,49
328770,52
328780,47
328790,50
328800,49
328810,55
328820,50
328830,46
328840,51
328850,49
328860,45
328870,47
328880,45
328890,49
328900,50
328910,49
328920,43
328930,42
328940,50
328950,47
328960,42
328970,51
328980,39
328990,44
329000,50
329010,43
329020,47
329030,43
329040,54
329050,53
329060,51
329070,55
329080,44
329090,52
329100,52
329110,46
329120,49
329130,47
329140,49
329150,51
329160,45
329170,57
329180,58
329190,44
329200,47
329210,46
329220,48
329230,56
329240,51
329250,54
329260,50
329270,51
329280,41
329290,51
329300,48
329310,48
329320,40
329330,45
329340,44
329350,46
329360,47
329370,48
329380,46
329390,48
329400,50
329410,45
329420,44
329430,48
329440,43
329450,47
329460,46
329470,49
329480,53
329490,44
329500,45
329510,49
329520,41
329530,43
329540,35
329550,44
329560,37
329570,49
329580,42
329590,43
329600,38
329610,48
329620,58
329630,50
329640,42
329650,41
329660,37
329670,44
329680,38
329690,44
329700,32
329710,42
329720,50
329730,42
329740,47
329750,43
329760,47
329770,54
329780,48
329790,42
329800,40
329810,46
329820,45
329830,46
329840,43
329850,45
329860,48
329870,51
329880,41
329890,42
329900,45
329910,45
329920,41
329930,49
329940,42
329950,39
329960,40
329970,43
329980,47
329990,51
330000,48
330010,43
330020,53
330030,44
330040,48
330050,41
330060,40
330070,46
330080,55
330090,56
330100,40
330110,53
330120,45
330130,41
330140,40
330150,48
330160,43
330170,44
330180,46
330190,55
330200,49
330210,51
330220,52
330230,44
330240,48
330250,48
330260,48
330270,47
330280,49
330290,47
330300,47
330310,50
330320,50
330330,50
330340,47
330350,46
330360,45
330370,47
330380,42
330390,47
330400,46
330410,48
330420,45
330430,44
330440,48
330450,55
330460,51
330470,53
330480,57
330490,48
330500,49
330510,46
330520,44
330530,44
330540,47
330550,47
330560,57
330570,48
330580,50
330590,41
330600,45
330610,52
330620,49
330630,43
330640,48
330650,49
330660,47
330670,43
330680,46
330690,46
330700,50
330710,45
330720,49
330730,42
330740,45
330750,47
330760,50
330770,45
330780,50
330790,50
330800,40
330810,47
330820,39
330830,49
330840,54
330850,45
330860,53
330870,50
330880,49
330890,50
330900,50
330910,44
330920,40
330930,39
330940,51
330950,48
330960,46
330970,53
330980,45
330990,41
331000,43
331010,38
331020,41
331030,59
331040,47
331050,44
331060,46
331070,53
331080,46
331090,46
331100,48
331110,42
331120,56
331130,50
331140,53
331150,49
331160,34
331170,49
331180,51
331190,49
331200,52
331210,53
331220,49
331230,44
331240,49
331250,50
331260,49
331270,48
331280,45
331290,49
331300,51
331310,44
331320,47
331330,49
331340,49
331350,45
331360,41
331370,44
331380,44
331390,47
331400,44
331410,53
331420,51
331430,48
331440,44
331450,44
331460,50
331470,51
331480,57
331490,38
331500,46
331510,45
331520,51
331530,45
331540,52
331550,51
331560,36
331570,47
331580,54
331590,44
331600,37
331610,47
331620,44
331630,45
331640,54
331650,47
331660,54
331670,48
331680,51
331690,36
331700,45
331710,41
331720,49
331730,42
331740,46
331750,41
331760,39
331770,43
331780,35
331790,44
331800,40
331810,49
331820,44
331830,38
331840,47
331850,44
331860,48
331870,45
331880,47
331890,32
331900,40
331910,45
331920,47
331930,44
331940,39
331950,43
331960,44
331970,48
331980,49
331990,47
332000,51
332010,38
332020,50
332030,37
332040,52
332050,52
332060,49
332070,50
332080,47
332090,47
332100,42
332110,46
332120,40
332130,41
332140,46
332150,52
332160,41
332170,41
332180,50
332190,52
332200,50
332210,52
332220,47
332230,52
332240,47
332250,42
332260,37
332270,43
332280,44
332290,53
332300,49
332310,52
332320,44
332330,39
332340,51
332350,53
332360,41
332370,45
332380,52
332390,46
332400,43
332410,42
332420,41
332430,43
332440,44
332450,50
332460,40
332470,48
332480,52
332490,46
332500,44
332510,51
332520,51
332530,47
332540,53
332550,40
332560,46
332570,40
332580,36
332590,44
332600,48
332610,57
332620,44
332630,38
332640,44
332650,49
332660,48
332670,56
332680,44
332690,46
332700,54
332710,49
332720,47
332730,39
332740,37
332750,46
332760,47
332770,49
332780,36
332790,44
332800,46
332810,51
332820,39
332830,38
332840,46
332850,45
332860,54
332870,47
332880,50
332890,45
332900,47
332910,47
332920,50
332930,47
332940,50
332950,43
332960,41
332970,53
332980,44
332990,51
333000,38
333010,47
333020,37
333030,46
333040,52
333050,50
333060,41
333070,49
333080,53
333090,44
333100,43
333110,41
333120,44
333130,43
333140,47
333150,45
333160,44
333170,41
333180,47
333190,53
333200,49
333210,49
333220,37
333230,42
333240,48
333250,46
333260,41
333270,42
333280,47
333290,38
333300,49
333310,49
333320,50
333330,51
333340,43
333350,39
333360,47
333370,41
333380,51
333390,44
333400,48
333410,47
333420,47
333430,41
333440,40
333450,40
333460,42
333470,49
333480,36
333490,62
333500,47
333510,45
333520,43
333530,51
333540,45
333550,49
333560,52
333570,45
333580,41
333590,45
333600,42
333610,37
333620,48
333630,42
333640,47
333650,45
333660,45
333670,49
333680,49
333690,49
333700,39
333710,49
333720,41
333730,47
333740,37
333750,46
333760,44
333770,48
333780,53
333790,49
333800,45
333810,52
333820,48
333830,43
333840,48
333850,50
333860,43
333870,41
333880,51
333890,43
333900,50
333910,47
333920,54
333930,45
333940,46
333950,44
333960,46
333970,40
333980,41
333990,47
334000,44
334010,41
334020,50
334030,52
334040,46
334050,36
334060,40
334070,55
334080,43
334090,31
334100,37
334110,40
334120,45
334130,46
334140,44
334150,43
334160,50
334170,50
334180,42
334190,47
334200,49
334210,47
334220,44
334230,48
334240,48
334250,50
334260,44
334270,44
334280,43
334290,45
334300,50
334310,47
334320,51
334330,41
334340,37
334350,45
334360,52
334370,49
334380,46
334390,36
334400,42
334410,51
334420,47
334430,48
334440,47
334450,49
334460,39
334470,50
334480,46
334490,44
334500,45
334510,42
334520,50
334530,44
334540,52
334550,49
334560,52
334570,41
334580,42
334590,50
334600,49
334610,42
334620,48
334630,58
334640,48
334650,40
334660,44
334670,34
334680,33
334690,39
334700,39
334710,35
334720,42
334730,41
334740,52
334750,42
334760,44
334770,46
334780,44
334790,47
334800,47
334810,47
334820,37
334830,45
334840,47
334850,47
334860,48
334870,43
334880,40
334890,40
334900,43
334910,36
334920,48
334930,51
334940,40
334950,39
334960,41
334970,45
334980,45
334990,43
335000,50
335010,36
335020,42
335030,47
335040,47
335050,49
335060,50
335070,40
335080,47
335090,42
335100,48
335110,48
335120,48
335130,38
335140,46
335150,45
335160,39
335170,55
335180,47
335190,43
335200,46
335210,49
335220,53
335230,40
335240,46
335250,40
335260,49
335270,45
335280,39
335290,46
335300,42
335310,51
335320,49
335330,39
335340,45
335350,42
335360,37
335370,41
335380,43
335390,40
335400,39
335410,50
335420,49
335430,38
335440,47
335450,50
335460,48
335470,49
335480,45
335490,40
335500,47
335510,42
335520,48
335530,45
335540,46
335550,44
335560,48
335570,46
335580,41
335590,43
335600,43
335610,53
335620,43
335630,43
335640,44
335650,44
335660,38
335670,42
335680,44
335690,43
335700,46
335710,49
335720,40
335730,46
335740,49
335750,43
335760,38
335770,46
335780,49
335790,50
335800,41
335810,44
335820,39
335830,52
335840,43
335850,56
335860,45
335870,45
335880,52
335890,50
335900,39
335910,43
335920,47
335930,42
335940,46
335950,47
335960,50
335970,47
335980,45
335990,54
336000,46
336010,55
336020,47
336030,45
336040,46
336050,51
336060,48
336070,44
336080,50
336090,51
336100,39
336110,44
336120,49
336130,47
336140,47
336150,50
336160,41
336170,47
336180,42
336190,45
336200,45
336210,41
336220,46
336230,47
336240,43
336250,44
336260,49
336270,48
336280,40
336290,37
336300,44
336310,44
336320,45
336330,51
336340,39
336350,50
336360,52
336370,47
336380,46
336390,44
336400,40
336410,45
336420,37
336430,51
336440,45
336450,46
336460,48
336470,45
336480,40
336490,49
336500,45
336510,42
336520,39
336530,53
336540,50
336550,41
336560,43
336570,43
336580,48
336590,48
336600,48
336610,44
336620,49
336630,52
336640,40
336650,48
336660,52
336670,39
336680,44
336690,44
336700,42
336710,48
336720,54
336730,47
336740,41
336750,51
336760,41
336770,49
336780,46
336790,41
336800,46
336810,45
336820,52
336830,37
336840,48
336850,51
336860,45
336870,50
336880,48
336890,39
336900,43
336910,40
336920,44
336930,43
336940,45
336950,43
336960,47
336970,39
336980,53
336990,49
337000,53
337010,51
337020,51
337030,50
337040,44
337050,50
337060,46
337070,44
337080,49
337090,54
337100,46
337110,44
337120,46
337130,40
337140,53
337150,50
337160,45
337170,43
337180,45
337190,45
337200,45
337210,46
337220,37
337230,51
337240,46
337250,39
337260,52
337270,58
337280,50
337290,49
337300,47
337310,51
337320,41
337330,42
337340,48
337350,49
337360,43
337370,44
337380,42
337390,41
337400,52
337410,41
337420,39
337430,40
337440,38
337450,42
337460,45
337470,39
337480,52
337490,34
337500,50
337510,50
337520,52
337530,47
337540,51
337550,45
337560,50
337570,54
337580,44
337590,43
337600,45
337610,42
337620,49
337630,48
337640,48
337650,39
337660,39
337670,46
337680,48
337690,49
337700,58
337710,46
337720,42
337730,46
337740,45
337750,45
337760,47
337770,46
337780,36
337790,41
337800,47
337810,43
337820,50
337830,45
337840,46
337850,50
337860,51
337870,49
337880,49
337890,41
337900,49
337910,47
337920,47
337930,41
337940,52
337950,49
337960,53
337970,48
337980,51
337990,47
338000,48
338010,46
338020,45
338030,49
338040,48
338050,44
338060,47
338070,42
338080,52
338090,53
338100,49
338110,46
338120,47
338130,53
338140,47
338150,47
338160,44
338170,52
338180,48
338190,44
338200,46
338210,46
338220,41
338230,51
338240,38
338250,42
338260,43
338270,40
338280,46
338290,45
338300,48
338310,43
338320,47
338330,41
338340,47
338350,45
338360,51
338370,50
338380,52
338390,44
338400,38
338410,42
338420,47
338430,54
338440,49
338450,48
338460,46
338470,49
338480,43
338490,40
338500,51
338510,42
338520,47
338530,48
338540,41
338550,48
338560,48
338570,54
338580,41
338590,57
338600,49
338610,51
338620,47
338630,40
338640,47
338650,46
338660,42
338670,49
338680,41
338690,44
338700,51
338710,45
338720,46
338730,49
338740,46
338750,44
339260,49
339270,50
339280,50
339290,54
339300,47
339310,49
339320,39
339330,47
339340,49
339350,49
339360,50
339370,49
339380,43
339390,52
339400,47
339410,45
339420,49
339430,45
339440,45
339450,43
339460,48
339470,47
339480,47
339490,48
339500,47
339510,44
339520,48
339530,49
339540,48
339550,47
339560,52
339570,47
339580,52
339590,42
339600,44
339610,41
339620,42
339630,45
339640,42
339650,56
339660,46
339670,47
339680,57
339690,40
339700,49
339710,44
339720,52
339730,45
339740,39
339750,47
339760,52
339770,44
339780,45
339790,48
339800,44
339810,40
339820,47
339830,39
339840,42
339850,45
339860,43
339870,56
339880,46
339890,47
339900,44
339910,49
339920,50
339930,43
339940,47
339950,39
339960,42
339970,49
339980,41
339990,61
340000,54
340010,54
340020,51
340030,45
340040,48
340050,42
340060,45
340070,52
340080,42
340090,36
340100,42
340110,43
340120,52
340130,46
340140,48
340150,41
340160,50
340170,47
340180,51
340190,50
340200,43
340210,54
340220,47
340230,51
340240,44
340250,45
340260,49
340270,39
340280,43
340290,47
340300,54
340310,49
340320,47
340330,48
340340,41
340350,54
340360,43
340370,45
340380,46
340390,39
340400,50
340410,48
340420,51
340430,49
340440,44
340450,51
340460,46
340470,48
340480,43
340490,51
340500,48
340510,49
340520,48
340530,46
340540,44
340550,49
340560,50
340570,49
340580,41
340590,46
340600,47
340610,37
340620,57
340630,44
340640,52
340650,46
340660,45
340670,46
340680,49
340690,44
340700,49
340710,40
340720,49
340730,52
340740,56
340750,44
340760,47
340770,48
340780,44
340790,43
340800,43
340810,47
340820,50
340830,41
340840,49
340850,49
340860,45
340870,48
340880,47
340890,43
340900,53
340910,55
340920,46
340930,45
340940,51
340950,61
340960,46
340970,46
340980,46
340990,40
341000,45
341010,44
341020,51
341030,49
341040,39
341050,51
341060,48
341070,48
341080,43
341090,46
341100,51
341110,56
341120,49
341130,45
341140,36
341150,31
341160,41
341170,53
341180,53
341190,52
341200,43
341210,42
341220,47
341230,47
341240,46
341250,53
341260,51
341270,53
341280,53
341290,40
341300,46
341310,47
341320,51
341330,47
341340,42
341350,46
341360,47
341370,49
341380,51
341390,39
341400,48
341410,39
341420,51
341430,50
341440,48
341450,40
341460,44
341470,43
341480,45
341490,50
341500,50
341510,46
341520,50
341530,49
341540,44
341550,53
341560,44
341570,44
341580,41
341590,49
341600,55
341610,38
341620,48
341630,43
341640,49
341650,47
341660,48
341670,48
341680,43
341690,46
341700,39
341710,45
341720,41
341730,42
341740,43
341750,56
341760,46
341770,42
341780,38
341790,38
341800,38
341810,39
341820,47
341830,47
341840,49
341850,53
341860,49
341870,50
341880,42
341890,49
341900,42
341910,50
341920,54
341930,47
341940,45
341950,41
341960,37
341970,36
341980,51
341990,41
342000,40
342010,46
342020,43
342030,45
342040,51
342050,50
342060,47
342070,56
342080,51
342090,42
342100,47
342110,50
342120,48
342130,46
342140,48
342150,47
342160,43
342170,46
342180,47
342190,48
342200,47
342210,44
342220,44
342230,42
342240,48
342250,44
342260,41
342270,46
342280,47
342290,46
342300,40
342310,43
342320,43
342330,37
342340,44
342350,53
342360,49
342370,36
342380,39
342390,48
342400,47
342410,49
342420,46
342430,40
342440,49
342450,42
342460,51
342470,45
342480,40
342490,46
342500,42
342510,44
342520,38
342530,51
342540,43
342550,50
342560,44
342570,49
342580,49
342590,47
342600,43
342610,49
342620,48
342630,46
342640,46
342650,46
342660,46
342670,42
342680,48
342690,47
342700,46
342710,53
342720,38
342730,50
342740,41
342750,39
342760,44
342770,42
342780,50
342790,43
342800,46
342810,45
342820,43
342830,43
342840,41
342850,50
342860,45
342870,60
342880,43
342890,48
342900,48
342910,45
342920,42
342930,44
342940,47
342950,41
342960,45
342970,49
342980,49
342990,45
343000,50
343010,46
343020,47
343030,43
343040,45
343050,45
343060,38
343070,47
343080,53
343090,38
343100,48
343110,45
343120,48
343130,39
343140,46
343150,39
343160,49
343170,45
343180,55
343190,48
343200,42
343210,44
343220,40
343230,39
343240,43
343250,37
343260,50
343270,48
343280,44
343290,47
343300,47
343310,41
343320,41
343330,48
343340,49
343350,46
343360,50
343370,46
343380,49
343390,47
343400,47
343410,46
343420,51
343430,41
343440,38
343450,45
343460,50
343470,40
343480,45
343490,47
343500,41
343510,48
343520,51
343530,44
343540,43
343550,39
343560,51
343570,48
343580,45
343590,54
343600,43
343610,51
343620,44
343630,54
343640,54
343650,52
343660,47
343670,49
343680,54
343690,41
343700,43
343710,44
343720,38
343730,49
343740,47
343750,53
343760,44
343770,52
343780,47
343790,43
343800,39
343810,52
343820,51
343830,49
343840,42
343850,58
343860,45
343870,46
343880,44
343890,47
343900,44
343910,34
343920,40
343930,49
343940,40
343950,47
343960,41
343970,44
343980,40
343990,48
344000,44
344010,50
344020,54
344030,39
344040,41
344050,37
344060,47
344070,45
344080,49
344090,51
344100,51
344110,46
344120,49
344130,48
344140,38
344150,35
344160,48
344170,36
344180,33
344190,48
344200,46
344210,45
344220,46
344230,53
344240,45
344250,44
344260,54
344270,50
344280,47
344290,51
344300,53
344310,49
344320,49
344330,45
344340,43
344350,49
344360,46
344370,45
344380,52
344390,51
344400,48
344410,45
344420,48
344430,42
344440,48
344450,48
344460,46
344470,49
344480,47
344490,48
344500,43
344510,49
344520,48
344530,40
344540,40
344550,44
344560,50
344570,45
344580,47
344590,60
344600,44
344610,48
344620,48
344630,51
344640,43
344650,44
344660,43
344670,41
344680,40
344690,47
344700,44
344710,44
344720,36
344730,42
344740,42
344750,39
344760,49
344770,40
344780,35
344790,48
344800,49
344810,40
344820,46
344830,42
344840,41
344850,35
344860,40
344870,45
344880,40
344890,42
344900,38
344910,42
344920,39
344930,43
344940,43
344950,40
344960,41
344970,48
344980,47
344990,42
345000,43
345010,45
345020,40
345030,35
345040,44
345050,42
345060,45
345070,43
345080,43
345090,50
345100,55
345110,53
345120,40
345130,52
345140,38
345150,44
345160,51
345170,39
345180,42
345190,42
345200,43
345210,41
345220,48
345230,43
345240,47
345250,41
345260,42
345270,42
345280,42
345290,48
345300,50
345310,38
345320,47
345330,48
345340,44
345350,44
345360,44
345370,43
345380,35
345390,48
345400,45
345410,43
345420,43
345430,45
345440,43
345450,44
345460,49
345470,54
345480,40
345490,42
345500,43
345510,42
345520,48
345530,48
345540,46
345550,54
345560,46
345570,54
345580,44
345590,47
345600,47
345610,40
345620,51
345630,46
345640,49
345650,44
345660,40
345670,40
345680,47
345690,46
345700,45
345710,41
345720,51
345730,40
345740,44
345750,48
345760,53
345770,46
345780,45
345790,46
345800,37
345810,46
345820,49
345830,49
345840,58
345850,45
345860,45
345870,41
345880,51
345890,48
345900,46
345910,48
345920,48
345930,43
345940,46
345950,50
345960,41
345970,51
345980,47
345990,45
346000,44
346010,49
346020,58
346030,41
346040,37
346050,44
346060,49
346070,42
346080,42
346090,42
346100,45
346110,48
346120,51
346130,53
346140,45
346150,47
346160,42
346170,43
346180,47
346190,40
346200,35
346210,42
346220,44
346230,43
346240,48
346250,42
346260,46
346270,48
346280,44
346290,44
346300,49
346310,52
346320,49
346330,38
346340,51
346350,41
346360,50
346370,46
346380,45
346390,51
346400,47
346410,44
346420,42
346430,47
346440,50
346450,47
346460,52
346470,42
346480,46
346490,44
346500,44
346510,43
346520,51
346530,46
346540,47
346550,44
346560,43
346570,41
346580,42
346590,44
346600,46
346610,45
346620,49
346630,36
346640,51
346650,43
346660,42
346670,50
346680,48
346690,53
346700,46
346710,55
346720,45
346730,42
346740,47
346750,53
346760,46
346770,48
346780,41
346790,40
346800,40
346810,50
346820,44
346830,44
346840,55
346850,45
346860,50
346870,51
346880,45
346890,46
346900,45
346910,51
346920,49
346930,50
346940,57
346950,47
346960,38
346970,50
346980,47
346990,43
347000,50
347010,47
347020,45
347030,43
347040,53
347050,51
347060,44
347070,49
347080,51
347090,41
347100,58
347110,45
347120,45
347130,50
347140,46
347150,48
347160,45
347170,44
347180,47
347190,43
347200,47
347210,45
347220,47
347230,42
347240,50
347250,49
347260,40
347270,47
347280,49
347290,41
347300,42
347310,43
347320,41
347330,45
347340,48
347350,51
347360,42
347370,47
347380,51
347390,45
347400,42
347410,44
347420,40
347430,40
347440,43
347450,38
347460,48
347470,43
347480,51
347490,39
347500,53
347510,51
347520,45
347530,49
347540,48
347550,45
347560,40
347570,43
347580,52
347590,48
347600,46
347610,55
347620,46
347630,41
347640,40
347650,38
347660,51
347670,41
347680,52
347690,47
347700,39
347710,53
347720,46
347730,45
347740,43
347750,50
347760,52
347770,48
347780,41
347790,42
347800,48
347810,48
347820,43
347830,41
347840,44
347850,49
347860,36
347870,44
347880,42
347890,46
347900,42
347910,42
347920,59
347930,51
347940,48
347950,43
347960,41
347970,37
347980,41
347990,40
348000,47
348260,44
348270,47
348280,44
348290,45
348300,42
348310,43
348320,48
348330,41
348340,38
348350,39
348360,46
348370,45
348380,47
348390,49
348400,50
348410,33
348420,45
348430,40
348440,44
348450,42
348460,52
348470,44
348480,47
348490,52
348500,40
348510,54
348520,48
348530,42
348540,48
348550,44
348560,43
348570,49
348580,39
348590,42
348600,40
348610,51
348620,47
348630,52
348640,47
348650,42
348660,55
348670,55
348680,53
348690,44
348700,45
348710,43
348720,48
348730,49
348740,38
348750,48
349760,43
349770,53
349780,46
349790,51
349800,44
349810,43
349820,46
349830,47
349840,43
349850,51
349860,46
349870,42
349880,45
349890,50
349900,55
349910,44
349920,47
349930,47
349940,48
349950,42
349960,46
349970,41
349980,41
349990,45
350000,51
350010,50
350020,44
350030,49
350040,46
350050,36
350060,53
350070,43
350080,52
350090,47
350100,47
350110,42
350120,47
350130,53
350140,45
350150,44
350160,49
350170,44
350180,47
350190,45
350200,40
350210,58
350220,40
350230,43
350240,42
350250,46
350260,49
350270,43
350280,49
350290,49
350300,49
350310,48
350320,37
350330,39
350340,49
350350,56
350360,49
350370,45
350380,42
350390,36
350400,47
350410,42
350420,47
350430,50
350440,45
350450,42
350460,47
350470,41
350480,54
350490,45
350500,44
350510,53
350520,41
350530,45
350540,46
350550,39
350560,49
350570,50
350580,54
350590,52
350600,46
350610,53
350620,48
350630,44
350640,39
350650,51
350660,50
350670,40
350680,48
350690,50
350700,52
350710,49
350720,47
350730,42
350740,40
350750,53
350760,39
350770,45
350780,49
350790,49
350800,45
350810,46
350820,46
350830,48
350840,40
350850,54
350860,50
350870,43
350880,46
350890,53
350900,47
350910,44
350920,53
350930,47
350940,44
350950,41
350960,39
350970,43
350980,45
350990,49
351000,50
351010,45
351020,42
351030,46
351040,44
351050,49
351060,51
351070,50
351080,49
351090,47
351100,46
351110,43
351120,46
351130,57
351140,49
351150,48
351160,50
351170,56
351180,51
351190,43
351200,37
351210,41
351220,50
351230,56
351240,49
351250,58
351260,56
351270,49
351280,54
351290,42
351300,44
351310,43
351320,47
351330,44
351340,47
351350,49
351360,57
351370,36
351380,51
351390,51
351400,51
351410,46
351420,51
351430,45
351440,51
351450,55
351460,45
351470,39
351480,51
351490,44
351500,50
352010,42
352020,52
352030,35
352040,52
352050,44
352060,42
352070,47
352080,46
352090,54
352100,45
352110,39
352120,45
352130,49
352140,47
352150,50
352160,45
352170,46
352180,45
352190,52
352200,44
352210,38
352220,49
352230,46
352240,52
352250,49
352260,43
352270,49
352280,47
352290,44
352300,41
352310,49
352320,42
352330,44
352340,45
352350,38
352360,43
352370,53
352380,42
352390,51
352400,44
352410,49
352420,39
352430,43
352440,43
352450,39
352460,51
352470,51
352480,40
352490,49
352500,40
352510,40
352520,41
352530,38
352540,49
352550,45
352560,45
352570,38
352580,45
352590,41
352600,49
352610,51
352620,43
352630,51
352640,41
352650,44
352660,49
352670,53
352680,44
352690,57
352700,48
352710,48
352720,38
352730,51
352740,48
352750,47
352760,39
352770,44
352780,43
352790,44
352800,50
352810,44
352820,43
352830,46
352840,43
352850,50
352860,46
352870,44
352880,46
352890,42
352900,47
352910,46
352920,47
352930,45
352940,43
352950,44
352960,40
352970,31
352980,42
352990,53
353000,50
353010,39
353020,44
353030,48
353040,52
353050,46
353060,45
353070,48
353080,47
353090,45
353100,43
353110,53
353120,40
353130,49
353140,48
353150,52
353160,47
353170,49
353180,54
353190,46
353200,40
353210,52
353220,45
353230,49
353240,36
353250,46
353260,53
353270,50
353280,48
353290,49
353300,49
353310,48
353320,52
353330,46
353340,45
353350,50
353360,50
353370,49
353380,41
353390,51
353400,43
353410,46
353420,45
353430,51
353440,42
353450,52
353460,46
353470,41
353480,50
353490,53
353500,50
353510,47
353520,39
353530,52
353540,46
353550,43
353560,49
353570,37
353580,43
353590,47
353600,45
353610,43
353620,40
353630,46
353640,53
353650,44
353660,47
353670,46
353680,48
353690,46
353700,47
353710,49
353720,45
353730,54
353740,46
353750,46
353760,46
353770,34
353780,43
353790,50
353800,51
353810,42
353820,52
353830,54
353840,49
353850,56
353860,45
353870,39
353880,38
353890,52
353900,49
353910,44
353920,48
353930,42
353940,42
353950,54
353960,47
353970,51
353980,47
353990,43
354000,45
354010,49
354020,53
354030,44
354040,40
354050,49
354060,41
354070,39
354080,48
354090,38
354100,45
354110,51
354120,43
354130,47
354140,47
354150,47
354160,50
354170,40
354180,43
354190,50
354200,43
354210,46
354220,52
354230,52
354240,40
354250,51
354260,55
354270,63
354280,52
354290