12510,8174
12520,8160
12530,8161
12540,8171
12550,8112
12560,8188
12570,8149
12580,8169
12590,8169
12600,8145
12610,8181
12620,8164
12630,8170
12640,8184
12650,8159
12660,8199
12670,8164
12680,8170
12690,8178
12700,8165
12710,8192
12720,8169
12730,8177
12740,8186
12750,8164
12760,8186
12770,8172
12780,8169
12790,8184
12800,8151
12810,8189
12820,8176
12830,8163
12840,8189
12850,8125
12860,8183
12870,8164
12880,8168
12890,8188
12900,8144
12910,8182
12920,8172
12930,8162
12940,8171
12950,8138
12960,8179
12970,8166
12980,8155
12990,8179
13000,8142
13010,8190
13020,8149
13030,8159
13040,8162
13050,8134
13060,8162
13070,8130
13080,8133
13090,8149
13100,8132
13110,8143
13120,8118
13130,8121
13140,8144
13150,8086
13160,8096
13170,8121
13180,8131
13190,8168
13200,8128
13210,8178
13220,8153
13230,8147
13240,8170
13250,8137
13260,8170
13270,8154
13280,8148
13290,8167
13300,8122
13310,8160
13320,8144
13330,8146
13340,8163
13350,8141
13360,8169
13370,8155
13380,8150
13390,8168
13400,8145
13410,8172
13420,8161
13430,8157
13440,8164
13450,8131
13460,8164
13470,8153
13480,8157
13490,8188
13500,8157
13510,8181
13520,8172
13530,8160
13540,8184
13550,8152
13560,8171
13570,8158
13580,8172
13590,8192
13600,8154
13610,8175
13620,8157
13630,8163
13640,8187
13650,8160
13660,8179
13670,8164
13680,8173
13690,8181
13700,8151
13710,8190
13720,8168
13730,8164
13740,8193
13750,8147
13760,8171
13770,8166
13780,8173
13790,8179
13800,8144
13810,8185
13820,8162
13830,8164
13840,8176
13850,8153
13860,8194
13870,8166
13880,8159
13890,8181
13900,8156
13910,8175
13920,8167
13930,8154
13940,8170
13950,8150
13960,8180
13970,8165
13980,8162
13990,8187
14000,8145
14010,8184
14020,8171
14030,8170
14040,8188
14050,8120
14060,8191
14070,8164
14080,8168
14090,8180
14100,8153
14110,8189
14120,8170
14130,8167
14140,8184
14150,8148
14160,8170
14170,8145
14180,8143
14190,8168
14200,8147
14210,8161
14220,8151
14230,8154
14240,8183
14250,8146
14260,8198
14270,8175
14280,8178
14290,8195
14300,8157
14310,8193
14320,8168
14330,8176
14340,8189
14350,8151
14360,8180
14370,8183
14380,8174
14390,8187
14400,8166
14410,8193
14420,8177
14430,8161
14440,8181
14450,8156
14460,8171
14470,8166
14480,8145
14490,8174
14500,8135
14510,8167
14520,8148
14530,8147
14540,8178
14550,8145
14560,8168
14570,8157
14580,8132
14590,8169
14600,8135
14610,8160
14620,8151
14630,8142
14640,8161
14650,8124
14660,8156
14670,8157
14680,8154
14690,8176
14700,8132
14710,8161
14720,8153
14730,8149
14740,8188
14750,8148
14760,8175
14770,8169
14780,8153
14790,8183
14800,8153
14810,8179
14820,8185
14830,8147
14840,8200
14850,8148
14860,8187
14870,8179
14880,8160
14890,8188
14900,8164
14910,8201
14920,8193
14930,8166
14940,8210
14950,8165
14960,8192
14970,8188
14980,8172
14990,8203
15000,8167
15010,8191
15020,8197
15030,8185
15040,8221
15050,8181
15060,8193
15070,8193
15080,8184
15090,8200
15100,8176
15110,8184
15120,8190
15130,8169
15140,8210
15150,8174
15160,8187
15170,8191
15180,8180
15190,8215
15200,8179
15210,8197
15220,8192
15230,8172
15240,8189
15250,8165
15260,8167
15270,8160
15280,8152
15290,8191
15300,8154
15310,8163
15320,8182
15330,8159
15340,8189
15350,8155
15360,8192
15370,8193
15380,8160
15390,8205
15400,8187
15410,8190
15420,8209
15430,8186
15440,8196
15450,8179
15460,8193
15470,8190
15480,8178
15490,8212
15500,8181
15510,8197
15520,8196
15530,8168
15540,8211
15550,8179
15560,8196
15570,8211
15580,8183
15590,8219
15600,8182
15610,8204
15620,8201
15630,8190
15640,8209
15650,8180
15660,8197
15670,8204
15680,8190
15690,8215
15700,8187
15710,8188
15720,8196
15730,8168
15740,8219
15750,8180
15760,8198
15770,8198
15780,8171
15790,8212
15800,8177
15810,8199
15820,8201
15830,8188
15840,8215
15850,8188
15860,8198
15870,8201
15880,8185
15890,8227
15900,8198
15910,8201
15920,8214
15930,8187
15940,8223
15950,8198
15960,8198
15970,8214
15980,8197
15990,8236
16000,8199
16010,8209
16020,8197
16030,8183
16040,8206
16050,8176
16060,8185
16070,8214
16080,8173
16090,8213
16100,8189
16110,8183
16120,8206
16130,8185
16140,8210
16150,8189
16160,8188
16170,8206
16180,8175
16190,8228
16200,8183
16210,8204
16220,8208
16230,8179
16240,8200
16250,8189
16260,8195
16270,8212
16280,8186
16290,8220
16300,8193
16310,8216
16320,8213
16330,8171
16340,8206
16350,8178
16360,8183
16370,8185
16380,8169
16390,8205
16400,8180
16410,8199
16420,8212
16430,8168
16440,8219
16450,8154
16460,8176
16470,8205
16480,8182
16490,8217
16500,8195
16510,8222
16520,8220
16530,8184
16540,8222
16550,8190
16560,8213
16570,8216
16580,8188
16590,8217
16600,8184
16610,8201
16620,8221
16630,8191
16640,8230
16650,8218
16660,8207
16670,8216
16680,8204
16690,8235
16700,8209
16710,8218
16720,8232
16730,8218
16740,8234
16750,8209
16760,8219
16770,8242
16780,8203
16790,8234
16800,8220
16810,8217
16820,8238
16830,8210
16840,8234
16850,8221
16860,8211
16870,8240
16880,8209
16890,8235
16900,8222
16910,8208
16920,8223
16930,8197
16940,8229
16950,8217
16960,8208
16970,8248
16980,8204
16990,8247
17000,8216
17010,8208
17020,8241
17030,8192
17040,8237
17050,8214
17060,8215
17070,8229
17080,8205
17090,8239
17100,8223
17110,8223
17120,8247
17130,8206
17140,8238
17150,8210
17160,8224
17170,8243
17180,8196
17190,8241
17200,8218
17210,8220
17220,8241
17230,8202
17240,8237
17250,8224
17260,8207
17270,8227
17280,8194
17290,8233
17300,8210
17310,8202
17320,8227
17330,8190
17340,8228
17350,8196
17360,8201
17370,8222
17380,8196
17390,8220
17400,8198
17410,8202
17420,8214
17430,8184
17440,8196
17450,8180
17460,8174
17470,8197
17480,8157
17490,8205
17500,8181
17510,8191
17520,8221
17530,8197
17540,8236
17550,8221
17560,8214
17570,8249
17580,8214
17590,8246
17600,8204
17610,8209
17620,8246
17630,8209
17640,8253
17650,8215
17660,8233
17670,8257
17680,8219
17690,8240
17700,8229
17710,8225
17720,8243
17730,8207
17740,8242
17750,8234
17760,8221
17770,8240
17780,8194
17790,8228
17800,8220
17810,8222
17820,8241
17830,8202
17840,8226
17850,8215
17860,8228
17870,8246
17880,8211
17890,8227
17900,8217
17910,8208
17920,8244
17930,8203
17940,8237
17950,8229
17960,8212
17970,8237
17980,8215
17990,8231
18000,8225
18010,8208
18020,8244
18030,8210
18040,8216
18050,8232
18060,8208
18070,8257
18080,8201
18090,8236
18100,8219
18110,8216
18120,8242
18130,8209
18140,8229
18150,8222
18160,8219
18170,8251
18180,8211
18190,8238
18200,8221
18210,8217
18220,8227
18230,8198
18240,8233
18250,8224
18260,8201
18270,8238
18280,8196
18290,8231
18300,8214
18310,8209
18320,8239
18330,8219
18340,8234
18350,8224
18360,8215
18370,8244
18380,8203
18390,8229
18400,8223
18410,8196
18420,8230
18430,8205
18440,8228
18450,8215
18460,8198
18470,8241
18480,8204
18490,8216
18500,8219
18510,8189
18520,8207
18530,8174
18540,8196
18550,8175
18560,8135
18570,8166
18580,8164
18590,8189
18600,8196
18610,8191
18620,8211
18630,8186
18640,8200
18650,8227
18660,8189
18670,8226
18680,8190
18690,8207
18700,8215
18710,8199
18720,8233
18730,8193
18740,8215
18750,8225
18760,8200
18770,8224
18780,8186
18790,8216
18800,8205
18810,8205
18820,8228
18830,8196
18840,8215
18850,8223
18860,8184
18870,8232
18880,8202
18890,8229
18900,8226
18910,8211
18920,8234
18930,8198
18940,8221
18950,8221
18960,8200
18970,8222
18980,8195
18990,8206
19000,8229
19010,8207
19020,8221
19030,8198
19040,8226
19050,8240
19060,8211
19070,8249
19080,8219
19090,8237
19100,8231
19110,8211
19120,8252
19130,8208
19140,8233
19150,8232
19160,8218
19170,8245
19180,8214
19190,8231
19200,8250
19210,8225
19220,8248
19230,8220
19240,8240
19250,8246
19260,8209
19270,8250
19280,8220
19290,8243
19300,8263
19310,8224
19320,8254
19330,8231
19340,8253
19350,8248
19360,8229
19370,8270
19380,8224
19390,8229
19400,8251
19410,8224
19420,8265
19430,8219
19440,8248
19450,8264
19460,8233
19470,8262
19480,8240
19490,8239
19500,8264
19510,8222
19520,8255
19530,8228
19540,8241
19550,8252
19560,8222
19570,8253
19580,8229
19590,8237
19600,8241
19610,8210
19620,8227
19630,8201
19640,8229
19650,8221
19660,8205
19670,8240
19680,8221
19690,8237
19700,8245
19710,8223
19720,8258
19730,8237
19740,8252
19750,8213
19760,8211
19770,8273
19780,8238
19790,8259
19800,8274
19810,8247
19820,8286
19830,8262
19840,8261
19850,8255
19860,8235
19870,8273
19880,8274
19890,8275
19900,8275
19910,8236
19920,8272
19930,8250
19940,8261
19950,8271
19960,8234
19970,8268
19980,8251
19990,8262
20000,8279
20010,8252
20020,8271
20030,8239
20040,8256
20050,8274
20060,8234
20070,8271
20080,8250
20090,8256
20100,8270
20110,8241
20120,8282
20130,8244
20140,8258
20150,8281
20160,8250
20170,8279
20180,8250
20190,8251
20200,8284
20210,8245
20220,8283
20230,8250
20240,8248
20250,8259
20260,8226
20270,8269
20280,8237
20290,8233
20300,8257
20310,8219
20320,8263
20330,8250
20340,8248
20350,8268
20360,8240
20370,8264
20380,8245
20390,8248
20400,8274
20410,8236
20420,8266
20430,8249
20440,8253
20450,8291
20460,8240
20470,8291
20480,8259
20490,8279
20500,8297
20510,8264
20520,8284
20530,8256
20540,8257
20550,8280
20560,8235
20570,8282
20580,8255
20590,8265
20600,8265
20610,8252
20620,8278
20630,8244
20640,8264
20650,8286
20660,8232
20670,8300
20680,8240
20690,8255
20700,8264
20710,8217
20720,8268
20730,8246
20740,8237
20750,8244
20760,8219
20770,8252
20780,8231
20790,8243
20800,8274
20810,8235
20820,8274
20830,8246
20840,8247
20850,8269
20860,8227
20870,8279
20880,8252
20890,8251
20900,8280
20910,8236
20920,8275
20930,8260
20940,8246
20950,8258
20960,8210
20970,8273
20980,8238
20990,8244
21000,8267
21010,8221
21020,8272
21030,8238
21040,8244
21050,8261
21060,8215
21070,8252
21080,8237
21090,8238
21100,8260
21110,8216
21120,8243
21130,8249
21140,8231
21150,8265
21160,8233
21170,8256
21180,8251
21190,8239
21200,8274
21210,8225
21220,8270
21230,8269
21240,8262
21250,8283
21260,8258
21270,8287
21280,8262
21290,8277
21300,8276
21310,8238
21320,8281
21330,8258
21340,8260
21350,8281
21360,8244
21370,8277
21380,8266
21390,8254
21400,8281
21410,8244
21420,8279
21430,8269
21440,8253
21450,8278
21460,8242
21470,8274
21480,8270
21490,8257
21500,8300
21510,8239
21520,8267
21530,8263
21540,8240
21550,8279
21560,8246
21570,8272
21580,8261
21590,8255
21600,8288
21610,8249
21620,8268
21630,8265
21640,8258
21650,8284
21660,8245
21670,8275
21680,8266
21690,8252
21700,8291
21710,8240
21720,8277
21730,8262
21740,8254
21750,8285
21760,8247
21770,8259
21780,8261
21790,8227
21800,8254
21810,8221
21820,8249
21830,8234
21840,8215
21850,8221
21860,8227
21870,8266
21880,8271
21890,8254
21900,8301
21910,8260
21920,8278
21930,8269
21940,8263
21950,8288
21960,8249
21970,8269
21980,8275
21990,8255
22000,8291
22010,8274
22020,8290
22030,8279
22040,8253
22050,8303
22060,8266
22070,8293
22080,8280
22090,8282
22100,8297
22110,8265
22120,8295
22130,8294
22140,8273
22150,8292
22160,8275
22170,8295
22180,8291
22190,8267
22200,8303
22210,8271
22220,8300
22230,8271
22240,8262
22250,8297
22260,8282
22270,8298
22280,8272
22290,8258
22300,8283
22310,8267
22320,8272
22330,8281
22340,8276
22350,8306
22360,8258
22370,8281
22380,8291
22390,8251
22400,8284
22410,8259
22420,8276
22430,8291
22440,8263
22450,8296
22460,8240
22470,8281
22480,8294
22490,8263
22500,8298
22510,8260
22520,8273
22530,8271
22540,8259
22550,8307
22560,8241
22570,8291
22580,8293
22590,8269
22600,8295
22610,8264
22620,8272
22630,8291
22640,8273
22650,8308
22660,8274
22670,8290
22680,8280
22690,8277
22700,8293
22710,8268
22720,8281
22730,8282
22740,8281
22750,8295
22760,8256
22770,8285
22780,8279
22790,8255
22800,8284
22810,8257
22820,8275
22830,8291
22840,8259
22850,8278
22860,8240
22870,8264
22880,8257
22890,8232
22900,8265
22910,8243
22920,8255
22930,8255
22940,8247
22950,8270
22960,8254
22970,8267
22980,8301
22990,8271
23000,8290
23010,8272
23020,8276
23030,8282
23040,8259
23050,8320
23060,8233
23070,8265
23080,8282
23090,8268
23100,8301
23110,8276
23120,8275
23130,8299
23140,8258
23150,8292
23160,8276
23170,8270
23180,8284
23190,8270
23200,8299
23210,8275
23220,8279
23230,8293
23240,8273
23250,8288
23260,8266
23270,8286
23280,8297
23290,8267
23300,8304
23310,8273
23320,8292
23330,8288
23340,8231
23350,8289
23360,8265
23370,8268
23380,8281
23390,8258
23400,8303
23410,8263
23420,8274
23430,8304
23440,8256
23450,8297
23460,8262
23470,8268
23480,8274
23490,8266
23500,8299
23510,8264
23520,8263
23530,8290
23540,8256
23550,8284
23560,8257
23570,8260
23580,8291
23590,8238
23600,8286
23610,8259
23620,8271
23630,8290
23640,8241
23650,8302
23660,8258
23670,8272
23680,8283
23690,8256
23700,8307
23710,8261
23720,8282
23730,8309
23740,8285
23750,8299
23760,8279
23770,8273
23780,8295
23790,8272
23800,8300
23810,8281
23820,8280
23830,8316
23840,8270
23850,8299
23860,8268
23870,8278
23880,8286
23890,8262
23900,8306
23910,8273
23920,8273
23930,8305
23940,8230
23950,8282
23960,8272
23970,8250
23980,8273
23990,8227
24000,8269
24010,8255
24020,8249
24030,8259
24040,8242
24050,8280
24060,8249
24070,8274
24080,8285
24090,8257
24100,8282
24110,8261
24120,8260
24130,8293
24140,8249
24150,8297
24160,8252
24170,8261
24180,8305
24190,8263
24200,8286
24210,8271
24220,8280
24230,8298
24240,8220
24250,8295
24260,8274
24270,8278
24280,8293
24290,8263
24300,8290
24310,8273
24320,8267
24330,8284
24340,8244
24350,8284
24360,8277
24370,8263
24380,8304
24390,8265
24400,8303
24410,8276
24420,8283
24430,8302
24440,8269
24450,8304
24460,8273
24470,8266
24480,8283
24490,8256
24500,8276
24510,8273
24520,8274
24530,8291
24540,8235
24550,8293
24560,8261
24570,8277
24580,8292
24590,8246
24600,8284
24610,8277
24620,8263
24630,8291
24640,8244
24650,8267
24660,8272
24670,8264
24680,8279
24690,8254
24700,8295
24710,8260
24720,8270
24730,8293
24740,8246
24750,8289
24760,8277
24770,8273
24780,8293
24790,8254
24800,8295
24810,8274
24820,8270
24830,8297
24840,8257
24850,8297
24860,8286
24870,8279
24880,8282
24890,8259
24900,8283
24910,8277
24920,8260
24930,8285
24940,8257
24950,8283
24960,8284
24970,8273
24980,8302
24990,8272
25000,8301
25010,8278
25020,8266
25030,8295
25040,8266
25050,8287
25060,8271
25070,8261
25080,8267
25090,8251
25100,8278
25110,8258
25120,8256
25130,8279
25140,8240
25150,8246
25160,8288
25170,8289
25180,8315
25190,8278
25200,8291
25210,8283
25220,8270
25230,8301
25240,8266
25250,8300
25260,8292
25270,8272
25280,8288
25290,8262
25300,8305
25310,8274
25320,8260
25330,8307
25340,8266
25350,8296
25360,8293
25370,8273
25380,8299
25390,8263
25400,8290
25410,8284
25420,8259
25430,8284
25440,8240
25450,8291
25460,8273
25470,8262
25480,8302
25490,8251
25500,8271
25510,8269
25520,8254
25530,8283
25540,8262
25550,8282
25560,8273
25570,8254
25580,8281
25590,8256
25600,8284
25610,8294
25620,8265
25630,8300
25640,8267
25650,8289
25660,8273
25670,8268
25680,8312
25690,8273
25700,8291
25710,8285
25720,8267
25730,8300
25740,8247
25750,8289
25760,8298
25770,8258
25780,8304
25790,8269
25800,8284
25810,8267
25820,8271
25830,8297
25840,8269
25850,8288
25860,8297
25870,8262
25880,8296
25890,8266
25900,8290
25910,8285
25920,8262
25930,8307
25940,8272
25950,8288
25960,8280
25970,8270
25980,8286
25990,8255
26000,8267
26010,8289
26020,8257
26030,8287
26040,8245
26050,8286
26060,8283
26070,8269
26080,8298
26090,8259
26100,8287
26110,8270
26120,8252
26130,8285
26140,8259
26150,8265
26160,8253
26170,8232
26180,8265
26190,8249
26200,8256
26210,8264
26220,8237
26230,8288
26240,8273
26250,8294
26260,8280
26270,8262
26280,8299
26290,8273
26300,8288
26310,8290
26320,8271
26330,8314
26340,8288
26350,8279
26360,8297
26370,8262
26380,8306
26390,8266
26400,8292
26410,8290
26420,8273
26430,8301
26440,8281
26450,8286
26460,8294
26470,8269
26480,8296
26490,8284
26500,8285
26510,8288
26520,8264
26530,8299
26540,8287
26550,8296
26560,8295
26570,8267
26580,8290
26590,8272
26600,8271
26610,8272
26620,8266
26630,8294
26640,8253
26650,8272
26660,8283
26670,8256
26680,8297
26690,8264
26700,8275
26710,8278
26720,8268
26730,8299
26740,8275
26750,8273
26760,8307
26770,8269
26780,8305
26790,8260
26800,8280
26810,8285
26820,8272
26830,8309
26840,8273
26850,8281
26860,8295
26870,8266
26880,8306
26890,8273
26900,8290
26910,8311
26920,8266
26930,8305
26940,8277
26950,8279
26960,8311
26970,8273
26980,8313
26990,8282
27000,8291
27010,8286
27020,8264
27030,8310
27040,8267
27050,8287
27060,8287
27070,8259
27080,8308
27090,8278
27100,8286
27110,8298
27120,8255
27130,8296
27140,8269
27150,8294
27160,8311
27170,8275
27180,8295
27190,8286
27200,8293
27210,8302
27220,8261
27230,8297
27240,8259
27250,8273
27260,8270
27270,8252
27280,8286
27290,8259
27300,8271
27310,8300
27320,8266
27330,8309
27340,8287
27350,8298
27360,8317
27370,8298
27380,8315
27390,8280
27400,8302
27410,8317
27420,8270
27430,8302
27440,8287
27450,8289
27460,8307
27470,8285
27480,8308
27490,8289
27500,8289
27510,8323
27520,8274
27530,8313
27540,8279
27550,8292
27560,8308
27570,8275
27580,8308
27590,8282
27600,8289
27610,8305
27620,8265
27630,8321
27640,8288
27650,8291
27660,8312
27670,8270
27680,8299
27690,8284
27700,8289
27710,8312
27720,8271
27730,8318
27740,8293
27750,8300
27760,8317
27770,8274
27780,8325
27790,8289
27800,8300
27810,8325
27820,8266
27830,8315
27840,8290
27850,8283
27860,8305
27870,8267
27880,8322
27890,8298
27900,8283
27910,8311
27920,8275
27930,8318
27940,8282
27950,8289
27960,8291
27970,8276
27980,8307
27990,8288
28000,8290
28010,8312
28020,8298
28030,8314
28040,8285
28050,8299
28060,8330
28070,8281
28080,8316
28090,8303
28100,8294
28110,8320
28120,8266
28130,8311
28140,8295
28150,8282
28160,8312
28170,8270
28180,8310
28190,8298
28200,8287
28210,8317
28220,8281
28230,8318
28240,8299
28250,8310
28260,8325
28270,8283
28280,8327
28290,8298
28300,8295
28310,8307
28320,8270
28330,8300
28340,8254
28350,8263
28360,8292
28370,8245
28380,8280
28390,8284
28400,8266
28410,8290
28420,8262
28430,8309
28440,8299
28450,8286
28460,8313
28470,8280
28480,8329
28490,8319
28500,8284
28510,8317
28520,8265
28530,8306
28540,8300
28550,8282
28560,8309
28570,8273
28580,8301
28590,8303
28600,8288
28610,8320
28620,8275
28630,8313
28640,8294
28650,8290
28660,8309
28670,8275
28680,8315
28690,8313
28700,8292
28710,8327
28720,8283
28730,8317
28740,8315
28750,8283
28760,8325
28770,8287
28780,8307
28790,8301
28800,8294
28810,8324
28820,8289
28830,8306
28840,8316
28850,8290
28860,8333
28870,8290
28880,8305
28890,8297
28900,8292
28910,8325
28920,8285
28930,8322
28940,8312
28950,8298
28960,8337
28970,8295
28980,8316
28990,8290
29000,8301
29010,8321
29020,8271
29030,8305
29040,8304
29050,8289
29060,8318
29070,8296
29080,8309
29090,8305
29100,8304
29110,8327
29120,8283
29130,8313
29140,8316
29150,8299
29160,8324
29170,8293
29180,8323
29190,8325
29200,8296
29210,8327
29220,8291
29230,8316
29240,8315
29250,8278
29260,8309
29270,8283
29280,8310
29290,8310
29300,8279
29310,8305
29320,8283
29330,8300
29340,8313
29350,8282
29360,8325
29370,8288
29380,8312
29390,8290
29400,8278
29410,8290
29420,8256
29430,8294
29440,8289
29450,8270
29460,8310
29470,8267
29480,8296
29490,8309
29500,8294
29510,8326
29520,8280
29530,8317
29540,8312
29550,8286
29560,8316
29570,8289
29580,8302
29590,8325
29600,8284
29610,8322
29620,8293
29630,8312
29640,8316
29650,8295
29660,8329
29670,8309
29680,8319
29690,8313
29700,8309
29710,8333
29720,8311
29730,8310
29740,8314
29750,8278
29760,8334
29770,8299
29780,8312
29790,8318
29800,8288
29810,8334
29820,8297
29830,8315
29840,8307
29850,8284
29860,8338
29870,8286
29880,8315
29890,8320
29900,8288
29910,8322
29920,8299
29930,8315
29940,8298
29950,8281
29960,8334
29970,8298
29980,8323
29990,8328
30000,8290
30010,8337
30020,8290
30030,8315
30040,8306
30050,8282
30060,8316
30070,8293
30080,8315
30090,8325
30100,8289
30110,8326
30120,8302
30130,8313
30140,8317
30150,8300
30160,8342
30170,8288
30180,8314
30190,8311
30200,8297
30210,8332
30220,8307
30230,8305
30240,8312
30250,8292
30260,8331
30270,8308
30280,8316
30290,8327
30300,8275
30310,8337
30320,8297
30330,8314
30340,8327
30350,8293
30360,8341
30370,8287
30380,8325
30390,8302
30400,8293
30410,8325
30420,8300
30430,8315
30440,8332
30450,8296
30460,8317
30470,8299
30480,8291
30490,8295
30500,8264
30510,8279
30520,8257
30530,8274
30540,8264
30550,8229
30560,8272
30570,8261
30580,8288
30590,8297
30600,8272
30610,8326
30620,8286
30630,8302
30640,8303
30650,8280
30660,8309
30670,8293
30680,8290
30690,8308
30700,8278
30710,8306
30720,8286
30730,8309
30740,8311
30750,8271
30760,8313
30770,8278
30780,8296
30790,8304
30800,8278
30810,8314
30820,8297
30830,8312
30840,8317
30850,8280
30860,8307
30870,8295
30880,8289
30890,8319
30900,8276
30910,8318
30920,8293
30930,8304
30940,8320
30950,8281
30960,8316
30970,8289
30980,8294
30990,8312
31000,8276
31010,8314
31020,8292
31030,8284
31040,8310
31050,8284
31060,8304
31070,8293
31080,8290
31090,8307
31100,8279
31110,8324
31120,8295
31130,8286
31140,8300
31150,8283
31160,8337
31170,8297
31180,8295
31190,8303
31200,8281
31210,8316
31220,8280
31230,8273
31240,8328
31250,8284
31260,8311
31270,8288
31280,8301
31290,8320
31300,8278
31310,8315
31320,8284
31330,8295
31340,8300
31350,8264
31360,8312
31370,8294
31380,8282
31390,8323
31400,8276
31410,8320
31420,8296
31430,8295
31440,8312
31450,8283
31460,8322
31470,8303
31480,8285
31490,8329
31500,8279
31510,8323
31520,8295
31530,8292
31540,8317
31550,8290
31560,8318
31570,8287
31580,8296
31590,8290
31600,8261
31610,8307
31620,8278
31630,8267
31640,8296
31650,8257
31660,8306
31670,8298
31680,8288
31690,8307
31700,8288
31710,8323
31720,8294
31730,8289
31740,8320
31750,8281
31760,8314
31770,8307
31780,8296
31790,8325
31800,8293
31810,8314
31820,8306
31830,8294
31840,8306
31850,8277
31860,8307
31870,8296
31880,8286
31890,8322
31900,8288
31910,8302
31920,8305
31930,8286
31940,8317
31950,8283
31960,8314
31970,8301
31980,8291
31990,8316
32000,8279
32010,8310
32020,8302
32030,8284
32040,8318
32050,8278
32060,8301
32070,8301
32080,8296
32090,8317
32100,8289
32110,8326
32120,8299
32130,8311
32140,8329
32150,8280
32160,8315
32170,8306
32180,8290
32190,8322
32200,8287
32210,8313
32220,8309
32230,8292
32240,8318
32250,8275
32260,8309
32270,8308
32280,8283
32290,8336
32300,8288
32310,8309
32320,8298
32330,8290
32340,8318
32350,8289
32360,8321
32370,8311
32380,8291
32390,8326
32400,8284
32410,8312
32420,8313
32430,8290
32440,8322
32450,8297
32460,8310
32470,8316
32480,8293
32490,8322
32500,8285
32510,8317
32520,8307
32530,8294
32540,8325
32550,8280
32560,8327
32570,8306
32580,8298
32590,8326
32600,8290
32610,8317
32620,8295
32630,8292
32640,8310
32650,8282
32660,8300
32670,8280
32680,8264
32690,8299
32700,8259
32710,8288
32720,8273
32730,8265
32740,8299
32750,8263
32760,8286
32770,8314
32780,8288
32790,8323
32800,8297
32810,8312
32820,8318
32830,8299
32840,8323
32850,8288
32860,8299
32870,8314
32880,8277
32890,8326
32900,8284
32910,8300
32920,8299
32930,8281
32940,8309
32950,8281
32960,8299
32970,8316
32980,8284
32990,8316
33000,8286
33010,8304
33020,8309
33030,8284
33040,8331
33050,8276
33060,8310
33070,8313
33080,8281
33090,8331
33100,8283
33110,8296
33120,8311
33130,8292
33140,8323
33150,8290
33160,8293
33170,8300
33180,8288
33190,8314
33200,8287
33210,8319
33220,8312
33230,8287
33240,8324
33250,8298
33260,8309
33270,8310
33280,8298
33290,8324
33300,8299
33310,8305
33320,8308
33330,8292
33340,8326
33350,8291
33360,8315
33370,8313
33380,8282
33390,8326
33400,8285
33410,8311
33420,8308
33430,8282
33440,8336
33450,8300
33460,8317
33470,8328
33480,8299
33490,8328
33500,8298
33510,8309
33520,8317
33530,8304
33540,8321
33550,8293
33560,8311
33570,8333
33580,8290
33590,8328
33600,8295
33610,8308
33620,8327
33630,8301
33640,8330
33650,8285
33660,8306
33670,8323
33680,8301
33690,8328
33700,8316
33710,8325
33720,8327
33730,8292
33740,8343
33750,8308
33760,8301
33770,8303
33780,8280
33790,8313
33800,8294
33810,8301
33820,8319
33830,8294
33840,8279
33850,8299
33860,8310
33870,8327
33880,8305
33890,8338
33900,8312
33910,8330
33920,8330
33930,8308
33940,8336
33950,8311
33960,8313
33970,8341
33980,8291
33990,8347
34000,8302
34010,8315
34020,8316
34030,8297
34040,8330
34050,8306
34060,8312
34070,8322
34080,8295
34090,8346
34100,8305
34110,8306
34120,8328
34130,8297
34140,8323
34150,8297
34160,8316
34170,8327
34180,8298
34190,8336
34200,8305
34210,8312
34220,8323
34230,8283
34240,8332
34250,8313
34260,8297
34270,8331
34280,8278
34290,8333
34300,8307
34310,8316
34320,8331
34330,8292
34340,8329
34350,8299
34360,8317
34370,8318
34380,8293
34390,8320
34400,8308
34410,8312
34420,8327
34430,8274
34440,8341
34450,8307
34460,8300
34470,8333
34480,8296
34490,8332
34500,8316
34510,8302
34520,8335
34530,8298
34540,8336
34550,8308
34560,8309
34570,8335
34580,8286
34590,8349
34600,8328
34610,8317
34620,8328
34630,8288
34640,8336
34650,8306
34660,8313
34670,8352
34680,8304
34690,8348
34700,8317
34710,8309
34720,8343
34730,8275
34740,8336
34750,8319
34760,8323
34770,8339
34780,8301
34790,8332
34800,8310
34810,8321
34820,8345
34830,8287
34840,8323
34850,8294
34860,8289
34870,8315
34880,8265
34890,8310
34900,8280
34910,8296
34920,8315
34930,8275
34940,8323
34950,8319
34960,8302
34970,8346
34980,8288
34990,8330
35000,8291
35010,8310
35020,8330
35030,8273
35040,8332
35050,8306
35060,8235
35070,8332
35080,8288
35090,8318
35100,8294
35110,8298
35120,8326
35130,8285
35140,8311
35150,8295
35160,8288
35170,8311
35180,8280
35190,8319
35200,8295
35210,8299
35220,8319
35230,8298
35240,8323
35250,8307
35260,8303
35270,8328
35280,8290
35290,8336
35300,8309
35310,8280
35320,8324
35330,8261
35340,8333
35350,8300
35360,8272
35370,8319
35380,8276
35390,8315
35400,8321
35410,8299
35420,8324
35430,8273
35440,8327
35450,8300
35460,8307
35470,8339
35480,8304
35490,8327
35500,8321
35510,8318
35520,8334
35530,8300
35540,8326
35550,8316
35560,8283
35570,8334
35580,8283
35590,8316
35600,8310
35610,8307
35620,8319
35630,8287
35640,8318
35650,8303
35660,8283
35670,8316
35680,8293
35690,8325
35700,8308
35710,8294
35720,8329
35730,8290
35740,8312
35750,8311
35760,8284
35770,8331
35780,8277
35790,8304
35800,8299
35810,8292
35820,8332
35830,8287
35840,8312
35850,8304
35860,8297
35870,8305
35880,8277
35890,8295
35900,8296
35910,8282
35920,8331
35930,8270
35940,8295
35950,8283
35960,8292
35970,8326
35980,8275
35990,8295
36000,8304
36010,8269
36020,8308
36030,8298
36040,8313
36050,8321
36060,8296
36070,8334
36080,8284
36090,8325
36100,8310
36110,8311
36120,8339
36130,8312
36140,8321
36150,8317
36160,8290
36170,8342
36180,8289
36190,8332
36200,8317
36210,8303
36220,8333
36230,8276
36240,8328
36250,8316
36260,8299
36270,8338
36280,8297
36290,8323
36300,8330
36310,8305
36320,8340
36330,8315
36340,8326
36350,8314
36360,8293
36370,8341
36380,8289
36390,8328
36400,8324
36410,8296
36420,8332
36430,8300
36440,8333
36450,8301
36460,8288
36470,8330
36480,8293
36490,8318
36500,8337
36510,8298
36520,8342
36530,8277
36540,8305
36550,8331
36560,8309
36570,8351
36580,8302
36590,8323
36600,8332
36610,8311
36620,8332
36630,8311
36640,8310
36650,8316
36660,8295
36670,8332
36680,8283
36690,8338
36700,8323
36710,8302
36720,8344
36730,8316
36740,8328
36750,8327
36760,8309
36770,8343
36780,8296
36790,8312
36800,8326
36810,8323
36820,8343
36830,8293
36840,8304
36850,8341
36860,8299
36870,8346
36880,8306
36890,8314
36900,8339
36910,8292
36920,8337
36930,8305
36940,8308
36950,8328
36960,8284
36970,8325
36980,8310
36990,8302
37000,8322
37010,8306
37020,8324
37030,8296
37040,8297
37050,8292
37060,8266
37070,8305
37080,8264
37090,8289
37100,8298
37110,8275
37120,8336
37130,8241
37140,8264
37150,8316
37160,8304
37170,8354
37180,8320
37190,8315
37200,8331
37210,8301
37220,8334
37230,8311
37240,8314
37250,8326
37260,8307
37270,8335
37280,8292
37290,8306
37300,8331
37310,8292
37320,8337
37330,8314
37340,8324
37350,8328
37360,8305
37370,8336
37380,8323
37390,8314
37400,8333
37410,8293
37420,8339
37430,8314
37440,8318
37450,8331
37460,8289
37470,8345
37480,8306
37490,8313
37500,8329
37510,8287
37520,8346
37530,8320
37540,8304
37550,8325
37560,8289
37570,8326
37580,8302
37590,8305
37600,8320
37610,8289
37620,8329
37630,8303
37640,8299
37650,8329
37660,8285
37670,8337
37680,8318
37690,8297
37700,8331
37710,8299
37720,8317
37730,8298
37740,8316
37750,8341
37760,8305
37770,8339
37780,8301
37790,8322
37800,8328
37810,8299
37820,8340
37830,8303
37840,8307
37850,8318
37860,8283
37870,8321
37880,8299
37890,8309
37900,8328
37910,8304
37920,8319
37930,8305
37940,8303
37950,8315
37960,8291
37970,8352
37980,8304
37990,8307
38000,8326
38010,8299
38020,8327
38030,8309
38040,8306
38050,8319
38060,8299
38070,8336
38080,8304
38090,8316
38100,8337
38110,8280
38120,8310
38130,8295
38140,8287
38150,8308
38160,8273
38170,8325
38180,8287
38190,8287
38200,8326
38210,8289
38220,8334
38230,8318
38240,8308
38250,8334
38260,8295
38270,8331
38280,8299
38290,8297
38300,8320
38310,8295
38320,8317
38330,8293
38340,8303
38350,8331
38360,8302
38370,8329
38380,8297
38390,8302
38400,8324
38410,8288
38420,8327
38430,8313
38440,8315
38450,8337
38460,8296
38470,8336
38480,8307
38490,8296
38500,8322
38510,8294
38520,8332
38530,8312
38540,8319
38550,8328
38560,8285
38570,8323
38580,8307
38590,8303
38600,8325
38610,8290
38620,8327
38630,8311
38640,8307
38650,8337
38660,8311
38670,8319
38680,8309
38690,8298
38700,8340
38710,8293
38720,8324
38730,8307
38740,8302
38750,8327
38760,8283
38770,8325
38780,8305
38790,8300
38800,8334
38810,8296
38820,8336
38830,8303
38840,8296
38850,8339
38860,8296
38870,8328
38880,8327
38890,8306
38900,8330
38910,8304
38920,8328
38930,8316
38940,8307
38950,8329
38960,8306
38970,8342
38980,8325
38990,8305
39000,8349
39010,8299
39020,8325
39030,8327
39040,8305
39050,8335
39060,8293
39070,8333
39080,8317
39090,8305
39100,8329
39110,8303
39120,8329
39130,8316
39140,8304
39150,8333
39160,8289
39170,8328
39180,8313
39190,8307
39200,8334
39210,8282
39220,8299
39230,8286
39240,8259
39250,8304
39260,8272
39270,8288
39280,8291
39290,8286
39300,8318
39310,8299
39320,8328
39330,8326
39340,8308
39350,8347
39360,8325
39370,8332
39380,8335
39390,8323
39400,8350
39410,8292
39420,8242
39430,7689
39440,7622
39450,7587
39460,7487
39470,7525
39480,7436
39490,7903
39500,7469
39510,7350
39520,7340
39530,7081
39540,7172
39550,7216
39560,7150
39570,7155
39580,7132
39590,7101
39600,7106
39610,7047
39620,7054
39630,7038
39640,6995
39650,7021
39660,6971
39670,6976
39680,6966
39690,6928
39700,6943
39710,6883
39720,6912
39730,6891
39740,6867
39750,6877
39760,6827
39770,6832
39780,6813
39790,6773
39800,6798
39810,6775
39820,6775
39830,6664
39840,6700
39850,6717
39860,6678
39870,6710
39880,6683
39890,6645
39900,6674
39910,6641
39920,6648
39930,6636
39940,6607
39950,6612
39960,6564
39970,6591
39980,6579
39990,6556
40000,6569
40010,6529
40020,6541
40030,6534
40040,6508
40050,6524
40060,6490
40070,6491
40080,6490
40090,6462
40100,6475
40110,6439
40120,6455
40130,6340
40140,6374
40150,6422
40160,6363
40170,6377
40180,6378
40190,6348
40200,6385
40210,6352
40220,6343
40230,6346
40240,6312
40250,6331
40260,6295
40270,6305
40280,6323
40290,6281
40300,6308
40310,6273
40320,6276
40330,6273
40340,6235
40350,6272
40360,6220
40370,6218
40380,6231
40390,6195
40400,6220
40410,6182
40420,6185
40430,6102
40440,6124
40450,6152
40460,6130
40470,6132
40480,6137
40490,6101
40500,6130
1760,9189
1770,9165
1780,9177
1790,9179
1800,9120
1810,9173
1820,9148
1830,9161
1840,9182
1850,9143
1860,9186
1870,9144
1880,9164
1890,9173
1900,9154
1910,9194
1920,9168
1930,9177
1940,9204
1950,9175
1960,9214
1970,9188
1980,9203
1990,9198
2000,9179
2010,9218
2020,9187
2030,9182
2040,9191
2050,9159
2060,9190
2070,9167
2080,9181
2090,9203
2100,9138
2110,9202
2120,9178
2130,9199
2140,9221
2150,9188
2160,9221
2170,9188
2180,9197
2190,9225
2200,9188
2210,9220
2220,9199
2230,9190
2240,9231
2250,9174
2260,9232
2270,9221
2280,9238
2290,9250
2300,9204
2310,9257
2320,9230
2330,9232
2340,9239
2350,9207
2360,9259
2370,9229
2380,9247
2390,9269
2400,9227
2410,9269
2420,9245
2430,9241
2440,9275
2450,9204
2460,9253
2470,9217
2480,9217
2490,9239
2500,9197
2510,9222
2520,9195
2530,9200
2540,9222
2550,9182
2560,9230
2570,9203
2580,9210
2590,9244
2600,9191
2610,9244
2620,9202
2630,9216
2640,9213
2650,9175
2660,9207
2670,9182
2680,9171
2690,9213
2700,9142
2710,9198
2720,9207
2730,9187
2740,9230
2750,9194
2760,9156
2770,9169
2780,9200
2790,9225
2800,9181
2810,9240
2820,9210
2830,9204
2840,9224
2850,9175
2860,9218
2870,9190
2880,9205
2890,9229
2900,9191
2910,9220
2920,9211
2930,9200
2940,9233
2950,9185
2960,9225
2970,9204
2980,9202
2990,9243
3000,9195
3010,9213
3020,9187
3030,9178
3040,9214
3050,9169
3060,9203
3070,9191
3080,9187
3090,9218
3100,9178
3110,9221
3120,9193
3130,9178
3140,9217
3150,9185
3160,9221
3170,9185
3180,9186
3190,9212
3200,9194
3210,9223
3220,9200
3230,9213
3240,9237
3250,9184
3260,9222
3270,9218
3280,9212
3290,9237
3300,9193
3310,9228
3320,9209
3330,9198
3340,9221
3350,9192
3360,9203
3370,9204
3380,9204
3390,9228
3400,9182
3410,9221
3420,9208
3430,9210
3440,9238
3450,9196
3460,9238
3470,9209
3480,9206
3490,9241
3500,9191
3510,9241
3520,9222
3530,9210
3540,9230
3550,9187
3560,9228
3570,9196
3580,9196
3590,9222
3600,9196
3610,9230
3620,9215
3630,9201
3640,9230
3650,9192
3660,9217
3670,9209
3680,9195
3690,9219
3700,9187
3710,9218
3720,9204
3730,9188
3740,9227
3750,9182
3760,9216
3770,9199
3780,9143
3790,9203
3800,9171
3810,9196
3820,9190
3830,9159
3840,9197
3850,9155
3860,9205
3870,9170
3880,9165
3890,9199
3900,9162
3910,9199
3920,9187
3930,9193
3940,9197
3950,9167
3960,9193
3970,9188
3980,9187
3990,9215
4000,9200
4010,9213
4020,9202
4030,9193
4040,9242
4050,9206
4060,9221
4070,9225
4080,9185
4090,9238
4100,9206
4110,9239
4120,9211
4130,9214
4140,9229
4150,9197
4160,9232
4170,9216
4180,9211
4190,9235
4200,9210
4210,9236
4220,9203
4230,9192
4240,9231
4250,9191
4260,9232
4270,9219
4280,9209
4290,9253
4300,9232
4310,9214
4320,9233
4330,9227
4340,9243
4350,9216
4360,9255
4370,9219
4380,9230
4390,9253
4400,9190
4410,9230
4420,9232
4430,9183
4440,9248
4450,9218
4460,9215
4470,9205
4480,9205
4490,9235
4500,9201
4510,9232
4520,9226
4530,9202
4540,9243
4550,9197
4560,9223
4570,9223
4580,9214
4590,9255
4600,9196
4610,9219
4620,9210
4630,9211
4640,9210
4650,9174
4660,9212
4670,9206
4680,9178
4690,9221
4700,9167
4710,9199
4720,9195
4730,9206
4740,9248
4750,9179
4760,9204
4770,9194
4780,9170
4790,9193
4800,9129
4810,9145
4820,9140
4830,9127
4840,9174
4850,9131
4860,9157
4870,9137
4880,9119
4890,9177
4900,9164
4910,9180
4920,9182
4930,9158
4940,9207
4950,9181
4960,9195
4970,9189
4980,9188
4990,9231
5000,9185
5010,9207
5020,9225
5030,9181
5040,9229
5050,9188
5060,9208
5070,9220
5080,9184
5090,9221
5100,9183
5110,9213
5120,9206
5130,9189
5140,9216
5150,9180
5160,9211
5170,9205
5180,9186
5190,9219
5200,9178
5210,9199
5220,9205
5230,9173
5240,9213
5250,9177
5260,9201
5270,9196
5280,9179
5290,9221
5300,9185
5310,9225
5320,9228
5330,9189
5340,9263
5350,9209
5360,9229
5370,9243
5380,9213
5390,9245
5400,9230
5410,9245
5420,9230
5430,9183
5440,9244
5450,9217
5460,9222
5470,9233
5480,9173
5490,9233
5500,9204
5510,9225
5520,9233
5530,9217
5540,9260
5550,9212
5560,9228
5570,9234
5580,9221
5590,9274
5600,9231
5610,9245
5620,9262
5630,9228
5640,9275
5650,9237
5660,9245
5670,9266
5680,9238
5690,9280
5700,9243
5710,9245
5720,9256
5730,9225
5740,9262
5750,9226
5760,9234
5770,9262
5780,9215
5790,9264
5800,9239
5810,9247
5820,9256
5830,9215
5840,9245
5850,9227
5860,9235
5870,9233
5880,9189
5890,9226
5900,9191
5910,9204
5920,9217
5930,9179
5940,9230
5950,9197
5960,9197
5970,9243
5980,9220
5990,9227
6000,9219
6010,9233
6020,9220
6030,9216
6040,9272
6050,9192
6060,9246
6070,9255
6080,9185
6090,9265
6100,9228
6110,9201
6120,9246
6130,9213
6140,9236
6150,9205
6160,9215
6170,9236
6180,9211
6190,9252
6200,9192
6210,9218
6220,9235
6230,9173
6240,9226
6250,9209
6260,9190
6270,9225
6280,9197
6290,9212
6300,9207
6310,9213
6320,9216
6330,9201
6340,9259
6350,9178
6360,9214
6370,9254
6380,9188
6390,9258
6400,9229
6410,9221
6420,9251
6430,9208
6440,9262
6450,9233
6460,9235
6470,9250
6480,9219
6490,9261
6500,9223
6510,9243
6520,9251
6530,9193
6540,9256
6550,9218
6560,9237
6570,9262
6580,9236
6590,9256
6600,9250
6610,9240
6620,9280
6630,9233
6640,9270
6650,9238
6660,9255
6670,9298
6680,9259
6690,9294
6700,9261
6710,9271
6720,9294
6730,9260
6740,9298
6750,9268
6760,9282
6770,9270
6780,9242
6790,9305
6800,9275
6810,9277
6820,9305
6830,9271
6840,9287
6850,9266
6860,9283
6870,9295
6880,9249
6890,9288
6900,9259
6910,9260
6920,9277
6930,9246
6940,9279
6950,9236
6960,9241
6970,9255
6980,9217
6990,9270
7000,9241
7010,9222
7020,9231
7030,9215
7040,9272
7050,9254
7060,9259
7070,9305
7080,9252
7090,9281
7100,9252
7110,9255
7120,9258
7130,9252
7140,9260
7150,9256
7160,9249
7170,9278
7180,9243
7190,9280
7200,9251
7210,9271
7220,9272
7230,9242
7240,9286
7250,9262
7260,9276
7270,9283
7280,9234
7290,9287
7300,9255
7310,9272
7320,9281
7330,9229
7340,9272
7350,9245
7360,9259
7370,9297
7380,9241
7390,9289
7400,9242
7410,9261
7420,9293
7430,9271
7440,9301
7450,9258
7460,9271
7470,9293
7480,9253
7490,9294
7500,9275
7510,9279
7520,9279
7530,9263
7540,9297
7550,9258
7560,9271
7570,9311
7580,9272
7590,9297
7600,9284
7610,9292
7620,9297
7630,9272
7640,9301
7650,9288
7660,9271
7670,9305
7680,9268
7690,9307
7700,9294
7710,9290
7720,9313
7730,9270
7740,9300
7750,9278
7760,9273
7770,9307
7780,9265
7790,9310
7800,9283
7810,9280
7820,9307
7830,9267
7840,9311
7850,9308
7860,9295
7870,9319
7880,9282
7890,9307
7900,9298
7910,9295
7920,9321
7930,9282
7940,9332
7950,9304
7960,9301
7970,9310
7980,9254
7990,9307
8000,9310
8010,9300
8020,9316
8030,9265
8040,9303
8050,9274
8060,9276
8070,9301
8080,9260
8090,9301
8100,9286
8110,9275
8120,9300
8130,9271
8140,9325
8150,9307
8160,9287
8170,9316
8180,9270
8190,9267
8200,9299
8210,9285
8220,9312
8230,9274
8240,9309
8250,9314
8260,9295
8270,9306
8280,9261
8290,9297
8300,9291
8310,9281
8320,9315
8330,9268
8340,9302
8350,9289
8360,9307
8370,9328
8380,9284
8390,9313
8400,9296
8410,9301
8420,9316
8430,9292
8440,9311
8450,9298
8460,9275
8470,9311
8480,9256
8490,9291
8500,9285
8510,9285
8520,9314
8530,9271
8540,9296
8550,9288
8560,9264
8570,9305
8580,9252
8590,9282
8600,9282
8610,9258
8620,9306
8630,9253
8640,9279
8650,9278
8660,9282
8670,9313
8680,9253
8690,9305
8700,9281
8710,9270
8720,9296
8730,9268
8740,9319
8750,9303
8760,9267
8770,9314
8780,9252
8790,9293
8800,9286
8810,9276
8820,9310
8830,9268
8840,9302
8850,9289
8860,9281
8870,9303
8880,9279
8890,9298
8900,9303
8910,9273
8920,9302
8930,9271
8940,9290
8950,9286
8960,9276
8970,9316
8980,9251
8990,9284
9000,9281
9010,9258
9020,9307
9030,9258
9040,9295
9050,9284
9060,9262
9070,9312
9080,9267
9090,9306
9100,9328
9110,9281
9120,9327
9130,9255
9140,9289
9150,9296
9160,9268
9170,9311
9180,9272
9190,9308
9200,9308
9210,9280
9220,9318
9230,9277
9240,9325
9250,9306
9260,9304
9270,9331
9280,9284
9290,9312
9300,9319
9310,9298
9320,9340
9330,9283
9340,9330
9350,9319
9360,9285
9370,9358
9380,9311
9390,9338
9400,9321
9410,9283
9420,9333
9430,9309
9440,9339
9450,9333
9460,9314
9470,9348
9480,9303
9490,9337
9500,9329
9510,9305
9520,9351
9530,9320
9540,9334
9550,9320
9560,9291
9570,9338
9580,9299
9590,9347
9600,9361
9610,9325
9620,9357
9630,9305
9640,9354
9650,9354
9660,9335
9670,9374
9680,9321
9690,9338
9700,9362
9710,9348
9720,9364
9730,9320
9740,9338
9750,9335
9760,9329
9770,9367
9780,9331
9790,9357
9800,9356
9810,9324
9820,9367
9830,9338
9840,9333
9850,9371
9860,9318
9870,9359
9880,9337
9890,9342
9900,9341
9910,9311
9920,9371
9930,9330
9940,9355
9950,9347
9960,9352
9970,9344
9980,9315
9990,9336
10000,9359
10010,9319
10020,9376
10030,9339
10040,9334
10050,9346
10060,9319
10070,9375
10080,9332
10090,9358
10100,9383
10110,9337
10120,9378
10130,9343
10140,9353
10150,9358
10160,9323
10170,9364
10180,9342
10190,9345
10200,9333
10210,9333
10220,9355
10230,9332
10240,9362
10250,9360
10260,9310
10270,9360
10280,9285
10290,9305
10300,9311
10310,9338
10320,9377
10330,9337
10340,9349
10350,9345
10360,9304
10370,9358
10380,9313
10390,9333
10400,9347
10410,9307
10420,9342
10430,9326
10440,9331
10450,9342
10460,9302
10470,9371
10480,9328
10490,9329
10500,9354
10510,9322
10520,9348
10530,9316
10540,9329
10550,9354
10560,9324
10570,9387
10580,9316
10590,9325
10600,9354
10610,9316
10620,9369
10630,9342
10640,9334
10650,9348
10660,9337
10670,9362
10680,9333
10690,9361
10700,9374
10710,9336
10720,9377
10730,9361
10740,9371
10750,9374
10760,9341
10770,9377
10780,9354
10790,9356
10800,9382
10810,9359
10820,9396
10830,9361
10840,9378
10850,9393
10860,9372
10870,9385
10880,9362
10890,9365
10900,9383
10910,9349
10920,9387
10930,9363
10940,9372
10950,9392
10960,9359
10970,9403
10980,9359
10990,9389
11000,9376
11010,9358
11020,9403
11030,9358
11040,9374
11050,9395
11060,9341
11070,9381
11080,9350
11090,9368
11100,9398
11110,9374
11120,9383
11130,9356
11140,9374
11150,9400
11160,9353
11170,9415
11180,9365
11190,9353
11200,9380
11210,9337
11220,9384
11230,9385
11240,9361
11250,9365
11260,9349
11270,9372
11280,9352
11290,9345
11300,9351
11310,9322
11320,9356
11330,9336
11340,9333
11350,9364
11360,9324
11370,9381
11380,9349
11390,9398
11400,9409
11410,9371
11420,9418
11430,9391
11440,9381
11450,9404
11460,9361
11470,9401
11480,9366
11490,9356
11500,9404
11510,9360
11520,9396
11530,9362
11540,9382
11550,9412
11560,9364
11570,9396
11580,9370
11590,9385
11600,9410
11610,9357
11620,9415
11630,9383
11640,9395
11650,9423
11660,9383
11670,9403
11680,9371
11690,9372
11700,9392
11710,9378
11720,9409
11730,9384
11740,9375
11750,9398
11760,9366
11770,9406
11780,9393
11790,9375
11800,9402
11810,9368
11820,9419
11830,9389
11840,9387
11850,9408
11860,9377
11870,9396
11880,9385
11890,9383
11900,9409
11910,9362
11920,9399
11930,9384
11940,9392
11950,9408
11960,9381
11970,9393
11980,9382
11990,9362
12000,9407
12010,9350
12020,9391
12030,9363
12040,9359
12050,9389
12060,9364
12070,9377
12080,9354
12090,9340
12100,9378
12110,9346
12120,9401
12130,9363
12140,9350
12150,9391
12160,9374
12170,9400
12180,9381
12190,9377
12200,9416
12210,9381
12220,9414
12230,9368
12240,9381
12250,9416
12260,9384
12270,9426
12280,9405
12290,9385
12300,9416
12310,9385
12320,9414
12330,9409
12340,9396
12350,9421
12360,9366
12370,9414
12380,9347
12390,9358
12400,9391
12410,9345
12420,9372
12430,9380
12440,9369
12450,9400
12460,9383
12470,9403
12480,9398
12490,9399
12500,9420
12510,9396
12520,9429
12530,9406
12540,9396
12550,9433
12560,9386
12570,9431
12580,9407
12590,9402
12600,9435
12610,9395
12620,9428
12630,9427
12640,9408
12650,9447
12660,9403
12670,9446
12680,9426
12690,9423
12700,9456
12710,9399
12720,9439
12730,9421
12740,9410
12750,9448
12760,9408
12770,9448
12780,9430
12790,9436
12800,9462
12810,9409
12820,9445
12830,9439
12840,9416
12850,9443
12860,9420
12870,9428
12880,9413
12890,9419
12900,9447
12910,9408
12920,9436
12930,9430
12940,9417
12950,9444
12960,9414
12970,9435
12980,9417
12990,9413
13000,9466
13010,9402
13020,9441
13030,9424
13040,9411
13050,9441
13060,9404
13070,9427
13080,9414
13090,9408
13100,9436
13110,9406
13120,9449
13130,9426
13140,9395
13150,9450
13160,9422
13170,9437
13180,9414
13190,9432
13200,9451
13210,9403
13220,9446
13230,9424
13240,9397
13250,9430
13260,9400
13270,9443
13280,9422
13290,9408
13300,9426
13310,9418
13320,9438
13330,9422
13340,9401
13350,9436
13360,9405
13370,9439
13380,9424
13390,9404
13400,9437
13410,9414
13420,9430
13430,9442
13440,9430
13450,9446
13460,9418
13470,9420
13480,9411
13490,9401
13500,9448
13510,9402
13520,9417
13530,9423
13540,9396
13550,9433
13560,9436
13570,9474
13580,9425
13590,9411
13600,9470
13610,9426
13620,9463
13630,9448
13640,9423
13650,9467
13660,9432
13670,9458
13680,9440
13690,9421
13700,9478
13710,9428
13720,9456
13730,9460
13740,9418
13750,9482
13760,9447
13770,9477
13780,9464
13790,9438
13800,9463
13810,9425
13820,9454
13830,9462
13840,9429
13850,9473
13860,9422
13870,9467
13880,9455
13890,9451
13900,9475
13910,9433
13920,9468
13930,9475
13940,9458
13950,9474
13960,9439
13970,9461
13980,9467
13990,9427
14000,9453
14010,9432
14020,9463
14030,9443
14040,9424
14050,9485
14060,9442
14070,9471
14080,9462
14090,9436
14100,9480
14110,9424
14120,9458
14130,9459
14140,9416
14150,9471
14160,9420
14170,9443
14180,9435
14190,9419
14200,9469
14210,9441
14220,9465
14230,9453
14240,9441
14250,9481
14260,9444
14270,9451
14280,9460
14290,9438
14300,9477
14310,9434
14320,9456
14330,9467
14340,9445
14350,9480
14360,9425
14370,9462
14380,9481
14390,9423
14400,9459
14410,9447
14420,9469
14430,9458
14440,9446
14450,9493
14460,9452
14470,9474
14480,9468
14490,9463
14500,9508
14510,9451
14520,9489
14530,9464
14540,9420
14550,9466
14560,9427
14570,9448
14580,9451
14590,9422
14600,9448
14610,9424
14620,9439
14630,9462
14640,9426
14650,9483
14660,9448
14670,9457
14680,9473
14690,9449
14700,9497
14710,9450
14720,9482
14730,9481
14740,9456
14750,9501
14760,9470
14770,9476
14780,9474
14790,9457
14800,9484
14810,9458
14820,9468
14830,9483
14840,9463
14850,9483
14860,9459
14870,9475
14880,9489
14890,9451
14900,9494
14910,9452
14920,9465
14930,9478
14940,9443
14950,9495
14960,9474
14970,9486
14980,9484
14990,9472
15000,9505
15010,9476
15020,9492
15030,9481
15040,9471
15050,9515
15060,9482
15070,9486
15080,9475
15090,9478
15100,9504
15110,9491
15120,9493
15130,9491
15140,9463
15150,9507
15160,9475
15170,9469
15180,9506
15190,9464
15200,9505
15210,9486
15220,9487
15230,9491
15240,9458
15250,9495
15260,9461
15270,9479
15280,9501
15290,9474
15300,9506
15310,9472
15320,9483
15330,9497
15340,9462
15350,9502
15360,9456
15370,9485
15380,9476
15390,9480
15400,9512
15410,9468
15420,9460
15430,9498
15440,9458
15450,9491
15460,9465
15470,9484
15480,9504
15490,9462
15500,9493
15510,9470
15520,9480
15530,9505
15540,9454
15550,9503
15560,9478
15570,9474
15580,9500
15590,9469
15600,9502
15610,9476
15620,9475
15630,9479
15640,9435
15650,9481
15660,9429
15670,9430
15680,9442
15690,9427
15700,9468
15710,9445
15720,9458
15730,9467
15740,9447
15750,9493
15760,9477
15770,9472
15780,9493
15790,9478
15800,9503
15810,9493
15820,9491
15830,9510
15840,9481
15850,9515
15860,9489
15870,9493
15880,9526
15890,9465
15900,9513
15910,9488
15920,9489
15930,9504
15940,9481
15950,9528
15960,9476
15970,9487
15980,9509
15990,9477
16000,9508
16010,9491
16020,9508
16030,9515
16040,9467
16050,9515
16060,9499
16070,9510
16080,9519
16090,9484
16100,9527
16110,9483
16120,9498
16130,9530
16140,9478
16150,9519
16160,9495
16170,9508
16180,9510
16190,9483
16200,9517
16210,9511
16220,9496
16230,9521
16240,9472
16250,9515
16260,9514
16270,9497
16280,9525
16290,9468
16300,9506
16310,9490
16320,9485
16330,9523
16340,9462
16350,9507
16360,9507
16370,9505
16380,9530
16390,9486
16400,9511
16410,9499
16420,9490
16430,9522
16440,9481
16450,9512
16460,9513
16470,9491
16480,9534
16490,9487
16500,9522
16510,9514
16520,9489
16530,9534
16540,9502
16550,9536
16560,9495
16570,9523
16580,9540
16590,9498
16600,9528
16610,9507
16620,9507
16630,9513
16640,9495
16650,9529
16660,9510
16670,9518
16680,9546
16690,9517
16700,9529
16710,9506
16720,9480
16730,9518
16740,9485
16750,9525
16760,9518
16770,9481
16780,9527
16790,9482
16800,9534
16810,9516
16820,9523
16830,9537
16840,9514
16850,9538
16860,9513
16870,9517
16880,9554
16890,9491
16900,9534
16910,9494
16920,9506
16930,9537
16940,9471
16950,9520
16960,9504
16970,9495
16980,9520
16990,9485
17000,9525
17010,9515
17020,9502
17030,9536
17040,9495
17050,9540
17060,9524
17070,9501
17080,9533
17090,9485
17100,9532
17110,9504
17120,9508
17130,9533
17140,9488
17150,9530
17160,9499
17170,9484
17180,9530
17190,9472
17200,9523
17210,9520
17220,9509
17230,9514
17240,9488
17250,9526
17260,9523
17270,9501
17280,9537
17290,9495
17300,9536
17310,9523
17320,9500
17330,9529
17340,9494
17350,9525
17360,9533
17370,9519
17380,9535
17390,9497
17400,9527
17410,9517
17420,9508
17430,9536
17440,9497
17450,9527
17460,9522
17470,9484
17480,9547
17490,9494
17500,9527
17510,9526
17520,9520
17530,9552
17540,9511
17550,9544
17560,9550
17570,9506
17580,9533
17590,9494
17600,9536
17610,9528
17620,9513
17630,9531
17640,9508
17650,9563
17660,9538
17670,9520
17680,9558
17690,9489
17700,9525
17710,9539
17720,9515
17730,9541
17740,9495
17750,9525
17760,9519
17770,9478
17780,9528
17790,9482
17800,9542
17810,9521
17820,9488
17830,9516
17840,9477
17850,9497
17860,9510
17870,9497
17880,9530
17890,9473
17900,9529
17910,9527
17920,9524
17930,9549
17940,9509
17950,9539
17960,9544
17970,9527
17980,9548
17990,9522
18000,9547
18010,9542
18020,9515
18030,9547
18040,9512
18050,9540
18060,9533
18070,9501
18080,9540
18090,9505
18100,9531
18110,9525
18120,9510
18130,9547
18140,9514
18150,9540
18160,9533
18170,9512
18180,9549
18190,9520
18200,9534
18210,9521
18220,9511
18230,9537
18240,9506
18250,9525
18260,9519
18270,9485
18280,9522
18290,9487
18300,9517
18310,9515
18320,9496
18330,9537
18340,9496
18350,9528
18360,9539
18370,9493
18380,9518
18390,9486
18400,9518
18410,9519
18420,9498
18430,9521
18440,9487
18450,9527
18460,9525
18470,9498
18480,9540
18490,9498
18500,9527
18510,9515
18520,9492
18530,9541
18540,9515
18550,9554
18560,9545
18570,9516
18580,9541
18590,9491
18600,9537
18610,9529
18620,9499
18630,9539
18640,9517
18650,9519
18660,9537
18670,9505
18680,9545
18690,9519
18700,9536
18710,9521
18720,9504
18730,9539
18740,9505
18750,9518
18760,9531
18770,9505
18780,9554
18790,9521
18800,9518
18810,9527
18820,9504
18830,9544
18840,9521
18850,9523
18860,9539
18870,9510
18880,9548
18890,9502
18900,9499
18910,9513
18920,9489
18930,9525
18940,9494
18950,9504
18960,9504
18970,9466
18980,9486
18990,9497
19000,9516
19010,9530
19020,9513
19030,9555
19040,9513
19050,9522
19060,9519
19070,9499
19080,9535
19090,9513
19100,9518
19110,9524
19120,9512
19130,9533
19140,9490
19150,9525
19160,9529
19170,9492
19180,9533
19190,9504
19200,9519
19210,9562
19220,9515
19230,9558
19240,9513
19250,9528
19260,9541
19270,9487
19280,9541
19290,9514
19300,9521
19310,9539
19320,9507
19330,9545
19340,9530
19350,9542
19360,9551
19370,9525
19380,9555
19390,9529
19400,9537
19410,9572
19420,9533
19430,9547
19440,9532
19450,9533
19460,9565
19470,9527
19480,9571
19490,9540
19500,9562
19510,9558
19520,9529
19530,9567
19540,9549
19550,9555
19560,9560
19570,9535
19580,9560
19590,9539
19600,9524
19610,9561
19620,9529
19630,9564
19640,9540
19650,9538
19660,9560
19670,9518
19680,9567
19690,9533
19700,9551
19710,9564
19720,9545
19730,9561
19740,9540
19750,9537
19760,9562
19770,9528
19780,9587
19790,9557
19800,9554
19810,9577
19820,9536
19830,9558
19840,9539
19850,9546
19860,9556
19870,9522
19880,9560
19890,9547
19900,9546
19910,9585
19920,9554
19930,9578
19940,9540
19950,9557
19960,9563
19970,9533
19980,9561
19990,9509
20000,9526
20010,9547
20020,9504
20030,9547
20040,9508
20050,9525
20060,9545
20070,9518
20080,9572
20090,9545
20100,9561
20110,9588
20120,9555
20130,9574
20140,9564
20150,9563
20160,9575
20170,9524
20180,9577
20190,9559
20200,9563
20210,9571
20220,9545
20230,9577
20240,9554
20250,9566
20260,9565
20270,9536
20280,9592
20290,9560
20300,9571
20310,9578
20320,9550
20330,9580
20340,9552
20350,9553
20360,9579
20370,9539
20380,9583
20390,9545
20400,9553
20410,9562
20420,9526
20430,9572
20440,9550
20450,9553
20460,9580
20470,9542
20480,9568
20490,9549
20500,9561
20510,9582
20520,9518
20530,9571
20540,9551
20550,9547
20560,9555
20570,9530
20580,9576
20590,9544
20600,9558
20610,9584
20620,9536
20630,9575
20640,9566
20650,9553
20660,9560
20670,9545
20680,9573
20690,9540
20700,9537
20710,9574
20720,9528
20730,9589
20740,9568
20750,9537
20760,9573
20770,9533
20780,9571
20790,9545
20800,9548
20810,9576
20820,9529
20830,9558
20840,9552
20850,9553
20860,9575
20870,9535
20880,9587
20890,9565
20900,9550
20910,9592
20920,9531
20930,9592
20940,9560
20950,9553
20960,9601
20970,9543
20980,9594
20990,9561
21000,9556
21010,9595
21020,9552
21030,9568
21040,9574
21050,9563
21060,9587
21070,9536
21080,9572
21090,9547
21100,9528
21110,9556
21120,9520
21130,9554
21140,9541
21150,9530
21160,9577
21170,9556
21180,9579
21190,9560
21200,9551
21210,9593
21220,9555
21230,9594
21240,9582
21250,9564
21260,9595
21270,9549
21280,9583
21290,9569
21300,9551
21310,9579
21320,9558
21330,9587
21340,9573
21350,9545
21360,9592
21370,9558
21380,9578
21390,9594
21400,9585
21410,9599
21420,9563
21430,9585
21440,9574
21450,9568
21460,9588
21470,9547
21480,9583
21490,9574
21500,9554
21510,9601
21520,9540
21530,9585
21540,9577
21550,9562
21560,9579
21570,9552
21580,9582
21590,9564
21600,9557
21610,9588
21620,9551
21630,9569
21640,9580
21650,9562
21660,9580
21670,9547
21680,9566
21690,9552
21700,9557
21710,9585
21720,9557
21730,9578
21740,9576
21750,9552
21760,9578
21770,9562
21780,9580
21790,9565
21800,9553
21810,9586
21820,9558
21830,9592
21840,9563
21850,9566
21860,9598
21870,9566
21880,9586
21890,9571
21900,9556
21910,9587
21920,9555
21930,9580
21940,9574
21950,9559
21960,9607
21970,9545
21980,9585
21990,9583
22000,9578
22010,9601
22020,9562
22030,9586
22040,9590
22050,9566
22060,9613
22070,9548
22080,9592
22090,9584
22100,9560
22110,9608
22120,9570
22130,9619
22140,9588
22150,9568
22160,9584
22170,9566
22180,9583
22190,9557
22200,9537
22210,9580
22220,9542
22230,9554
22240,9591
22250,9560
22260,9605
22270,9535
22280,9535
22290,9554
22300,9580
22310,9594
22320,9557
22330,9583
22340,9599
22350,9596
22360,9626
22370,9572
22380,9603
22390,9588
22400,9581
22410,9605
22420,9572
22430,9602
22440,9581
22450,9558
22460,9591
22470,9579
22480,9598
22490,9590
22500,9568
22510,9621
22520,9563
22530,9596
22540,9594
22550,9557
22560,9617
22570,9569
22580,9593
22590,9581
22600,9562
22610,9605
22620,9567
22630,9590
22640,9588
22650,9578
22660,9594
22670,9558
22680,9591
22690,9595
22700,9569
22710,9616
22720,9564
22730,9607
22740,9617
22750,9565
22760,9617
22770,9586
22780,9593
22790,9592
22800,9571
22810,9586
22820,9564
22830,9606
22840,9584
22850,9563
22860,9607
22870,9570
22880,9601
22890,9583
22900,9564
22910,9617
22920,9561
22930,9585
22940,9593
22950,9565
22960,9612
22970,9589
22980,9603
22990,9621
23000,9584
23010,9613
23020,9571
23030,9588
23040,9611
23050,9584
23060,9632
23070,9568
23080,9593
23090,9588
23100,9572
23110,9609
23120,9584
23130,9584
23140,9617
23150,9591
23160,9612
23170,9587
23180,9605
23190,9616
23200,9565
23210,9622
23220,9597
23230,9588
23240,9577
23250,9533
23260,9593
23270,9547
23280,9576
23290,9577
23300,9548
23310,9591
23320,9547
23330,9568
23340,9572
23350,9563
23360,9606
23370,9607
23380,9594
23390,9592
23400,9570
23410,9625
23420,9582
23430,9606
23440,9620
23450,9592
23460,9595
23470,9562
23480,9580
23490,9599
23500,9572
23510,9599
23520,9560
23530,9580
23540,9597
23550,9569
23560,9605
23570,9573
23580,9591
23590,9610
23600,9562
23610,9608
23620,9573
23630,9581
23640,9581
23650,9564
23660,9600
23670,9565
23680,9587
23690,9593
23700,9567
23710,9598
23720,9564
23730,9570
23740,9587
23750,9549
23760,9621
23770,9555
23780,9568
23790,9579
23800,9549
23810,9609
23820,9568
23830,9553
23840,9587
23850,9558
23860,9577
23870,9563
23880,9558
23890,9592
23900,9558
23910,9592
23920,9559
23930,9572
23940,9581
23950,9555
23960,9595
23970,9561
23980,9570
23990,9574
24000,9563
24010,9610
24020,9573
24030,9562
24040,9593
24050,9566
24060,9588
24070,9572
24080,9562
24090,9586
24100,9569
24110,9622
24120,9576
24130,9604
24140,9601
24150,9586
24160,9594
24170,9596
24180,9603
24190,9623
24200,9578
24210,9618
24220,9578
24230,9587
24240,9625
24250,9582
24260,9624
24270,9587
24280,9582
24290,9598
24300,9561
24310,9616
24320,9576
24330,9555
24340,9588
24350,9546
24360,9603
24370,9546
24380,9556
24390,9564
24400,9561
24410,9608
24420,9588
24430,9586
24440,9623
24450,9592
24460,9628
24470,9591
24480,9590
24490,9628
24500,9586
24510,9634
24520,9596
24530,9600
24540,9639
24550,9594
24560,9624
24570,9582
24580,9593
24590,9630
24600,9585
24610,9611
24620,9580
24630,9610
24640,9629
24650,9585
24660,9605
24670,9584
24680,9591
24690,9632
24700,9604
24710,9641
24720,9601
24730,9605
24740,9624
24750,9584
24760,9625
24770,9602
24780,9593
24790,9610
24800,9578
24810,9626
24820,9600
24830,9606
24840,9617
24850,9580
24860,9637
24870,9592
24880,9594
24890,9626
24900,9576
24910,9620
24920,9602
24930,9605
24940,9641
24950,9578
24960,9641
24970,9613
24980,9606
24990,9639
25000,9587
25010,9632
25020,9596
25030,9612
25040,9640
25050,9592
25060,9630
25070,9617
25080,9595
25090,9645
25100,9610
25110,9630
25120,9608
25130,9604
25140,9637
25150,9594
25160,9641
25170,9616
25180,9617
25190,9640
25200,9604
25210,9646
25220,9602
25230,9588
25240,9618
25250,9578
25260,9600
25270,9588
25280,9589
25290,9609
25300,9607
25310,9626
25320,9597
25330,9598
25340,9618
25350,9572
25360,9625
25370,9609
25380,9594
25390,9612
25400,9592
25410,9599
25420,9587
25430,9561
25440,9593
25450,9568
25460,9583
25470,9559
25480,9559
25490,9574
25500,9549
25510,9597
25520,9579
25530,9568
25540,9602
25550,9570
25560,9601
25570,9562
25580,9574
25590,9621
25600,9570
25610,9603
25620,9582
25630,9572
25640,9604
25650,9580
25660,9595
25670,9600
25680,9576
25690,9618
25700,9587
25710,9612
25720,9603
25730,9581
25740,9618
25750,9596
25760,9612
25770,9606
25780,9580
25790,9619
25800,9571
25810,9620
25820,9609
25830,9598
25840,9624
25850,9581
25860,9619
25870,9602
25880,9590
25890,9619
25900,9586
25910,9615
25920,9606
25930,9569
25940,9624
25950,9587
25960,9596
25970,9600
25980,9575
25990,9622
26000,9581
26010,9610
26020,9609
26030,9582
26040,9622
26050,9578
26060,9596
26070,9610
26080,9588
26090,9608
26100,9570
26110,9605
26120,9620
26130,9591
26140,9626
26150,9598
26160,9611
26170,9588
26180,9590
26190,9617
26200,9592
26210,9634
26220,9610
26230,9587
26240,9629
26250,9597
26260,9607
26270,9608
26280,9598
26290,9628
26300,9587
26310,9619
26320,9629
26330,9596
26340,9616
26350,9584
26360,9629
26370,9626
26380,9585
26390,9621
26400,9599
26410,9617
26420,9623
26430,9594
26440,9630
26450,9591
26460,9620
26470,9606
26480,9589
26490,9635
26500,9561
26510,9611
26520,9598
26530,9571
26540,9601
26550,9560
26560,9591
26570,9577
26580,9555
26590,9598
26600,9573
26610,9609
26620,9606
26630,9591
26640,9641
26650,9607
26660,9621
26670,9624
26680,9589
26690,9619
26700,9599
26710,9615
26720,9607
26730,9597
26740,9622
26750,9598
26760,9624
26770,9602
26780,9603
26790,9638
26800,9594
26810,9617
26820,9613
26830,9603
26840,9655
26850,9606
26860,9614
26870,9635
26880,9611
26890,9640
26900,9617
26910,9630
26920,9624
26930,9609
26940,9642
26950,9600
26960,9609
26970,9623
26980,9595
26990,9638
27000,9603
27010,9619
27020,9631
27030,9582
27040,9632
27050,9593
27060,9615
27070,9610
27080,9590
27090,9626
27100,9595
27110,9601
27120,9623
27130,9606
27140,9633
27150,9592
27160,9595
27170,9612
27180,9586
27190,9618
27200,9595
27210,9615
27220,9608
27230,9594
27240,9626
27250,9605
27260,9614
27270,9627
27280,9593
27290,9642
27300,9603
27310,9618
27320,9635
27330,9589
27340,9644
27350,9650
27360,9613
27370,9629
27380,9597
27390,9624
27400,9609
27410,9631
27420,9636
27430,9595
27440,9666
27450,9609
27460,9615
27470,9634
27480,9594
27490,9642
27500,9609
27510,9618
27520,9622
27530,9594
27540,9632
27550,9603
27560,9621
27570,9635
27580,9601
27590,9639
27600,9594
27610,9595
27620,9605
27630,9569
27640,9621
27650,9576
27660,9597
27670,9560
27680,9588
27690,9612
27700,9614
27710,9605
27720,9638
27730,9580
27740,9630
27750,9611
27760,9624
27770,9635
27780,9602
27790,9634
27800,9604
27810,9612
27820,9634
27830,9595
27840,9656
27850,9618
27860,9624
27870,9623
27880,9591
27890,9653
27900,9608
27910,9603
27920,9624
27930,9597
27940,9628
27950,9620
27960,9603
27970,9635
27980,9608
27990,9637
28000,9618
28010,9618
28020,9626
28030,9606
28040,9655
28050,9618
28060,9618
28070,9646
28080,9606
28090,9638
28100,9616
28110,9633
28120,9640
28130,9602
28140,9645
28150,9613
28160,9610
28170,9630
28180,9591
28190,9662
28200,9620
28210,9619
28220,9642
28230,9607
28240,9645
28250,9606
28260,9600
28270,9628
28280,9594
28290,9651
28300,9597
28310,9637
28320,9657
28330,9607
28340,9651
28350,9650
28360,9594
28370,9634
28380,9597
28390,9664
28400,9610
28410,9610
28420,9629
28430,9603
28440,9645
28450,9612
28460,9617
28470,9636
28480,9613
28490,9637
28500,9641
28510,9625
28520,9653
28530,9611
28540,9653
28550,9616
28560,9587
28570,9634
28580,9610
28590,9639
28600,9635
28610,9629
28620,9646
28630,9603
28640,9647
28650,9626
28660,9633
28670,9630
28680,9581
28690,9621
28700,9594
28710,9603
28720,9617
28730,9593
28740,9614
28750,9594
28760,9605
28770,9628
28780,9601
28790,9648
28800,9618
28810,9626
28820,9655
28830,9611
28840,9650
28850,9648
28860,9592
28870,9609
28880,9615
28890,9654
28900,9628
28910,9631
28920,9655
28930,9611
28940,9649
28950,9636
28960,9618
28970,9662
28980,9605
28990,9639
29000,9630
29010,9630
29020,9637
29030,9602
29040,9647
29050,9615
29060,9619
29070,9645
29080,9618
29090,9663
29100,9638
29110,9631
29120,9656
29130,9604
29140,9655
29150,9639
29160,9625
29170,9657
29180,9617
29190,9645
29200,9630
29210,9630
29220,9649
29230,9616
29240,9651
29250,9633
29260,9612
29270,9645
29280,9609
29290,9646
29300,9632
29310,9619
29320,9658
29330,9627
29340,9641
29350,9647
29360,9611
29370,9646
29380,9616
29390,9653
29400,9648
29410,9616
29420,9648
29430,9609
29440,9637
29450,9640
29460,9622
29470,9651
29480,9620
29490,9647
29500,9625
29510,9624
29520,9650
29530,9604
29540,9642
29550,9638
29560,9633
29570,9645
29580,9597
29590,9651
29600,9649
29610,9624
29620,9661
29630,9619
29640,9646
29650,9636
29660,9628
29670,9652
29680,9620
29690,9653
29700,9638
29710,9619
29720,9639
29730,9618
29740,9632
29750,9626
29760,9572
29770,9612
29780,9586
29790,9603
29800,9612
29810,9595
29820,9620
29830,9589
29840,9631
29850,9622
29860,9607
29870,9641
29880,9617
29890,9646
29900,9641
29910,9623
29920,9652
29930,9635
29940,9647
29950,9653
29960,9613
29970,9650
29980,9600
29990,9638
30000,9609
30010,9616
30020,9645
30030,9601
30040,9639
30050,9615
30060,9602
30070,9630
30080,9600
30090,9633
30100,9619
30110,9595
30120,9631
30130,9586
30140,9608
30150,9628
30160,9601
30170,9645
30180,9595
30190,9641
30200,9621
30210,9622
30220,9656
30230,9608
30240,9641
30250,9656
30260,9616
30270,9651
30280,9621
30290,9642
30300,9633
30310,9630
30320,9658
30330,9594
30340,9643
30350,9630
30360,9604
30370,9638
30380,9604
30390,9632
30400,9635
30410,9611
30420,9651
30430,9631
30440,9640
30450,9639
30460,9620
30470,9651
30480,9621
30490,9654
30500,9631
30510,9632
30520,9647
30530,9624
30540,9647
30550,9639
30560,9624
30570,9648
30580,9629
30590,9653
30600,9637
30610,9615
30620,9660
30630,9634
30640,9653
30650,9647
30660,9611
30670,9645
30680,9628
30690,9647
30700,9654
30710,9612
30720,9657
30730,9625
30740,9641
30750,9650
30760,9619
30770,9661
30780,9615
30790,9639
30800,9656
30810,9612
30820,9673
30830,9623
30840,9647
30850,9652
30860,9616
30870,9645
30880,9607
30890,9599
30900,9632
30910,9597
30920,9636
30930,9600
30940,9599
30950,9638
30960,9563
30970,9592
30980,9630
30990,9641
31000,9637
31010,9629
31020,9677
31030,9628
31040,9653
31050,9653
31060,9617
31070,9656
31080,9629
31090,9636
31100,9641
31110,9629
31120,9649
31130,9628
31140,9638
31150,9648
31160,9619
31170,9663
31180,9615
31190,9643
31200,9659
31210,9627
31220,9660
31230,9645
31240,9657
31250,9663
31260,9613
31270,9647
31280,9639
31290,9643
31300,9649
31310,9641
31320,9657
31330,9615
31340,9627
31350,9653
31360,9636
31370,9672
31380,9627
31390,9645
31400,9654
31410,9633
31420,9644
31430,9636
31440,9639
31450,9658
31460,9618
31470,9662
31480,9629
31490,9645
31500,9657
31510,9625
31520,9663
31530,9638
31540,9641
31550,9663
31560,9627
31570,9662
31580,9632
31590,9639
31600,9649
31610,9627
31620,9663
31630,9632
31640,9638
31650,9635
31660,9624
31670,9653
31680,9620
31690,9644
31700,9662
31710,9612
31720,9655
31730,9634
31740,9644
31750,9652
31760,9638
31770,9656
31780,9638
31790,9639
31800,9656
31810,9621
31820,9674
31830,9628
31840,9625
31850,9646
31860,9624
31870,9651
31880,9633
31890,9629
31900,9646
31910,9626
31920,9653
31930,9623
31940,9630
31950,9653
31960,9597
31970,9639
31980,9611
31990,9622
32000,9625
32010,9608
32020,9638
32030,9618
32040,9621
32050,9663
32060,9637
32070,9659
32080,9630
32090,9636
32100,9659
32110,9621
32120,9668
32130,9629
32140,9637
32150,9681
32160,9613
32170,9665
32180,9651
32190,9637
32200,9662
32210,9609
32220,9656
32230,9621
32240,9627
32250,9665
32260,9629
32270,9663
32280,9626
32290,9640
32300,9651
32310,9622
32320,9662
32330,9638
32340,9650
32350,9669
32360,9607
32370,9668
32380,9637
32390,9644
32400,9667
32410,9625
32420,9656
32430,9636
32440,9641
32450,9652
32460,9626
32470,9654
32480,9630
32490,9620
32500,9661
32510,9618
32520,9667
32530,9623
32540,9630
32550,9657
32560,9625
32570,9651
32580,9643
32590,9632
32600,9661
32610,9624
32620,9664
32630,9636
32640,9633
32650,9673
32660,9616
32670,9668
32680,9635
32690,9629
32700,9667
32710,9615
32720,9679
32730,9642
32740,9629
32750,9665
32760,9630
32770,9652
32780,9630
32790,9640
32800,9671
32810,9616
32820,9658
32830,9643
32840,9640
32850,9679
32860,9626
32870,9658
32880,9651
32890,9641
32900,9672
32910,9621
32920,9659
32930,9642
32940,9640
32950,9679
32960,9621
32970,9661
32980,9640
32990,9638
33000,9667
33010,9622
33020,9648
33030,9625
33040,9624
33050,9636
33060,9583
33070,9622
33080,9606
33090,9599
33100,9633
33110,9597
33120,9632
33130,9618
33140,9621
33150,9653
33160,9622
33170,9654
33180,9654
33190,9624
33200,9663
33210,9626
33220,9658
33230,9631
33240,9625
33250,9656
33260,9610
33270,9645
33280,9641
33290,9626
33300,9650
33310,9617
33320,9645
33330,9621
33340,9636
33350,9664
33360,9618
33370,9647
33380,9644
33390,9615
33400,9652
33410,9646
33420,9672
33430,9655
33440,9633
33450,9665
33460,9623
33470,9662
33480,9640
33490,9633
33500,9668
33510,9624
33520,9651
33530,9652
33540,9636
33550,9658
33560,9635
33570,9648
33580,9651
33590,9626
33600,9653
33610,9617
33620,9652
33630,9648
33640,9626
33650,9651
33660,9609
33670,9627
33680,9645
33690,9620
33700,9663
33710,9613
33720,9645
33730,9625
33740,9628
33750,9647
33760,9623
33770,9655
33780,9657
33790,9638
33800,9658
33810,9631
33820,9656
33830,9634
33840,9639
33850,9672
33860,9630
33870,9656
33880,9639
33890,9625
33900,9678
33910,9639
33920,9652
33930,9643
33940,9620
33950,9664
33960,9623
33970,9630
33980,9656
33990,9639
34000,9666
34010,9630
34020,9661
34030,9658
34040,9637
34050,9677
34060,9646
34070,9679
34080,9664
34090,9638
34100,9679
34110,9635
34120,9645
34130,9641
34140,9625
34150,9650
34160,9599
34170,9651
34180,9641
34190,9628
34200,9666
34210,9639
34220,9660
34230,9663
34240,9645
34250,9700
34260,9647
34270,9613
34280,9640
34290,9632
34300,9673
34310,9637
34320,9663
34330,9670
34340,9634
34350,9691
34360,9659
34370,9666
34380,9661
34390,9627
34400,9670
34410,9646
34420,9661
34430,9661
34440,9643
34450,9681
34460,9639
34470,9659
34480,9661
34490,9633
34500,9665
34510,9650
34520,9655
34530,9657
34540,9635
34550,9658
34560,9613
34570,9635
34580,9659
34590,9615
34600,9661
34610,9628
34620,9648
34630,9673
34640,9623
34650,9677
34660,9633
34670,9630
34680,9651
34690,9617
34700,9664
34710,9640
34720,9629
34730,9656
34740,9638
34750,9670
34760,9634
34770,9652
34780,9658
34790,9635
34800,9660
34810,9647
34820,9638
34830,9651
34840,9640
34850,9669
34860,9630
34870,9647
34880,9645
34890,9633
34900,9688
34910,9654
34920,9638
34930,9664
34940,9616
34950,9673
34960,9629
34970,9651
34980,9660
34990,9644
35000,9679
35010,9627
35020,9660
35030,9670
35040,9634
35050,9675
35060,9647
35070,9653
35080,9661
35090,9644
35100,9667
35110,9653
35120,9661
35130,9669
35140,9641
35150,9675
35160,9632
35170,9642
35180,9657
35190,9642
35200,9673
35210,9616
35220,9636
35230,9635
35240,9600
35250,9648
35260,9619
35270,9631
35280,9645
35290,9625
35300,9665
35310,9618
35320,9662
35330,9682
35340,9661
35350,9694
35360,9663
35370,9672
35380,9679
35390,9645
35400,9680
35410,9639
35420,9653
35430,9683
35440,9630
35450,9687
35460,9636
35470,9648
35480,9668
35490,9640
35500,9675
35510,9651
35520,9671
35530,9684
35540,9654
35550,9676
35560,9646
35570,9647
35580,9656
35590,9642
35600,9682
35610,9649
35620,9658
35630,9683
35640,9648
35650,9685
35660,9652
35670,9657
35680,9683
35690,9648
35700,9685
35710,9649
35720,9662
35730,9676
35740,9655
35750,9691
35760,9674
35770,9650
35780,9687
35790,9646
35800,9688
35810,9657
35820,9650
35830,9684
35840,9641
35850,9670
35860,9651
35870,9662
35880,9680
35890,9645
35900,9682
35910,9649
35920,9662
35930,9683
35940,9642
35950,9681
35960,9666
35970,9653
35980,9692
35990,9633
36000,9709
36010,9652
36020,9649
36030,9687
36040,9643
36050,9687
36060,9660
36070,9654
36080,9689
36090,9636
36100,9696
36110,9661
36120,9672
36130,9677
36140,9650
36150,9697
36160,9662
36170,9664
36180,9694
36190,9630
36200,9685
36210,9657
36220,9655
36230,9678
36240,9657
36250,9671
36260,9669
36270,9661
36280,9695
36290,9640
36300,9680
36310,9639
36320,9640
36330,9680
36340,9634
36350,9685
36360,9625
36370,9638
36380,9693
36390,9656
36400,9684
36410,9671
36420,9669
36430,9712
36440,9646
36450,9677
36460,9672
36470,9666
36480,9694
36490,9639
36500,9685
36510,9666
36520,9664
36530,9697
36540,9645
36550,9699
36560,9674
36570,9658
36580,9684
36590,9648
36600,9682
36610,9663
36620,9661
36630,9684
36640,9646
36650,9694
36660,9676
36670,9656
36680,9685
36690,9654
36700,9678
36710,9667
36720,9655
36730,9686
36740,9652
36750,9679
36760,9672
36770,9662
36780,9685
36790,9650
36800,9673
36810,9661
36820,9652
36830,9675
36840,9642
36850,9677
36860,9659
36870,9661
36880,9696
36890,9654
36900,9683
36910,9667
36920,9657
36930,9689
36940,9656
36950,9692
36960,9662
36970,9654
36980,9703
36990,9656
37000,9682
37010,9678
37020,9646
37030,9679
37040,9658
37050,9676
37060,9668
37070,9651
37080,9684
37090,9647
37100,9677
37110,9664
37120,9647
37130,9681
37140,9640
37150,9688
37160,9663
37170,9664
37180,9687
37190,9647
37200,9674
37210,9656
37220,9651
37230,9680
37240,9654
37250,9683
37260,9659
37270,9651
37280,9681
37290,9646
37300,9669
37310,9653
37320,9641
37330,9691
37340,9619
37350,9686
37360,9672
37370,9646
37380,9687
37390,9630
37400,9647
37410,9645
37420,9612
37430,9648
37440,9613
37450,9650
37460,9639
37470,9618
37480,9665
37490,9624
37500,9658
37510,9675
37520,9651
37530,9679
37540,9653
37550,9663
37560,9657
37570,9630
37580,9679
37590,9633
37600,9671
37610,9662
37620,9640
37630,9687
37640,9647
37650,9670
37660,9680
37670,9652
37680,9693
37690,9659
37700,9668
37710,9678
37720,9647
37730,9684
37740,9649
37750,9680
37760,9663
37770,9637
37780,9687
37790,9638
37800,9662
37810,9661
37820,9640
37830,9682
37840,9646
37850,9668
37860,9665
37870,9648
37880,9692
37890,9652
37900,9661
37910,9660
37920,9654
37930,9688
37940,9647
37950,9665
37960,9671
37970,9658
37980,9682
37990,9641
38000,9669
38010,9668
38020,9639
38030,9679
38040,9637
38050,9674
38060,9671
38070,9646
38080,9688
38090,9652
38100,9657
38110,9667
38120,9635
38130,9688
38140,9653
38150,9669
38160,9665
38170,9652
38180,9681
38190,9641
38200,9670
38210,9673
38220,9636
38230,9682
38240,9649
38250,9655
38260,9669
38270,9641
38280,9681
38290,9645
38300,9652
38310,9657
38320,9652
38330,9683
38340,9652
38350,9650
38360,9671
38370,9649
38380,9673
38390,9656
38400,9667
38410,9679
38420,9664
38430,9697
38440,9657
38450,9672
38460,9669
38470,9632
38480,9659
38490,9613
38500,9629
38510,9657
38520,9627
38530,9662
38540,9634
38550,9644
38560,9658
38570,9635
38580,9679
38590,9662
38600,9654
38610,9670
38620,9640
38630,9678
38640,9653
38650,9645
38660,9664
38670,9645
38680,9677
38690,9654
38700,9656
38710,9663
38720,9633
38730,9694
38740,9646
38750,9661
38760,9658
38770,9639
38780,9686
38790,9644
38800,9667
38810,9679
38820,9641
38830,9679
38840,9657
38850,9659
38860,9670
38870,9652
38880,9680
38890,9665
38900,9662
38910,9683
38920,9632
38930,9681
38940,9644
38950,9664
38960,9681
38970,9635
38980,9678
38990,9651
39000,9650
39010,9673
39020,9641
39030,9671
39040,9631
39050,9634
39060,9680
39070,9644
39080,9672
39090,9644
39100,9652
39110,9689
39120,9639
39130,9668
39140,9644
39150,9654
39160,9695
39170,9637
39180,9688
39190,9667
39200,9659
39210,9692
39220,9639
39230,9687
39240,9655
39250,9664
39260,9678
39270,9636
39280,9683
39290,9669
39300,9645
39310,9682
39320,9641
39330,9678
39340,9651
39350,9619
39360,9663
39370,9633
39380,9664
39390,9650
39400,9648
39410,9668
39420,9643
39430,9653
39440,9651
39450,9657
39460,9679
39470,9644
39480,9682
39490,9651
39500,9655
39510,9685
39520,9619
39530,9682
39540,9676
39550,9658
39560,9665
39570,9633
39580,9672
39590,9645
39600,9629
39610,9663
39620,9629
39630,9637
39640,9632
39650,9623
39660,9639
39670,9627
39680,9668
39690,9664
39700,9661
39710,9699
39720,9652
39730,9687
39740,9666
39750,9672
39760,9701
39770,9655
39780,9681
39790,9671
39800,9673
39810,9699
39820,9646
39830,9701
39840,9667
39850,9666
39860,9697
39870,9661
39880,9694
39890,9668
39900,9660
39910,9692
39920,9647
39930,9698
39940,9674
39950,9623
39960,9679
39970,9645
39980,9698
39990,9677
40000,9649
40010,9683
40020,9638
40030,9686
40040,9670
40050,9653
40060,9679
40070,9634
40080,9676
40090,9669
40100,9647
40110,9689
40120,9653
40130,9684
40140,9656
40150,9641
40160,9676
40170,9642
40180,9674
40190,9655
40200,9665
40210,9677
40220,9640
40230,9681
40240,9672
40250,9636
40260,9677
40270,9654
40280,9679
40290,9663
40300,9665
40310,9683
40320,9636
40330,9684
40340,9687
40350,9650
40360,9686
40370,9643
40380,9692
40390,9669
40400,9665
40410,9667
40420,9648
40430,9676
40440,9671
40450,9653
40460,9679
40470,9637
40480,9670
40490,9679
40500,9655
40510,9676
40520,9640
40530,9670
40540,9655
40550,9642
40560,9683
40570,9630
40580,9672
40590,9663
40600,9651
40610,9683
40620,9648
40630,9681
40640,9649
40650,9622
40660,9667
40670,9616
40680,9643
40690,9632
40700,9621
40710,9660
40720,9618
40730,9642
40740,9653
40750,9632
40760,9698
40770,9625
40780,9659
40790,9655
40800,9652
40810,9691
40820,9647
40830,9688
40840,9680
40850,9612
40860,9676
40870,9645
40880,9675
40890,9667
40900,9653
40910,9668
40920,9637
40930,9663
40940,9656
40950,9649
40960,9678
40970,9635
40980,9666
40990,9678
41000,9637
41010,9685
41020,9643
41030,9676
41040,9662
41050,9630
41060,9682
41070,9644
41080,9669
41090,9663
41100,9648
41110,9687
41120,9642
41130,9667
41140,9673
41150,9627
41160,9681
41170,9648
41180,9656
41190,9665
41200,9661
41210,9687
41220,9649
41230,9669
41240,9664
41250,9644
41260,9680
41270,9641
41280,9666
41290,9671
41300,9644
41310,9688
41320,9624
41330,9663
41340,9666
41350,9628
41360,9686
41370,9636
41380,9657
41390,9661
41400,9640
41410,9681
41420,9636
41430,9658
41440,9652
41450,9622
41460,9676
41470,9636
41480,9662
41490,9649
41500,9630
41510,9666
41520,9640
41530